00011100
111100
111011111010000
1110
00000011
110111111
10011101111101
1011110111100000101000000
000001001010000000000000000
0111101
111011111010100101011
111001110010
10
1
111111
1110110010
101000
1111110101
10000110101010110
0001010010000000000000000001
11111111
0111100110001
111011101
110101111111
10011
111111111110011
1
11000010
00101111
11011111
1101111
1011111
1110
01111
111111111111111010000010000000
11100111
01111111111011000001
00001010000010001111
01000
010110110001
1
011
1
10000
11
1110000000010
1101011
01111010
0011111110000110
11101110
11100010001
0100
111111110110
01100101
1111110101
110000
11
11
00111101111101
11
1110
1101
11111000
001001111
1110111
111001
1111001111111
1101111001
1110000100
11111111101000001
1
1
1110111
01
01111101
1100010111110101
010100011001011011111001001010
0101100111111111100001101101
111101011011111101
11
111111001
0101101110000010101110001
1
11111101000
1111111
1010010111
1111
011111
1110111111111101111011011111111110
110111
111111111111010001000000
00111
11
1111111111
101000
1
001111011011110
110110100111
010100111001111010
1110
1
1111
110111001101011
111
1110011010
111101
1011111011111010000110111
11111001
01
1110011
11110001
0
11111011000000000
1
1111110111100
01111111
1111110100011
11
1101111101
00111011
110110
11100000110
101110110011
00
100
111101110
1
1110110110000011
1
00111
11111
11111111
11111111111111
11001011101011
1111111110110111011111011110111111
10101101110
11100001
01111
10
0111
1
10111101111011
010
1101101111111111111
000000100
10
1
11111
11
10101001
11011111111111011111
111111101
11111
1
11110111
1101010111
00
1
1111111000010
0111111000
1100111110010
0000010
0
1
111
1101100001
111111
1100110010
111111011101111
11
1111
011111100
01
0111101001111011001101000100110
11
110000
11011
0111
011111
1001111
11111101110001010
100111111
0
00101000000000
1110110
110111110101
1100
1
10
11
1001001111
011011111
001
01
101000
11
1111
110001111111
11101011001111
11111
10010110011111100001001100010000
1
11110
11101111
011111110000111010100010011001
1110
01
00111100010
11111001111110
11
0111100000
11
111111
0
1111110111
110000
00111
101111111101
1101001
11011110
1101110110111111011
1111001
0
11111000
0
111101011011111101
11111111101011111111110111
11111
111100
11101
0
00100
10111110111
0
10
11101110000100
1
110110101111000001
111
0
1111111111111111000001110
0111111100001
11111111111011110111
11111111111111
1110010011
1100111
1
