11111111111
11
111
01111111
1111011
11111
1
11
11
1011111
1001
11
0011110
1
111110
0
00
111
111111
1
01
111
1
111011
111
1111
1111
11111
11
11111111
11
111
01
011
1111
1
11
101110
111
1111
1
01111
11
111011
1
1
11
000
10111
011
1
11
10111
011
111
111
0
111
1
1111
11
111
1
11
11
11
11
1
1
11111
1
11001
11
11
00
111
110111110110
10
11
1
1
01
1111
11
010000
111
1
11
11111001001
1
01
001001
11
111
111111
0
11111110
1111101
11111
1
1
11111
0
111
111
1011
11
1
111
11
001101
1111
101
11111
11
111
1
0011
0111
11111
1
111111
1011
111
111
11111111
001
1111
1
1
111
