110001001110
11101110110101111111111000001110011
1001110
000001110101010001001001011000
0111
01
0111110011111100001011001
1001111100001011011111
011111110011001001111010111100110111000011100
10001
100011100010000001
10111
01111
1
110011110110111100101101011
1011101110001111000100111010000
1110010101
1010
110110
001000100010
010111
1011111101
000
00
011101010
111101011
1
1101011001100011110001000000000001011000
11001
1111
0000110111001110111010011111000
11111111111100
10000100
10001
111
101001100101100000100000000110000
0101101110
01
11100110100101
0111011111111100111111110
0111011110101001100
1100111101
011101110011001000110
111011011
001
11101000100100000111
111111111111111111011
0100
1100010
00000100010000000000000100
010111100111000010110
0
10
0111111110101111111010
01
1110010
11
100101111111101100000000000
11
000000000
01
11
101100111100110110
111
0001101
0000001000000001100010101000010000000001
11110101
1100000101111111001001011000100101100
1110
01011110111101
0111101
1110
001111011
011011011110101111
0100010100101110001
0111101
11111111111011111111110111111111100111
111
11
0110110011
111101001111110111111
1001110110
0100101001100101001010100101000011100000
0000000101
0111
0101011101111101111111100
11111111
10
1111111111111110
01011
11110111011111011100011
10110
1001
11001111001011100111001110001001110
111111111001111101
101010
111111111111
1110111000011
000010010011000100011001100
11
111111111
1011101111110111111001
01110110
011100110101010010011011
110111
11
0000101110110000010000100011000110010
0011010100
1010101010001010001110001111001
1101001111011111111100110
01
1100111111111
0
00010100100
101
1111100111
00111
11111010
11
01
1111101000
11
0011101
11000010111011011111000111001001110010010
100011001111101111101010001000000
100011010111001010111010000010000000000
101101111001
00100100010111110111
01010011011101010111111110010111
01111
1111010101111000011101111
10
11110111
00010110010111011011100
101110011101011001
111010100
1111111
11111011111010111111111011
1011101
1011
1101111011001110
000010011
0
1111
011111100111111
11111
101110111
1010110100001110000011000100111
011
000000001101000011010000
01
111011
101010111
101101111111
0011
01
100011
1111110100111111
11011
11110
1101100010
0111
11011111111110011
00
111111111111110111111111100100
10101110110111011
00
1100
101110101111110
000
011110
1111000111000100000101101
000
110
1101
01101011000111100111110011
11111000
00010010111111000111100101101
0101
11100000111100011101011000000010
0000011001000001
111111011
101111111111101011111111011110
111111110
11
1
1111
10
0000010000100111000
1111010110011001
10
11
011100
1000111110
1111
110000111111101101101100011101
000011
11110001101110101100110101001010
1101110011101011110100100111
00001100
01111111111110011001000110010111101101111110101
11110
11110
11010
1
11110111
011111110001
1011101
1111
0011
1
0000000000000000000000000
0111110011011011001010110111
1101010
11111111
1110000010001111000001000
111011111001111101111
1110001
0110111111110011101000111100111111110
111101
0011111
110
111
00
1111
1111
00111111
0111
1111111110110
01000000000000000000001
01100
11
111111
011
11101110011111111101010110111011011
0100
0101111
00
10111111001
0
01010111101101100010
10
11
01
1100101111100111
11110011110101111
1101100000111100100100111111
00
11111
11
01011100000001100111001010011000101111
10011011
01
11111
1101111111111
1100111100
0111011111111111111111
1101011
1101110
0111111
10111
1101
10
10111101100011100010100011
0110011111001111011110
1111
0101
10
0111
1011011
01
1100010100101100101000110100011
000000
010011011100011110001110111011
11
110010111000111111111
101
0110
0110111111001
11111111
11
111
01111000
1011
111111
000010011000001000
1110
01111111001110111111101111
1111000101111111001001101111111101
0110
101111111111001111011111
11111111111001111010111100001111001000110100001110
111000100101101101001111110
0100000011111001
1011111111
000111011
001111111000
1001111
0
110100111111111111111111001111
0
11110
111111110111
1111011011101111100111011011101001011
1111
1111
1111
01
11
1000111010010111011101111101
1011111010101110101
00
00101101111111100011
1111110101
000010010110010000100000101100111
11
00
1001011111100110111111111101111101
100111110011100010111111111010
1110000110011100111110111110
1001
111
0111111110001111
0111
011010
10
110
10
11111
111
0111111111011001011111011111
1101111
11110111010
11110111
01001
1110111111111111001111101111111101011101011
11111110
1
11001111101000
10
1111
011111101101011100100
010111
011110011101111
100111111111
0001100011110010
011110101000
0001000101111100000000
100111001111101100111110100
110000111101
10
111111110
011011111011111001
010
111
11
0011
001110001100000001101010101101010001110110100100101010
111111011101110101
11
01100101101110011111011
111
111111111011
01
11111
00000001111000111010100110
111
1000000000000100110001000000010100000000000000010
11101000010000010
00100011100
01
0111
11
00111110011111111111
10
111011010011100000001001
1111110111
0011011110101110110
0101101010101010101101
11
101
0000000000
001
11
1110101101101
01
1111000
010000011110101000101
1111
1111
100100
11111101100
0100
00
111001
10111111000111001011110100100011
1111
11000
11
1100011111011
1011011111
111001001110011010111011101110110
011001100
00011
1011111101110111000011101
00
111101110001001010010010
1101
010100
1111011111010111101101111100011
1111010001011011
1111
01111111111101111111110101
1111110001
1111110100011110001110110100111111001101001111111
110100011
1011
10
00111110011
111111001
1
0101110110111
10100
010010101001
1011110100100110
0
111
11
01100011
1101
00101
1100
001
00011000000110101
110111110111011111000101110011110110
11111100
001101101011110011010001100000
111111100110001
011
011011110
00101000111100000000000100
0001011111001010111010101111010
1101101100011110110000000
1111
111111101111101111111110
001
10111
11
1011
