0111111001
111101
1
110111111
0011110000
1
11
110000111000101011
11111101101111
11111110111100
0
10110
1
101111
1
111011110111011111111101
10101
0001
1
1
0
1101
111011
10111111111110111
1
0
11110111110
1110
111
01110101011001100100
1111011111
110000010
111011111000
1110
0000
1011010
11111011011111100
1110100
110
10101
100011101001
011
110
1110010111111111000100011111
1110101
1
1
111111111111
111
1
11010
1
100111000011101111
1
1111110111
1101110001
01011001
1
1111111111
011111
1
011111101
1011111111110
1111111011
1100
1111111111111111111111111
00
111
11101111
1
110111010
01
11
1
1
1011111
111111110
00001110101
1
111111111011111111111001111
111111111
110
1011
111
10100101
11
011
011
1111111111
1
00111
111
1111111
11
0111110001
1
11
1
11111111000111100
11110111111
110
11
111
01
1
0
1101111111
0
010111
1111101011111111
11111111111
010
11
11111111
111
0
11111
111111
1
11111
11111111101001101
1111111111
1111
1111
1001111
11011
1
01101010000
100
0110001101001
1
11
0111
1010
1110111010
11111
1
00
011
10
1111101001
1011111
0101111
111111
1
11100111
11111111111
1001
1
111111111111111
1
111
11010001
111
00101111
1
1
0
10111111111101111
1111
110001
11111
111
0010111010
111
1
111011
100111111000110
111111101101
0
0
01110
1110
1
01
1
01001100000
11111111100101
1111
001100
1
01111
11
1
111000011111111
111
0
10110
1
11
0
00000000000
1
01
00011111111011101
0
11011
111011011111111
11
0
011011
011
01100
11
1111111
1101100110
1
1
1111010111001010
10
0
001110
111101110111
0
1
1
1101101010111101110
111010111
0
01
1
1
1
11111100111001
1
11111011
11
0000
1110
111
11
001111
011
1
00111011101
111
101101111011
0111111
1
1111111111111100101
110110111100001
111111111
001111
111
0111100
1111111
00011
1
111010
1111
1
11
0
100011
1111111111
0
111111
1
1110111
0
0010111010011111111
111111
0101100
0
1
1111
1111100
1111
111
10100010101011111
0
1111111111111
11
11100
0001
10
1111
011111100
11111001001
1
10
1
100
111110
11
1
11
01110
0
11
100
1
11
1111111
1100
11
100100
111111111
0100
0
11
11110100011
1100111111011010000101
10
1
111111111111
1
11110011
11
1
1111
011111
1000001
1
1
000
1110
0000
1
110
10
111
1
111101011111100
0
110110111111
0
0010
11
101101
10111111
111
1
111100111
1
101000
0
1
11
11
0
11111111110
000
1
0000001
111
0
0
11
1
11
1
000000
11111111111
111111
11010001011
11111001111
1
010000110100100
10110111111110111
1111000100001100
1
1111111
0
01
111
