01111110111101111110110111101100010
000000111011
11101111110111111
0111100111110100110010110000000
1111110111
111110011101
011101111001011111110
100111010110010111
00001000000000010010000
1111011111011111000
1000
1111
1111111111110101
111111
010100111110000001010100001
111101110101101011111001
11111100011111111
101010001100001000100100000101
1001100111011110
111111
1000011111111101
111010111100
011101001111111011111111111
101011101
0111111101111100111000011011111010
101111110011001011111111111110111
0100100110011111101110
011010000011111000
11001111110001111001
11
0111
111101
1101
000000010110111100011011110011
1111110110111111
11110101
11111001110
101111111
0111011101
1111111101011
100100111010010110001111011001
1011111111110011
11110101011100
0111010001100001111111110111001
01011110111011111101101110000110
1011110110111111111
11110101
0101111110111000000111010100000000
0111011111111001001110101001
11111101
1101
011001111110
111111111111100100100101
111001100001100101111
1111111001111111010
11111111111101010011111
011000001010010001010
11101000011110101
1110011001001111011110111
1110101111111111111101
10100010101111111111001111111111010101
10
1110
00000101111
11
01101111
01110010011111101111
111
111110101110111111
10
11101011
