11
1110011
1
0000
11
11111
1011
0111111
10
11
111
10
011111
000
1
100
01
1
11
1
11
0
111
00
111
10010101
001001
1111
10
0
0111101
0
11
01011
011
10111
011
001
1
1
0
111001
00
111
0100
01011
0
10101
01
111111
1110111
0
1111
111
011110
01111
110011
010110
0111
1101
1
0
101010000110
001
101
111
11100
1110100
1
11
1
10011
0010
10100
11000010110011
1111
111
010
0
110
1
011111
11110101
0110
1
1
11
1
11
0111000
011
1
00
0010
101
1110110110
00
1111
110001
0
1
1
111
0011101
1101
101
1000
1
111
1
1110100
110
00
1
1110111111111
011
000
111
10
00
11111
111
0100
1
111
1111
1
11
101
000000
1
11
010
010
11100101111
11101111111
11
0
01111111100011
11
000
10
1110
111110
000
11
1
110
1111011
111111011110110
11
11
0001
1
0
1
1011
1
111001011010
0111110
0001
101
1
1
0101
1
1
11
11
01
11
11111
01
1111101100
0110
1011
0
001111
111
0
11
1100
1
011
11011011111111
11
1111
111000
1
1
11
0011
1100
1
101
11101111111
10011
000
01101
1101111101110110
0011
01
011
1
01
11
011
110
010
0
011111
10
00100010
0011111
11
11
11
0
111
11
1
111111110111010
001111
1
10
01
1
1
01
101
1
011111
00
0011101
1
1
1101010
1
0110
11
0
