0001001111100111111001100011111011011111111
111111011
1101110001010
11101001
01001101010001
11
111111110110111100
01100
1111101
011100101000010001
11111001
0
111111111001111111
1111110101110
11100
011111111101110
010001001000110111111101
111101111111111010001111111
11111111111000
0000111111111101110100
0011011110110011100000011
011
1001110111001
11111101101010001
11110111100111101
11111011111110101
1111111101110100
1111101
00010000
011011111111111111011
001101111010
1110111111111000
1111111
11111111011
100011001
10011111
11111001
111101010
11111101111010110111101001010
1111111100001
0011
1000111101011011
11111111111
111011101
11111
1111101
1111101110111101
0
111111011011001
1111101
0111011
11110011
1011011111111111000011001111111
1101101
0
11111001
11111011011100110011
000
111111010001000100
111111101
1011111
1111101
1011101
110111110
110110101110001101
011010
100110110011100101
01011111111
11111110011111111111111
11101111
1111110
01111111
11111110011
01111111
11111
111011
11111001
11111100100110101
1111101001
001111101111111110100011111111111011111
111111101111101111111
1100
111010101101111011111111110
011111
1111101
11111001111001
10011110111
011
11111011111111001
111111101010
011101001
1110
11111111101011000101
11000001000100000001
10111110010101
1
1111101
01101111
001000011100100101110001100
10110101
1111101111101111011111111111
00000011111010100
111111101
11111101
1101011010001
01
11111111001
1
1111011111111111111101111110
0101110100
1110000111100111101
111111111110
1111111011110
11101001101
1011101
01111
111111100
1111110111010111011001
0111101
11111110111011001
1111111101100
1111111111111
11111011101
1
010101101
11111101110000
11110101101
0
0000000000000000000000000000
1011111111000011110110
1111101111111010111111111
01100
100111100101
1011111
111111
1111110000
11111100000
100111
11100011011111101
000001101111001
11111100010000000
111101
0111111
111101
011111
1111101
0111111101011010101
1101101
11011
100010011111111000000011000
11101101
1110101010000010
0
0
1111
10100001
011110011
111110010
1111111111111101
11111
111111001
1111101
11111101111110101
11111101
1111011
01111010101
00
10
1101
011101111100000
11111001
1100101
011111111011111
1111100101011111101
0101101011101
101110110011111111110011111110001010000100
11111101
111111111
011111111
00000
000
110101
01111100011010001110
101111100111110
00101011000
01111111111
1111111111110100
01
1110111
00100000
01111111111100101
111111101
00110110010001000
111111001100
00111101111110111100
011
111110
11111110111101
111101110111010111
1011110110000000
111101011001
11110100011101
1111110101
11111101111000
11111001
1111110111111111
111001
0111111
1
1111110100
01011
11110111
111101
01011111
01101000001
110110001
011110100
0110001011010
111100001
011
111111111011101000011
11110111
11111111
0111101
1111101
101111011111101100101010
111111001100
111111
101111110
01011
111100111010111
111100000
1111010001111
11111100110101
111110111100
11111110
11110101
011001000011001
0111011101000011111100
11111100111
111111100011111111000
11111
011111111001111010
1100000
010
11111110110101101
0111110101110010000
111101111011101011111111111
111111
11111000011
101111
010
0110101
1111101
000101110010000010110
1101111101111110000111
111101101
11001011001001110011
1111111110111111101
111111111111101
010100011001111111
1111111001
0100000001011010001011110
1101011111101
10111011101
0101001111
01111
10
11
