0
11111111
001001
0
00
10
10
11
10
0
11
1
1
101011
00
1
1
10
111
11
1
1111111
00000000
0
1
01
11
11111111
0
001
00101
111111
11
101
1
11
101010111
11101
111
11
1011
10110111
10
1
11
10
111
0110
00011
10
1
11100
11011
111
0
000
0
01
1
1
11
000
0
0
11
1
0
0
111
0
1
11
11101101
1
1010110000
01
0
10
1
11
110
1
11
0000000
00
1011111
111
11111100
111
0
000
01101111111
00
01
10
1
100
11
01
0
00000
11
01
0111
111
1
1
111
11111101
11
11
00
1
111
1
111
11
1
111
11
1
1
11111110
001
0011
101111111
0
10
01
0
1011111111
11
11
1
111011111
11
00
010
1
01
11
0
11
11
001
11
1000
1
00
001
11
10
1111111111
0
011
00
10
111
0111
111
00
10
1110001
00
0
11
1111111111
0000
1000
0000
01010111
1
