0111010111110110000
10011011
111111111111111111
111111111111111110000111001
10101110111011000000
010111101111100100011011001
0111111
01111001011110100110011110
101110000110111110001
111011011101111000100
101111111111101111010110111
11111001101111011111111
1111011110111111000001111111
01011111
110111111011011
111111111111010100111
111011110001111011011
11111101011110011
11110111111111101100110
11001111111111111010011011111111
1111011111110101001100011
111111010001000001000
111111111110010101111111
0000001000
1110101101111101111011110
101110111101100011100011
1111001111111100111110
111111000001
1011111011111
011100111000100111111110
11001001110000000101
11111111111
011111110011110100000001000
111111111101111110100111111
1111111111111111011
111011111111010100010111111
1111111111111111100011101111
11100
00011110111011011
011111111111100001
1111111101110011
1111111111110111111111
1110111111111011100001
1111111111101
111011111111
11111111111110111111101
01111111110110011001
1110010
111111111111111000
1110011100000
11111110101010
