011111111111111111111111111111111111111111111111111111101101101111111101111111111101110
1
1111111111000111111111011111011111101111111111110101101100001111111111011111000111
1111111110101001111111000111111111111111111
11110111111010111100011011111101100111111010101111110111110111
001111111111111011110111111110111111111111111101111110110110111000111111111
111101111111011111011101011111110111111111111111111111111111
111101110111111111111111111011110000011111111110111111110111111
1100001110111111111
11110111111110101111111111111011111111111111110011111111111011111111110111111111111111111111111111
101111111
111111111111111111111111111111111111111111111111
1101010111111101011111
01100001111111101111111111111111111111101111101111110000111110001100100111111
11111111111011111111010111001111111111111110111
1110111111111111111111111100111111111111011111111
1
111111111111111111111111111111
1111111111111111111111101111111011111111110111111111111
011111101111111111111111101101111111111111111111111101101001111111
111111111111101111111111111011111110010011111011111111111011011111
1111111111111111111100011111100111111
01111111111111001111011111101111101111101111111010101001010111101111110101011111
11111011111111011111101101111111111111111111111111111111111111110111111111111111111111111
1111111110111011111110011111111011
11111111111111111101100001111101111110110111111110001100010110101110011111111
110101111111111111011100101111011111011101111111111111111111111111
111111011011111111111111111111111000111111111111110101111110111101
10111111111101111110111110111111110011111011
00
00
1111111011111011111101101111111111
1111010111011101101111111111111111111111111111111111101011111111011111111011101011110001111111111111110110101111111111
1111111110111111111101111111011111111111111110111110000010101100101011111011111010
111111111111111110111111111111111111111110
1
1111111111111110011111111111111111111111111111111111111111
10
10111111111111111111011
10111111101101111001111111011
111110111011111111101111111111011111111111111111
10111101111111111111111101111111111111111101111111111111000111111111111111111111111
0111111111111111111001111101011111101111111111
111111111110111011010001111111111110000111111111111111111111101111
111111110111100111111111101111111111111111111111111111111111111100111111010111
1
111111111111011111111011111011101111111101110111111011111111111111111111111111101111000101111111111
1111111111110110111111111111110111111111111110101011100001111011011101111111111
1111111111111111
1111111111111010111111111111101111111111111111111101111110
111101111111101101111111111110101111101100011001010111111111110000
1101111111111110111011111
1111111111011111111111110111111111111111111111111111111111111101111111111111110110111111
10
111111111111111111111111111111111111111111011
111111111111111111111111111111111111011111111
111111111111111111111111011111111111111011111111110111111111111111111011
11111110000010
1111111111111111011111111111
1111111111111111111111111111
1111111111111111111111111000111111111111111110
001010110101111101110111111111111111111111111111111111011011111111101001011
111111111111111111011110111111111111111110110111111111100111111111111111010111
11011111111111111111111111100111111111111111111111
11111111111111111111011111
111111111111111111111111
01001101110110100011111111110010101111111111111111111111111101011111110
1111111011101111111111111111111111010111110111011100011100111111
1111111110111110111111110111111111111111111
101011111111111111111111111111100011111111101111110000111111111110111111101
11111010101111111111111001011111111111111111
11111111111111111111111111111111
000000000111100
1101111111100011101111000111011011111110101111100000011111110010101110111001001110
0
1111101111011111111111111111111111111111111111111110111111111111010100111010001010111101111111111111101111001
1111111111111111111111111111111111001111111111110111111111
11111111111110111111
111111111111111111111111111
1101111111111110
1111111111111110001011111100111111111111111111111011111111110100110111111111111111111111
11111111111111101110111111011111111111001111111111110101111111111111111111
1111110111111111111111111111111111111111111111111111111011111111111111111111111
1111111110111100001
111111011111111011111001111111101001111111110111111111111111111
111
111111111101111111111011101111011101111111111
01
1111110111111111111101111111111111111
11010111111111111111111111111001111111111101111001111
0111110101001111111111110011111111111111111111111111111111110111111111111101110111111
1111111111111111111111111
11111111111111110111111101111011111111111111
1111110101
0111111011111111111111111111011111111
1111110100111111111111100101011111110111000101110011101011111011111010
111111111111111111101111101101110011111111111101110111111111
1010011101010011111111111010110110111011111011111111111111111110001001101000101110100100000100111010110000000000000010000100
1010111111111111111111101111111111111111110111111111
1111111111111111110101110111111111111101110
111111111101111111011110111101111010001111111111111111101111011111
11011111111111110111110111101111111
11
1111111111111111101110100101110011110111111111011011111
1110
0
111011
111111111111111111111111111111101111111111111111111111111
1111111111111111111
0
111011111111111101001011011111111101110111
1111111111111011110101111111101101100111111110111010100111111
11111110110111111111111111111011111111101111111111011
11110111111111111111110011111111111111
00001111011111111111111100101111111111111111
11111111011101111111111111111111011111111111111111111111111101
010111110011101111101101101100000111110111101111101
1111111111111111111111111110111110111111111111111111001111111111111111111111
11111111111111111111111111111111101111111111111111111111111111
1111111111111111111111001100111111111001011111
00
0
1111111011111111111111111111111111111
111111101
00
11011111011111111111111110100001011111001111110100
10110111011111101
10001111101101101110101101111011110110011101111101100011110111111111
1011111111111111111111111111111111101111111111111111111111111111111
0
111111111111111111110111110101011001111111110110011111100111111111111001111111
1111111111111111110111111111111110111111111111111111111111111111
11
11111110011111100000111111111111
1101
1111110111111111111111111011111111111111111111111
111111111111111111111111111111
000000011110101000000000000000000000010011011110000000001010110111110111111111
1111111111111111111111111111111111111110011011111111111111011111011
11000
1111111101111111111111000011111111111111111111101101111101
1111111111111111101010001111011111111
1111101111111111111111100011111111111111111
11111111111011111111111110101100011100111111111011111111
1
1111111111111111111111111
0
0
0
111111101000001111111111111111111111111111100110110100001111101111111111111110
1111100001010111011111111
111111011111111111111111111111111000001110100111111011011111111
1111111110111111111111111110
1111111111111111111111110111111111111111111111111
1111111100000110
11111011
1100111111111111111111111011111111111110111110111111111111010000100011110011100011110100100111
10011111111111111111111111111110011111111111110111111111
001111110101111111110101111111111111000111111111111111111011111101111110110111111
110111111111111111111111111011101111111111111111011111111111111111111
10111111111111111001
001
011001001111111111111111111010111110111111111111
1111111111111110111
1
0111111111111111111111111111101111111111111111111111111111
011111111110111111111110111101111111111111
11111101101
1111111001
0
1111111111111101
11111111111111111111111110111111111111111111
101001111111111111111111001110100011111110011111111111
11111111111111100010111011
10111101101111111110111111111111111
11111011011110111111011111111111011111111111111011
11111111111111111111111111110111011111
1
10111111111111111111110111111111111111111111111
0
10011111011101110111111111111011111111111111111111111
011111111111111111110111111111111110111111111111011111111
101111111111111111111011111011110011111111111111111111111110
111111111011111111111010011011101111111111111111
11111111100011111111
1111011111111111111111110111110110011111111111111111001101111
00100111111111111111010101111111111111111111111111111111110111111111111011111111011100110111111111
1111111111101111111111111111111111111111111111111111111111111111101111011111111111111111111111111
110111111111111111111111111101111100000111111011100101101111111111
1111101011111111111011011111111
1111110111111111011011011111110111111111
1111101
1111111111111111110111
110111111111111111111111111111101111111111111111111111111111
11111110111010111111111111111111111111111111011
00
1111111111011111111111111101011111111
111111011110111111111111111111111011001110000011111101110001111110
111010011111111111111100101111111111111011
111101110111010101100111111111111
111111111011111110
111110111111111111111111111111111111
101111010000001111011100
11111101011111111111111111111111111111111111111110111111111111110011010111101111010100010010
111111110001101111111111101111001111000011111011101111111
0110110111111111111111111111111111111101111111111100101111011111101
111111111111111011111111111111111000111111111111111111111001111
111011111111111111111111111111111
0
111111111111111111111111111111111111111111111111011110
111111111111111111111111111111111101111111111111111101110111111
1111111111111111101111111111110011011111111111111101111111111110111110
0
111111111111111111111111011111011111111101111
0
0
111111110111110111101111111111111111111111111111010111110111111111010
10110111111011111100111111111111111111111111111111111111111111
110101011110111111111111011101100011111110101101111111111
00
1111111110111111110110011111111111111111
1111111111111
111111111011111111111111111111111111111
11111111111111111111111111111
10111011111110111011111111111110111011111111111111111110111111111101111111011
111101100111
111111111101111111111011111111111111111
011101011110
1111111111111111111011010110001
1111111111111111101110111111
11111111111111111111111110111111111111011111
00
10111111111111111111111111111111011111111111111111111101111111
11111111111111111111111
0001
1111111111111111111111111111101111101111111011111111111111111111111011111111111001111101111111111011111111101101
0
111111110110111111111011111111111111111111111101110111110
10111110111111111111111111111111101111111111
0
01011111111110111111011011111111111111111111111111110001110111111101111111111
1111111111111111111111011111111111111111
0111111101110001111111
1111111111111111111111111111111111111111110111111
101111111111110111111111011011111111111111111111110110010110111111111011
0
0
101110111111111111111110111111111011011110100111111000000
000
11111110101111111111110111100111111011111110100111
11101111110011111011111101111111
111110111100011111111111111111110001111101111111111110011111
111111111111111111
00
110111111111111111111111111111011011111111111101111111111111111
1111111011101111111101111111011111111
1111111111111111111111111111111110011111111111111111111111111111
11111111111111111111111110111111111111101111111
0111110111101101111111011111111111111
11111111111111111111111111111111111111111111
011111101011111110111110110001111111111011111111
1111110111011111101
111111111111111011111111111010011010111111111111111111101111001111
10111111011111111101110111110111011111111111111111
1111111111111111111110111111
0
1110110111111011111111111111111011010111101111010111111101
1000
11111111111101110011111111
1111101111111001
1111111111111101110101110000111111111111100111111
110101111101111111111111111111110100011111111111010111111011111
111111111010101111110100111111011101111111111111100011110110111100111001
1111111111111111111111001111111111111111111111111111101111111111111110111101
1000110011101011011100100111111111111011110001101000000011000000001111000000110110
11010111101111111111111111111111100111111111110111110101001111
10111011101111110101110101101111111111111110100011110010000001100011011101101110000100
1111111111101111111111111111111111111
11011111111111111100111111111111
111111111111110111110111111111111111
101
