111010111011111110111
111111111101111111111111
11111111011111111110111111111111111110101111
111111111111111111111110111111
11111111111111111111111
111111111111111111011111
11111111111
1111
11111111101110111111111101111111111
1101
011011100110111000101010000000111000001000111
11
11111
011101
1111111111100011110011
11
1111011111111110111111111111111111111111
00110
111101111111111100011011111111111111011
01111111111111111111111
100111111111111111111111111
111110111111111111
11111111110111001
111111111111111111
11111111111111111
11111111111111111111
11111
1111101011111111111100111
1111111111
1111111111
1111110111111111011
1111
1111111111111111111111111
1111111111111111111111111111111111110011
11111111111111111111
1111101101111101111111111
1111111110111111111111101
1111111
101111111111111
11111111111111111111111111
11
1001101011111111110111111111
111111011111111111101
110111111111011111111111111111
111111111111111111111111
0111111111111111
1
111110111111111111111111
10111111111111101111111
11111111
11111111111111111111
1111111
011111111110111011111111111111110
11111111111111111111110111111111
111111111111111111111111111
1111111111111111
11111111111111111111111111
11111
111111111111110111
1111101111111111111
111111111011111111111111
1111111111011101111111111
1111111111111111111111
11111111111111111
111111110111111111111111
111
11111111111101111
11111111111111101110111111
111010110111010101
1111
11111111111111111111111
101111111111111011111
1111111100111001111110110011111111011011111011111
0
111111111111111111
1
11111
111111
0
11111101
11101111111111111111111111
11111111111110011
01110111111111
11111111111111111111
111101111111111101100
111
111111111111111111111111111111
1100011111111111111111111
1111111111111111111111
1111111111110111
1111111111
1101111111000111111111111111111
11111111111
11111110111111111111
11011111111111111111111111
11111111111111111111111
111111111111111111111
1
011
11111111111111111
0011110110010000001111100001111110110101111
1111111111111111111111111
10
111111111111111010100001
1111111111111111
1
11111111111111111111111
11
1
11111
1111111111111
11111111111111111111
0111111010111111111111101
1
111111111111111111
111
11111
111111
1111111111111111111
1
1111011111011111011111111
111111111111111
1
111110
11111111111111111
11111101111111111111
111111101111001111111111
11
111111011111111011111
1111
111110111111111111111
11111111111111111111
111110
11111111
1111111111111111111
1111111111111111111
111111111111111111111111111
11111111111111111
11111111101111111111111
0101111110011111000111011111111
11
111111
1111111111111111
1111111111111111111111
1111
111111111111110111111111111111
1011111111111111111111
1
111111111111111111111110111011
11111111111111111111
11111111111111111111
11111111111111111111111111
111111101111
11
1
01110101101111111111111111
1
1111111111111111
111
11110101111111
1111111111111111111111
11111111111111111111
11001111111111111111111111111
111111101111
111111111111111111111111
11111111111001110001111111
101
11111111011111111111
111111111111111111111111111
111111011111111111111
111111111111111111111
111111111111110001101
11111111111111111110011
11111111111110101111111111111111111111
1111111111
01111
1111111101111101111111111
111111111111111011111111
11111111111111111111
1111111111110110111111
111
011111110111111111111101
11011
111111111111
111111111011111111111111111
111111
1
1011110111111111101111111111101110
110
1111111111111111111111
111111111111111111
11011111111111
11111111011111111
1111110111111111111111111111
111111111111011111111111111
1111111111111111
1111111011111111111111
11111111111111111
11111111111111111110
111111
1111
1111
01111
1011111111111111111
1111
1011
1111111111111111111111
0101
001111011111011010111110111101111
111111111111111111
1111
11111111111111111111111111111
0
11111111111111111111111111111
111111110011111111110001110011101011101
1011001111011011011101110010
11111111111111111111111111
1
1111111111111111111
