111111111011110011110
11
10110011111111010111110111
11111111
111110
10000111001110
11011111111
1111111111110111111100011
111
11
0
1111111111111111
1111111
0111
110111011100
11
11
11
11111111111111111
0000
111011111101100111111111
101
1101101111101
101011110011001011111110101110111011001100
11
111111
0
1111
00
111111111111110111110111111111111111
11100100
101011110111111011110
11001
1111111111101111
1111111111111111
101111111111110101101111101
111111111111
11111111011111
111111111111111111111111
111111111111111101
1111111
11
11111111111111111111111111110111111111
111
1111111111101110111101
111111
11101111
1111111111111101011111
111101011
11
1111111111111001
11011111110
0111111111111
1111101111
1111110
10
01110110111
111
101
1111011101111111110
111111
1011111111111111111
1111111011
01
01110101111101110111001111111011111100101100111111010110
111
11011111111
11
111011111111101101110111101
01100
11111111111
10
0
111111111111111111100
011
0
11111111101
111111
0
00101010
111111111111111111111111111111111
11110111
11111011
0111100111111110
111
11111111011111101
1111101101110011
1111111111111111001
01
110011101110111110011111110111
11111111111111111111101
01111
01
10111111
1111
00
1111111111111111111111111111111111
10111111111111
11111111101
111111
0
11110111
101011
1011
1111111111111111111011111111111
1111111111111111
11111111011011111
111111111111111111111111
11111111111
11001
1111111111111111111
10011
11
01
111
1111011111011
11111111111111111
111111
101111
111111111111111
10
11111111111110
11001111111
10101011101
010
11100101101010110111
11111111111111
11
1111111111111111111111111011111111111
0
11101111111
111111111111011000111
11001010111110001111101101011111101010111101
1101
01111111
111111111110111111001
10111111101111101111111101011101011100111111111111111111
00
1
111
1111110110111111111111111111111
101
11011101111111101
0
01111111111110111011101
11111111111111
1101
11111111111
111110011
1111111111111111
11
11111110
1110111110111101111111110111
111111111011
1111100110111101
1111111
1111111111111110111111111111111
01111111111111111011
1111111111
0101
0111
1111111
111110
11
011011111111
111111111110111111111110111110111111111111
10
11111
111111111111
1011101111110101001
1101110
11111011111
011
010101
11
0010
111111111111011111
01111111111111111111111111111111
0
1100001101101
11111111111011001101
11
111111101001
01110001
00
101111111
