0001100101
00000000000000000001111111110000000
1001
00000010000010000100010010001101001
00000
00001000
10000000001000000111110
00110110100000100110111
000000110100000010000111101010100010
00000
000001111010010000000
0000110000
010
1
000000010110011000011110101100101110
0011110100110010000111100110011
0000
0010010000
1111
01010100110
11
1110111000
10110001
000000010000
0101
1010000011111001001011101000
01000010001
00000011010011010101110000100000000
00000000000
000
1111
11
1000000000000111111111111
011101111
1111001110
00011011010000000010000
0000100110000100101101100
00101
0100000001010010101
1111111
00101000
00000101111101
000000100000001101011001111
0100
1000000000100000011011000
111111111100010
11
00001101010100010000001011110111101
100
1101000
0010000
000000000110101111001001
0001100
1011011
10
1100
11011100101000011101111
10
00101000
1001010000011100100000111101000110100
1110111111
0000000000000000000011000100110000000
1
0000111111
0000000011011
0111111
1000
01100000000101001101001
110011000110000
1100011
000101111000101010001101000000
0
0111
100101110001
101100000110101101
0000010000000
00011101001001010011101111010110
101110011
01011000001010101001
0
1011110111
000000100
110000100001000010111
11
00
110010000000010110110100010000010
00100010110111110
00000
01111111001100
01010010000001
0100011001110000001101
1
01101
00000000011000001111
1110000
00100000001111010101
0000000011100
00000001100110000010000011011011000010010000011
0011010
010000100000001011010001100
011101111001111011101100110010
0
1010110011
00
1111111011111
00
1010000110
01
11111
001
1101011
000010000010
111
0
0
0000000010111111111111
000000001100000001011001000000
1000100000000000111100010001
011110001
00100010100111101111000100
010011110100110101011111010001000
110
101111011000
10100000
00101010110101
0011110110111
10101001
01
00110111111101001110001
000000100001000
011100010111110
00111
1110110000
11100110110010100001
000000011001
111
010010110001110001110011110
000000001
0000000100000101111100000
1000
101110111
0100011000011000
1110111
0000000000
000
10110
100001011110
000000000000
11
010111011
111001010111110000
00
001100001010010101011101
0100111011
010100
111101010101
1010000
000000000000101111011110
000
0010
111
1000001000011111100011110
1000
0100000111100111100000001100000010100
0
1
10111000011100010110
11000011000110
11111101
111011110101101001110110000
1
1010110011
010
11111
1111
110010011100000
001110100111
111001
000000
0
0001
11
1110101001100010111011110000010000
0100
00000101100111101101111010010000
00000000001011101110
1101
01111111011001111110011111110100011001111
10110
101111
00
1101
11010100110
100001
10
00000000000
0000000000000000000111100
00010000110111010001100
0010
100000110110000101001011
01110000101110000
01001111
011110000000100001001010011111011
111111101
0
0
011
110
110
0
011
1
000
111111111
000000000000000111000000
00
01111
111000010001
1
010000010111110011101111001011010001
010
11
0
0011
01
0000101001101000010
00100
00010111
101011111111110
11111101001100
1011000000000111100111111001
00111
1
111
1100110000111100001000110110110100110
111011111
00010010
0001110011
111000111111
0000
1100100110101100001100111
00
101
11
1011100
1011
110100
10010000000100111001011000011
10001111100010100111
0011
11
00001001000
1111
000100000111111111110
10100
010100001001000110000000
111010
10000111000000101110110
11010010010
0000101110011
001100111010
0011001
10
100
0011
00100001011111111110
01100100
11100110011000010101011
101111111001011011010010111111
11000
1000101011101000001111110111000001
001101001101101010011000110110001010000100001
100000000011100100011000
1011000111
11010110
0001101001101
001
111
000101000101000110001111001101111001010
0
1
1111
10111100010
000000101111101001110001111101111
101111
010
0
1
100
0010111111111010110001111111
010001011001110111
00
000000000000000000
111110101
0100110000010000001111111101
1
000010001100101010011000110110100
1110010000100000111001000011
001110111111000011111
1111
001000010101
110010001110
000
010
1
100
1
11101
00000000010
00111000001010111011011111
01001
111111
11001
1101
111100110010111101100110110000000000111
0101001010111
1011111111111
1101
111
1100111000001111001111
1100
101001011001001
01011011110
0111110011
000000000000000000000
1000010100100111001101
1
010001111111100010010100001101000
110101111101
011
101010111111
101111100101111111111
1
0
00000
0110000
100101101001000001010010011111011010011011100001000
101110001111
10
000100110111
1111
0001000010
101110000
00001100
00000000100101000
000100000
0
11
110100000100001000000001110011000000000000
100001101111
0100
10010
0
00011001
010101110010100
000001011000010001010100011
1111010
0010111111010
111001100111111010110
11
11
000000
011
1011111
0101
1000
0000000100010111001100010
111
0
101
10110011110
1
00
1000000110110100000101111000100
1101011
01000011010
01000100
10110101
101111110
010000001001010101001010111
0110100
0
0111110
000111101001010110000011100
0
1100001001100100000101111
01111
100
001111001100111111011011011101110
0010101101110
0101
0001010000011101011100001
0011011
01000011100100001010110101000111101101011100000111
000011110
101010000
11111111
1111
010101110
0
000
0000000111
000000
0
1101
010
000
01000000
110
00010000100000
111100011110001101101101010011101000
000010000
00010000010000001101001000011
11100001110000100000
1
110
0000000000000001001011000
010110100010111110110
1000100000000100011001011
1
11011100110110001111110111111
10
001000
00
