00011010000011010001
100111110
0010011011000
001000010100000000110
1010110111110101
00000010001001000
1
1111
000010000111
0000000001011100
01100001110
0000000000000
1101
000110
0000000000111111100111
100000010011000
0000001010000
011110011111
1001010101011
000100010011010
1100000100
1110
111110111100
1000101001111111111
1011
000001000
00000010000010
1110011111
0000000011011000
101101
110100100100111
0100101001001000000010001
0110101
0000000010010001
0100101111
01111
01111110111
1110001111110
110111110111
01110011101111
10000001010110
111101011
011001000110111101
0111
01010001
111111101
1
010011
11010110111
11100
110010000111110
101
0000000001001000
1000000100011111
111001011101
01100111010
11
1000100010010000
110110001111010
0000000010010011
0000001100
0111000001011101100
0000000001011011
001011100011001111
00010
11001000111101
0010001011101
00100110
100
001101110111
111001010
001000000000
11111000110101
0111100100
01011
000000
1101000111
11011110111
1111101011
110101101
01111
110100111
11011100111
10111010
1110001
0011101101100
100000000000000
011010011010101011
11111
100100100101111001
1101001101
1001011011001
111000111101
110001
11111111
000000110011001
1001110111110
1101000110100111110
1000000011111
1110101111
01101
00110011
10111
11101101111
0000001001100
01
11111111
100000110001
10000
1011000
000000010101111101
1001100111100
10011110111
1
110
0111110000
100110110100
1111110000
11111110
1100001011111
111110111
011000100
1
00010000
11001110010111010
00101110101
001010110011
001100000001110111
00000010010000011001
111100111111
111110110
1111011101110101
1011110111111
000000000000110000
01111111
11101011111
11100001011000
1101111
01
1111101011
1
1010111101010
11
110111011
111100010110011
11001000000000011
0100000001100110
11001
1101111111
01000000011101101001
11
01111101011010
01
0110100101110
1010111111
1101111111
100110001
10100001011101111
01000110111000
10001001
11
1111111001111110
100001011111001
1100111011
0111011011
0111010000
1010100011001
110101111
0101011101010
00
010000010000001
000010011011
10111100
0111111101111111
00010110110
01011
1010100110111100
1000000101100
111001111
100010110110
1101010111101
110010010100101
10001101001
01111
111
11000001
000000010011110
00000
00011111
11101111011
010000100000100000
10101100111101
100
1110101001100011
110001110111
111111000010110
0000000001110
11101010111
100011111101
