000011111
0000000100
01
111001
00
1111
0001101
01001001
111111001
0000011001
010100
11111
00110110
011111111
00000
1111
010100001
0111
01010
00011
0
010000
00011010
1011
01000
1111111
11101101
0111
101111
111111011000
101001001
0000
1111
010010100
010110
1000
11011
111100
1
0000000001
11111
0
1110
1111
1001
0000000110
0011
0111
1101
00011
0100000010
001110
001001
0111
01110
100
11000
101
00100
101111
001111
00001101
111000
0
0100
101011001
001100
000001111
00110000
00100100
1101
111001101
011110
0
0
010010100
00
0101
11011
11100
1101
11000
0111
10000
