1000
00010
0
0000000000000010
01000
01
01100000
0000
0000
1000
0000010
1
00
0
01
1100100
0
000
00001000
00
0000
0000001
11100
0001010
000000010
10
1
010
0100
0011
0001
111
000000010
1000111
01
000001100
1
11
010
00000010
1
100000
010
001
000
1
0000000
000
11
000
000000000
0
1
1
00000
100100
10
0
10000000000
0
010
00
0001011
01
0
0000000001010
100
001100
010
11
0010
1
1
00
01100011
0000001111
00001000
100
000
100
00
0
100
10000
0000111
0
1
00
0
00000100
000000010
01011011110011
00000
0
0
0
0010000
1
101
1110
100
0
00
010000000
1
1011011111
0100111
00
000010010
0
10000000
010100
1
1
1000000010100
0
101
00000
00
00000100010
10
0000001011
00000
1
01
00
00000
100100
0
00
0010
1110101
100
00
0100101
000000
0000000000000000
010
000100000111010
0
0
0
100
10
0000000
0100011
11000
0
01
010
1
00
1001
0
0
00
1
001000010
011
0
0010000000000
0
1001
1
10
1
0000010
00
1000000
100
1
000
0000110
0000000000010
0
000000000100
0
00
000100
0010011
1
000
00001010
10
00
00001101
1
100000
000
00000
010
000
10
1
0
00
0010
1
10
0010001110
001
11
1100
1
0
0000010
1100
000
1
000000000000000000
0000010
0
0110000
11000
0
1000
0
11
111011011
00
0000
0
1
00000
1
0
000000000000000
00
1111
000000000
1
010
10100
11110
110
11
1
0001000
0
1
10
00
0000
01
1
0
000
0000
10
00
0000
0
0
0100000000
00000010
010010
00
10
