01110010111100001100100100111000100100000001
111111111111111111111111111111
11111110111001111101111111111111111
00
1111111111111111111111111111
1111111111111111111
1111111101111111101011111111111110111111111
1111111111
1
0
111111
1111101
1111111111000011111100111111111101
1111111010111111111111111111111111111110
1111111010111111111101100010
1111
10101
1111111111111111011111101011111111111111111
1111111111111111111111111110111
1111111111
11111111111100000001111111111111111111111110
11111111111101111111
11111111111111111111111
1111111111111111
11111111111111111101111111111111
111
111111111111111111
1011111111111111111111111111
1111111011111111111111111111
111
11110111111111101111111111111111
1111101011111111111111111
1111111101111111111111111
1
1111111111111111111111111110111111110
11111
111111111111111
11111101111100000111011111111111111111101
1011110111111101111
01111111111111
111111011110011101
000010
11111
11111111111111
11111111111111111111111
1111111111111111111111111
11111111111011111111
1111111111110111111111111101
000
111111111111111111111
111
11111111111111111111111111111111111111111
1111
110011111111111111111
111111111111111111111
1
111110111111
1
101111
1111
111111111111111011111111011
111111001
11111011111111111111111111111111011011111111
01111
11111101
11111111010001011101111111111111111111
1111111111111111111
0011111111011111111
1111111111111111111111111
11111110001110
11111111111111111111111111
110111111111111111
1111111111111110
1111111111111111111111110111111111101
11111111111111111
1111111111111111111111111111
0
1111111111111110111111111
11111
01
111111111111
11111111111111111111111111111111111111
110000011011101
11111111111111111111
110011111011111111
11
1
00000011111011111111111111
111111
111100111000110010101101011001011111111111111111
111111111111111111
01
01111
1111
111
10111
111111111001
1111110111101110111111
1111111111111111
111111111111111
1
1111110111011111111100111111
10111111111111101111111111111111
1111101111111111111111111111111
1011011111111111
0
1111
1001111111111111011111111111111
11111111111110111111
111111111111010100111111111111
1111011111111010011101111111001
11111111011111111111111111101
111111111
1110011111101111111111111111111111
11111111100111111111
111111111111111111111111111010
1111111111111111111
11111
11111111111101011101
1
0111111111011111111010001101011111111111111110000111111
111111110011111111111101111
1
11111111111111111111111111111111111101
0111111111111
11111111111111111011101
11111
111111111
11111111111111111111
11111111111111
111111001000110111111111111111111
111
1111111111111111111111
11111111
1
11111110
01
111
111111111001111111111111111
1
110111111111111111111111111111
11111
11111111111111111111
1
111111
111111111111111111111111
111111111111111111
111
11101
11101111111111111111011111111111111111110100001
0111111011111111111
111111111111011111
111111111111
1111
111
1111111111111001
11011111111111111
1111111111111111111111111
11111111111111111101111111
11111111111111111111111
1
01101100011111111111111111111111110111111
111111
11111111111111111111011
111011111111111
1110111110011111110111111111111111111111
1111111111111
0
010
11111111111110100101111111101010010001
111110011111111111111111
111111011001011111111111111111
111101101110111111111111
111111111111
11
111111111111110111111101111101111111
11111111111111111111
111111111111111111111111111111
1111111111111111111
1
111111111111111111111
111111111111111111
1111111111111111111111111111111110
101100
1111111111111011111111
1
1111111111111111111111111111111111110111110
1111
1111111111111111111111111111
111110111001110111111111111111111110111
111111111111111111111
01110111111111111
1
1111111111110111111101111101111111110101
111
1011111111
111111111111111111111111111
01111000111011010111111111111011111101
111111111111111111111111111111111111
1111101
11111111111111111111111111111101111
0101111111111111111111110111
1111111111111111111111
10111111111111111
110111111111111111111
1111
1111111111111111111
10101111110101111111111111111101
111111
00111110111000001101111111111111111111
111
111111
111111111111111111111101
1011011111111111111111111111
1111111111111
1111111111111111111111
11111111111101111111111
1111111111111
1111111111111111
111111111111111111111
111111111111111111111
111111111111111111111111111111111
1111111111110011
0
01110111111111111111
1111
1111111
101111111111111111111
111
11111
1111111111111111111111111
1111
1011011110110111101000111110110000001
11110101111111111111111
1110
1110111111111111111111111
11
11111011111011111111
01111111110011111000111111111
1011101111111111111011111111100101
11111101111111111111
11111111111111
