011100100001
100111111111111110111101110
0
11110111111111110010111000110011000100011
011111
11111111111111000111
1111110
11111111111101
111111111111011011110000011011001111100
11111
11101111
11111111111111
11011
11110111
01111111000111111101111101110111
1111101110111100
11111
11111111111
0000000000000000100000
0
11
11
1
11101111011111110111111001110011001011011
1
1110111101111111111110111111110101010001100001110100011000
111111011
1111111110
11100111110111010100000000000000000
111110010
1111111
111001
0011110
1111111011
110010111111
101000
11111010100
111010111111111111111111011111110
01100001111111110101001100101001
1
0
1110111
10
01111
1111
1111111
11011100101100000000
1111111
11111111111111111100
0010111001111100
1011101001101101
110110111111111111110101000011101
010
0111111111110011111
1
1111111111
11101111010001
0011011111011
111111111100
111111
1111
1100111111101
1
00111010
11111
011101
1011101010111000000
011101110011111
111111
11
1111
011011
1
11111
11111111111101
11
11001000111100111010000110110101
1111111111111101
1
101111101111000000001
111111111111100111110011
11000111111111111
10111110
111111
11000001
0011111
101111
11
11101
1111100011000100101
111111101111110010000011
0111111100100001010001
111111
1111111111111010
0
11
010
10
0111111
1101111111
11010
1011111111111011
11
11101
1110111
1111
11111111111111110010001000011011
11111110111111111
1100000010011111111111111101000000010000010011000100100
11111111100111
00110011001
11111
111111
0
1111111111111111111111
111
111000000
0111111
111111111
111111101
111111111010011110110111
11100
1
1
111111111
111111111111
111110111
01111111101001110
00111111
1111
11111011011110011
100
100
0111001
10100001010111000111000111000101000
11
001111111011110110100111011011
1
1101110100111101000010000101
011011111010101111111000100110001001
10111111111110110010000
110111
1
1
00000000000000000000000000000000000000000000000
1111110111110101011111010111110
1111
1
11111110111111110101
1011111110001
1111111
1111111111111000101101001100
11
111110111
11011
11101
11101100111010110011110110111110
11111
1111111110111110111111111111
0
001011
11
1
011
111111111100101100111011100011
10
1111111111110111011100100
111111111
111110
011111110110011100011
111
11110111110100011000001111
1011111111101
111111
111
1111111101
010111111101111111000000000000000000000
011111111101
111111111111111
11111111111111110010011010011100
11111111
11101111111000011
1111
11
0
11111110010111111111111101
111111111111111110011111
111100111111101110110
1111111111100111100011100111001100
011
00101011001011
111111111
11111111111110001
11111
111111
111
1
1
11011110111111101111011
1110111111110111111
0
11110
1111111
011011100001111001100011
011110111111110011011101101111
111110111111111111111000100011001
1111111111111111010111110110
1
1
111111011101
111111010111
111100
0
0
110111111
11101101
10101100
11111001
11101
111110110110011
01111110011100110100000011011001000
101100010
10011111111111111111
0
1
1111111111111111110111111
111
1111101101
10101100000000000
000001
011111
111111111110
11011
1
1010111111101110110011000011000000010
1010101
11111111
10
1111111
1001010100000
110110011000101
11111
111111
1010101011
111111111111
10111111111011110010000011000
0
001100001001011111011000000101010110000000000
11111001100111
1111111111110
110111011110
111011110111111111111100001101110011011111
1111
11111111100010011000
1010101100001010
111111111111111001111011101
111111111111111
11101111111111110100110110111
10111
111101011111011101011001011101000
110100111
111
1
11111111110111
111111
1111111011111111
0
111001000
1
1111
101
00001
1111111111111110111111111011
1110011111111100111111
11111101011111110100011110000100
111111111111011111111
11111
1110111011101000000100
0100111111010000100111110011
01111110111011111110100110000101011001010100
0
11111111
11111110110001
111111
101111
