0100010000011000001010001111110100100000111110111100010011111100010
000111101101100010001111111111111111111111111111110111111111111111111111110111101111111011111110110110
01111111111111101111111111110001100111010110111011111
1111111111111111110111111101101101000001111111
11001111110111111110111111111011111
0111101111111111101100000101010111111
000110100100111111101110010010000101101111
111111111111110010011010001111
11111111100110011111111000101010111111011
10011111101111101000101110101011011000101100111100111101011100111
01011111100000101001100010000010011000111100111110110110101000101010101001000001110001001111010101100010101
11111111111110111011111111110010001111001000111111010111101
1111110101110100101
