00111100111
1101111
0001101111111111
11111111111111
01111111011111
011110100110111000
1111
1001111111111001
111111
1101101111
110101
1101
1111111111
101101101101001111
11110111011110111
1111101111111
111
111
10111111
011111111111101
1111
1101111101001011111011001
111
011111111110001111
1111011111011111
0
111
011111111111011
0111111111111110111
11010110101011101111111111011111010111011
0111111111110110011111111101
11110
111
0111
1011111011
11111011
0111
11010011
11
11111111111111111
010101101011111101110
111001101111111
010110111111011100101100101010
111111111111
111110011111111111
110111111
111
1111
11
111001111111101
010111
1111
111111111
1110111111
111000
1111
1011
11011111101111111
1101
111111011011101111011011
111011101111101111
1110
001000
0111110001101
011111111101111111111011111101111011
111111111111
1
0
10
111111110
1110011011
1111
1111
1101
01111
11111110010110110111
1111011101111111
0111
111
111
1111111111101111111
1111111111111011111101
0000010110011001101101111110
1111
1111111111101
01110011111110
01110111111111
1100111011110101111
1111
1111111111111
0101101010111101111
1111
11111
0111110111111111
1111
11100111111111111
111111
011111
111111111111
1111
1001110010101111111101011
11110111111111110
111111001
1110111101111110110100
111101
011
111111111111
111
11111
011001000010100101010010000000000001111001011111
111101111111101
11011111001111111
01111111111
111111111111
11111111111111011111
1111111111110
1
0011100100101010111110001110
101111111111111
111
111111
1111100011011111010
11111111
0111
1111
1111111111
111111111111
111
01111111111111110
1111
111111
0111011111111111
111100111
1101111111111
111101011101110
111
01
0111
0111
110111
1111110111111
10111111111111
11101110111111101111111100
0111
111111
1111010011101110111100111100
111111011111111
11111111111011111110111111
111
1101111
111
1110
01111111111011111
1111111111111
1110111
1
1101111001
11011111001001111010
1111111111011
111011111110111
111111111111
01111
111
10111101
111111111111
111111111111
0
111010111111111
11110011
11111011101111101101110
0110
11011111111101
111
1101
111111111111
01111111111110
1110111011
111
101110111111111
1111
111
100011
011011011111111111010000000001111
111111101111111
111
111
0110111111
1
11111111
11110110
111111111011111
1111100111011111011
101110111011111
111111111111
1
01111101111111111
00
0111111
1111
1001110010100
111111111111
1111111111111
111
1111111111111
011001111
011111011111110111101110
111111
111101
111111111111
11
10011
111111
0111111111011111
111101101111111
1101010111111111
1111111111111
00111011111011101
11111001101111100110011
100011001011011101011111110000011110001
11110
1110111111111
111111111111
