0111111111111101001101110011
11011010011
11011111111
01110101111111110
01111111111
01111011111111101
1111011110011
110111110010
110011101111101101
100111101101
10111100010111111011
11111111111111101111
10001110111111111011
110011101111101110
1111111111
111111110
111011111011
1100011011110011
11011111111111
000100111100010
10111111111111
1100111001110100
110101111111111
001111111101
0101111011111
1
010111101110
1101111111101111
101111111101
111111110
11111111111011
11111011
1111011111
011101111
11101111110111
11111111
1111111010111
111111101110
101100
11111101101111111111
111111111011
01001
111111111101110100110
111111001
1011
0110111111111111
111111010101110110
11110010011100011
011111111111111011101101101
101111111100
111
111100000
0111100101111101111
1110111101101
0111111111111111
1111011111111110111
11010011110
1110
111111111110101
1101100111111010110
1111001100011101
11111110111
1101101111
1111101100111111101100111111011
0101111111111111011
101111111111010111
0011110111100
1
11010010
1111111111111
1111011
1111111111111100
1010111111111
11111111111
11011011001011111111
110111110111111011
1101110111101111111
1110001111101101
1111100111111111111
0011011111111111
1111
11111111111111111
111111000110111111010
11110101101
0111111001111111001
01011011
1111
0010111111001
1111101111001111111
010111111111110111
11
01110010101101111
11111111010
11
0
11111111111111
1101111011101
011111
00011101110101
111111111111111011
111110110
1111101011111111111
11111111
11111100001011
11111011111
01111000
11111111110101
11
111101111011
101111000
10111111111
1110110111001
11111111111
111100001110101001
11111
11111001011110111
011010111100011
111101101111111001
11111111011
1111010
1110101111101
1
110111100111
1111011111111111101
1111111111
01011101111
111111101111111
11101101111101001110
1111111011011111110
110010101111101101
10111110101
111111
111110110101
1101110111111111110
01100111111011011
1101101111101101
1111011011011
101110111110111
11110001001111
111111100111111011
1111111
11111011
1101011111110000
111110111
1000111110111
0001110100000
0111
010010101111010
000
1111111111011111111110
111111011
11011101011
1111111111
111111111111111
1111111111111
01110010010110011100
111111111
11110
101111111101111111001111101111
11111
110101111001111
11111111111011
110001111111111
11001001111011001
0110101
111111
1111101001111111110
101000111111101110
10
1111111111
11110111101
101111011
1111111111111
0111111
11111111110111111111111
111111101
10011111110
0
111101
010111000111
11011111101111
1100001111011
1110111011
1110111
1
1011111111111011111110
101110111111
01011111111010111
1100000001111101111
10111010110111
0111110101
0
11110111110111
00
0111011111011
01100001001100
1011000
11011111111
110110011111
1111101111
01111101011111100001
1111110111100
101101101011111111111
0000110110110000
10111011100111111111
010111101111111111
0111110110
11110011101111
10111
111101101
100110011
11100111111101
01011001111
100101101110101
01111111101111010110101
11101111111
01101001101110
101111111111
101011011111111111
00100111101
0111101010101111101
101110111111
11100111111111010
111111110
010111
1111110010101
1111111110111
1111110
1111111011
011111111011
1110111111111111111101101111110011111
1111111111111
1111110110001
11111111
010110111111100
111101111011110110
111111111011101
001111111101011111101111111101111
111111011
1111011
00111
0
00111011101111111111
011111101
1011111110111
111111
1101100110101111011
11110101
1111111100
110001010101
111100101110111111
11110010011101011
11111111111101111
1110111101111110
00
1111111111001
1111101111011011
0011111
0110111111011
1111111001
0110111111110111
11110111111011011
1111111111111111110111101100101111111
111111001100101
111011111011
10111
1111111111110111
11101110111101
0101111111101
1100001
10110111110111
11111111111111001111111111
10
1011110111011
01101111101111111
11101111110111
11111000
011101000100111110
01101111101111101
11111111111011
11111110001
1101111111111
