0111
001
1111101
11001
0
110110001
1
11111
011000
1
0
1111
001
1
11111
11011
100010000000000
1000111101001000
11
011
111
11111
11
011
0
1
0
001
11101111
111
0000010
11
0
11
1
01111110
000110
001111
00
11
11
100110
11
110
0
00
1011
000111
0111
0
111100
111
11111
01
111
00
1
11111
11111110
100001100010
000000
0110
1111
00100001
11111111
1010
11
0
00
000
0111111
11
001
0
10
0
000
001
11111
111111000
1
00
0000010001
00
1111
11110011
111
11
10
1111111001
10100
111
11111
0
0
0110
0
00111
1111
0
010
10111110001
11111
100
0110100
10111
001
01111
00101
0
111111111
01111
0
111
1
0
00010101
0
010
011
0
11
1000000000
000
11
