0000111111100001
1110001101000111101111111011000101111111111101
00000000001
11000100000000000010100001000000001000000000
11
0010101101111000
1111101111111111001001100101
0001111011111110111111111111010001111100
1101101000001101111111101101011010010111111000111010
0000010110011111111111110011
101111111
111111010001101
11111111010010001011110111111111111101011111001
11111110001000111111100110001100101110
0000000100011000
1011111111
1111111
1101100101111000
111101111100111101100
110101101
111111111010111111010011111111
11101110111010
110111
111001001101111110101100101100111110110111110
101110010
011111111111
00111111110111111001110111111111111011101101111011010
1101111111101111011011110
00000000000
0111111110100011010110000010110110100010010110
1111
11
10111001001101111111
1110111111110110111011111111000110001
11111101001110111101011111111101
11111010010111010
1011011111101101101
001111101001101
1101100001
011111110001111110001000111010
111011111
101101010100
00101111111111101101100001111011000101
101100101111111111001
0111011
01111011111111111110111111111111111111
101
0010111111100
110111111
10111111110101101110101000011110101111111111
1101111111
11110111111111011101111111111111
1
10110101100100110100000011001011110110
1
11100111001111111101111111011011110111111110100110111
00011000101
11011101101
0011110001101010110011110111
101110
00000001000000001010000
11101111111100111111111011100011
10001001011100000
00100011111011
11111111111111111101110100111111111111111111
1111110
11010
11110101111
110111001111111111001110111000
010000101100011001110010111
1001101001100011101111101000000111001000111111110
0101
10111111111110110111
1110000010
11110111110
01111111111111111111
001111011101100001111000101011111101
1111101010100110111111010111111111000110110
11011110111111110111101011110
011100000
1011111111000111111111111
11111111111111111101
101001101101101100101111110111011100000111010
11111
01111010010111011101011001011111110
11111101000011100
0111111011110011101111011111110
0100
011111001110110100111111101011
11
110111010101001011101100101000101001011101001101111101
111110111100
10001100111111100101111110100111111110110101011011
111111101111111011110001100
01
101010000001
0010101
101110111
001
11011001
1100111010111
111001000111110111010111
00000001111
1000100111110010101001111101010111111010101111111111
1111111101011111100010111101111111101101
0110111010111100011101111010001011100111111000
110111111001
11111111101111101111001
00111110110101010110110111111110110100
1110110111110
0110010111010110
0
1110100011100
111011110010111101111
110001000011001
01101111111111111111111101011011111011
011100111101110011111010
111001101
1101111111011111
000101
111011111111
01111101111111110110
010101100010101
01101101111101
11110101111111111101010011111110011100
01111110111110111
1011000101110001001111000000011000001101
1
0110111
00110111
1111010111010001011
1011100110011011100000
0
111101
111110100
1000010101101000000001
1
111001100110
1001111111110100110
10100
1111111011111110111011111111111110011101111
01111011111111011
0111111100111
01100111011
110
1111101000
1110011001111001011000001011
0
1011011111
1111011001111101111111110101011
11111111011
11111101111000011011110100111111101101010011110
11000001110
00000101010100111110000010011101010110101000000
000000000010111110110000111111100100000
1110001
011111111111011001111001111
011101
00
01111111
1
0011011101100100111111101
101111111010010
10101
0111101001011
0111111
111111100101100101010001110011111100110110
101101001100010
11101101110100001111111011111101110111011110000
11111110110111111000111101111100001111110
0001111101110111111111111011111111110011000100
111010111110101001
110
11111111100
000000001
1011111111111
1111111111101111111
00000000000000000000000000000000000000000
011111011110100001111101110010110101111010
1101
0000110110101
101010111110111011101001101011111110000
1101000110010111110000
11111110111111
111111011111111111110111101111111101111001111
001010
110011101110
11011101100
0111100010000000
0001
11000000000010011011010
00100000100001000110000000001010010000000000
1000100001
1011101111101100
1101110111011110101111111111110111100110111001111111111111
01000111
0110101
11110001100011
11100000
11111000110111110110100011
010101000
11111111111
101110101
11110101111
111111111101001101010001
110111101110010111111110001001111111111001001
10001
1111111111
011
1100101110111001011111111111110101110010011011111
1011010010111
101110111
1
0110000100010000
111111101111111110111111011111111
01001000001010
1010000111001101
11101110
11110110111110110111111111111110100
011111111101100101110111110011111111
11
1100010
1110
10
1111110110110111111100
110110111110110011110001111111011010000100
111111111011111101111011
111110111
1111111111011101101010001111101001110000
1111110111111
00011101
111111110
10111011111111
111111111
110011110111110
00001
0100100100
10111101000111011001011111100011
11110110
11101111111111111110001111110110
111111110101111111110101
0110000100
11011101111101111111101101101111100111111
11111011101110111101100111011011011000011101101100001111010011011
1100111101011111111100011101111
000000000010100001
111101
11110111110110111111001011
111
00110110001
0001
1111101011111111011101100111111110110110101100111
101111110101
1111111111111110
0111111111111111101111111001111101111110011111
101111110111
10011011111
101111011
00
010001
111101111100111100111111111111111111101
1110111011111111111111011
01
11111111010110111001
11100011010
01010001111110101110111111011111110110100000000011
111111111011111110111110111100111111000101111110
1101111110111111011111111111101110010110111
01101110111110110101101110111
0001110101011
110
011
000110110110100
1
1
010111111111111
111111101101111100111001011101
01000100
0001100110101
1110101111111110111011111111111111111111111111111111
10110
011
11111111111110110110010111
011
10101011101010100
1010111111101
010101011100110011100111
01011101110011111100
11111101011011000000011
11110100111110111111001000011101101101
0
0
0001011010
110111111111111111111111111111111
1
111
0101110101
11111
100111101010101101110111111111111011001110011111111001
1111111111111111111
1
110001111111110001
1111101
01110011
111111111111101111111
110010101000100110001
1011111111100
1
10101101111111101110111010110111101010110111101111010100001011101111000
11111111010111111
1011101011101101101
0001110
01000000000100
1111111111010
11100011101111111010000
101
1111000011100100110100110110101101101
111101
1
1111111101011111110111100001101111110001
000010000001000111100
0000000
1011111111
11010111111101
1
010111100
0101011000110000001111110100110110101001
1111111101
0111001
101000
000000110
0111011110001100110011011001000011000110111110
1110111011100
0101111111110
1111
100111101
11111111000110010111001111100001010
1
10
01111011111011111111011111101011011111
11
111111111101010100011010011111
1111101111111110
101101110111
011111011111111111111011011101011011011
011100010111011000
1
1111110011111111111111111111111111111
111111001111111111111111111111011111011101101111110100
001101111
111110101
1
111111101001
1111010110111110
111111000111110
0010000001000010
0101111100111
1
1101111101
01110111111
011001100
1101111101101
1111111111111
1100000000
11100110110101111101110110111111101111001010000110
01011000011111111100
10110101100010101101100000010010010101100
11111111111011111111110110
1111100
100101100101011001111100011101001000000
01111100100000111001010100110110010001100111000
01100111011101101010100000010100100010
101111011101010110110111111111110010
1001000001
011
101111
