01111111111111111000000111110
11111101110111111111111111111111
01
1111
111111111111111111101011010110011101111111111111111111011111101101111111111
111111111111111111111
1011001111
11111111111001111111111101111111
11111111011111111011001111111111111
111111111111111111111000001111111101111111111111111110001111111111111111111111
111111111111
111111111110011
001
111101
01
11111111111111111
1111111111111111111111111111
110111111111110011010000011011111111111111111111110111111111110
11110111111111110111111111111000111111111111111111111
1111111111111111111111111
11111011111111111111111111111101010111111111011111111011111111
1111111111111111111111111
111111111111111111
111111111101111111
111111111111111111111111111
01110111111111111111000111111111111111111111010101011111111111111111
0
001111011111011111111111001011111111111111111111111111111111111111111111111110111111111011
00111
111111111111111010111
11
11111
1111111111111110010001001111111001111111111111111011111
11111111111111111111
1111111111111111111011111111111111111111011111111
1111110111111111100111111111
11111111011110111111111111111111111111
111111111111111111101101110011111111111
111111111
100010111110
1111111111001
011111111000111101001010111111111111111111111111
1011111110011111111010000011000000111
11011111111111111011111101111111111111111111110111111101101111111111000110001010101111011
111011111111111110111111
111111111111100111111111111111011011
000
1111111111111111
111111
001111
11111111
11111111111111011110001011101101101111111101111111110
1
1111111111110101111111111110011111111011111111111
1111111101111111111110110111110111111111111111111111111111
11111110111111111111100
111111111101111111111100000011101111111101110111111111111111100111111111111111111111
1
11
111111111
111001111011110001101111111111111111011111
0
11111111111111111111111111
1011101111111111110001011111011011111111111111101111
1111111111001001011111010001111101111111111111111111111110111111111111111011111111111111
1111111111011101111111111111111111101
111111110110111111111101111111
1111100111101111111111111011111
11111111111111111
1111111111111001011111110111111111111111111110111
000
1111111111111111111111111
00001111111101111111111111111
111111111111
111111111111111111111111111011011101111111111111111111111110111
1111111110000111111111000111111111111110111011111111111111111111111111111111011111110010
11111011111111110111111111
01
1111111111111011111111010011100
10011011111001
111111111111111111111
111
01111111111111110111111111111
1111111111110010111110111011
1111101111011111111111111111111000000101101111111110111101111111111111111111111100001111001010101111110101001010010
1
11111111111111111111111111111111111111111111111
1111111111111111111111111
10
011111010111011011111111111111111
1
1111111111001101111100111111111111111011111111101111
1111111111111111111110111001110011110111111111
1111111111111111111111111111
111111111111011
111111111
111111111111111111
111111111111110111
11111111111111111111
0111011100111111111110111
11111111111111111111111111111000111111111111111111
1011111111111111111111111000111111111111111111011111111111111
1111110111011111111101111111111111111111111111111111
111111111111111101111111111111
1001
1111111111111100100110111110111111111111111111111
11100010
0
111101
01
1111110110111111111111111111
1111111111111111111111111111110111011110111111111111
1111111111111000111111111111111110011111111111
1110111110111
1111111111111111110111111111111111111111
111111111111111111111111111111
00
00
11111111011111011111111111101111111111
1111111111110111111111111011111010111111111111111111111111111111111111111111
1111111
011111111010111111111100010010111110111111111111110111110111110010110111111011111011101111101111111111
1111111111111111111111
1111111111111111111011111
1101
010111111111011011111111111111111111111111111111
011111111101011101111110110111111
111111111111111111101
1101101
1011110101110111
10
0100111
111111111111111111111111111111101111
111111111111111111111
1
11110001111111111111101111111111
111100111011111110111111111111111111111111
1011110110110
101111111111111111111111
11111111111111111
0
11111111111111111111111111111111111
111111111111111111111111111111110011111111
1111111111101001111111111111011101111011101111110100111111101111111111111111
11111111111111111010011111111111011111111111111111
1111111111111111111111110111111110011110111111101111111
1
1111
111101111111110010010011111
111111111111111111111111111011111001001111111111111111111101111111111110001011111111111111111111111111111
111111111111111
1111110111111111111
111101111111111110011101111111111111101111011111111
11111111111111111101111111111111111
11111011111111111111111111111111111011111111111111111111
111111111111111011011111111111111111111111111111011011111111111111
11111101111111111111111101001111111111111111111111111111111111
11
1
1011011111111001111110111
111011111111111111111111111
11
01111111111111011111111111
1
111111111111110111111111111111101111
1111111101011111111111111111111110001000001000000000110110111111110110111111110111111111111000000000011010110111111011011111111010000111001111
1111111111111111101100010000001111111111111111111110111111111011110111001
11111111111111111111111101111111
1101111101111101111111111111111111111
11101101111111111111101111111111011111111111111111111111111111111
11111111111111111111111111
11111111011111111111110111011111111111111111011111111111
11111111111111011111
111111111111111111111
01111111
011011111111011111000111111111
11111111111111111111
111111111111111111111101011111111111111100111011110111111111111111111111
0011001
11101111111111111110000010101111110010000111111111111
111111110111111111
111
1111101101
011
0
11
1
0
1111111111111111011000010111111111101111111111111111
001111111111111111
1111111111111
111111111111111111110010111110111111111111111111111111111111111110101111
1111
111111111111111111101
0
011111111101101
11111110111111111111110111111111
11111111111111111111111111111
00111
111110111
111111111111111101111111111111111111111011111111111111111111111111
11111111111111111111111111111111110011111111111111111111111111111111111011111
11111111111111111111111111111111
1111111111111111111101100110
00
11111111111111101111111
111111111111111111111111111110111111
1111111111111111111111111111100100011111100111111111111111111
0
1111111111111111
0011111011111111110111111011111111111111111
11111
111110111111011011011111
1111111111111011110111111111111111
1
11
11111110111111111111111111111111011011
011110111111111111111
11
111101111111111111111111111111111111
1111111111111110011111110001111111111111111111101110111111110
1
01111111111111100111111111111111111111101111
11011111100101111111101000100111011111111101111111111111
1000
1000110111111110110000011000111
01010011111111111111111111111111111
11111111111111111111111
1111111111111111111111111111111111
000
1
1111111111111111111111111
11111111111111111110011111111
11111011111111111111111111
11
111111111111111
0111111111111111111011100111011111111011111100111111111111111101111111
11111001111111111111111111111111111111110011111
111111111111111111111111111
11
11110000001
11111111111100110101111101010111111011111111100111110111
1111111101111100111111011111111111111111
111111111111110001101001110111111111111111111111111
11111111111111111111110111111111101111011111111110111111111111
1000
01101011111111111100111010101111
1111101111111111111111
1110111111111111111011111110111111011111
111111111111111111111
111101
0011101111011111111111111111111
111111111
011
111111110111101
111111111111111111111111101111111
0
111111111111111111111101111011111111111111111111111011011111111001
1111110111111
1
0111101111
1111011111101
11111111111111101011111110111111111111111111111111111111011
111111111111111111111011111101110101110111111111111111111111111110011111111111111011
010111101
1111111111111111111
111111111111111011111111111111111111111
11111111111111111111111111
1111110111101111111111111111011
111111111111111111
11111111110111111111111111
1111111111111111111111111111111110111111111
10
111111
110011111111111111111101111111011111101111111111111111
111111101111111111100111
1
11
1
1111111111111111101
11111111110111111111111111111011111
1
11111011111
0100111110111110101100010010101001111001111100111111111111111111111110100011100100
1111111101111111111111111111111111111111
111010011110111111111
10111111111111101111111
1101101011111111
1110110111111111110111111100111111111111111111
111111110111111111111111111111111110111111111111
1
110111111101001
11111111111111111111111
11111111111111111111111
1
1111111111111111111
11111111111111111111111
11111
110111101
11110111111111111111011111111111111011111100111110
01
100011
1111111111111111111111011111111111111111110000001111111101111111011111111111111111111110011001111010011111101110111111111101111011
00100
00001110110101111
1111111111111111111111111
111111111111111111
111111011111111111110001011010111000111111111111111111111111111111111111111
11111111
111111101111101111111010000010
0111111001
1101111111111110111111110111111111111111111
111111110111111111110111111
11011111101111110111111111011111101111111111001111111011111111111010000111111110111101111111011111111100111111111
111111111110111110111111111111111111111111
1111111111101101111111111
1111111111111111
11111111111111111111111111111111111110111111111111
111111111111111111
111111110111111111101111111011111010111111111111111111111101111111111111111
1111111111101
0
10
11111111111111
1111
1101111111110111110011111001111
1
11110
1111111111101011111111110101
1111111111111111111111
1101110111011111111011010110101011101111
1111111111111111111111101110011111011111111101111011111111111
1111111
111101111111111111111
1111111011111001
1111111101111111111110101010111111111111111111011111111110111011
1111111111101111111111001011111
111110001000011111011000111101111011110101111101111110111111110100011110101110101111000
1111011110111111111011
0
101001111110111111001010100000000001101110110111110111011101101110111111111111
11111011111111101110110001111111111111111110110011111111110111111
11111111110111111111111111111111111111111101111111111111111111111111111101101101001
1
1111110111111011111111111111111111
1111111100100000011010111101011111110001010111
1111111111111111110111111
11111111111111
