11111110111111111111111010011111010100101001001001111001111110111111111111111100111010000111111111111000111111110111110101
000111111111111111101111100001100100101001110101011101011011000011000011110001111111111110011011010001001100010011110111111011100011111011000001011100110010011101011111011111
100001110111010101001111110111101111011011000110110000101111111111111111111111111111011111111101101111111111
11011111100011111111111111111001111111111111111111111111111011111111010111111111010111111
11011011111101101111011111100000010011101111111111111111111111111111111111111111011
11110111110001111111010010111011011101111111111111111111111
11111111111101111111111111111111111111111110111111011111110111111111111110
1111010111111110111111101100101111111010000001111111111110101111
10111111101011111111011111111111011101110111111111111111111111111110111001111111111111111101111
1111111101101111111111101111111111111111111111101111111111111111111111111010110111111111111001111001111111111110111110111111101
00010100101000000010000000011111111111111010010100
111111111111111111111110101011101110011111111011101110111111111101111111100101111011101111011110011110001011111111111111111101011101001111111111110101111110100011011110001011111000100101111011
11111011111111111011101111111110111111111111101111010111111111111111110111111110100111111101111111011111111111111
111111101111111111111111111111111111111111
