11001111111111111110111111111111011110011101101111111111111111111110110011111110010111111110111111101010110010001111011111101111111011111111111100000110010101111001110111101000111011101
111011111111111001111111111110111101111111111101001111111111111111111111011100111111110110001111110111111111010111101010101111111001111111111111111111110101001000010111011111111110111011000001110011101111111100001110011011110111011111111111111111111011111111011101111111111111111111111111110111111110101111111111111111101111111111111111111100111111111111111111111111111111111011101111111111011111100111111111111111111111111111111111110110010010
11111110011011011111110110001010111000000011100000101011101101101010111
1111110111011011100111111111111010111110111110111111111111111111011111111111111111111110111010110110111111111011110011101111010111111011101111111010110011100110111111111111100100011110111110111000110101111110111111100001111110100011111101110001111111101110101101011111100001101011010001110001111010111010111111100011111011101111110000100000000001011001111111100111011001100011010111011111110011011110111101111111111111111111111111111
011111111111100111111101111
11111101101010011111111011111011001111100111111111111111111110111010011
11111101110011101100010111101111111110000001111011111111011101110111010101111111101000101111110111110111000011111110111111110111110111111111110111010010111111110011010101111111101100110111111101100111111111111111110111001111111011011010101111111111110010011101111111111111101111101011011111011111111111111
11111010110111111111110001111111111110011111011111111110101111111011100111111111100101011111101111100111111111110100111111111001101011111111111111110111111111110111111111111101111011111101111111110101111010101111111111101111111111111111111111111111011111110110111111011101111111111111111111111111111010111111111111111110111110001111011011111111100111111111110
11101101101111111111101111011111111101110111110100111101011110101011011111111101111110111101110111101011111001011111100011110010111111111110111111111111101011101111111011110001111111111111111000111101110111111010101101101111111010111111011011110011101111111101010111011111101111011111100011011111111111110110111101111111111111111111111111011111110110110001111111110111111111110111111001111111101101100111111111110001011010010011111100111001111100111111111111111010101111100011101011101100111
11111111101001111101111111110110011111110011111111111110111111
111101011111110000011111111100010111011001011111111111011111111111110010000101111111111111111111110011111111111111111101111101110010011111110000111110111111101011011111011110111000001011111101111111010110111111100111111011111111111001
11111101001111011111111111111101111111111111111101111111110111111011111111101110111111111111111011111011111
01111111111111110001111011110011110001111101101111101111011111110111101011111110011111111
011110111111111110
11110011111101000011111110000101111111111101101101111101011111111111101101111111101111111101111111111011110111111111001110111111101111011111101011001111111101111110111111111111111011101011001111110111101111111111010001110111110111111011100111001111111111110010111011111010100111000010101001111011100001110110110111110101001010010011111111111111111101111111101110101111111011101011011111111111111111111111101101110111101111111101111
11111111111011111111111111110111111111111111111111111011010111101110111111011111101111111001111110100111010111111000101011111111111011111011001011111110001110010101110111101111100101111111100111111011111110101110111111111111101011011111111110011011110111110111011111010111111111111111110111110101111011100111011011011111111111101110101111111111111111111111
11010011011111011111101110101101111111011000101110110111011110101111101111111111111111111110111110111111111111001111010001111
1111111111011111100101111111001111100111111110111111011111111110111111110
1111111110111111101000110111111111101001111110111
10110111111010100100001111011111011111111111111111101011011111111111111101001111101011111111101111101111111101111001101111011110110
011111111011111111011111111111011111111010111101111111111111111111111011110011111010
1111111111101111111110111111111111101111111011110111011111111101111111110110111111110111111011111111111111
11111111011111110111110011110111111110100110101111111111111001011111
01111001
11111111111111111111111011111111111111111111011111110101011111101110111110111111111100101111111111111111111111110111011111011111111101111110011111111000110101101011111111101101
1101011111110111101111111111111110111111101111111110100111111111111111111111111101111110111111011111111111010111
1111111011111111111111111
1011111111010010111011000000011011111111111011111110011100111111111111100101101111101010111101111111011111111111111111101111111111111101000110111111110001110111110010110101000011111111101010111111101011111111111001111110111111110000100011111101110101101111111111111111110111110111011101000111111111011110001011100001111101111111111101111111111011110011011001101111000010000111110101101111111100001111110111111111101111111011111
11101010110111011110010110110111111111111111110111111
11111011111110111110101111101111111011111111110010111111101111111011110111111
01001111011111111011111010111010011111111111111111101111101111111111100111111111111011101111111000110111011011111111111111111111101111101101111000011011111111111111001111111111111010111101110111111011101101111110111010111110111110111011111111111111111111101110111111001111111111111110111010001011100111011111111111011111111111111111001111110101111110100111111110101111111111101111111111111101011111111011111111110111111011111101011111111010011011111111111111
111101001111111011111111111001000111011111110111111111101111111111111111111101111101111111110111101111101111100101111111111011111111111111110101011111111111111011111111110011100111111111111111
11001100000000101101111000111001011111011100110001101000101000000000110
001101111111110111111010101
111111111111
111111111110001111110101111010111111101101101111101011110111111001000110011110111001011111111110011110111101110100111101011101111111111111100111110000001101111101101110110001101011111111111111111011100110111011011011111101101011111101011111111110011011101110110011111111110111010111111111011100011111101111111111111111111111111111111101111111001110111111111111110111101111111111111111111111111111011001011111111011110
1111111110111110111010101110011110001111111101011111111111111011111101111110011010111101111111110111111111100100111111000101001
1101101011111110111011111111111111111111
11111110101111111101111111101111111111111010110111111010100011110111110111100011100111001010111111100010111111111111011011000111111100011110111111011111111011110111010111100111110110010011101000111111111111
1111111011111
1111110101111011111111011011111111110100011111111111111000111110111111110011111111111111111111101110111111111111100111111111010011101111111101110111111111100111011111110111011111111111001101011111111011111110010110111110011111111111001101111111111111110001111101110111111111111111111101100100011111111110111111101
11111110111111111111111111101011100111111010011100101111101110111111111111111101111111100011111111110111111111111111010011110011111111011111010110111111101001111111100111110110111111111111111011011011001000111110100111111111111111111111111111111011111110111111011011011100111110010110111110111111111111111
111111011111011111111111100010111111111111011111101001111101111111111111100111100111011011110011001000
1011110011011111111111111011001111111111111011111111011111110111101011111011011111111000101111111101111101100011111111101010100100111111111101111011110110110111011111010011110011001101110110
0011111011110111111011111111111111111111011111111111111111111111111110111111101111111010
111100110011111101011111111111111111111111110011111100110110111111
1111101111111100100110110101111010011111111011011000111011111001111100100100110001111111011110111100011111111111101111011111111111001111111010111111101101111110111111100110101111001101110
11111111111111111111101111110111111101100111111110110101100111111111011001111111111111111111111010111111111101110011011101111111101101111011111111101010111110111101111111111111011011100111111110111001111110001111111010111111101111111111001111110111111111111111111111110110110101101110101111111111111111111011111101111111111111111111
10000000001110111101111111111011111111111111111110111111111111111111
0100100001110111111101110011111111111111111001010111101100111011111111011111
1010110111101111111001011101110101101110100100000000101000101001101111111111110111100111111111111000101111001111011101111111000111001111111110011111111101011010110111000001110111100001000110000000011000001001110010111101110101100111111000011110111111111110011101111111110001110110011111111111001010001
1111111111111111111111111111101011111101111111011111111110111101101111111111101111001001111111111111111111011101011111111111111111101111111101100101111111111101111001111111111111111110111101111110100111110011101111
111111111100111
111111011110011111110111111
111111101111111111111111011100111101111111111111111111111111111110111111111111111011111011101101011111011110111111111111111111101111111101111011111110111111011110111111111111111110111110110110111111111111111101111111111111111111111111111010111111111001111111111101110100101111111111111111111001110111111111111111101111101110111111111011111110
111101111110111111111111011111111110
1111
11111111111111111011111011111111101111111110111101111111111111111111111111111111111111111111111111111111
1111111111110111111111111111111111110111111101
0101011011111110111110111111011110110111001101111100011011111100111011011101111101110111011111111111111111011111111111001101111111000111111111111011110011111111111000111100111111110110010011000110111111110010100011110111101100110101000010101001101110110100110110111100101111111111111111100110110011001101011111011111111111111111111110000001011011111111111
1111101111010111100111011111111111111101111011101111
111111011011111001110111111111111111111111111011011111111010111
1011111001100110100111111111101
11110001111111011
1111111001101111111111010101111111111111110111111010111011011111101110111001110110110111111111111111101111110111110111111111111111001111011111100101101110011111111111111001110111111000111111110111111011111111111111111111110111111111011101000111111101111111
11110111
11100
1100111010110110111111111011011010111111111001111
1011110111111111101101111111110111111101001111111000001101111011011111111111110000010011011111110111011111111111111111111001111101111011010111110101111001011110111111011101010111110111111111111101111110111111111101111111110111110011101111111101111111110111111111111111111111011111110011111111100110111011101011111111011110111111100001111111100011110111100100111011001001100100111111111111011110100100111111111111111111100101111110101010111111111110010101011001101000110001111010101111111011
011110111111111111111100111111111111111101111111011101111101111101110011111111111
11
101011011111011010001111111111101111111111110101111111111110101111111111011011101111110110010111110011101111011111111111111111111111000111111111011000111111111111011100100011100011110110101011011111111111111001111111000111110100101111111110111111011101111101111111001111110110110111111011111111111101111111111111111111110101111111111110110111101010111111111010011011111010110110111011111011111000010111111101011111110111111101111110111111110111001111111
001010110111111010111011011111111100000
1111111
11111111110111111011111001111110100111101110110111011111010100111101110011111111110111100010111011100100011111011110011111111001011110110111011111111111010111011011111111111111111111111111
110111011110111111111111111111011011101000001011110111111111011100110111110101111111111111111011111111011111011011110111111111101111111100110111111111011
111011111111101111111111111111111111101111011111111111111111011111111111111111011
01101111001101111011111010011110010101101111111111111100011110101000011111111011111111111110111101111111111111110111111010111
11001111111110111111111111111100110011111011111111111111111010111110111111111111111111111111111011111111101111111101111111100111111111111111100111110111010110110011101111111111111011111111111111011111011111111101001111111110111111111111111111111111111110111111111
1111111101111111111111111111101011111101111111111111011101111011100100101111101010010001111111111111110111011001010111101011011011001111111111100110101110110111111111101111111101011110101101111110001
01111111010111111111011111011110000001111011111110111011
11011111101111011111110111111111111011111101111111110111101111111101101111111111111111111111011110111100111000111110011111111111101111111111110111111111111111111111111111111110110111101101111111110111111111011111111111111111011111111111111111111111011101010001111101111111111110111111111111111111111111111111111111110101101101011111111111110111111011111011010111100010101111010111111011111111111111111111111111111111111111111111111111111011111
111101111011011111101111111111
01111111111111010010111111111111111111111111111111111111111111101
11101111111111110111111111111111111001101011101111111011110111110111111011010
10011111111111111111111111010110111111111101111001111011111101011111011111111111101111111111011001101111111111011000111111111101111111111111111111111110111101111110111111100111111101111111100100111111111111111011101111111101111111111110011111111010111111111101101100110000001110111011111111111110111
01011111111111101111101111111111110111011101111110001111111110011110011111110011111111110100101101110111101111111111111111001000100
111111111011100011011110010111101110011110111111011010111101111111111111111110111110001111111111111000111101011110011111111011101110111111011111101111101011100101101101111000111111100101111100011111010111101111101111101111111111110111101111001110101011111111111111111000111111100011111101010101011001001111010101111111011111101000010110001111011111101100000111010100101111110000011111010100111111011111011101111111111110111011111111111111111111
110000111111111111111110110100101011011111011011001001111010011111111111
110111101001111111111111111111
111111111111111111111110011111011111111011111111111011111111111111111111111111101111101111111111101110111110111111101011101111011111100111111101111111111011011111001011011111101111111111011111111111101111111111101110111110111111111111111110111101111
111111111101111111110101111111111001110110111111111111110111111111101101111111111111111
11111111111
1111101111111011011111111111111111111111011111011111110111111111100111001111111111111110101111011111111111011101111111111111101111111111111101100111111111
111111101101011111111011110011110111111111101101110111111011111111110111111111011110001111111111111011111011
0110111111111101111010011011111011111110111110010001001110101111111111100111111111110110111111101111111110111011111110011011111110100110101111101101001100111111100111100010100111111100111111111111101011010010110110111111111111111010101111111111011011001110110111111010011111011111100011111110111111111111110011010111111110101111011110010111101100111111110111111111111111
1111111111111011
01001011111111111111
11101111111111111111011111111001110111111010110101110011100010111111111111111110110101101111001101111110111110101011010111111111110110111011111101111110011111001111111110101111111111111110001111110111101110111110111010110101110111111111111111110110111111110011011111101110101111111111111110111000000101111110101111010101111111111111111111111111111111101111010101110111111111110101101111111111110111110111111
1001111111001110111111111111111110011111111011111111111111111111100011111111011111111111101111111011110111011111101111111111101010111111111101010111111111101111111111111111111111111101111111101101011101111111011111111001111110110011101111011111111111111
1011011111010110111101111111101010100001111011111
11
0111011111111111111111111111111101111111111111111111111111111111111111110111111111111111111011101111011111011111101111111111101111111111111111101111111111111111111100111011111111111
10111101111111111111111101111110111111111111111111011111110111111111011111011111111111000011111111111111111111101011111111111111111111011111111110111111111111100111
0111011111110100101111110011111001111111000111111110001111110011111011111011111111111111011010111111111101111111110101111111110111111111111111010111111110110111011111111111101111101011111111111111111011111101111111011101001111110111111101011100010011001100101111111101110111101111
11111101
111110111111111111111110111111111111111111111111111011111111111111011111101101111111111111111111111111101011110011111111
111111111010101111111111101111111111111111111111111111011111111111111011111111111011111111111011101111011101111111011101111010111010101110111111111110111110111101111111111111011111111101010111111110111111111111111111111111111111111011111101110111111111110111111110111111101111111111111111011101111111111111111111111111101111111111111111
11110111011111001110111011111011101111111111111101001110011110111111111110101111111110101111111110111111111111
10111110011011111010111011111111110111100011111111101111101101010011111100011111110111110110101011110000111111001110110110011101111111111111111111110111111101111010111111111111110111110111111100111011111011111111011110011111111111111110111011111111101111001111111111110011010100000110110
1011111111111
11011111011011101111111101111111101111111110111111111011111111101111111111111111111111101011111111110011101111010011111111111111011111111101
10
0111010111011
1111111111101111101111111001101100010110001111111111011001000111111010001110101111111011101011111111111011111111111111111111101111100111111111111111111011111111111101111111111110000011101111101011111111101101110011111111011110100110010111101011111111011011111111111111111101101110011111110001111111111111100110111011111110011100110110110111111101111111111110011111111011111011110101101001010101111101101111000110111111101101111111111101101111111111111101110111001000111111110010101111101110110111111111
1111111111111111110110111111111111110111011111001111110111111111111101011111111111111111101111101111111111011111111111110111101111000111101111011
100111111011111111111101111101111111010111111110111101101110111111111111110110011110111101100110011011111111111110101011011111011101011010111011011111011101111111011110011111101110001101111111111011111010110110001010111111111101001111111101111101111111000111011111011111111111111011011011111001110111111110111011110001000011111111111111010000100110010110101111101110111011111111111111111111111111111111010111111111
111111110011111111101101111111111111001101011100111111111011100100100101111111011110111011111111110111111111011101111111110111111110111111111111101011111111111111110111111111111111110111111111111110111111111011111111001111111111111111110111111011111111111111111001011111101111111111111111111111111
1010110011110011111111011
01111011101100111111111010111111111111111111111111111111111111110111111111111111111011111111111101110110010101111111011111111111111111101111110111110010111011100111110111101011111111111011
1111111111111111111111111101111110010000101111110011
1111111111101010110110101001111111110111111111110110110110111111110111111011111111110111111111100011110111111110100111100011101110010111111001101
0001111111001010111
1111111111111011111011011111011111010101111111111111111111011110011111111111111011111011111101110111
111011111111011011111101111111110001
11111110101110111101100111111111011110110111111011111110110
1111111110111111111111
1101110111110111111111111111111111111111111111101111111110
111101001111111111001101111011100111011110101111111000111111111111011101111111101111111111111111011110111110111111101111111111011111010111111011011111111110111111111110010111110
1111001111111110
111111111111111101111101110010110
00011110010111111111010011011011111111001001100111111111111100001011111111111111011111111111011111111111111111111111111111011111111111111111111111111101101111111111111111111111111111110011111111111011111000111101101111110111011110111111111111110011110101100101101010111100100010011111011110001000110111101111100000111111111010101111111111101111101111011111111111111011111011111011111111111101111110
1101111111101011101101111111111101111111011110111101101111111100110111111111101111111110011111101111111110111111011111111100100110111111101111110110100011111110111111111011111011111111111010010011111111111111111011011111111111001111010011011011111010111100011111101111101100010110010001111111111011011111010111111000111011110111111011101011111111111111111111111111111111101111100101111010
01111111101010011111111010111111111111111111101110100001011111111101010110010111110111101111010010101111110100111111100111011101111110111010111111111111100011111110010010111011111011010001111111110010010110001100001111010100010111101011110001001101111011110101111100010111011111001111101111000111100010110011001101001101110101111111100000010011110101110101111111111110111111111111111011111111001
111111111111111111011110100001111111111101111111111101100111010000101111110101101111110101110100110111111100010111101011111110111111111101111011111111111111101111111
11111011111110111111111111111111111111111111111010111101110111111111111111111010111111111011101111100111101111111100111110110011111111101111111111110111111111111110111111011011111110111110101111111110010111110010
110101011111111111110011000011111001011011101111111001101110111001111111101111111111101111011011101110110111111111101011101100001111101011111111111111011111111111010011111111111010010111111111110101010111101001101010101011111111111111110101111111100111110011001111101111111111111111111111111110100101111101110011011100011111111101111111111111110111111110111111111
1111100111110010111011101111111111101111111011111111111010011111111111111110111111111111
111111111111111111111111111111101111111111110011111111111010011001101111101111111111111111110100011101111110011111011111111111111111111110100111101011110111110111101111111111111111111111111
11000111101111111111111
1111110111111111111111111110111111111111111101111010100001101101010110101001011
111111111111011000111101011111111111101111111111111111111101111111011011101110101011111111000111111111010100111111110111101111111010111110010111111111111111111011111100111111101110111111101111111111111111111100111111111111111111100
11110111111111111110101111111111101111111111110011101101111110111101110010001110111111111011111111110111111011011111011111111011111111101011101111110111011011111111111110111111111111
0011101011001001111111111101110111011101111111110001111101111
11110111111111111111111010111111111111111110111110
11111111111101111111111101111111111111111110111101111111111111111111110101011111111111110101111111111011111111111111111111111110100111111101111111110101111110111111111000111011011010011111010111111111110111101111111111110111111111111111110111011011111111110111110011100111111001111001110000101011011111101010011111001111111111111111011
111111110111111011011100011011111111110011111111111111101111111111110111100111111111111011110101110111101111111
11011111111111101011111111101111111110110111111111111011
111111111011111111111111111111111111111011111111111111111101111111110111101111111101101101111101111010011101111111011011111100110
10110110100011101011011110010111111111111110111110101101111110111111100110101111111101110111111101
1110011
11110011111111111111110111111110111111111111111011110111111101111111
1111011111110110110111111111110111101111001111111010111101111101111101111111111111111110111111111111101001101111111011011111111111101111111111110111111101110011111111100111111111011111111111110100111111111111110
111111111111011111100111111111111111110110111111001111111111101111111111111111111111111
11111010110001110111111111111111011110111111101111111110100010111111110011
101111111111100111111111110100100001011110101101101101111111111101110001010111110010111111111111010010111011001111111111001111101111101111111001111111111111010101101011011110101000001110110111010111111111101101111010000101101000111010110110010111111111111100001111111011010111111111110111111111111110000111100001010001111111101111101111111
1110011111110111111101101011101111111011111101111111100111011110011110111111
11011111101100000111111011111111000011111011001100111001000000000011111111110100011011111011111111111010100111110001111111101101101011010100000111011110111111111110011111110001111101110110101010011001111111011011001011010001110101110111111111111111111111001101011000010011100001111101111111111011110110111000000100111011011011111101111011111010111101111001110111
0011111111011111111111
1011111111111110110111111111111101111101111111111100110101111111011111111
01111101111111111111011111111111111111111100110001111111111100011111110111111111110111011011111001111111011111110
11111111111111111111011111111111111111111111101100011111111100111110101111111111111111001011111111010110101101011111111011111110011101101111100011011110001100111111111111
1111111101011111101011111111110100000110011101010110010110111111101110100101011111101111011
011111111111111111
11100111111011101010001111111111110111101111111111101011111111100111110
1111111011111111111111111100011010011101110101111111010111111010110011111111011111011101111111110111111011011111010011111011110011111111111
1111110111110111110101111101000100111001010000111111111110111111111111111011111110111111111111110100001111111001110111110111
111110011101111111111111111111111111111111111
110110111100111111010001111101111011000011111101010101111111111011
0000000011100000001001011111111111111011111111011001101111111111111111111100111
111111111111101111111110111111011111111111111111011111111011111111111101111111111101111111111111111111101101111111111111111101101001011101111110011111100111
11000110111101111011101111110101010101110111111111
111111111111110111101111111110111111111111111001100111110111110111111111111010111111110111111011110101111101111111111100111111111111111111111111111111111100111111111111110111101111011111110100110111110111110011011011111111111101111111101111111110111111111111111111100111111001110111001111111110111111111011111111110110100001110111111111101110110101111111010111011011111101010111011101111111111111110101110
11111111110111111111111101111111111111111111111111111111001101011001000111111111111111101111011111111111111111111111111101110011101110001111011111111111111101101111111111111110101111101111111
11111111111111111
011011110111011111011110011110111110110111000011111011111111111111111110111111111111
0111111110110111111010111111011111111011111111001100100111111011111111111101101110111111111111111101111110111111111011111111111111101110111011111111101111110111
1111001011111111111111111111110111111110
01011110111111110111111001111111010101011011111000110111100111011011011
01111011100111111110010111011111111111100110010111111101110011001000111010011101110110111111010010011000001111011011111110101101111111111011001101000011011011111100010011111111101101111100011011111111111111111111001101111111011110111111111111111111110111111011111111111111001011111111011011100110011111001
110111
11111111111011011100101011100100111110111111
1111111111111111111111101111111111110111011111111111111111011111111011011101111001111111111111111111110111100111111
111110111111011111110111111111111111101101111011111010110111111110111011111111011111111111111111111111110111100110101111101111110111111111111111111101111110111101111111111111111110111111111111111111111111111111101110111110111111110111111111111111101110101111111111111111111010011011101111110111111111101111011
1111110
11111101111101111111010010110111011101101111111110011011
0110111111111
111111100110011101011101111111110111011111110111111111111111111011111011011111111111111111111111101111111101101011111110111101101011111110111111111111111111111111111110011111001111111111111101011111101110100111111101101111101111111111111111111111110101111111111011111010000111101001000001011111010111111110111101111111111100111111101101000011101111101100111111110101010001111111111110110111111111111111111111111111111111111
000111101111111011100011101111111
01111111110011101111011111110110110011001111111110111110111110011111101111110101010101111111111110011110110111111111110010011111111111101111011110011111101110111110111111110111110000110110011111000110111101110111001111111000110001110101111100111111001100110111111111101111111101001010000001111111111011110111111011111011111111111110011111110100
10111011111010011000110111111111011111100111111101111111111111110110111111101011000110111110111111111111111111111100111010111110110101111111101111111111111111111111111111101111110101101011011111101001011111110111111000001111110011
1
111111111111011111101111101101011101111110111101111011110101111100111101111111111111111111111010
1010001010111110110111111111111111111101101011111111111101111111111110111111101100101111111111111111111111111111111111111111111111111111111010110110111111111011111001111111101111101111111101111111101101111110101111110101101100111111101011110111110011011110111111110110111111111111111111111001111111101111111101110011101111111111111101101111111101111011001011111
111111111111
11111111011111011111111
1110111010110111011111111111110111111110111111111111101111111111111110011111111111111111111110
1111111111111011111111
11
1111111011111111011111111111111111011111111111111101110111
1110111111111101111011101110111111111110111111011111111111111
0111000011011011101110110110101011110101101110111111110011101101111111100000001000000010000110101001001001110110100111111111110
01110111111111111111110101100111111111111111111110100010001100101111111110100111111010100111011111100110110111101101111111101111001010110101111111111111111111111101111000111111011101011011111011101010111
11111111111110111111111111111111111111111111
111011111111111111111111111111110100011111101011111110111111
111101011111110100110010010111111111111111001011111110011111111011011111
011011111111111110011110111101111111100111011111111110111101010101101111111010010
1110111011011000100110111111000101110
111111111
111111011111010111111011111101101011011111100001111110111111110101111111011111011111011111111101100111111111011111101100011111101110111110100110111111110111101101111111101100001101011110111101111110111111001111101001110111111101101101111111101111111100001111111111111110001111101011011011111111001111011111111111101011001001111111111111111110101011111011100000110111111111111111111101011111111111111111111111111101
11111101101011011111111010101110001011110111011111111011011100
10111111111111111111111111111111111101111100101110111101011110011111110111011111111110111111111111101111111111111111110111001111110111011011111101101111100111111111011111011101011010011110101100111111111111110111111101111111111011101111110001011011110011111111011011111111111000111111001101010110110111111010101111001101111110111111101111110111111111000111111110000111111011111111101011111111110011111111111
1
11111011101101011101111111011011111111111111110111110110111111011110111111100111111111111110111110111110011111011111011101111101011010110110111111110111111111101111111101101101010010111111110011111011110010111011011111111111111111010111001001111101111110111111111110100001101111111011111011111111110101110110111000111011110111011111100111111011110101110111011111
11110111111111111001010111110111111111111111111
011111111111111111110111111111111110111100111111110111101111111111111111111111111111111111111111001111011111101111011111101111111111110111111111111011010111111011101011111111111110111110011111110011111011111111111011101101011111111110011110101111111001111111111101110111101111110111111111111111111111101111011001111000010101101111111011011111111011011111111101110111111111111111111111101110011111111111111100111111011011111110111111101111111011111111011111111110101101111111111111011111111
111011111010111111110111111111111111111111111
11101111100111111111111100111111111111111111111111111111111111111111111111011111111111111
0111111101011101011111011110111111101110111111111
11111101111011111111
011111111111011010111111011111111111111111111011111101111110100111111011101111
1111111111110100111110111001011001101111
110111011011110011111111101111101111111111111111111111111111111111111111111111100110011101111101111011010111111111111
10111111111111110111111001001110010111111110011111110111011001111010101111110111111111111111111
11011111111111111101111111100
01111111011111111101111001111111111111111111101111101111111111011111111101111101111111101
1111110
11
00000000010000000000011111010010000000000000000000001000011001011100111110001011111111110111101001000000100100111111101110010101100101001111110101110000011001010000010000000011100010101110001111000000000000000000000000000000000000000000100000101110001000000001110
11111011111111101111110111111111110011111111100111111101111101100111011110111111111111001110111101110101100111011011110110110111101101101101111111111111110111010111111111011111111011111110101111101111111110111111111111111111011101011111011111011111111101111111111111111011111111111111110101011111110101010111111000100110111110111010001100010101111111111111111111111011110111111111111111111111111
00
11111011110101100111001111101111111111111111110010011010111111111110111011001111
11100111001001111110111100010100101101011010111100010110
1010111111111110111111110111011110110010111111111111101111101111111101111011111111111101101011111100111000011001111111111001111111011111110101101001001110111111111110111111110101111110011111110101100110011101010001110111111011100110100100111111111111111111111111111111111110111111111111111101110111011111111111011011111011111111
00111110110100111110110111111011101111011111111111110100111111111111111111111111111011110001111101100111011011111011100011111110111111110111111110111111011111111011111111110011111110111111111111111111110011101110111011111111011
1111111111111111010111001111110111111111111110111111000110111111111111111111111110111111
111110110110111101101111110101111101111010111111111111101111111110000111011111111111111111111110110111111111011111111111100110101111101111111101110101111011111111111111011111111110011000111011001110100111111101111111111111111011110111110011101110111111110011111011101111110011111101111011111110110111111111111011110111111110111111111011111111011110111111110111111111111111111111111111011101111011111011111
111111110111100010111011101100001010001111111111101101111111101111110111110111111110110111111111
1111111111111
1111110011111001110001011111111111111111111110110111111111110110111101111111110111
1011111111101111110010111111111011111110
1111110001001111101110111
0111111111111111111111100000111010
111111110011111111111111001100111111
111111111111111111111111111111101111111
011111111101101100101111110111110010001101110000001111111011011001111111110001
1101111011110101
1111110111111111101111101111111111111111011111111110100001111100011111101101010111111101011110011100111110111111111101111110101101110111111111111111111111100111111101110111111101111111111111101111011111011111111
1110001001000110011011110111000010111111100001010111101111111111001001010110000000010000011010011011111111110101000111010010111101111111011111010101011100011101011101001010101111111011101101101110100011111100101110111011111000011110000000000000000000001111111111001111111101101100111111111111111111011111100000010011110010100101111101000111111011100110101101111101111
111101110101101111011111010110011011101110111111111111011111101011111111
11111111111111111111011
1111111101111110111101011111011111111111110110011001111111111111111111111101111111111011111111110111111111111110111111111111011111
111111111110111010111111111
011111101111111101111111110111111111011110111111111110111110111111111111110111111101111110111111111111111110111111111111110001111101111100111111011111111010011101110111101100011111111111111110011011101011111111111101111101111101110111011011001111111110111111111111111111111111011111011111111111110111000111111111111111111111101111111111111111111111111101101101010110111111110111011110111100101011011110111111111111111011110100101111111110001100011
111111111011011110111111111011111111111
011111111101111111111111111111111111
11110011111111011101111010111110111111111111110110111100111110011101001101111011111011111
010111101111111111100111111011110111001111110101111101111110111101111001001111111111101
111111111111110111111101111111101111110
111111111111011110111111111111110011111111111111101110111111111001111001001111111111110110011111111011011111111111111111001101111111111111111111111001111100010101100101
11111101010010011111011000111111111111111111111111111111111
1111111111111111011111111111111111010111111111
1111111111111101111111111111111111111111111111111111111
1111110001011111111111010111101101011101111111111110111111111101111111100101111111100110101001101110111000111111011
11111011111111111111111011111111111111111001111110111111011011110111111111111111111111111011101111111111011011011111111111110111111011111111111101111111110111111111111101101111111101001001101110101111111111101111111111111111111111
1101111111001110111110101110110111011011111101111111111111111111111101111111111111111111111110111110101110110011010111011111111100111111111110111001111111010100111111001001111111110111110011111101111111111111111111101000111101111100011101110111011110101111111101111111011111111111111111111111111111110101101101111111111110101001110111111111111111011111111111001101110111001111111111111111111111111
11111111111110101111011111111100111111
1111101111110111111111011111111100000001111111011111111111111
1111011110011111111110
11011111111111011110011110111101111111111011001001110111111111111111001001111101011011111110110100111000111111111111011101111111111110111111111111111011101111100001011111111101100011110011111101010111111111111111011111111111111111111101111111111111111111111111111111111111111111111111111110111110111011111101111110111111111111110111111101111110111111110101111000111011111000111110001111111111111111111111111101111111111111111111011111111111111111001111111111111111001111111111111100111111
111111111001111111111111111111011101111010111101111110001111101111101110111111101
11110111010011011100101111111010111111101111111111111110111111011111
110111101011111111111001101111111111111111111011011101111111101111011111
100111111111111111111111110110111111111111111010111111111101111111111110111111111111111111
1111110100011011110110110101001011000101111010111110001001111111111111111111101101111101001000001101010111111110
1111111111111111111101111111111011011111111111101111111111111111111111100111111111111111111111111111111111111111111111001111111111101111111111111111111111111111111111111111011101111111111111101011111111101111011111111010111111111101111111111111111111011111111111111111111111110111111111111011111111111110111101
001110101110001010110101111101110011111111111111111111111111110111111111111
11110011101110101110111110111101111101111111
1111111111111100111111111111101111111111
011111011110111111111111111111110111111111111111111111111111111111111111111111111111111111011111111
1011110111110111101111111111111111111
111111010011101111111111111111110011111110111111111111111111111
10111100011110111111111111101111111111011111111111111111110001110110110000111011111110111111111011111101111111011111111111111111111111111111011101011111110111111111111011011110111011111011101111111111101111011110011111111111111000111111111101111111111111111111011011010111100000111101011111011011111001111111111111111111
111111111101111101011000111111111111101110110011111111111111111110111011111111110111111111111110101101111111111011100111111101111111111100011111111111111110011110111111111111110111111111111111111101111011111111011111111111111111100110110101111
111111111101111111101
111111110101111111111110100101101011111101
1111111111101111111101111
101011011111110111101111111110101111
01111111111111011111101111111111011111111110111111111111111101101111111111101111000111111111111011111110111101111101111101111111110
011111111101111110
11101111110111111110111011101101111101111110111111110011111111101101111110111101000011101111111111111011010111110100111110111111111111111110011111111011111111111111111011011111111111010110111111110101111111111101011111111111111110100111111011111101000111111111110110110000011111111101111111111111011111111110101111111111101111110110111101110000001110111111111111111111111011111111111111111101111111111
11111101011111110110111011111111111000001
1011111111011011111111110110111110011111111111101110111111111111111101011111111010101111110111101111011011111111111111001111011111011111111111111111110111111111110111110111111111110111001111011111101101110011111101111111100111111011111111111111111100111111110010101111011111111111111110100110101011111
11101111001111111111111011111111
110111011001110101011101111100111100101000100111111011110110011111111111011111111111011111111010101111110111111111010111111111110111110111111111101110111111111101111111111111111111111111111111111011111101111111111111111111111111101111111111111111111111111011111111111101111111111111011111111001111111111111111111
1111011100111111111111010111111110111011011101111111110101111111111101
101111100101111111101111110111101111110111111011111111111
0001111111101111111111101111110101111111111111111111111111111111111101111111111111011111111111111110111011011011011111111111101110111111111111
1111111111110110011111011111110101111111011101111111111111111011011110110111111101111111111111110111100111101111111111111111111111111111111
11111011111111001111110111111111111111101111011111
1111111111111
1111010110000111111111011101011101111100101101111111111111111111111111110011101111011111
111111111011110010111110110110110111111110011111111111
0011110111111111011011111111111001010111111111101011111110111011
01011111111101101111101101011111111110110111111110010000111111111111110111111111111111111101011011011110111011110101101111111111111010111110111111000110100011111101111101111111111011111110111110111011111111011111111011110101110111111011011111111111110100
110110111110111011111111111111001111111111111011111111111
11
11111001111110111111101011111111111111011101111011110111111111111110111111111111000110100011011111111111011011101110001110111111111111111111111110101111110111111111111111111101111111111111111111111111111111111111111111111110111111010111111111111111111001110111111111111111111101111110110001111111111111101111111101111111111110111111011011111100
10011101111111111111111101111111100001111011011111111111110111011100111111111111111111110111111111011111111101100111111111011111100111110101111111011111111101111110110111101111011111100001011111110101111101111111111111111111111111101111111111110011110111011110110011110111111111111111101111011111111111111101111011111111111111111101111110101111
111011111111110111111011110111001110111111101111110111111111111111011111111011111111111111
1111111110111111111111111111101111111111111111011111110111011111011101111111111111001111001111111111111111111111111111111110111110101111001111110111111101111110011011011111111111111010111101111111111111111111111101111100111111110111111111111101111111111111111011011001111111110110010001101111111111111111011111110111011111111011111111111111111111011111110111
01101111111101101011011111100101110110111111011110101101110011111111011110111000111111010101111111111011110101111111110111111011111111010000111111111111110111111111110110111111111111111111111111111011111111111011101111101101001111111011110111111111111111101001111111011110100111111111111111011110001110011111101111111000110101101011111111111110110111101110011111101111110111010000101110000101110100001111001111110111111001111011011010001101101111110111110101111111110011111111001111110101111111101111000110101001110101111111101101111100111111011111101010110111011011011101011111011011110
1111110111111111111111111110111111111011100011111111111110011111111110111111111111101111101110111111111111001111111100101011111111011111101101101110111111111111111111101011111111111111010001101111011101001111111110011001001110011111111111110111111111011101111111111111111110111
11
00111101101001100100100000111011110110110100010111010110000110111101111110111010001101011111111011011111111101111000010101011110101101001001100010010100111111101011101110100
111111111101111110011101111101010111110111111111111111111101111111110011111111111111111111101110110110111
1111111101111011111111111001001100010011111111111001101111111110010011111111111001111111111110111110101111111111111101011111111111111100011100011111110110111111
111111110101111001001111111111111111100111111111101111101110111111
1011111011110111011110110001111001100110011110001001110
111111111111111110001111111111111
111111111111001011111111011011111101110110101111111111111111101111101011111101111110111111111001111011111011111111011111110111111111111111111011001111111111101111111111111111111111111001111111111111011011111111101110101011111111111101011111111111111110111111101110111111111111111111110101110111110111101111110011111111111111111101011011011111111111111111011111111010111111111111111111111111111110101111101111111111
1111
11011111111111110111111111111111110001101111011101001111111
1011111111111011111111111101111111111011111111111111111111111101111111111111101111111011111111111101111111111111111111111101101111111111111100110111111111100110101111111
111111111111111111111111011110011111111111111001111111101111111111111111111111111110011111111111111111101111111110101111111111111111111111111011110111100101111111111111111100111011111111101101010111111111111110111111110111110111101101111011111111111111011111111011101111101111111111111111111110111111111011111111111100111111111111101001111111111111111111100011111111111111011111
1111111111001011011111101111111111101111111111111111111111
111101101101101110011110011011001111
1111110011111111111111111011
1100111111110111110111110
111111111111111111001111110101111111111111111011111111111
1110111101111111001100111111111101111111011111110110110101111101110101111101011111111111111111111011111110111101111010111111111111011111101111110111101110110011111111111111111111110010101011111111111111111111111110101111011111101111111111101111111111100111111011111111111101110110111111011100111111000111100111111011101011111111111111111111111111101001001111011111111
111111100111111011111111111111111111111111111111111111111111111111111111111111111111111111101111111111111011111111111111111101101110110111111111111111111111111111101111111111110111111101011111111111111111110101111111101111111111111111111101111111111111011110111111111111111111111011010111
1010010111111110101
011111110111101101111011111111111100111111110111111111111111011101111101111111111111111111111111101111011111100111111111111111111111111101110101111111111111110111101111111111111111111111101
110111111111111111111111011101111111111011111111111111101111111111111111111111111111110111111111111111111101111011011111111111111101
1111011111011100111111110100010111111100111110111101011100111111110110010111001111111111111111101011111011111111011100110111111100101010000101011111111101101001011111111110111111111110111111011111010010010001101110101110111111111111111110100111011011111011110101111111111111110000011110110010101111111111100001011111011111111111000111111111111111110111011101111101101111111110001111101110111111101111111000001110011001111111011010111101
0111111111110010011111
111010011111
111111101111111100101001111110011111101111110111111101101110101111111111111110000011111111111111111111111111111111111111111110111111100011111110111101110111011111111111110111111101110111111111111011101110111111111111111101111111111111111011011110111111111111111111111011011111111111111011111110111111110111110110110111111101111111110111111111101001111111110101011111111010110101111111100011111
111110011111011011111111111011111111111111111111100111111111110110111111111110101111110011111111111111101101111100111001101111101111111101111110110111111111111111111101111101101111110111111110111111111011111011111111111111111001111111111111111111111111101111111111111111111100111110110111101111111100111110111110111111111011111111110010111111011111110111111111100010011
0111110111111100101111111101111010001100110111111111110101101110111111111111011010111111101011111011111111111110010110101111111011011111101111111111111111111101101111010111111111010001110111111011111111111010101111011111111111010000111101111111110111111111011100101111111111101111101111101100111011101111111101101
011111111111111011111111111111111111
111101011111111111111110111111100111111011111111111111111111011111110
011111111110111111111111111111011111111111111000010110011010111111111111011111011100101111010111111011111111111101110
1001110111111111110101111011111111010
00010111100011101011111111101111011111101111111111111101111010010111100001110
111111110101
111111111111
11111111101111111011111
1111111111
11011111110101011111111111110111111111111111111001111110
111111101110111011111111110111111101011101101111110111111111111111110111111
111111111101111110101011111010001111111111110110011110111010011100110111010111011111111111101101101111111111110111111011011111111111011101111110111001111111111001111101111111111011111111111111111001110010011110111110111111111011111101111011111111111111000111110111101001011011001000011110111111110101
1000111100100100010000111111101110011001101111
111110111111110111101111111111110111000111111111101011111
110110111111101101110110111111111101001011011111110110101110010101110011111111101
110111011111111011111111111001
111101111111101111010111111011111111111111110101000111111111111111111111101110111101111111111111111101111111111111111111111111101111111111111111111111101111101111111111010111111101011110111110111111111011111111111111111111111111011101100111111111101110111010111111111110111111110111111111111011111111111111111111111111111111111111111111111111111111111111111111111111001010111111111111111111101111111111111111110111111111011111101111101101011111111111111111111111111
11010010110111111111111110011101110111111111000111110101110111101001011011011001111111111111111111110111001011
1111
1110010101111111111101101111111111111101101111111110011111010101111111100111111011011111011111110111111111100111111111110101111111111111011
1111101111111111011111111110101
11111101111111111111111111111111111111110111111111
011111110011101011111111111111111011111110010111101110111111111111110111101111011111110111111111111111111110111111111101111111111111111111111111110101101111011101111011111110111111101111111110110110111111011011111111111111011011001010010111111101100111011010111110111111111
1101111011011110110111010111011011111111111011111100111011110
11111111111111111111101111111111111111111111011110111111110101101111111111111001001011000110100101110111111111100111010110111111011011111111001100011011001111111011111111101101010000111111100111011111111111101111111
11111111111111111111110111111111011111011111111111111111110110000001111111011111111111111111111001111111110111011111110011101001110111111111011110011111010101011101110010111000000011111111101011
1111
111111111111110101101111111111111111111101111111111111110111111111011111111010011100111101010111111111011111111011101101111100111110100111111101101111111111111111111111111111111001111110110011101110010
01011111111111111111111111111111101110110100001100011011111101011111111111111010011111111011111111110111011011111111110101110101111110011111110010011110111011111100100000
00111001000001101100111110111010110101110111111111110101011100111110011110111111111110111111001011111011111111111111111101111011111110111011111111010101001110011101111010101010011110110011111111100111011111111111111111011111111111011110110010101001101000101111
11111111111111110
11111111111101111111111111111111010111001111111111111011111111111111010110111101111110111111111111111111011101111111111110111101111111111110111111011111111101111111100101111110011101010111011111101110111111100110111111011101000101101111111011101101011111111101111110111101100111011111000000111110101011111111101100111111111011111111111111011101101101111111001111111111
1111111110101
1111111010011111111110111101111111111011101111111100000100110111111011111110111110110101111111101011111
11111110
01111011111111111111
11011111010011001111110111111101111101101111111110101010101111111101111011001100010010011110110111011111111110111101001111101
1111111111111110011111111011110111111111111111111111001101111101111011111111111111111110111111111111101111111101110111111111111011111111111101111111111111111111111111111111111111111111101111
11101011111111111111111
010111011110111111111111111111010101
111001111111111010111111111111011010100111111
111111110111111111100101111011011111
11111111111111110001000101111011111011010111111011010110110011011111101110111000001111111111111110011101111111011111111111110010111011111111111111110011011111011111111111111111011101111000101011111111101111111111110111011001000011111110101101111111110011110111111101011011111100110011111011111111111111010111111111111111111110111110011101110011111110111111001111011011110101111111111111100111100111110001111111111010101111100110101111110101101111110111111111111111111111010111010111011111101011110110010111111110100111111011111010011011
0111111111011111110111111111111111111011111111111101111111100111111111111101101111111111111111111111111111011111111111111111010101101111111111111100111101011111111011111111111110
11111101111111111
111111111111111111111111111111110111111111111111100100000110111100111111111111111111110111111111111111000111101111100011101001111110111110111010110111011111100110000011100111111011111101111011
111111110111111111111111
001111111111001111011110111111110001101011111111111111101111111111101111111101111011111111110111111101100111111
1001111111110011111111111111111111111101111111
111110111011111111101110111101111110111101110111111011110111110111011111111111010111110111111111101001011111111111101010
101111110110110000101011111011010111111110111111001011101011110010110010111111100011111101011110101011111011111011110111110110111101101111111111101111111111111111111111111111101111111111011101111101001111100111111011111
1000011111011111111111111101011111111111111110110111110111001100101
1101
0000110111110111110
1101111111111011010111111100111101111011111111111110111011110111001011101011111110110111011101100111111101100111111111100100101111100010111111000110001111111111111101011011111111111110011110111011000011110100111011011111011011011111110100011111001111111100010000011111111111111000111111111101111111111111111100111101011111110010011111111110010001111111111111111111101111110111111111101110101111110101111111111111111010101111101101111111111110111001000011110110000111111111001100111111001111110101011101111111111111111110111110001101010001011000000111101111111111110001011111111011111111111101001011101100
11010111011111101111111111011111110111111111111111110101100111100111111111100111111110011011111110001111111011010101101111000110111111111111111111111111111111110011011111001111111011110111100010001011111011
0111110111111111111011101011010001111111100111111000010111101101100111110011111011111111111110101111101111101010101101111111001111
101110000110000101110111011111111111
1100011001011111011100011101111111101110
011111011111001111111111110111111111111001111011111101101111
101101111111111111111110011100111111111100111101110101101010111101111111110101110111111111111111111111110101111011101111111111111111011111110111110111011111111111110110111111110111011011001111011111011110001111111111110011011011111111110
1111111111111110111011111011111
10111111111110110010110111101010111011011101111110101111101010111111111110111111101011111110100011011110111101001011011110111110111101011111010101111101111100111010111010001101111110101001111011011111011110100111111001001111110111001011010100011011010110101001001111111111110110111111101100111111110010110111101110111111011111111
111011111111111111011111111111111111111111111110111111111111111111111111111111011111111111111111111111111011001111011100101111111011111
11111111111110101111110111101111111111011111111011100101011111111101111001011101111000111101111111110111111001011111111
1101111111111111111111111111111111011111111111110111111111111111111111111111111111111101111111111101010111110111010111111111111111011111101111111100110111111110011111111111111111011011111111111101111011111111101111111111111111110111011110111111111111111101111111111111011111111111110111111111111111111111111110111
11111111111111101111111111
1111111111111011111111
1100011011001110101110000001001100000110101010000001100111001011001000000001111100100101011111100000100001101000001111001001011111111111110101111110111011111
1111111111111011111111111111111111111111110111111111111111
01111111110111111011111111101
1111111111111111111111011111111111111011111111111111001001101111011111111111111101111111111111111111110111111111111011111111111111111111111111011111101111111111111111101111111111
0111111
11111011111111111111011
1111111010111011111101111011111111111010111110110011111011111011111101
101110101111111111011111111111111110101111011111111101101111110011110011110101011101111110011110011111111111001111111101110111111101111111101110111010101111100111110110111111111111111101001111011001100111001011011011110111110101111111111011111110110111111111111100111111000111111011111011111011111111011
1
11101111111111111111111111111111111111111
101101111111011111111111
110111110101001110101111
11110110001111111111011111111111100101001111101101111111111111111111010110100111110111100111111111101100111010111011111101111111
1110110111111011111101111111111111111101111111111110111111111111111110
11011111101111101101111101010111111111101111011111001110101111111111111111110011
1101110111111110010111101111111111111
01001010
1101111000011011111111100111010110100010111111111101100111111100010111101111111110011101111100111001111111111001111111100000111111111110011011111110011100111111111111111111110010011110111010101011111111101111100101110011011111111111111101101101110111111111011010101111111111111001011100001111101001011111111111111111110101011011101100111111111110111111111100010001101110110101111111111011111111101111111111111101100111110111111
11111110011111011111111110111111111111011101111111111000111110111111
1111
0011111010011011100111011111110111100001111111111111011110000110111
111111111111111111111111111111111111111111111111111111111111111111
1101111111111111100101111110101111011111111111111111111101111111011110111110001111111111111111011111110111111111011011011110111011101111111111011111
11001111101111110111110011111111111111111111111100111111111111010111111110111111111100111110111111111111
1111101011101111101101111101101011110011111100111110001110111101010101110111111111111111110111011110101111110111001111111111011111111111111111111111110110111110100111111111110110110110011111111111111111111111101110101011111101101101111111111111110111111111101111101111111011111111100111110111010011111011111111111111111111100111111111111101000001100011011101000111101010111010110111011111111111111111110
111100011111101101111111011101011111111110111111010111111111011111111111100111111
0101000111111111
1011111011111111011111011101
111100011111101101111111011111110101011111111111111111100000111111100111101110111111110011111011110111111001111111111111110111111111111111111011111110111111111101111111111111011111011101011101011010110110111111101100101110111111111111111111101011010111110110111111011101111111100111111111000101001111111111010111101110010111110111111111101100111111110110101111011
1111111
1111111111111111110111001
11111111111110011101111010111100111110011111110000111111110110000001100101111111011111111111111111111011111101101011111000111011111111111111111111111111111011111111001000000100011111111101110111111011000001000101101101010111111111000001101111101110111111111111111111111111111111100011111001101010101001111011111000010
0101111111111111111111111110101111111011111111111111011111111111111111101111110111011111011111111111111110111
1001110111001011011111101001011111110011010111101011111
11111110011111011111111111101101111111111011111111111111111110101111111110111111111101111110111111111111111110111111111101111111111111111111111110111111111111111111111011110111101111111111111111111001111111111111111111111110111111111111101101000101001011111110101101111111111111111110111111101110011111111111110111111011111100100011110111111011111111111111111111111
111111111111111111111111111111111110111011110111101111110110111111101111101111110111000100111111111111011010111101111111111111110000111101110111111111111111100001111111111111011111001101101101111111111111111011111111111111111111011111
11100111111111110110011011111111
111111110010101110111111111111111111111101111111111111100011111111111101110111111111111111111111110110111111111111111111101111111110110111111011111110111111100111111011110111111101111111111111111110101110011101111111111111111111111011111111101111111111011111111011011101101111111111111111001111101101111111111111111111111111111111111111111111111101111
111111110111110110110111111011011111111011110111111001111
011101111011111111111111101111011111111111111111010111111011111111111111111111100111011111100111111110110101110111111110111110111101111111111111101111011111111111101111111111111111111111011111111011011111101011111111101100001101011111011111011111101111101111111111111111011111110001111110111011111111111111111111111100111111111111111111111111111111101111111111111011111011111101111110100101110111101001111111110110111000011110001011111111110111111111110111111111111111111111111111111110101111111111101101101111111110111011111011111111011111111111111111001000011001
1101100011111101101000111111110010101111011100011111101111111101100011111011111111100011111
1111111110110111111101110111111111111110101111011111111111011
11111110011011111111001111011111111111110111111011
1101001110111100111111001101111010111100010010110010101011111011111110111110111110000010010
111110111100111111111111111111011111110111111
01111111111111000111111
1111111111111111111111111111111011111111111111111110111111101111101111111111111110111110111111101111101111111110111111111111101111111111101111111111011110111111101011011101111101111
01101111111110101111110111001100101111111110111001100111111111010111110100111100000111111111000111101111111001
00000000000011100000000111001011010010011110110101101111011101111111111111101011111011111111111111111111
10111111111111111111111111111101111111111011010111111110111111101111110111011010011111111111010111111111100011111101100111110000011111111111001100001111100011111111000100111111111111111101110111111111101110
111110101111111111
0000111100011111111111111111
1111110111110011111101110101111101110111111011011111011111
01101101111100101111010111111110110111111111101000111110110111010
0001101011111111110111111101111111111111111
111
110111111100101001111011111101110111011000
11111100111111111111111111111011100111111111011111011111111111111111
1111111111111
000111111111111011111000101111111010100010111111101000110111111100101111000001111111111111111000011001111010010010001111101101100000001101101010010011011111111100110000010101101110010010111111111101101
11011111101111111111111111111111110111110111111100111110011110010000111101011111111110110111111111110011100101111111011111010111011011111111111111101111111101111111111011001111110001111111111010111111111011111111111011001011111111110101111111111111111110101101011111111111111111111111111111011111111110111111111111111111111100111011111111111111111111111011111111101111111111101111110110111111101111111111111010111011100
10111111111110111101111111001111011110111110111001111110111110101101111011101111111111001110111010111111001111111101111010101101011101001011111011
0111101
01000111011100001111110111110111011001110101101111010100010101011111111100111111110011111111011011111111111000110011111111111011111000011000111110100111110100101111111000110110101000111011100100011111111111111011110111011111111111111111111011111110110110001111111111111111111111110101101000100011010111111111000011110111101111011111011111010111110011
111010110101111111110111110110011110111111110011111111111111111111111111001110100011111111111111111111111111110011111101111111111111101111111110111111011011111111111111111110111000111100011111111111110011
111011011110011110111111110111111111
011111111110111111011101011111111111111111011111110111111111111111111111111111111111111111111010111111101
1011110111101010111111110000101110111001100111010100000100001111100101010010100001101111010110001100111111101000011111111101011011110111101110010111111111111111110111011110110111100110111111010100101101010100111111100101010101000111010100100010111111111011111111010111111111110111011110111111111111111111111111111011011111111000111111001100000111111111011110111111101
11110111111100101111111111111101111111111110111011110101011111111100111101100111111101101111001111111100111111011011100111111111011111111111110111001111110011111100101010000101111101111110110111011011111111111011111011000111101101011011110111111010010101111101111111001110111111101111110011111111111111110000110001111101011001011101000111111110111110111111111110011011011111110101101111
010100010111101000001111110110111010111111111111111100111111110100000111111110101110010110111100111111110111111111111101111111100101001011111011011100111111110111110111110011110101000110111010111111011111001110010001111101011111000111111111001111111111111111110111111101101000011111111010111010111111010101100111110001111111
110011111111101110111111111111
1101111111111111011111111111111110111111101111110111110111111111011111111111111111110110111111111111111111111011111101111111110111111111111111111101111101111111110011101111111111110111001111011011111111111111111111111111111111111111111111111110110100111111001011111111111111101111111111111110110001111111011111111111111111111111111111111111111111111
1011000011011111101
1100111101111111110111111111110101010011101101110111111011
111101110111111110001111110101111111111111011
11111111111110111011101100011111101100111111111110010111111100111111011111111110111110
