01011111100001011110111110100001010011000010010100
111111111111111111111110011011111111101111
001011
11111111111111111111
0100100101011110011111000110110011111111110111111
11111111111110111111111110100110011111111111
11111111111111111110101110010111011111
111011111011111101111111111110111111101111111101
11111111111111110101001111111111
11111111111111100101001110
1111111111101111111111100110111110
0111110100010101
11111111111111010001011111
111110011011010111
11111111111111110011010111
111100000010111101111110100101011100101110101111
0100001011
111111111111111111111110101110
0000
11111111111111111111111101001111111110
1111110101111100100001110100
11
11111110011111
01
11111100111111100111111101
11111110111111000110110110001111111
111111111111111111
01111111111111011111111111
101111111011111111111100010111111101
111111111111010000010110111
11111111100111
0010111111110101111010010100110101111111011111
1111111111110111111111
01011101100111
1111111110111111111110100
1111111110
11111111111111111100111111111111
1011011111111011
1100111111010011111011110101010111110
111111111111111111
11111111110111101101111111
111111101110101110111111110111111111111011110110111011110111111101
111111111111111100011100
111111110111111111111110111111111111
100111111011110000
11111111111111110101
111111111111111
1111111011110111111110111111111111
1111111110111001
11110110111110111111011111111011
1100110111111111111111101101010011111011011111
0111011100011111111010111101111111
11111111111111111111
00
11111111111111111111
0111111111
10111101111111111111101111011110110111111010
111111111111101110001001011
1111111110111111000110111111
1111111111101110111101110010110101
1111111111011101
1111111111111111111111
01111111111111111111
11111111111011011111
1100110
111110111111011111
11100111111101111111111101111111111111111111
111111011111
110111011111
1111111111011111111110111111111
111110111111011111
11
01011000101110
1111111111111111111111010011110111110111
111111111111111111111000000110101111000
111111111110011111
11011110111111111111011010001110110111111
1011111111011101
1111111111111111110001
10111111
111110011111111111100011101111110
111111111111111111
110011111111101111101111
11111111111111111111
11111111111111111110011110110111011111
111101100111011110010
1011110100111111111111
1111011111111111111110
11111111111111111111111100101111011111111110
01
111111111101
01111110111111111010
1111111101110111
01111111111011110011100010101
11111110111111
001110
0111111111111001
1111111000
11111111111111
111111111111111110111101111101
01101101111011111111111111100101111110111111
1111111010111111111111111111100011111110111111111111
1111101111111111111011111011111111111111111101111
1111111111111111
111101111111011110111110
1111111111111111111111111111111111111110100
11111111111111111101
111111111111111011100001111110
111101111111111111111101111111
1111111011111
111101111011111111110111111
1011
11111111111111
1111111111111111011101111111111111
111111111111111011111110010111111111111111
1001111110100010110110
0110
11
001111
010011
111111111111111111111111111111111111
11111111111111
111111111110111111111000001111111111
1111111111111101001111011111
1111111111111001
0101111111111111111111110111010111111111111111110111
111111111111100111
1111111111111111
11101111011111111111111111000110011000001111111111
1111111011111111110011
1110111111011101111101
11111000101
11111111111111001111
1001111111111101110111111101111110
111111001110101110111111001010000011000111110010
0100
11111111111111101111111111111001
1111111111111101111111
0111111111111111111101
11111111111111111011111111
111111101110
1111111101011111111111111110100101111111111111
111111100110
11111111110111110110111111111111
1111011110110100
1010011111111100000111110000010
011111111110111111010111
11111111011101011111
111111111100000001
10001100011111101011111
1111111111101000000111
1101111111111011111111111001111110111111111101
