01000110000110001111111101111111100010111100001111111111111111111111110001
10110011111010011001001111100110111111011110100100011111111110011100010111111001110011101101
111111111011101111111110111011111111111111101111111
111111111011111111111111111111111111111
1111111110011111111111111111111111000101
10111111011111111111111011111
11111011111111111111111101111111
111110110111111001000111110
1111111111111111111111111101110100111111001000010011101100001
11011000100011111110111011001111111111111111111111101110111111101101101
11111111111111111111111111111101111111111111111111
0111111101100101101011111111010111111110101111111011110010100010100000000011110101100100000110111101101
011111010011001110111001001011011111111111111011011111110
111111111111111011
