000
000
001
000000
0000000
000
000
010
000
00
00000
01100
000
000
00
000000
000
0010
000
00001
00000
000
00000
0010
000
000
00000
00
00
01
0100
000
0000
11000
000
0000
00
0111
10100
10000
1111
00000
010
0
000
001000
1001
00001
00
000
10000
000
0
01001
100
000
000
000
00100
10101
0000
111
100
00011
00000
010010
010
000
00001
00000
100
00
000
000000
0000
0000
111
011
0
000
000
0000
000000
00000
001
1011
101
1100
0000
10000
10000
0101
1000
0100
100
00
00010
01001
00000
00
0000
000
000
0010
000
01010
000
0000
00000
00000
000
000000
0000
11000
110
00000
000
000
101
00
0011
110
1001001
0
000
0000
00000
000100
00
0100
10001
