11111111111111111111111111111111111111111111111111111111111111111111111111111111111011101111111111111111111111111111111111
111111111111111111111111110111111111111111111111111111111111111111111111111111111111111111111111111111111111111011110111111111011111111111111101111111111111010101011111111111
11111111111111111111111111111111111111111111111110011111111111111111111111100111111111111111111111111111111
11111111111111111111111111111111111111111111111111111111111111011111111111111111111111111
11111111111111111111111111111111011111111111111111111111111111111111111111111111111
11111111111111111111111111111111011011111111111111111111111
1111111111111111111111111011111111111111111111111111111111111111111111111
1111111111111111111111111111111111011111111111111111111111111111
1111111111111111111111111111111111111111111111111111111111111111110111011111111111111111111111
1111101111111111111111111111111111111111111111111111111111111111111111111111101000001010100110111011111111111110111111111111111
11111101111111111111111011011111011000000110010100
111111111111111111111111111111111111111111111111111111111111111111111111111111111111111111111111111111101111111111111111110010111011111111111111111111111111111111111111111111111111110111111111
1111111111111111111111111111111111111111111111111111111111111111111111111111111001111111111111111111111111111111
111111111111111111111110111111111111111111
