1000010111111
111111111011111
11110
011111
11
1110101111111110111111111100001010
11110111011
11111111111
1111111111110001
11111
1
0000000011000
1110111111111
011
111111111101110
1111
1000100111111
11
11
1111111
1111
11101011111111001
11011
010111010011111111
1
111
11111110
1110
10111111
1111111101
1111111
1111
11111111
1111111110111
1111111011001111
1111111
1101111
11101
1101
0
11
1111
11111101111111110
01111111110
111111111110
11111111
1
11
1
1111111101111001
1111101
11111011
111
111111111110011101111110
11
11111
1111101001111101
1111
1111
11
1101011111110111110
01111
11111
1111
111
011111100111
1111
1111111
11110001
11
1111
111
1111
1111
1011111111
00111111111111101
01111111111100
11111110110
11111111111
11111
100101111
11
1111111011111
11111111101
11111111110101
011111111111100
01111111
01
11
11111110111
110111
1111110
011111101
11001000111001011111011110
1111111101
1111111
011111111
11111
01
10110101101101011111110001
1
011111111101101
1111111111
1111111111101
11111
110111
11111110111
10
1111111
111111
1111111011111
10011
10111111111111
11111111
1101111111011
001111
11101
111111111101
11111011111
1011
11
11111
11111111
1111011101111110101
111111111111000011111
1110111111
00111100111
11111
100000110
101110011111111
1111111111110
10011111111001
101111011011111
11111110111
11111
111111111110111
11
11111111101
10
11111
1111111
111110111
1111111
101
111111111010
11111
1000001110
1111
11111111
1111111
11111111001
0111011
00101111111111
11
01111111111110100111110
11111111101
1011
1111111110101101
11111110111
11
1111111
111111
1
11
11110111111101
1100
1011111011101001
111111011111111
11110110111111111
111111
1111
01011111101
111111111101
1110111111
11111111
11111111010011111
11110111100101
1
1111111110
01
1111
10111110111101
10111111
11111111
11111
1111111
011011111111
11110111111
11111111011111111011
1111111
11
1111111111011
11111111101
11
111
1111111110
1111111111
001111101111110111111111011
1111
111011
111
1
1111
11010111101
0000
11
0110111111
1011011
11011111100111111
11111101
110100000
1111
11111
11
1111
1111
1111111
11111
11111
11
111111
1111111110111111
11111011111100
1111
11
1111
111110111001
01111110111
1101111111
1111111111
01111111111001
1111
01
110111
1111
1111
01110
