1
1
11111
1111010
1
1
011111
11
11
111
1
11
1
00101111
1
10
11
11
0
1
11
1
1011
0
0100
1
1
11
111
1
1
00000111
11101
1
0
0
101
1
1
0
1
1
00011
1
1
1
1
1
1
101
1111
1
11
1
1
1101
11
11
1
0
111
1
0
11
0111
11111
1
11
111
10011000
1
1
1
1
01
11
1
1
011
111
1111
1
1
1
11
10
1111
1
11
0
001111
1
111
010000000000100111001000
111
1
1
01111
1
01
1
010
11
1
1
1
1
1
1
11
11
0
01
0
1
1111
1
1
101
111
11
1
1
1
1
1
11
1
111
1
1
1
1111
1101
1
11001000011011
1
1110
1
0
1
1
1
1
1111
1
1
1
011
1
11
111000
1
1
011
11
0
1
0
1111
1
1
1
1
1
1011110
1011
01
110
111
10
1
1
110
1
1
1
11
1
1
1
0
111
11000
1
1
1
1
10
1
10
