0111
1
1111
011111
1
1111
1101
111
111
111
111111
10111
111111
11
111
10
101
111011
1
11
101
10
101111
100
11111
000110
11
111101
1
111111
11
0
01
111111
1100011
0
1
1
111
111111
111
00
01010111
0
11
01
1
1111
1111
1
1111
1111
1
1
10011
1
11
1
1
1
111
1
00
111111
111
00
10110
11
111
01
101
101
111
11
01
101
11010
11
111
111111
11
1
1111
0
11
1
1
0
0111
0
0111
1
1
1111110
11101
11111
010
1
0
0
111
11
11
11
010
11
101
11
10
1
1011
111
111
11
0111
1
1111
101
1111
111111
111
1
1
0
11011
101
1
1010101
111
10
000
1011111
11111
11111
0
