100111111111111111100010011111110000110101111101111
111110110111110111111111111111111011111111111111110111111111111111111111111111111101111110111111111111111101111111011100111111
011001010111
1111011011
011111111001011111111111111111111111111111111111111111101111111111111111111111111111011111101101111111110000111110100011100101101111100001111101110111111111111111111111110111111111011111111111011100111110111111111111111111111111
1111011111110111111111111110111111111111
1111111111110111111
111111110111111111111111111101001111011111111111111110111111111111111111111011110111011111
11111111111111111111111111111111111111110111111111011111111111111111111
1111111011111011111111111111111111111111101100101111111010111111111111110110110101111111111111110111111111111111111111111111111111111011011111101111111111
111111
1111111
111111110110111111111111111110011111111111111
01001000001111011000010111111
1111111111
111111111111111111110011111111111011111110111101111011111111111111111
1111111111011111111111111111011111111111011111111
11101110011001011011111111011110111111110000100000110011101011111111111100011111111101111111011111110101111111100000011111111111111111111111111111111111111111
11111111111111111111111111111111111111001011110111111111111111111111101111111110111111110111101111111110111111111110011111010111111
1111111111111101111101111111111111111
111011110101101111111110110101111111111111111111101111111
11111111111111111111111
111111111111111111111111111111111111
11111111111111110111110111111111111111111
111111111111111111110111111111111111111111111111111101111111111111111101
1110111111111111110001111011111111
11111111111111110111101111111010100111101011111111110110011111111110111011111111110111111111110111
11
111111111
111111111111111111110111111111111111111110111011111111110101111111111111111110110111010111111110101001101111111111111111111111111111111111111111111111111110111111111111111111111111101111111111111011111111111111011
1111111
1111110111000111111011011111111111111101
1111110111111111111111111011111011111
11110111111111
1111111111111111111111111111111111111111111011110010100111111111111011011111101001111010110011111111110101111111111101111110111111111111111111111111111111110111110111
110111111111111111110110111111111011111111111101110111
1111101111110111111111111110110111011111111111111111111111111111011010101111010111111111111101111111111111
1111111111111111000111111111011111111111111111111111111111101111111111111011111111111111111111111111111
11111101111011111111101111111111111011111101111111110011111111111111111111111111111111111111111111111111111111111111111111111111
10101111111111111111011100010011111101111111110001111101011110101011011111111111111011010
00
1111111
10011111
1111111111111111111111111111011111111111
1111100110111111111111111111010101111111011111111111111111111111111111111111100111111111111111111111111111111111111111111111
1111111111111111111
1111101000111011111100111101101110000000000000000001010001000000
11111111010111111111110111111111111111111111111111111111111101011111111111111111111111111111111101111111111111011111010001011111010011110111111111111111101100111110110111110111111111110111111011111111101111111111101111111111011111011011101110111101101110110
111111111111111110111111111111111111111111111111110111111111111111111111111101111111111111111111111111
10111110
11111111111111111111111111111111111111001110111111111111111111111110011
1111111110111111111111111111111
1111111111101111
111111111111111111011
011111111
10111011111101011100111111111111111111110111011111111111111111101111110011111111111111110111100111111110111111111111111011111111111011111111100101111011111111111111111111111110110111011111
111111111111111111111
10111111111111101
111111111111011111111111110111111111111111111111111011111111111111111111111111111
11011111111101111111111111111111111111111110011111111110111111111111011100011110101111011111111111111111111111111111111111111111111111111111111110110111011111111011101111111110
11110101110
1011101111111111111111111111111111111111111111111111111111111111111111111111111111101111110110111011111111110111111111111111111111111111111111111111111111111111111111011111111110110111111111111101111111111111111111101101111111111111111111110101111111111111111111111011
01111
11111
11111111111111111111111111111111111110011111110111111111111111
11110001111100111101001101100010110111111111111
111011111111111111111111111111111111011111111111111111111111111110111111111111101111111111
01111111101111111111111111111110011111111111111111111111111111111111111111111
11111111001011111111111111110100100111111111111110111111111111111111111011111111101111111111111111
11111111111111111111110111111111111111
1111111111110111111111111111111111111110111111111111111111111111111111111111111111
111111111111111000111110011111111111111111111111111111111111110111111101111111101111110
11111111111111111111111111111111111
111011101111111110111101111000111100111010101001111111111111111111111011111111010111111111110111111111111111111111111011111111111111111111111111111111111011111111111111111111111111111
111111111
11111111111111111111111111111111111111
111111111111111111111111111111111111111111111111111111111
0
1111111110111011111111111110111011111111111111110111111111111111110100011111111111111010000110110101111111111111111111111111111111111111111111111111111111011011110111111111111111111111111111
11111111101111111011111011111111111111
111111111111111111110110111110010111011111111010110011111111111111111111111111111101111
111111111111111111110111111111101111111111111111111111111
1111111110
111111111111111111111111111111111111111
1111
1111
111000111111101001111111111111111111111100101111111111111111111111111111111111111111
11111111111111111111111111011111
11111111111111111111111100001111111111111111101111111111111111
111011
11111111111111111111111111111101101111111111111111111
11111111111111111111111111111111111111111111111111111111111111111111111111
11111111110110111111111111101111111111110011111111111111101111011101011101011011110110111101011111111101110000111111011111111011111111010101111111111111111111111111
1111111111111111101111111111
111111111011111111111111111101111101101111111111111111111111111
11110111111111111111111111111111111111
1111
11011111111111111111111111111110111110111111111111110111111111111111111111111111111101101111111111111110101011111111
0101100
1110
11110111111111111101111111111
1111101111010111011111011101001011111110111111000111111111101110111101111
111111111111111111111111111111111111111111111111111111111111111111101111111110101111110111111111111111111111
01111111111111011111101111011111111101
111111111111111111111111111011111110111111111111111111
111111111111111111111111111110000000001010110000
1111111111111111
11111111111111111111111111111111
11111111111111111111111
001
1111111111111111111111111111111111111111111101110011110111111111
111111111111111111111111011111111111001110111011111111111111111110111101100111101111111111111111101011111011111111111011111111
1111111011111011111111111111011111111111111110111111011111101000110011110111011110111111010101111111101101111111111111111111111111111111111
011111111111011111111111111111111111111111111111111111111111111111111111111111111111111111111111111111011101011111111111111111111111111111
11111101011111111101011111111111111111111111111111111111111111111111111
11111111011111110101
11000011011111111110111111111100110010100101011111111011111011111111111111111111111111111111111111101110111111111
1111111111111110
111011011110101
111011
10100111011111111110111111111111110111111111011111111111111111110111111111011111
111111101111111111111111111111111111111111011111111111110111111111
111111111111111111111111111111111111111111111111111111111111111111111
010001110101111010
111111111111111111
11111111111111110111110111011111111110111111010111111111110111111111111111111111111111111111111111111111111111111111111111111111
101111011111101110111111111111111111111101011110101111111111111
11101
11111111
111111111111111110001111111111111111111111011
1111111111011101000111111100011111001101111111111111111101111111111111111111111111101111111111010111110101111111111111111111111111111111111111111111111111111011
111101010111111
0000010110110110110010001011110011111111111011110100001111111011111101010100100101000000110010101010000000100010100000000000010001000111111001010101001110101111001101011001100101011111111111111110111111001111110100010101111111011110111011011001100111111111111100101101101101111110100111111111010111111111
1111111111111111111110111111111111111111111111111111111111111111111111111111
111111111111111111111111111111111111111
1111001111111111111111111
111111111111111111111111111111111111111111111111111111111111101111111111111111111
1111111111110100111111111111111111110111
1111101111111111111
111111111111111111111111111
1110111111111101111111110101011111101111111111101
1101111111111011111111111111
111111111101111111111111
11111111
11
0001011111
1111111111111111111111111111111111111111111111111111111111111111010111101111111111111111111111110111111111111111111
01111111101111111111111111110111
11111
1111111111111101011111101111111101111111111111111111111
11111111111111111111111111111101111111111111111111111111111111111111111111111
111110111111111111111111111110111111111111101101111111101111111111111101111111110111111
11111111111
111111111111111111111111111111111011111111111111111111111111111111111111111111111111111
111111111111111111101111111100111111111111111111111111
11111110001101
1111111111011111111111111111111111111111111111111011111111111111111111111111111111
11110010111101111111111111111111111111111111111111111111111111111111111111111110011
11100111011101111111111110111111110111111101111111111110101111100111111111101111001111110111111110111111011111111111111111101111110
11111111011111111111111110111111111111111111111111111111111101111111100111111111111110111111
11111111111111111111111111101111111111111111111111111111111111111111101111111111111111111111111111
111111111
11111111111
111010111111011001110111111111111111011111111111111111111101101111101111011111111
11011111111110111111011111110111111111101111101111111110111011011111101101110101111111011111111111111011111111111111111111011111111111011110111111110011101111111110
11111111111111111
11111111111111111111111
111111
1101111111111111111100111111111111111111010111111111111111111111111111101111100111111111111111111111111111111111110111011111110111111111111111111111111111111111011111
11
1111111111111111111111011111111
111111111111101111111111101111111011101001111011111111111110111101101111111110111111011011111111111111110111111111111
1111111111100111111111111110111111101110111111111111111110111111111111111111011111001100111111111111111111111101111111111111111111111111111101111111111111111111111111111111111001111111111111111
1111111111111111111111111111111111111111100011111111011111111101111111111111111111111111111111111111111111111
011111
1
1111111111111111111111
11111101111110111111111110111111111
11111111
1111111111111111111111111110110111111111101111111111111111111011111111111111111111111111111001
1111111110101111
11111111111111111111101111111111111111111111
1000111111101011111111101111101100000000011001101111011111111110001101111111111101000011000111111101111111111111111111111111000010000000000000000100000000101101111111011110111111111101001000000000000000000000000000000000000000000000000000000000000000
111111111111111111111111111111100101111111111110001111111111111111011111110111111111111111111110111111111111111111
111111111110111110111111111111111111
111111110111111111110011111111111111111111101101111101111111111111111111
1111111101111111101111111111111111111110111111110111111111111111111111111111111011111111111111111101011111111111111111111111111111110111111111111111
1101111111111111111111111111
111111011111111111010111001111111111111110111111110111111111110111111111
1
0111
111110111
1111111111111111111111111111111111
11111111011111111111011111111111111
11111111111111010101000111111111001101101
111111
01111111110011101111111111111111110110111110111111
11111111111111111110111111111111111111111111111111111111
101011111111110011011110111110011100111011111111111111100000111111010110101101111111011111111011001111000011111111111111111111111111111111011111110101111101101001100111111011011101111111110011111111101111010001111001
001000011100111110
01
111100011
1111111111111111111111111111111011111110101110111111110111111111111111111110111111111111111111111
111111111111111111111111
11111111111111111111111111
1111111111101
1111010111011111101111
1111111111111111111101
011011111111011011111111111111101111111111111111111111111
111111
11111
11111111
0
111111111111111011111111111100011111111111111111111111101110011111111111111111111111111111111111111111111111111111111111111111
1111111111111111111111111111111111111111110111
111111111111111111
110000011111011111110011110011111111110000111101111110111110011111111101111111111111111111111111111110011111111111111111101111111111111111111111110111111011111111111111111100111110111111111
111111111111111111111111111111111
1111
111111101111111111111111111111111111
010100
1111111111111111111100111111
11111111111111101111111111101111111111111111111111111111111111111111111110111111110011111100
1111111111111111111111111
1110111111001
111111
111111111111111
0
1110111111111111111111110111111111111111111111111111111111111111101111110111111111111111111111111011110111111111111001111111111111111011111111111111111111111111111111111111111111111111111
111110111111111011111111111111111011111111110111111111110110110001111111101011101111111111111111
1111111110111111111111111111111111111
111111111111111111111111
10110101100000101
11111111111111111111111111111111111011
1111111111111111011111111111
11111111111110111111111111111111111011111111111111111111111111111010111101111101110111110111111111111111111110111111011111111111101101111111
1111011011101110111
111111111111111110111111111111111111111
1111111111111111111111111101111111111111111111111111111111111111111111
101111111
101111111111111111111110111111101111111111111111111111100001
1111111011111111111111111111111111111111011
111111111111111111
11111111
1111111111111111111111111111111111111111111
110110111011111111111111
1011111111111111111111111
111111111111111111111011110011111110101111111111011110011110111111111
1011111111111111111
1111111111111111111111111111111111111111111111111111111111111111111011111111111111111
11111111111111111111111111111110111111111111111111
11111
111111111111111111111011111111111111111111111111111111111111111111111111111111111011111111111111
1111000011011111111110101011111111111111111111110011111111111111111011111101111111111111101111111111111
111110111111111111110
001001111001111111111111111111101011000111001111111101110110111111011111100100111111111111011111111111110111
11111111
111111011111101111101101111111111111111111
11111110111111111111011111111
11111111111011111010110
11111111101111111111111111010111111111111111111111111111111111111101111111111111111111111
010111101010
111111111111111011111111111
1111111111
01111111111011111111101111111111111111111111111111111111011111111111111011
11111111111111111111111011111111111111111
1111111
1111111101111111111111111
011010111111010010
11111011111111111111111111110111110111111111010111111111111111111111111111111111111111110111111111111111111111111
11111111111110111011001111111111111111111111110111111111111111111111111111
111111110111111111111111111111
11111110111111111
111
111011111111011111010001000111111001111101010
10100110101111111011111101111011100111110111111111100111011110100111111111111111111111110111111110110110010111111111111111111111111111011111111111111011111111111111101111111111011111101111111111111111111111111010100111011111111
111111111111111110111111111101111111011111111111111111111111111111011111111111111111111111111101111111111
11111111111111111111111011111111111101101011110111101111111111111111111111111111111111111111111111111111111
11111111111111111111111111010111111111011111111111111111111111111001111111111110111111110101111111101110101011011010111110111111111
10100111111111111
11111111
1111111111111111111111110011111111111001011011
11111111
1111111110111111111111111111111111
11111111111111011011111111111111011111111110110001110111111111110111111111110111111111110
111111111111111111111111111101101111111
1111111
1110111111101
10111110111111111111100111111110111111111110110111111110111111111111111011111111111111111111111111111111111111111111111111111111111
11111111111111111101
1111111111
11111111111000011
1110111111111111111100111111111111111111111111111111111111111111111111111111
1111101011111111010111100111011110111111111111111111111111111111111111110111111111111111110111111111111011111
111111011111111111111111111111111111111111111
110111111011101111111111111111011
111111111110111111111111111111111111
11110111001111111101111111111111111110011111111111111111011111
1101111111111111011111111111011111111111111111111111111111111110111000111111010111111111111111111111111111101001110100111000111011101111111110111111111110111101010111111101110111111111111101110110100011111111111
111111
1111110100011011111111111011111111111111111111111011111101111111111111111111111111111101111111111111111011111111111111111011110111011011
111
11111111111111
1111111101100001010
1111111111111100111111101111
11111111111111111111111111111111110111111111111111111111111111111
111111111111110111
11111111111111101111111101111111111111111111
11111111111111111111111
11111111111111111111111111111111
0111111111110111110111011111111101111111110110111111111111111111111111111110101111111111111
1111111
0111111110101111101
111111111111111111111111111111111111111111111111111110011111111111101000100
111111111111111011110110101111
11
111111
11111101111111111111
11110101
111111101111111111101011111111010011101111111111101111111111111111111101101000011101
111111111111111111111111
111
100110111111
1111110001111111001000001101001111111111100010010111000001101110011011111111101110010000000000000101100001101011111101010101111111111110111110111111111111110011111111111111100110111111011100000111001001000011110010000000000
11111111111110111111011111111111111111111011111101111011111111111111111111001111
011111111111101111111111011111111111111111111111111111111111110
1111101111110111010101111111110111
111101111111110111111
11111111111111111111111011111111111111111111111111001111111011111111111101111010111111111111111111111111111
1111111111111111111111111111111111111111110001101101111111011110101011111111111111111111111111111111111111111111111111100111111111111111111011101111
1111111111011101110
11111111111111111111111111111111111111101111111111101111111
1111111111111111111111111111
1111
01111111111111111111111111101111111100111111111111111111110011111111
111111111111111111011111111111111111111111111
011111101111111
11111111111111111111111111111111011111111111
111111111111111111111111111111111111111111111111111111111
111111111
11110111111111111101101111001111111111111111011111111011011111111111111111111011011111111111101
11111111
1100111101
1111
11111101111111111111111111111111111110111111
111111111111111111111111111011011111100001111010000101111110111110101111111101111010101111111110011111100010111101101111011111110100010101111111101
01011110111110101011011111111111111111111
0
11111110111111011111011111111111111111
11111111111111111111111111
11111111111111111111111111111111111111111111
111111111111011111111111111
111111111111111111111111111111111111111111111111111111111111111101111111101111111111110111111111111101111110111111111
1111111
0111011011111011001110111111111110011101
11111110111111111111111111111111101111101111111111
111101111111111111111111111111111111111011111010101101111111111100111111111111111111111
1111111101111111111111111111111011
11010000111011111111110111011101111111111011110111101111111111111110111011111111111111101111110111011111111111111111111111111111111111111111111111111111111111111111110011111011
111111111111111111111111111111111111111111
11111111111111111101111111111111110011111111111111111111111111111111111111111111111111111111111111111
1111111111101111111111111111111011111111111111111111111111101111111111
111111110111111111111111111111111
11111111111111111111111111111011111111111111111111111011111011
11111111111111111111111111111111111111111111
10101011011111111111111111111111111101111111111111011111011111111111111111111111111111110111111111111111111011111111111111111111111111111111111100110111
1111101111111111111
0
11101111111010111111111111111111111111111111111111111
111111111
11101111101111111111100111111111111011111
11111111111111111111111111111110011110
11111111110111011111111111111111111111111111111111111111111111111111
01010000111111100010111111111101110001011100000001100111110100011000001110011010001011
11111011110111000101111100011100101111111111111111010100111
1111111111111111011111111111111111110111111
11111111111010111011110111111111111111111111111111111
1111111111111111111111011111111111111011101
111111111111111111111111111111111111111
11111111111111111111111111111111010011110111111111111
010111111111111111111011101111011110111111111111
11111111111111
11111111101111110001111110001111110000111101000111101111111110111111111111110111111111110100010000001
1111111111111111111111111111111111111111100011111111111111111111111111111111111111111110111111111111111111111
0111111100101110111110111001111111111110
111111111111111111111
001111011011010000010111111111111000111001101111111111111100011010101011001100111111011111111111111001010101011110110111111111101111110111111101111111101101101111110111111111100
1111111111111111111111111011111111111111111111111111
01
1100001110001111111011111111110111111111111110010111101001011101111001001100000010011001111111111011111011111111111111111111101111111111111111111111111101111111100001111111111110111110111111111111
11111011101110111111111011111111111111111111111111111111111011111011111111111110110111111110111111100011011011110101111110111110111101111100000011111110011111110111111011011110111111110111011111111101111000011110
10111111011101111111011111111111011100111100100001010100101000010001111111110110010001101010010111100000011001100101111111111111110010111110000000000001110101001111110101101011010
1111111111110111111
1111111111111111111111110111111111111111111111111111111
10111101001111111111010111111111101110111101000111111001011111111101101111111
111111
11111111110111111011111111111111111111
111101001
11111111111111110110111111111
