10
11111
1
11
10
1
0
1
11
01
11
1
10
1100
11
111
11001
1
1111110
0111
00
1111
1
11
0
0
001
1
11
1
01
11
1
1
01
1
1
111
11
11
01
1
11
1
0
1
111
0111
1
111
1
11
1
1
1
10
11
001
11
11
11
1
10
01
110
1
1
11100
1
11
1
0
1
01
11
1
11
0
111
0110
1
1
1
01
11
11
1110
11
1
110
0
1000
0
11
01
0
1
11
01
10011
1
101
1
11
11
1111
0
1
1
1111
10
11
1
11
10
11
1
11
1
1
10
111
11
1
1
00
1
1
00
11
1
1
00
1
11
11
0
11
001
01
111
1
110
111
1
11
11
110
1
0010
10
01
000
01
001
01
1
1
11
1
11
11
1
1
01
1
111
10
01
11
00
1
1
1
00
01
11
1
1
0
0
111
01
1111111
1
0
1
