101
11101111101011111110011111111010001111111101
0010001
10011000001100000000010001010100000010001
111011
11010000100100
11111100101000110111100001010110
110111111001111111110111111111
100011001100011101110111110010111111111111
1
1011111101101011110111111111
1000110111101
110000
00
11101111001101011101111010011101111110
111110111101111110111110100111
00010101
11111111101101
10011000000
0111
01111111110101011
10000111111111
1101111111111010110111
010000010
1011111011101101111101000100111111
0101111111111111101
00111110111001011010111111001010101011111111
110111111111101110110111
0100000
01101101110000111000010101
0011
1100111
1111010111110110010011
1111111011101111101101
1111110000
11101101111011111100
1
01110110101
01101
111111111101111010011111110
01001010
111111111010111110000000001
0101010001111
0101
111111011111011111101110011010011101111
0
111100100111111110
111111111
1001111111111110011000111111
111111111
000010
1111111110111110101010
110111011111001001111100001100001111110110
101
110011101011100100101111100001011111111111
10
1111110
111011111110001111111
1101111111
1000000
11111111111010111111110111110
0100110010
111110101111
11100011111001100111111111101011111111
00
1001
11011100111111010
111111011111010101111111
111111110101000110101101
1111011000111111010110100000001111110
11111101111100111011100
01
111111
1111001111111111111
111111110110011111101111111
01111111111011111001001001010
1001111101100011100110
10110110
1011111111111111111111
111110110111101011111
100001111101111010011100011
10
11111111101
01111011101101110111111
1110110011
10111111111001000011
111111110111011111111101
0101111101010011011001001001000111111110100
1010
000111111101101101111110010001101001
1101110011011011110110010010100111101
01
0000010
00000
10111
01
1111111101101
0
111111101011
1111111111011111111111
11
11010101111111110011000111111111111
10110110111001111010101011101010011
011111101111010111100000010110000100
0111
011111111101111001
00101110100001111111111000110101
111100
01110111111111101
111111110000110
111110010101
0110110
1
1010101111111101111111101111000011111
01111110111011010
111111110001
0
001111111111111
111111111101101100111111
111110111111111101
101100
111111101101101011110
1111101110110111
1111110000000010100001000011000
111110
0110111111010101
11111011111101
110000
1110111111111
011101
0101
0011011100011
011110001010100000000
110111100011001
0001
1111111110111111011111111000111111111
111111
1011101111111
10111
111111010101
111011111101001010101111
0
1111
1111111001111101001111011000
11000011
111110101010010111111110001010101111111
11
111111110011111110010010101011
111110110000100
1101110111101
0111111111111110111000110011101
1
01111011111111
010111
1
1111111
0001
01000100000
1111011
11
110101000
10110
011101111111100111111010011101110110
0000000110
010001111000111111111000111011110111
111101111111100011000111111
01111111111101111110111100001010110101110111
001111010101110
101000
10011001
00110
01110111
01111111101101
0010000000001000000000
1011001101111111111101000111010110
1111111
11001111
1101001111111101110001110
111111000000010
11111010111010010
1011101111111011111110100111001111111
111001111101
111100
110110
00
1
000001
1111111
00001100110000000011
0000
1111011111111111011
100111111001111111010111110111101101111111111
111100
011000
10000100
0100
11110111100101
111111111
111111111111
11010111011
01111100101
101111010111111011111000011110111111
111111111
01
11100111001001111111111111111110100101
1
011110110111
11000011101010100
0
0000000100
11111111011111111111111111
1100
1
010111111111111
1111
101111111111110101111011
11111110111011100011001111
11011111
11
1001
111101111110010011011111
0111001111111111101001010111111
1
11110111111000011111110
101111111
1111111110011101111100001010
0111101111101
111
11111011111111111
111111101111
1111101
000001000
11101010101001000110
0111111111
11111111101101111110100111
11101111111011111110100100111111111
1011111101001
1001111110011111111001001111111111
11011111111111111111010011010011111111100
1110011111011111111111011001
1000000
111000111111
1010101110100101100000
101011
111001111110110111110101101111101111111111
0
11100101
1111111101111111011110
110111111111100111111011011110010110011
11111111001
1110001
11
1000
101111111100011111101001100001111
111111111111111111
10
1111111111011011111
0101111001111111101
1111110010111111111111100101011010
111110110110101111111100100101011111110
0011100111111110111101101111111111
110111111011111101101111110
0010101100011111
0010
100100
011000
0111
1
1011111011011111
1111111001011100101011110000
0000001111
00000010
111111101000111111111011101111010111111111111
1111
0111
1
110111111001111111011011011
0
000000011111
10111
0110101110
111110111001010111111011
10100111111110001110
1
111000011011101111101101001000111111100
0100
011010
11101
101011111111101111110101101
11
10
111111001
1110111101
10111101111011111111111101100010101010111111111
1011111011101111
1111
1100
0111011111111
11111111111
001111111111111111
1101000110
1111111100100011
01
11111111001111111111110000001000110111101001111
01111
010111101
11110100
00
111111111111
10101100110
11000010111111111000000011100
11111110011
100000
11110101111111101111111111111
1
1
0000010000
101110
1010000
1111101
10010011
100111010101010100011001
1110111111110
1
00000
00001111110000111111100101101111110
1
11111010111111
111111111111
0100
0011
111011111111011110110111100
101
10
11010110111111111111011000111111
00
011011110111010100000000010
11111111
0111010
110110111101111111111100111111111111
11100101101
111110
011111111111111111011111111
011101101011111110101111111111000110111111110111
0
10111011101
1
11111011
0
110101
10
110010
1110010100
110111100
01101011
100011
000110
0111111111
0000000000
111111100111111111111111110101010100011
1111110011101110001
01010100110000101011100011000111000000001
10111111110101111111011111100011
1
01111111
10111111111000101000000100001
110100111111101000100110001100
10110111111101010000
1001111011111111101111111101110011
1000
0101111101
1111
