000
00000100
0000000
0100
0000
00000
010000
0000
11100
0
00000
0
000
0
000000
0
00000000
0
000
00
0000
0000
00
0
10
00
0000000
0
000
000000000
000
00000
00
00
0
00000000
000000110
00
0
10000
000000
0
00
000
00
00000000
000
00
0000000
000000
00
000000
00000
0
00
00
0
000
0
0010000
000
000000000000
0
000100000000
0
011
00000
00
000000000
000000000
0000
00000000
00
011
0000
000000
0000
000
0010
0
000
000
0000000
000
000000
0
00
00000
00
00
0
0000
0000000
0
0000
00000000
1
00001
00
00
0
0001000
00
00
000
00
000000
0
000000
00
00
0
000000000
0000000
000
0
0111
0
0
0
0000000
0
000000000
0
0
00
000
0
01
0
000
0000
00000
000100
00
001
00010
0
0
000
0000000100
00
00000
0
00
000000000
0000010000
00000
00000
00000
000
000
00
0000
00
0
0
00000
00
000000
0000
0000000
000000001
00000
