0111111101001101001111010111
111111000101
0111111100001111100110
1000111011001001100011100
111010111
11111111111110001
11111001011111111
1111110
00100101000111000110001100
11111111111110111111011111
11101110111111111011100
1001110111010010011001111
1010001001110001000111001
11111111111111101101
011100101000111010
011111111111110010110111011
111011111101101101
01111111010101111100
0100001000000000000000000000000000
011111111111010101110000
111111111111101111111111
1111
101111011001
111111101
1011110101111111011
1011111110100110
111111111111110110010111110101
00111101010011010000100100000000001101
1111111
111101111101111100010010010100101111
111111
011111
11111
11111111110110101111110
10111101110111101111101111111001
11111110101001
111111
11111011110
111111101
10111110111101101100111111111111
1111101
111100111111111111111010001
101011
111111111010000
11101
11111110111
1100000110001100110011011110010
100111111111111101
11010101111011010
1111111111111111100
111101111111111111000100111110
101111111
1011100111
111111101
11110101
0111111
111111111101
10011111011101101100
0011101010111011010000111011110
0
1110111
10001010110110110011100
101101011111111100001
111111101
1111100000
11110111111111111100000001
110111101
11111101
111101011101111
1111111111111100000
11110001
111101111
1111110111111111110001
0110111101
1100110111111000
000000001000000110101000101111100010
11111110111101
11111111110
110010111111101
00000100000000000000
1011101101001101
111111111111110010011001111
01101111110
110110111111101010001101111110001
1111101010101
110111110110
1111101101
010000110101111010
1111001111111111101
1110111011100100000000101
11111010001
111111111
111111111
1111111111111101
1111101
11111111111111000
111111
11011100000
101111101
010101011111010101100101101
111110111011100
111111110101
0011100011110001011100
11111101
11111111001101
1111110
111111111001
1111111
1111111111101
111111111111100111111001
1011110101
0000000000000000000000000000000000
11000001011111111100
0010001111110011001111100010100
111101111001
11010110001
11111101111101101
1111111
11011111101101
111011111011100
111011111111111101
111101111
1111111110110111110101001
1011111100
111111111110001
111111
10111111101111
11111111011101101
0000000000000000010
111111110
111110
00011111111101100000000011011
01010111011100001
1111111
111111110111000
1111111
0010000110110000110000101101011
111111
101110000101110000001
1111111100111001001001
011101
11111011111111101111
11111011111111011111000111011111111
111110
1111111111111111101
111111110100101
11111110101
11011111000
1111111111000111
1111011001111000111101
1111101101
111111110111101
011111111111110111011111
100111111100111011000111111111111
111101011101
1111111111011101
1111111111111111110110001110001001101
00101011100010111100000
011111110111101000001111
110111111
