0110011011011001000001
11
11011011110101
1010001001101011
0111111001111
0
00010100101010011010
01
101010001111
110000100101
10001
1110
11
1111111101
01100000010100000100000
101011100000110101
01
111
110
101110
111
11111010111
1110111111
1011
111101
0011101111111
110
101
00
0
001111011101
11111100111
1100111101
111
011110011100000000000010
1100001
1111
0001000100101110110010
0
00000000000000011100000000
0
0
1
101110
11
111100111
11
1011011101001000
101100110101
01
10
10
0110110110111
1
11011110111
110111110001010110
0000100000000000100000
1
11101
0111
10
0
11101101111110110
11111
011
010111000001101100000
01111111
1111111
000111101001110000011
1
111110010110101111011
11111011110
1111010
1011101
11
001
1
010110001100001100010011000000
0101001100
0000110000111011000101
10110
0110
111111011000110
010
110111011
010
101011001100111000101
111111101
000
101000000011001111110
1001
100011010000001011000
000000000000101000
01111101010
11111110100001101
100
001001110100101111
1100011111
010001
011110000110110101000010
10011
01110011
1111
011
1011110001010100110
1
11100100111
0110110101100
000000000000000000001111100111010
1
11
00
1101011101001111
0
01101111010
1111101110110111
11101
01110
00100000001000000001000010
1
1
111111101111110
11001101111
100001010110
001011001111000
1111011110
11111011100010
010111110011100000111000
111111
10000111110011
1111
01
0111001000110
1
0110101100001000100
000101111111010101101
1111001010100111101
11111011011101
1001111011
0011100111
11
100000010110001001111
0011011101101
1111
00000
11111101
1101
011110
111111111101
0011011001
0100100110000001110
111111
0
111111110001111
0000010010010110
01111111
10000000111010
111
100
00
111111011010
0011111011111001100000
1
10111010
1111111
0011
11
101
001110
111
10
1
111000100111
0111111100001110
111100111011
00100001110010
010
1011011011111
1011000
01
1
