00
111111111111111111111111111111110111
11101111
11111111111111111111101111101111111111110111001010011111111101110100101
1111
001111111
1111011101111010111010111
111111111
0111111110110101011111110101110
111111111110011
11111111110
1
1111111101111110
101100100110110011100001100011111011111101
1101111111110111011
0101
1011
1111111111111111111
101010111111101101101111101111101
1111111111111111111111111011111101
101111111111111110111110100111101001111111
00011101111
0101100
011
11111111
1101110111111011110000000011110
00
10001001110
111111111011110
1111101101111
1111110111111011110011110100110
11010101111011101110110111111111
01010111111111111111
1
10111111111111011111111101110111101111110111110100001000000000000000000111011000000000000000
1
11011
1111111111
1
111111101111
010001011111110111011101011000111011101111
11111101111111111101
1
11101111110111111011110
1001111111011111111110001111011000
11111111101111010000101111111111010111111011111111111
0111111011111111111111110111
111111111111101101111111
11111
11
1111111101
1110111111110101111101111
01001111111110110110111101010101111
1110111100011
11
11111
11111111
1111111111111111001111111111111111110011101110011111
0
1111
1
111111111011111111101110111011101111110111011011111111111
110111011111111111111
0101
1111111111
0
111110011111
1111
1
0101111111111
111
11111
11111110111111111111111111110111101111111111111111111111111111111
110111111111111111111
101100011011110111111111
1111001101111
10
11011111111111111110011010111101111
1
1101111111110111101111101111101
11
1
11011111111101
111111111111
1111111101
111111
010
111111111101110111111111111111110111111111
1111111101
1000111010001110111111010011111100110010000000000000110100100000100
11111111011111
111111
1
11111110111110011111
0011
11011
110111111111111111111111010111111111111111111
0
1111011110
111
1111111101111111
1111111111111111110101100000111111
1111110111
110010111111101
1111111111
11111111111101111101111000111111
01111111011011111
111101111
11111
11111
1111
110111111111111111111101110011001111101111110
111111111110101111
1111110
11111111111
11111110001111111111011001011111101111101
1111111111
111
11
101101111111111111
101111111111
111101010111111111111111111111111100
1000001011000001100000000111111010000000000000000000100000000000000
111111001110111111110
1
1110111111111011111011
1110110
1011111111
111111111111111111
110111
00
0011
1111111111110101101111111111011110000001001110110111110101111110
0100000000
11111111
11111111010
10
1
011111111111111110
11111
11
0000110111101
110110011111111111011111101111111
1101111111111011111100111111
111111
1
111111111111
1110111011011101110
11111111111
0
01
1111111111111111111111111111101111111111111111111111111
00
1111111
1110001100111
111111111
1111110111000
1
11
1111
111111
011111101111111111
1111010111011101111111
111111111
11111
111111111110111111
0111100111111
111111
1000
1111111
0
1011111
111111111111111111
111111111111
111111111111111111111
111
00
1110111111
10111111
1101111111111111111111111111111111111110111111111111111111
1111111111011100111110110111111110111111
111111100111101100010111010100011
111111111110
11110011111
1111111101
0000001
1111111
1111101111111110011
11
1
1111111011111011
111101001011110
1111111111111110101
110111101
11
1
11111101011111101101
0111111100111110101011111
11111111111111000011111101
1110101111011111001
111111111
110111111111111111
111
11111111101101111111
11011111111
11111
0000000000
1111111
11111111011110111100110111111
111101010010110101101111001000010110000000110000
1
11111
111111111
1110010
100011100110100101
101111
1
111111
0
10101101110110101110111110010
0
1
1101001011111110111111101
1
10000110011111101
111111111011111000111011101
1111
111111101101111011111111111
1111111111011111110111111111101111
1
101110111111111111111110011111110111110111111111110111110
1111
11101101110101111110101101111101111
11111111
111111111111
1111111111
11100111110111111110011111
11010111110111100100111101111001
0
1011
0000000000000000
0010010000000
001111111
111110
1111111111111
0110010010110
1010
111111111111111
1111111111111111111011111
1
1101110101111111101101110110011101101011111111101
111111101111111
11110111111111110111
1110111111111111111111011111011111110111011111010111111110001110111111
011111101111111111011011000110111100111
11111111111001111111111010111011100100
11111111
1101
11
1
