0111
1
111
1
11
1
011111
0
1
10
01
1
11
1
1
1
1
1111
01111
1
10
1
111
111
00
0
0
10
1
0
1
111
01
1
11
0
1
1
1
11
11
1
1
11
0
1111
1
1
000
0
1
1
0
1
1
11
0
011
1111
1
111
11
1
1
111
11
111
11111
011111
1
11
0
1
11
1
0
1
1
11
1
1
1
1
10
1
11
00
01
11
0
1
11
01
1
0
110
1
0
1
11
0
0
01
1
01
1
111
01
0
1
0
1
0
10
1
1
1
1
1111
0
0
1
0
1
01
1
1
0
1
011
111
1
1
0
1
1
1
01
1
1
01
10
1
1
11
1
0
110
1
1
01
11
0
0
1110101
11
1
1
0
1
0
0
1
11
11
0
11
1
1
1
11
1
0111111
1
11
011
1
1
0
1
1
11
11
0
1
11
011
1
1
1111
0
111
1111
0011
111
1
1
1
111101111
1
0
1
1
0
1
111
1
01
111
11
0
100
1
10
11
