00111010010011100110101111111111111
111111011111111111111011111111111101111111101111111111111111111101111111001111111111111111111111111111111111111111110111110111111111111101111111111111011111110111011111110111110001111111111111111111111111111111111111111111111111111111111111111111111111
01111011010011011111111
111111111111111111111111111
110111111111111011111110100111110111111011001011001111111111111110111111101111010111111011111111111111100111101000100100110110111000111110010100111111011000101000011111010110111011100001101110010111111011111111000111101
1111011011111111111111111
1111111011111111111
111111011111110111111111111111111110111111111111111111101101111111111110101111111111101111100011011100101101111111100111111111111
1111111111111111101111111110111111111111111111111111111111111011111111111111111011111111111111111111111111111110111111011111111111111111111111111111
11111111111111111111111111111111111111111111111111111111111111111111101111111111111111110111111011111111110111010101111001001101110111000111111111000000000101111111111111011111111111111111111111110111111110111111111011101110111111
11
111111111110001100
1110111111111111111111111101111111111111110111111111111111111101111111111111111111111111111111111111111111111101111111
1111
1111110011111111111111111111111111111111111111111111111111101111110111
1111111011111111111111101111111111111111111111111101111111111111111111110111111
1111111111111111111111111111
1111111111011111111111111111111111111110111011111111111111011111111111111111111111111111111110110110111111111111111111111111111100001111001010010111110011111111110111111111111111111111111111110100111111111111111111
111111111011111111111111111111111111011111111111111111111111111101111111111111110000100110011111111010111110111110111111111101111111111111111111111111111
11111111101011011000
1111111111111111111111111111111
11110111010111001100110000000110111110111111
1101111111101
11111111111111111111111110111111
111111001111111111111111111111111110111110111111110111111111111111
111111111111111111111111111111111111111111111111011111101111111111101111111111111111111111111111111111111111111111011111111111
11111111111111101
11111111101111111101
1111011111111101101111110101111111011111101111111111111111111111111111111111011111111111111111111111111110111111111111111111110111011111111111111111111111111101110111111111111111111111111111111000110111111
111111111
0111
11111111111111111111110111111111111111111111111111111111111
1101101100101111111101000111101011110011011100111100111111111111101011111000111111111101101111101100101101000100100000001111000111100101011111110111111111111010111000111111111111010110100111101110
01111111111011111111111111111111110111111111111111111101111111011011111111111111110111111111111111111111111111111110111
111110001110100100111111101
000010000011
111111110
1111111111111111111111111111111111011111111110110111111110111111111111111111111111111111111111111110111111111111001011111001100000000101111111111100111111111101010111111111010111111101111111111110
110111001111010101011111110110011
111
1111011001110001111101111111111001111011100111011011001111100011101111110000000111111011101
11111111111111111111110111111111111111111111111111111111111111101111101111111111111111111111111111111101111111111111111111111111111111111110011111111111111
11111111111111111111111111111111111111111010111111111111111111111110111111010111011111111101111111111111110111111111011111101011111101101111111111
11111111111110011111111111011111111111111111111101101011111111111111111111111
01111111111111111111011111111011111111111111111111011111111111111111111111111111110111111111111111111111111111111111
111111110111111011111111101111111111111111
111111111101111111111111011100011100101111101101
11111110111111111111110111111111111111011111101111111010111111111111111110101111011001110111001111110010111101111110111111110111011111111111111
111111110111111
11111111011111111111111111010111111111111100111111111111111110
101011111111100111010011010111011111111111111111000111111111011110000111111010111010111011111100010010011001101111000100
1111011111111011101111111111111111111111111111111111111101110110101111111110111001111111111111111110111101111111
11111111111
1111111111
111111000111111111111111111111111110011111111100111111111111111111111111111101111111111111111111101111111111111110111111111111111111111111111111011101111111111111111
111111101111100111111111
1111111101111111111111111
0111111111111101111111111101111111111
1111111011111111111111111
11111111011111111111111
101111111110110010110111111111111111110101011111111111111110111111111111111111111111111111111000000110111001111111110110101011011111111111011111111111101111011111111111011111001111101
111111111111111111
0011111
11100101111
111
111111111111111111111011110011111111111111111111111011111111111011111110000111011110110111111111011111
11111
11111111111111111111101111111111011111111111111011111111111111111111111101111111111111111011101011011101111111111111111101111111110111111011111111010111111111111110111101111111111111111111111111111111111111111111111
011111010011101
11101111011111011011111111111111111111111111111111111111101111111011111011111101111011111011110111011111111111111111111111101101101111111111111111111111100000001010011011000100011110111111111111111111111111111111111111111111111111110111111111110111011111111111111111101
111111111111111111
111101111101111
111111101111111111111111111111111111111111111111011111111
111111111011110000111111011111110010111011111110111100101111010101011011111
111111111111111111111111111111111111111111111111
111011111101011011111111111101111111111111111101111100111111111111111111
11111111111111111111111111111110111111111111111111111111111111111111111111111111111111111111111111111111111111111110111111111111111
111111110111111111111111111111111011111111111001011010000100011011011110010100
1111111110111100011011010
111111111101111111111111111111111111111111111111110111111111111111111111111111111111111111111011111111111111111111111111111111111111001111111111111111111111111111111110111111111111111111111111111111101101111
111110111
1
111111111111111111111111111111111111111110111111111111111101111111111
11111111111111111111111111111111111111111111111111111111111111111111011111111111111111110001011101111111111111111111111111111111111011111
11111110111111111101111111111111111101111111111111
11111111111111111111111111111111111111111101111111100011111111111111111111111111111111110110111111111011110111111111111011111101111111111011011101110111111110010111111101111111111111111111111111011101111111111111111111111111111110111111111111001111111011111111110111111
111
1111111111111111111101111111111111111111111111011111111111111001111111111111111111111111111111111111
111111111111
111111111111011111111111111111111111
111111111111111111111111111111111111111111111111111111111111111111111111111111
11111111111111111111111111111111111110111111111111111111111111
0111110111111101111111110111111111111111111111111111101111111111111111101111111111101111111111111111111111011111111111100010111111110110111111101010101011011110101111111111111111111111111111101111111111011111
101111111
1111111111111111111111111111111111111111111111111111111111111111111111111011111111111111111111111111111110111111111111111111011010100111111111111111111111111111111111111011101
1111111111111111111111111111111111111111101111111111111111111111111111111111111111101111111111111111111111111111111111111111111111
00
11111111111111111111111111111110111111111110111111111111
11111111111111111111111111111111111111111111111111111111111111111111111111111111111111111
111111111111111111111111111111111111111111111
111111011101111111111111111111111111111111111111111111111111111101111111111111111111101111111111111111111111101111111111111011111111111111111111111100111111111111111111111111111111
1101111111111111111
0111110110001
111111111111111111111101111111111111111111111111110111011
1111111111111111111111111111111111111111111010111111111111111111111111111111111111111111111111111111111111111111111111111111111111111111
1111111111111111111101111111111111111111111111111101110011111111011111011111111
11111111111101111111110111111101111010111011111111110101011110101001110001111000000111101111111101011010011000000
11111111011
111011111111111111111111110111101111111010101111101
11111111111111110111111111111
110101
11110100111111111111111111110101111111110111111111110001111101011011110111111110111110011011001011111011111110111010101111111011110111011111111111111111111111111011111111111111111111110011110111111111111111111111111111111
011
1001111111111111111
11111011101111111111111111110111111
1111111101111111111111
101111111111111111111111111111111011111111111111111111100111111111111111111111111111111111111111111000111111110111101111111111111111011111111111111111111111111111111111111
1111111111011111110111111111111111111111111111111111111111111111111111111111101111111111111101111111111011111101111111111101111111101111111111111111111111
11111111111111011111111110101
1101101110000101111111111100101000
11111011111111
11111111111111111111111
01111
110111111111111110111111111111111
11111101
11110111111111111111111111111111111111
11111111111111111111101011111110101111111111111111111111111111111111111111011111111111111
11111111111111001111101011111
10111
1111111111111111111111111011111111111111111111101111111111111110111111111111011111111111111111111111111111111111111011110010111111111111111111111101111111111111111111101111111111111001111111111110
1111111101111111111111111111111111111111111111111111100111111111111011111111111111111111111100111111111111111111001111111011100101111111101101011111111101111000111001101011111011110100111111111111111111111111111110111111111111111111111111111111111
111111111111111011111111111111110111111101110111111111111111111100111111111111101111010011111101111101111111011111001011111111111111111111111111111101111111
110010011110000111011111001111111101111110
11111101111111111111101111111111110111111111111101111111111111111111111111111111111111111111111111111
1111111111111111111111111111111111111111111111111111111111101111111111111011111110111111111111011111111111111111101110101111111101011111111110111111111011111111111111111111111111111111111111111101110101
1101111111111111111110010
11111111011111111111111011111
1111111111011111111111111111111111111111101111111111111101111111011111111111111111111111111
0001001
111111111111111111111111011111111111111111111110110111111111111111011111110111
1111111111111111111111111111111
101111111111011111111111111111111111111111101011111111111111111110011111110011111111111111111
11111111111111110101111111111101111111101111111111111111111111111111101011111111111111111111111111111111011111111011111111101111111101111111101111111110111111111110111111111110111011111011011111
111101110111111111011111111111111111111111111111111111111111111111111111111111101110111111111111
11111111111111111111111111110111111111111011111111101111111111111
0
1111111111111111111111111111111111110111111111
111111111111111111111111110111111111111111111111111010111111111111111111111111101111111111111
110111111111111111111111111111111011111111111111011111111111
111
1111111111011111111101111011111111111010111111000110111111111111111111100010001100111111101111111111111101111101101111111111101111111111111111001
111111111111111111
1110111001001011101010111100101000000000000000100000110000000100000000101000000101001101011111111111011010011110100110000001000111111111000000000111111111110110011100001010011111011100111100111111010111111011111110001110010010
11111111111111111111111101111111111111111111111111111111
111011111111111111011111111011
111111111111111111111111111111111111111110111111111111111110111
01010110011111111111111111111111111111111110001111110101111101111
1111111111111111111110111011110111101111101111111111111111111111111111011111111111
11110111111111101111
1111
11111111111111111011101111111111011
11110111111111111011111111111111111111111111111011111
01111111111010011010111111111111
001
00111111111111111110111
11111111111111111101
100110110111111101010000010001010010001
111111111111111111110111111111111111111111111111111111111111111111111111111111111111111111111111111101111111111111111110111111111111111111111111111111111111111111111111110111111111001111
11111111111111111111010101
1111111111111111111111111111111111111111111111111111111
01111111111101111111110111011
1111111011111111111111111111111111111110
1111111111111111111011111111111111111111111111111111111110010110111111111101011111100111111111111111111101111
1001110
1111111111111111111111111111111111111011111111111111111111111111111111111111111111111111111011111111111111111111111111111111
1111111111111111111111111111111111111111111111111101
1110111111111
11111111111111111111111110111111101110111111111011111111111111111111111111111111110111101111111111111111111111111111101111111111111111111111111111111011111111111111111111111111111111111111111111111111111111
1111110011101
11111111111111111111111111101
1011011111111111111111110111011101111111111111011110111111111110111101111101111000011100111111111010001110001110000011011011111111001111101110100101110011000110111110000000010
111101111111011111111111111111111111111111111111111111111111111111111111111111111111111111111111111111111111110
1111101101111111111111111111111111
11111111111111101111111101111101011111111111111110011101011111111111111111111111111101111111111111010101111111111111111011111101111111111111111111111111111111
1
1111
111111111111111111111111111
111111111111111111111111
11111110111111111111111111111
01010001011111101001101011110010101
1111111111101111111111101110111111110111101111111101000000010111010101110111111111
1111111111111111111111111111111011111111
1111001010111111
111111111111111111111111
1111111111111111111
1111111101111011111111111011111011111111101111111111111111111111011111110111101011101111111111110111110011110001001111111111100111100000111101111010111111011110111110111111111111011011101101
111111011111111111111111111111111
1111111111111111
0111111111101111111111111111111111111111111111110111111111111101111111111111111111101111111111111111111101111001111101001110011111110111111111111111111111111111111101111011111111111111
011111011111111111111111111111101111111111111110111111111111111111111111111011111010011111111111111111111111111101111111111101110111011111111111111110111110111111111111111111011111
11111111111111111111111011111111111011111111111111110101111111111111111111111111011011101111111111110111111111111111111111111111111101001111111111111111100100011110101111111111111111111111111111111111111111111111
0
1111111111111111111111
1111111111111111111110111111111
11111111111111111111111110111111111111111
10111
1111111111111111111
111111111101111111111111011111111001111111111111111111111111111111
11111111111011110111111111111111111111111111111
111000011111100111011000100000000000000000100001111111111111111100000011111111111111011111111100000000000000000000000000000000000000000000000000000000000000000000000000000000000000000000000000
111111111111011011111111111111011111111110111111111111111111111011101111111111111100111111111111111111111111111111100111111101
11111111111111111111111111111111111111111111
0111111111111111111111111110111011101011111011111
1111111111111111111011111111011110011111111111111111111111111111111111111111101101111101111111111111111111111111111
11111111111111111101111111111110111111111111110111111000011001111111010111110010111010110001101110110111
111111111111111111111111111111111111111111111111011111111111111111
111101111
1111111111111111111111111111111011111111111111111111111111111101111111111111111111111111111101111111111111111111111111111111011
11111111111011111111111111111111111111111101111111111
1
111111111111111111111111111101011111111111111111101
111111111110111111011
11110011110111101101
111
101010000011000000111000110110010110010010100110000001
1111
111111111111111111111111
11110011100101101101111111110101011111111111111111111111111110111111111101010010111011110111001001110111111101101001011110000111110001111111010
1111111110011111111100001100110001
111111111111111010111111111111011111100111111111111111
111111111111111111111111111111111111111111111111111111111111111111111111111111111011111110111111111111111111111111111111111111111111111111111111111111110111
1111101111111111111111
11111111111101110010111101011111
111111111111111111111111110111
1110100111
1111111111111011111111101111111110110111011111111111111111111111111111111111
1111111001111011001101110000101
1111111111111111111111111111111111111111111
111111111
1111111111111111111111111111111111111111111111111111111111
111111111111111111111111
0111111111111111110111110011111111111111111111101111111111111111111111111111111110111011111011101110111101101101101111101011100111111111110111111110111111111111
1111111111111011111111111111111111111111111111
11111111111111111111111111111111
11111111111111011111111111111101110011101111111111111111111111111111111110111111111111111111111111111111111111111110111111111101111111111111111111111100101111111010110100001101100110100001111111110110111110100111011111101101111101111111101111111111111111110111111111111101111110111111111111111111
11111111101111111011
11111101111111111110111111111111111111
111111111111111101
11101111111
101111011111111111101000111011101
111111111111111111111111111111111111111111111111110111111111111111111111111111
111111111011011111
110111111111111111
1110111111111111111110111
1
11111111111111111111111111111111111111111111111111111111111111111111111111111111111110111011111111111111111110111111101011111111111111101111001011011011110111
110111111011111111111111011111111111111111111101111111111111110111111110111011111011111111
11101111111011011111111
111111111111110111111111111111110
0111111101111011111011111100110110
11
101111111111
111111111111111111111111111111111111111111111111111111111111111111111111111111111111
11111110111111111111101011111111111111111111111111111111110001111011111101111111111010101011111000000111001000000000110100001011111111111111111111111101001111101111101
111111111101111111111111111111111011101111111111111111111111111111111111111011111111111111011111111101111111011111111011111111
11111111111111111110101
11111111111111111111111111111111111111111111111111111111111111111111111100110111111111101111111010111100111
111111111111111111
11110110111111111110111111111111111
11111101111111111001110111111
1111111111111111111111111111111111111111111111111111111
111111111111110111111111111111111111111
111111111111010011101101001111010011111110111
1111111111111001111111100111
1111111111110111110111
1111111111011111110111111111111011110101111111111111010111111110111101111111011011111111111111111111111111111111111111111111111110
111111111111111111111111111111111111011111111111111111
1111111101111111111111111101111111111111111111111111111111111111100111111111110111111111111101101111111111111111111111111111
101111111111111111111111111111111111111111111111111111111111101111111111111111111111111111111111111111111111111111111
11111111111111111111111111111111111111111111111111
11111111111111111111111111111111011111111111111111111101111111111111111111111111111111111111011111111111111111111111111111111101111111111010111011111111111111111111101110111111111111111010
11011111111111110111111111111111111111111111111111111111111111111110011111011111111111111111111111110111111111111111100111110011110101100111011010010011101111110010101111111111111111111111111111110111111111111111111111111111111
11111111011111111111111101111111111110111111111111010111111111011111111111111111111111111111111111111111111111111111111111111111111111111111111111111111111
10000000000101000100011101011001011111110011111001111001010111111111111111111
111111111111111110111111011011111111111111001111
11
011111101111111111101111111101110111011111111111111111111010111111111111111111111
1
1111111111111011111111111111011
001000011110
10111111111111111111111111111111101111111111111111111111111011111111010011111111111111111111111111
1111111111111011111111101
111
11111011111111111111111111111111111
11111111111111011111111111111110110111111111111111101111111111110111111111111111111
111111111111111111111111111111111111111111111111111111111111111111111111111111111111111111111111111111111111111110101111111111111111111111110111111111111111111111111
111111111111111111111111111111111111111111111111111111
11
1111101111111111111111011111111
0000000
111111111111111111111111111111111111111011111111111111111011011110111011111111111111111111111111111111111101110010011111101111111111110111111111111111011111111111110011111
11111111111011111111111111111111111111111111111111111111110110011111111111111110111111111110
111111111011111111111111111101
1111111111111111111111111111111111111111111111111111011111111111111111111111
111111111111111111101111111111111111111111111111111
001000010010110100000
11111111101111111111111111111111111111111110011111111111111111111111111101011111111111111110111110011010101111011111111111111110111111000001111011010000000011010011111111111001011001111110111111111111111110111010111111100111111111
11111111111111
111111111110111111110111111111101111111111111111010111111111101111111111111111110111101111111101111111111111011101111111111111111111011111101111111111111111111111111111
1111111111111111111111111111101111111100110101110111110111111111111111111110111111111111111111111110110111111111011111111101110101111110011111011111110011111011111110111111111011101111111111011101111111111110111
111111111111111111011111100011111111111111111111111111111111111111111110111011110111111111111111010110111111111111111111111111111111111
111111111111111111101111111111111
1111111111111111
111111010010001100
01110111001
11111111111111111111111111
11
11111111111111011111111111111111111111111111111111110111111111111111111101
111111111111111111011111111111111111111101111111111111111111111001111111001101000000010110011101111111111111111111111
011101111111101101111111111111111
111111110111011111111
1111111111111111110111111111111111111111111111111011111111111111111111111111111111111111111111111111111111111111111111111111111111111111101111111111111111111111111111111111111111111111111111111111111
1111111110110011110111
11111011111111111111
011011110111110111110111111
11111111111111110111111111111111111111111111111011111111111111111111110101111111111111111111111111111111101111111111111111111111
111111111111
011111111110111111111011111111111111111111111111100011011111110011010111
1111110110111011111111111111101011111111111111111
1111110100000
111110011101111111100111111
101111111110111111111111110110111111111110110111111111111111111111111111011111111111111011111111111111111111111111111111111
111110101111111111101111111111110111111111111111111111111101111111111111101111011111100011001010111111111111110101011111100
11111111111111111100111111111111111110111110011111111111111111101010111101111110111001111110001001011111111110111101111111111111
1100
1111111111111110111101111111101111111
1111
1111100111101111111111
11111111111111111111111111111111111111111111111110111111111111111111111111111110111111111111111111111111111111111111111111111111111011111111111111
11111111111011111111111111
1111111111111111111010
11111111111111111111011111101111111111111111111
111111111111111111111111111111111011111110
11111101111111111111101111111111111111111111111011111111111111111111111110111111111111111110111111111111111111111111111111111111111111110101111111111111111111111111111111110011111110011111111111101111111111111111111111111111111111110110111111101111111111111111111111111111
1111111111111111111111111111111111011111111111111111111111111111111111111
111111111111111
10000100011110110000011101111001
1011111110111111111
111111111111111111111110110001111111111111111111111111110101111111
11111111111111111
11111111111110111111111111111111111111111111111111111111111
111111011111
11101111111111111011111111111011111111111011100100001111101111111010110101000000000011111101
1111111111111111111111111111110111111011111111111111111111
111111111111111111
01101111
01
1111110101111111101111111111111111111111101110101111101111111111101101111111111111111111111111111111111111111111111110111111111111111111011111111111111111111111111110000001000011010110110111111001110111111111111011110110111001111111111101111011100111011111011111111110111111011011000101100000000010010100110111100111
01111111011111111111111111111111111111111110110111010000110111111111111111111
11111111111111111101111111101111101111111011011111111110101111111
11111111111111111111111111
1001111101
111111111111111111111111111111111
1010111101111111111111111011111111111111111011111111101111010011111111101010100001111111111111111001101110011
1101111111111111011111111111111111111101111111111111111111111111111111110011111111111111111111111111111111111111101111000111111101110111111111010110101111111111100101111111111111111111111111111111111111111111111111110111111
11111101111011111111011111111011111111111111111111111111111
111111111101100101010
1111111111111101111111111111110111111111111111111111111111111111111111111111111111111111111111111111111111111111111111111111111111111111
1101100001
1111110111111111
1110111111110101111111111101111111111111111111110111111111111110101001111
1111111101
11111011011110111
111111111111111111111111111011111111111
111111111111111111111111110111111
0011111111011111111011111111
1111111101111100110110111111101111011111111111110110111111111110110011011111000111111011011111111111110001111011110010111111111111111111111
11111111111111111111111111
111111111111111111111010111111111111111111111111111111111111111101111101111111
10
11101111111111
11111
11111111011111011001111000111001110110011111111111111111111001111111111111110101011110101011101101111111111100111111111111111110101011111111111011010001110
111111111011011
1111111111111101
1110011111111111101111111
111111111111111111111111111111111111111
11111101011111111011101111111011111110111
11111111111110111111111111111111111
11111111111111111111011111110111111111111101111111111111111111111111111111011011111111111111111111111111101001111111111111111111111111111101111111111111111111111111111
111111
1111101111111111111111111111111
111111111101101111110
111111111111111111111111111111111111111111111111111111111111111111111011111111111011011111011111111111111100111110011111111111111111111101111111111110111111111111111111
1111111111111111111111111111111111111
1111111111111111111111111111111111111111011111111110111111111111111111111111111111111111111111101111101110000010110001101111011111111011011111111111111111111101011111100111111000
11111111111
111111111111111110111110
11111111111111111111111111011111110111110111111111111111111111111111111111110011111111111011111111111111111111111111111111111111111111111111111111
111111111111111111111111111111111111011111111111111010111111111
111111111111111111111111111110111111111111111111111
111111111111111111111111111111111111111111111111111111111111111111111111111011111111011111011111111111111111111111111111111111111111
1111011111111011111111011111011111111011
1111111111111101111111111011111111111111111111111111101111111111111111111111111111111111110111111111111111110111111111011110111101111111111111111111001001101111111011111111111111111011111111111111111101111111111111111111111111111111
11111111111111111
11100111
111111111111111111101111
111111111101111111111111111
1111
011111111110111111111101111111111111111111111
1110001
111111111111111111111111111
0000000010000000010101001100000000000101111101110111000111010111111
11111111111
1010011111111011101111010101111110110000001
11111111111111111111111111111111111111101111111111111111111111
11111110111111111111111100011
1111111111111111111111111111111111111101111111111
1111100111110011111111
1111111111110110011111111111111111111
1111111011110
11111111111111111111111111111
010000000110110000
111111111
010001110000001010011101100000110001110000100100000
111111111111110111110111111111111111111111111111111111111111111111111111111111111111111111111111111111111111111111111111111111111001111111111111111111111111111111111111111111111110111111111111111101111111
1111111111111111111111111111111111100111111111100011111111111111111111111101111111111011111011111111111
10100
11111111100100101011111110111001111111110110110011101111001110111111110101000000110100001011111111111001111010111001111001111011110101111001110000111011110011101111111
10111111111111101111111111111111111111111111110111111111111111111111111111111111011111111110111011111111111111
11111111111011111111111111111111111111111111111111
1111111111111111111000111101000001111011110010111010000011011110101111110010011110010100000111100011000001111110111100010000000011101111111111111111011110111110111111111110111010111111000011011111110111
001111111110111111111111101111110100111111110111011111110111111111111111111011111011001111100110111111111111001011000111100000000011111110111100111111111111011101110001101111111
01101000111101011000101011001010001011111110111111111001111111111101111111010000010110100001111000010111111111011011011110011011100011100100111011011110111
11111111111111111111111111
111111111110101111111111111111111111111111111011111111111111111111111111111111111111011111011111111111111011111101111111
111111111111111111111110111111101
11
1111111011111111111111111111111111111
111101101
11111111111111111111110111
