0100
111111
0100101010111000
111
1
111110011001101101011010
1
1
1
01
00000
10111
0
1111
111
11111
1
00000110011
1100
00
00
11
111
10
1
1
0111101
0
1100
10110001101
0
1101
00
11
111
11010110
111111
001110010
0100111
11
001
0
00
10
1
1
00
1
0
1
11111000111
1
11101
1
0
11
1110
1
01
0
1
1
0111011
1
111
00
11111111
1
1
011
111110
0
011111
11
1
0110
0111000
1
111111
111
10
111
1
111
1
11
1
0
0
000000000
1
1
1
0
1
1
111101000
11111
1
10
0
1
111
1
1111
11
11
11101
00
1
11
01001
1000
0
1
011110111
010
1111
111111
0
0
10
1
11
000000
1
1
1110
1111
11000110110001
1
101
1
0111
000
0
1
1
001
1
11
101
110101011
1
00
0
1
11
000
1
1
0
1
11
0
1
011
1
001
1
0
11
1
11
01011
111
1
1
0
00
10111
10
1111
10
100110101
1101111
0
11
1
1011101111001111100
11
011111
01010011111001
00
0
0
010
0
1101
1
1
1
111
1
0
011
00
0110001
0
0
1111
10011010111
11
0
1
01
1
0000001
0011
1
0011
0110
1
01
000
1
1
1
0
11
0
1
01
11
00100
1
1
1
1
011101101
1
0111
1
1100111
1
11
01
1
11
011
01001011
11
1011
10
01
0
00
00
1
0
110
110
1
1
1
1
00
00010
1
11111111
1
