00000
000
00
0
101
0001000
0
00000
000
0
0010
1001
0
0
00000
000000
00010
0
00010
0
0
0
000000
0
0
0
00000
0
0
11
0
0
0
0000
00000
0
001
0
0
0
0
00000
000
0
0
0000
00100
0
0
000
000
0
0
0
00000
00000
0001
00000
0000
00
0
0
000000
0000
11001000
0
0000
0
000
0
111001
000000
0010
0
0000
00000000
0
0
0
000010
0
0
0
100000
0
0
0
0
0
000
0
0
00000
0000
1
000010
000
1
0
0
1
0
0010
0000
00
0
0011
01110
0
001
0
0
10
00
0
0000
000000
00000
11011
01
0
0
0
0
0
000
0001
0
0
0
001001
0
000
0
0
0
0
0
0
00
000
0
00100
0
0
1
00000
000
0
01
0
0
000
0
0
0
00
0
0000
0000
000000
0
000
0
0
0
000
0101
000
01000
10010010
0000000
00000
0
0
0
1111
0
00001
000000
0
0
0101
1
0
0001
00100
00000
0
0
00000
0000
0
0
01
00
0
0
00101
0
0
0
0
0000
0
000
0100
1
0000
0000
0
00000
1
001
0
0
0
000000
0
00100
00000
0000
0
0
0
0000
00
00000
0
0
0000
101100
1
0000
01001
0
100000
00001
0
1
0
0
0
0
0
0000
0000
0
000000
0
0000
000001
0
1001
0
