011111
111011
111111
1111111000101111
1111
1
11111
11
010000111
11
0
111
111111111
10111000101
1
00
00000110001011000110
10
0
101011000100001
11111111101110111111100110101110
011111111101110
000011001000000000110
111
1110
11111111111
10101
0101
1111110110100111110
1
1
111
1
01101
111001
11111111
11101
11111111110011111
11
1
111
111
1001
1111
11
0101
111
11
011111
11111010100111
1111
11
1111111111111111001101110100000011011110
1
111011111111100111111111
10
11
1011
11
1001
11110
101111
111
10
101
1111111
000000000011
1011
01
11111
111100011
111101
11
111111
1111
0111111111110100101101
11111111111111
01011
1
11
1
00
100001
000100000000
01100
11
0111110101
11011
1
10
0110111111
00111
111
10101011
11
11111
1111101111101010000111
111
11
11
11111111111
1111
11
0
1
1101111111101111
0000001000010100000000100000000000000000001000100
111111011
0
1111011
01111011
110
111
1100001111100010111
1
0011
1
111
1111
11011
1001
1
111
011
1
11
1111111
101
111011
0
0111111000000001000100000
11111
101111011
1101
1
1
1
111011011
11111
1110111
11101
111111
1111
111
1111
1
101110101110
1111
10
010111
101010
0111
111
010
111111
0111
0011
1111101111
111
111
11111111
01010001101111
1
111
11111
0
1
001
111110
1110011
111111
11
011
11
01000111
101
11111
1111
11
10
000
1111
1
1101
1
11101100100101011
1
1111100101
111
1011
110000101
11
0
11
111
100111011
111
1
111
1
1110011011
1110
0
1011
111
0
01001
1011
11111
111111111
1000000010
1
11101111011111101
0011
111100
111
111
