001110101111
1100101
11000010
111
0011101
111001001
01011110110110001111
1011011
1100
0
11
01110
1110000
110100100
01
001
0000
11
0
011
001101101
1
01100100
10011001
01011
010000010001011
0
0111
1111
00111
011111
1
011001
0
000111
011110010
11
10000
0
101
01101111001
0
1110010
00010
1111110
0
0
111
00001
111101
0
0
011101111011100
00
1010
1111111001
0100011
1100010
11
11101101101
11
1111
1
111
1110101100
110111111
000011
10010101
1111
111101
110011011
111
1111
10010
0
0011011
1111
1111
0011111
0
010001110010
01011
1111
0
111
0011
0
11111111101111
11100
111111100001101100
11110
00000
1
10011011101
0000
101001
0
01011
0
11
111
1
1111001
0111
0
11011000001
000000000000
101100
1011
1
0
01
011010
0011
1
00111
1111111101
1
011
0
11
000001
101110
11010
111101
010011001
1
1111111001
0
1111
111100100
110
111
0
1
1
0100000001
1010001
00111010101
01000
100100
10100
111111110101001
010
111110
1111000
0
1
0
11111001101
1101
1111101
10
101
111111
0110111111
110
0
0
11
1000
1
1
0101
1
0110
01111111
1011000
11111
111
11
10011
1
1010100101
0
010001
10101001
1101101
0
000
101001
000001
010100
0001
011
010110
0110
01111111101
111101101
0111
1
0
101
1
0
1000101
0100
0
01011
11101011111
111
111010
1111100101111100
10110011
1
011
10
10
0
00101001
001111
1111011
1111111110
01
00
001
10011
11
01011
111101
010011
1011101
11
11111101
101110001
101011100
1
000000000
1
110
1
1
00010101
100010
0000000
1111110111111010
1111001
01
01
0
0111
1
1011
00111111
00
111110
10111
110111011111100
111111
00
111
110
1000101
1101001101
1
111101001
0
011
0110111
1111011
1011011
000
1
0
000011
00
0111
01
0
1110011
0
1111111
11
111101001
001100
0101
0
1111011011
11
11110101
111100111110011111010
10
0101
1
00
0101
000
101111
1
1
0
1101101111
001001
10101110
11101
0111
01110011
111101
01
1010111
000001
10
