111111111111101001111111111111110011111111111111111111110
11111111111111111111111111111101111111111111111111111111111111111111110111111111111111111111111111111111111101111111111111111111111111111111111111111111111111101111111111111111111111111
111111111111111111111111
11111111111111111111111111111111111111111111111111111110111111111111111111111111111111111111111111110111111111111111111111111111111110111111111111
1111111111111111111
111111111111111111
111111111111111111111111111111111111111111111111111111101111111111111111111111101111111111111111111011111
111011111111111111111111111111111111111111111111111111111111111111111111111111111111111111111111111111111101111111111111
11111111111111111111111111111111111111111111111111111111111111111111111111111111111111111111111111101111111111111111110111111111111110111111111111111101111111111111110111111111111
111111111111111111111111111111111111
1111111111111
11111111111111111111111111111111111111111111111111111111111111111111111111111011111111111
1111111111111111111111111111111111111111111
1111101111111111111111111111111011111111111
0111111111111111
11111111110111111111111111111111101111111111111111111101111111111111111111101111111111111111111111111011111101101111011111011111111111111111111111111111111111111
11111111111111111110111111111111111011111111111111111111111111111111111111111111111111111011111111111111111111111111111111011111111111111
11111111111111111111111111111111110111
111111111111111111111111111111011111111111
1111111111111111111
111011111111111111111100111111111111111111
1111111111111111111111111111001111111111111
111111111111111111111111111111111111111111111
111111111111111111111111111
1111
10111111111111111111111111111111101111111111111111111111111111
11111111111111111011111111101111
1111111
1111111111111111111111111111111111111111111111111111111101111111111101111111111111111101101011111001111111111111111111111111111111111111110111111111111
1111111111111111
11111111111111111111111
1111111011111111111111111111111111111111111111111111111111111111111111111111111111111111111111111101110111111111111111111111111111111111111111111111111111111111
11111111111111111111111111111111011111111111111111111111
001111111100111011011
1111010111111
111111111101111
111111
1111111111111111111111111111011111111111111111111111111111111111111111111111111111111111111111111111111111111111111111111111111111111111111111
111101111111111111111111111111111111111111
1111111111111
11111111111111111111111111111111111111111111111111111101111111111
111
111111111111111111111111111111110111111111111111111111111100011111001111011000111110111111110111111111111111111111
1111111011111111111111111101111111111111100111111111111111111111110111111111111101111111111111111111111111111110
11111110111111111111111111111011111111111111111111111
11111111111111111111111111111111111111111111111111111111111111111111111111111111111111111
111111111111111111111111111111
11111011111111111111
1101100011111111111111111111111110111111111111111111111110111
111111111111111111111111111111111111111111111111111111111111111111111111111111111111111111111111111111111011111111
111111111011111111111
1111111110011111111100111
11111111111111111111111111111111111111111111111111111111111111111111111111111011101111111111111111111110111
11111111111111111111111111011111111111111111111111111111001111101110011111110111111
11100
1111111
11111111011111110111111111111111111111111101111111111111111111111111111110111111111111111111101111111101111110111110111111001101101111111
1111111111111
1111111111
11111111111111
11111111111111111111111111111111
11111110
1111111111111011111111
1111111111111111111111111111111111111111011101111111111111111111110111111111111111001111111111011111111111011111111111
11111111111111
111111111111111111111111
0011100111
1111011
11111111111111111111111111111111111111111111111111111111111111111111111111111111011111111111111111111111
11111111111
0
1111110111011011111
111111111110111111111111111111111111111111111111111111111011111111111111111111101111111111111111111110011101111111111111110111111111111111111111111111111111
1111011111111111111111111111
1111111111111111111111111111111110111111111111111111111111111111111111111111111111111111111111111111111111111111111111111011111111111111111111111111111111111
1111111111111
111
111101111111111111111111111101111111111011111111111111
1111111111111111111011111111111011111111111111111111111111
111111111111111111111111111
0101111101111111111111111111111111111111111111111111111111
111111111111111111111111111111111111111111111111111111111111111111111111111111111111111111111
11111111111111111111111111111111111111111111110101100000110111111111111111111
11111111111111111111111111111111111101111
111111111111111111011111111111111111111111111111111111111111111111111111111111111111011111111111111111111111111111111111111111111110111111111111111111111
1111111111
1111111111111111111111111
1111111111111011111111111111111111111111
1111111111111111011111111111111111111111111111111111111111111111111011111111111111111111111111111011111111111
11111111111111111101111111111110111111111111111111111111
11111111111111111111111111111111111111111111101111111111111111111111111111111111111111111111001111111111111111111111111101111111111111111111111111111111111111011111111
11111111111111111011101111111
11111111111
11111111111111111111111111111111111111111111111111111111111100111111111111111111111111111111111111111111111111111011
1111111111111111111111111111
1111111111011111
11111111001111111111111111111111111111111111111111111111111111111111
11111111111111111111111111111111111111111
1111111111111111111111111111111111111111111111111111111110111110110011111111111111111111111111101111111111111110111111111111111
11111111
1111111101
1111111111111111111101111111111111111111111111111111111111111011111111111111111111111111111110110111110111111111111111111111011111111111011111
111111111111111111111111111111111111111111111111111111111111111101101101111111111011111011111111
111110111111111110101110111111110110
11
11111111111111111111111111111111111111111111111111111111
11111111111111111111111111111111111111111111111111111111111
11111111111111111111111111111111111111110111111111111111101111111111111111111111111010111111111111111111111111111111111
111001111111
1111111111111111111111111111111111111
11111111111111101111111111111111111111111111111111111111111111011111010111111111111111111111111111111111111110111111111
111111101111111111101111111111111111111111111111101111
11111111111111111111111111111111111111111111111111111111111111111111111110111111111111111111010111111
11111
1111111111111111111111111111110111111111111111111111
1
111111111111111
111111111111111111101111111111111111111111111111111111011101111111111111111111111110111111111111111111111111111111111111111111011111111111111101111111111111111111111111111111111111111111011111111
1101111111111111111101111111101111111111101111
11111111111111111111111111111111111101111111111111111111111111111111111111111111110110111111111101111111111111111110101111111111111111111111111111111
11111111111111111111111111111011111111111111111111111111110111111111111001111111111111101111111101111111111111111111111111111111111
111111111111111111111
111111011111111111111111101111111111111111111111111111111
1111111011111
111111111111111111111111101111111101111111101011
1111111
11111111111101111111111111111111111111111
11111111011111
11111110111111110111111
11111111111011
11111111111111111111111111111
11111111111111111111111111111011110111111111111111111
1111101
11111111
1111011111111
11111111101111111111111111111111111111111111111111111111111111111111111111110011111111111111101111111111111111111111101111111111111111111
01111011111111111101111111111111011111111111111111111111111111111111111111110111110111111111011111111111011111111111111110111111111111111101
1111111111111111111111111111111111111111111111111111111111111111111111111011111111111111111111110111110111111111111111111111111111011
11111111111011111111111101111110111110111101111111
111111111111111111111111111111111111111111111111111111111111111111111011111111111111111111111111111111
01111111111111111111111111111111111111101111111110111111111111111111111111111111111111111111111101111111111111111111111111111111111111111111111111
1101111111111111111110111
1111011111110011111111111111111111111111111111111111111111111111111111111111111111111111111111
11111011111011111101111111
111111111111111111111111111111111111111
1111111111011111111111111111111111111111111111100000111111111011111111111111
11111111111111111111111111111111111111111111111111111111111111111111111111111
111111111111111111110
11111101111111
11111111111111111111111111111111111111111111111111111111111111111111111111111111111111111111111111111111111111111111111
1011111111111111111111111111111110111
111111111111111111
11111111111111111111111111111111111111111111111111111111111111111111111111111111
11111111111111111111111111111111111111111111111111
111
1111111111111111111111111111111
1111111111111111111111111111111111111011111111111111111111111111111111111111111
1111111111111111111111111111111101111111111
1111111111111111111111
111111111111111111111111111111111111111111111111111011111111111111011111111111111101101011111111111111111101111111110111110
111111111111111111111111
101111111111111111110101111111111111111111111111111111111111111111011001011101011111111111101111111111111110111111111111
1111111011111111011011111
1111111111111111111111111111111101111111
111111111111111111101110111111111111
11111111101111111111011111111111111111111111111111111111
11111111111111111111111100111111111111110111111
1111111111011111111111111
1111111111111111111111111111111111
111111111111111111110111111111111111111111111110110111111
11111111111111111110011111111111111111111111101111
111111111111
11111111111011011111011101
11111111011111111110111
1
1111111111111111111111111111111111111111111111111111111111111111111111111111111
111111111111101
1111111111111111111111011111111111110111111111111111111111111111111111111111101011111111111111101100111111111111111111111111111111111111
0111111111111111111111111111111111111111111111111111111111111111
11111
1111111111111111110111111
11111110110101110111110111111010111111111111111111111101
11111111111111111111
1111111111111111111111111111111111
0
1111111111111011111111111111111111111111111111111111111111011011111111111111111111101111111111011111101111101
111111111
11111111111111011111111
111111101101111111111
1111111111111111111111111111111011
11111111111111111111111111111111111111111111111111111111111111111110111111111111110111011111011111011111111111101
011
11111111111111111111111111111
11111111111111
11111111111111111111111111111111111111111111101111111111111111111111111111111111111111111111111111110111111111111111111111111111111111111111111110
11111111111
11
101111110111
111111111111111111111111111111111111111111111111111111111111000001111111101111111111010111111111111011001111111111111
11111111111111111111111111111111111111111111101111111111111111111111111111111111
11111111101111
1111111110111111111111111111111111
11111111111111111111111111111111111111111111111111111111111111111110111111111111111111111111111110011111111111111110111111111101111111
111
111111111111111111111111
110111111111111111111111111011111111111111111111
11111111111
0
1111111111111111101111111111111111
11111111111111111
1111111111111111111111110000001111111111111
1111111111111111111111111111111111111110111111101111111111011111111111101111011111
1111110111111111
1111111111111111111
11111111111111111111
111111111111111111111111
11111111111
11110101111111111
111111111111111101111111111111111111111111111111111111111111111111111111111111111111111111111111111111011111111111111111111111111111111111111111111111111
11111111111
11111111111111111111111111111
0111101111111111111111111111111110111111111111111101111111111111111011111101111100111111111111111110111111111111111111111111111111111111011101111101
111
111111111111111111111111111111111111111111111111101101111111011111111111111111111111111111101110111111010111111111111011111
110111111111101111
111111111111111111111111111111111111111111111111111111111111111111111111111111111111111111111111111111111111110011011111111111111111111111111111111111111111111111111111111111111111111111111011
11111111111111011
111111111111111111111111111111
11111101011111
111111
1111111111111111111111111111111111
1111111111
1111111111
11110111111111111101101011110011111111
11111111111111111111111111111111111111111111
11111111111111111111110111
111111111111111111111111111111111111111111111111
11
11111011011100000000000100101011011110101001010111111110100111111111111111101100000111101100010000001000001001010
111111101111111110111111111111111111111111111111111011111111101111111111111111111111111111111111111111111111111111111111111111111
1111111
11111111111011111111111111111
11111111111111111111111111111111111
111111111111111111111111101111110101111111111111111111111111111111111111111111011111110111111111111111111111111001011111
11111111111111111111111111111111111111111111011111111100001011111111111111111111101001011
111111111111111111111111111111111111111111
111111111111111111111111111111111111111111111101110111111111111111111111111111111111011100111101010001011011110111111111111110111111111111111111111111
111111111111111
1111111111001111011111111111111111111
111111111111110111
1111111111111111111111
11111111111111111111100101111111
111011111111111111111
1111111110
111111011
1111111111111100110011101
11111111111111111111
0111111111101
1100011111111111111111111111111111111
111111
11111111111111101101111111111111111111111111111111111111101011111111
1111111111111111111111111111111111111111111011111111111111110111101111111111111111100000000110110111111111111111111011111111
11111111111111111111101
1111111001
1111111111111111111111111111111111111111
111111111111111111111111
1111111111111111111111111111111111111111111111111111111111111011111111111111111111111111111101111111111111111111110111111111111111111111111111111111111111111111111111111111111111
1111111011111111111111
11111111111111111111111
111011110111010010001100
101111111101011111111110111
111111001
11111111111111111111111111111111111111111111111111111111111111111111111111111111111111
11111111111111111
1111111111111111111111111111
111111111111111
1111111111111111111111111111111111111111111111111110111111111
111111110101110011111111111111111111011111111111111011101111111111111111
1111111111111111110111111111111111111011111111111111111111110011111111111111101111111111011111111101111111111111111111111111111111111111111
111111111111111111111
1111111101111111
11111111111111
11011111111111111111111111111111111111111111111111111111111111111111111111111111111111111101111111111111111101111101111111111110111111111111111111111111111110111111111111111111111111111101111111111
000111011111111111011010111111
11111111011111111111111
01111111111111111111111111111111111
11111111111101011010010111111111111
1111111011111111111111111111111111111
1111111111111111111111111111111111111111111111111111111111111111111111111111111111111111111101101111111111111110
1010111111111111110111011111110111111111101
1111111111100101
111111111111111111111111111111
111111111111111111111111111111111111
1111111111111110
1111111101111111111111111111
111111111111111111111111111111111111111111111111111111111111111101111111111111111101111111011111111111111111110111111
111111111111111111111111111111111111111111111111111111111111111111111110111111111111110111101111
1111111111111111111
111111111011111111111111
111111111
11111111111
111111111111111111111
11111111111111111111111111111110111111111111111111111
11111111
11110110111111111111111111111111111111111111111111111111111111111111010111110111111111110011111111111110111111111111111111111111111111111
111111111111111
11111111111111111111111111111111111111111111111111111111111111111111111111111111111111111111111111111111111111111111111111111111110111111
11111111111111111111111
1101111111111011111111111111111111111111111111111111011111111111111011111111111111100111111111011101111111101
11111111111111111111
1111111111110110110
00011110101111110110111111111011111111111111111
111111111111111111111111111111111111111111
11111111111111111111
111111
1111111111111111111111111111
11111111111111100
111111111111111111111111111110
111111111111111111111111111111111111111111111111111111111111111111011111111111111111111111111
111111111111111111111111011111
111111101111111111111111111111111111111110111111111111111111111110111111111101111111111111111111111111111111111111111111
111111111111111111111111111111111111111111111111111111111111111111111111111111111111111110111111111111111111111111111111111111111
1
11111111111111111111111111
11111111111111111111111111111111111111011111111111111111111111111111111111111011111111111111111111111111111111111111111111111111111111111
11111111111111111111111111111110111111001111111101111111111111111111111101111111111111111111111111111111111111111110100110111111111111111111111111111011111110111111111111111111111111111111111111101111111111111111110111111101110101
111111111111111111111111111111111111111111111111111111111111111111111111111111111111111111111111111111110111111011
111101111111001111010001011110110101111111111111111
111111110111111111111111111111111111111
111111111011101111011111101111111111111111111111111111101111111111111111111
11011110111111111111111111111111111111
101111111111111111
10111111111111
1111111111
1111111111111111111111111111111111111111111111111111111111111111111111111011111101111110111111111111111111111111111111111111111111111111111111
0
11111111111111
1
1111111111111111111
1111111111111111111111111111111111111111111111111111
111111111111111111111111111111111111111111111111111111111111111111111011111011111111111111111111111111111111111111111111111111111111111111
11111111111111111111111111111
1111111111011
111111
11111111111
1111111111111111111
1011101111111111
1111111111111111111111111111111111110111111111111111111111111111111111111111111111111111111111111111111111111111111111111111111111111111
01101111111111111111111111111111111111111111111111101111111111111111111111111111111111111111111111111111111
11111111111111111111111
111110111111111111111111011111111111111111111111111111111111111111111111101111011011111
111111111111111111111111111111111111111
111111111111111111111111111111101111111111111111111111111111111111111111111111111111110111111111111100101111111111111100111101111111111111111111111111111
11111111111111111100111111
1111
1111111111111111111111111111111111111111111111111111111101111111111111111111111111101111111001111111111111111111111111111111111111111111111111111111111110111
11111111111111111111111111111111111111111111111111111111111111111111111111111110111111111111111111111111111111111111111111111111111111111111111
11111111111111111111111111111111011111111111111111111101111111111111111111111001111111111111111111111
1111111111111111
111111110111111111111111111111111
11110111111111111011111111111111111111
11111
1101111111111111111
11111111111110111111111
1111
111111
1111111
111111111111
111111110011111111111
11111111111111111111101111111110111
11111111111111111111111111111111111111101111111111111111111111111111111011101111111111110111111010111110
111111111111011111111111111111
1110111111111111111
111111111111111111111111
11111111111
01111111111111111111111111111111111111111111111111111111111111111111111111111111111111111111110111111111111111111111111111111111011111111111111111111111111111111111111111111111111111111111
1011110011011101111111111111111110
11
1111111011110111111111111111111111111111111111
1111111111101
1111111111
0111111111111111111111111111
111111111111111111111111111111111111111111111111111111111111111111111111111111111111111111111
111011111111111111011111111111111111101
11111111111111111111111111111111111111111111111111111111111111111111111101111111
1111111111111111011111111111111111111111111111111110111111
01
11111111111111111111111111111111111111111111111111111111111111
1111111111111111111111111111111111111111111111111111111111111111111111111111111111
111111110111111110111111111111111111111111111111111111110111111111111111111111111111101101
11111111111111110
1111111101111
1011111111111011111111101111111111111111111111111111111111111111111111111101011111101111111110111101111111111111111111111111111111
1111
111111110111001110010111111111111111
111
110111
1111110011111111111111111101111111111
111111111111111111111111111111111111111111101111111111111111111111111111111011111111111111111111
111111111111111111111
111111111111111111
1111111111111111111111
11111011111111111111111111
111111111111111111011111111111111111111111111111111111111111111111111111111111111111111111111111111101111111111111111111111111111111111111111111111111111111111111111111111111111111111111111111111111111111111111111111111111111111111111
1111111111111111111111111111111111111111111111111111111111011111111111111111111111
1111101111111111111
1111111111111111111111111111111111111110011111111111111111111
11111111111
111111111111111111111111111111111111
11111111111111111111
11111111111111111111111111111111
0
1111110111111111111111111111111111111111111111111111111110111111111101111111111111
0111111111111111111111111111111111
1
1111111111011111111
11111111111111011111
10111
111111111111111111111111111111111111111111111111111111111111111111111111111111111111111111111111111111111111111111111111111111111111111111111111111111111111111111111111111111111111111111111111111111111111111111111111111111111111111111111
1111111111111111111111111111111111111111111111011111111100111111101100111
1111111111111011111111111111111111111
1111111111011101
111111111111
1110111111111111111111111111111
111111111111111111111111111111111111111101111111110111111001011011111110101100111111010
1111111111
11111111111111111111111111111111111111111111111111111111111111111110111111111110110111111111111111111111111111111111011
11111111111111111111111111111111111111111111
1111111111111100111111111111111111111111111111
11111111111111111111111111111111111111111111111111111110111111111111111111111111111111111111111111111111111
11111111111111111111
111111
111111101111111011011111000100001011111111111111
11111111111111111
0
11111111111
1111111111111111111111111111111111111111111111111111111111111
11
1111111
11111101111111111111
1111111111111111111111111111111111111111011111111111111111111111111111111111111111111111111111111111111111111111
1
01111111101111111
111111111111111
1111111
11111111111111111111111111111111111111111111
111111111
1111111111111111111111111111111111
101111111011101111011
1111111111111
110110
1111111111111111111111111111111111111111111111111000011101111111111111111111111111111111111110111110011111111111111111111111111111110110111111111111111111
11111111101111111101111
1
1111111111111111111111101111111111111
11111111111111111111011111111111111111
111111111111111111110111101111111111111111111110
1111111111111111111111111101111111
11111111111111111111111111111111111111111110111101111111111111111111111111111111111111111111111101111111110111111111111111111111111111111111
111111111111111111111111101
11111111110111111
101111011100
1111111111111111111101111111111111111111111111111111111111111101111011101111111111111111110111011101111111111111111111111111111111
11
11111111111111111111111
1111111111111111111111111111111111111111111111111111111111011111111110111010101111111111111111111111101111111111
11111111111111111111111111111
111111111111111111
11111111111111111111111111111111111111111111111111111111111111111111111111111111111111111111110111111101110111111111111111111111111111111
11111111111111111111111111111111011111111111111111111111111111111111111111111111111
1111111111111111011101011
11111111111111111111111101111111111111111111111111111111111111111111110111111111111111111111111111111111111111111111111111111111
111111111111111111111
1111100111111111111111111111111111111111111111111111101111111111111111111111111111111111111111111111111111111111111111111111111011101111111111111010111111111111111111111111111111110111111111111111111111111111111111111111111111
11111111111111111111111111111
111101101110101100
1111111111111111111111111111
10111111110111110111111111111
11111111111101111111111110111111111
1101011
1111111111111111111111111111111110111111101111111111111111111
10111111111111111111111111111011
1110111110110111111111111111111110
11
111111111011111111101111111111111111111111111111111111111111111111111111111111111
11111111111111111111
1011111111
1111111111111111111111111111
111111
1111111111111111111111
1101111111111
1
1111101111111111
11111111111111111111
1111101
1111111111111111
1111111100101111111111111110110000111101111111110101111110
111111111111111111111111101111111111111111111011111111111111111111111111111111111111111111111111111111111111111111111111111111111111111111111111111111111111111111111111
111101111101111111111111111111110111111111111111111111111111
11
1111111111111111111111111111111011111111111111111111111111111111111111111111101111111111111101111111111111111111111111111
11111111111101111111111111111111010110111111111111111111111111111111111111111111
111111111111110111111111
1101111011111111111111111111111111
11111110101111111111111111101111111111111111111111111111111111111111111111111101111111111111111111111111111111111010111
0111111111111111101111111111111111111111111111111111111111111111111110011011011111011111111111011111101111111111111111111111111111011
11111111111111111111111111111111111111111111111111111111111111111111111111111111111101111111111111011111110111111000111
1111111111
11111111111111110111111111111111111111111111111111111111111111111111111111111111111111111111111111111111111111111111111111111111111111
111111111111111111
111111111111111111111101111111
1111111111111
1111111111011111110110101
