010
11100
1
11011111
00
1
0000100
1
00
1000110
1
1101
1
1
01
1
11
11100
1
0110
0
00011
1
1
001
111011
101
1
0
1
0100
0
1
0000001
001
11110
10100
01
1
11
110010000
000
0
01
0
10110
1
100
1
11
10
0100
011
0000
111
11
001
10110
1
1100
101
0
00111
1
111
1
0110
011011
1101
010
1
1
111
0111
10011
11
101
0010
11111
0
0
0
1111101
1100
11
11
0101
1100
00
000101
0
010000
000
0
011
1110
1
1
1101
10
1
111
1
1
0011
1111
1011
0
101
01110111
1
0100
01
1110
11
000
010
0
1
1
111111
0
001
1
1
0
0101
0
1
11
0
0000
110
1
0110
11111
111
0
1
10
1
1
0
001000
1
100
1
111
110
1
0000
0011
010111
1110
0010011111
111
11011
0
1111
1
1
01
11
1011
111
1
11101
0011
00
11
1
110011
1
0
0
11011
100110
0101110
00
001
11110
1
1
0
11111
1
001
1111
01
0010
011
0111
01
011
1
1
1
11111
110
1
0110
10
1001
1
1101
11101
010
10101
01
00110
1
111
01011
10
110001
1101
010111
001101
0100011
01
0
0
100
0000
1101
111
01
0001
1
1001
00111
1
11011
111
0
011010
10
11
0100
1
10
10111
110
1
01
0
10
11
100000111
11
001
11
1
10
0110
0
11
0
0
1
01011
010
101
011
1100
10010111
01
