11110101111111
1100110110111111111111111101111111111111111111111
10110111010001111011000110000101010111010010
1
111011111110100010101111011
111111001111111111111011111111111111111110010110111111011111
110111111111111110111111111111111
111111111
111111111101111111111111111111111110111110101110100111111111110
1111111111111111111110111110101111111
11110111
1010110110011111101101111111101
1011100111111011011111111011111111
110010100110100101111011110101
0
1011010111
11100001100
10110010000111000010111101111111111111111111111101111011101001011111111101101101110111100100001
0
111111001101011111111111111111001011110100000101101101110011001
111
00
111111111001111111111
01111101011101111111
10111111111111110111
1111101111111
1110101011110111110010011111111
111111111111111111111111111111110011111111111111111111001101
1111111111111
01
1111111111111111
110111110111111111
1111111111111
011010010010001000010111011110010111101111
111111111111111111111
00111
111101111110111111111111111111111111111111101110111111011110
1
1
1110100010111111111110111
111111
1111111111110111111111111
1111111111011111111111011111111
1111111111
10010101111111001111
1111010110111010111111111
100
1111111111011
111111111111111
11011111110111100101111111
01
110100111101111110101101101101011
111111111111111101
11111111111111111111111111111101111111111110111111110110111111111101010
1011111111111111101111111111111111111111101011011011111111111111111
11111111111111101111111
10110101111111100111111
111111
01000100001111110011011011111111111111
11111111111111111111111111111
1111111111111111111111111111110111111111111111111010011111111111111111111
11111110100011111110101110000000010011110111101101001
011101111
1111111111111111
111100111
10011101111111111110111
110111101
1111101010010110111101110100100011000101011
11111010010111111011011111010100111111111111101100010001000
111111111111111111111111111111111111111111111111111111111111110111111111111
1111111111111111111
11010
1000111111100001111111111111111
111111111111111111111111111111111111111111111111111111111111111111111111111
111111111111111111111
0010100101011111100011111111111011011
101111110111011110110010111111111111111101101000101001110110111111111101111111111
101101111111111111111
111111111111111
111111111111111111110111111111111111
111110011111111111111111
1110111
0110010010100010111010000100010111111001
1111111111111111111
011111111011101111111
11111110000000110
111111111111111
111111111111111
0
1111111111111111111111111111111111111111111111111111111111111111111111111
1101011111111011111111110001111010011111111
111111111111111111
011000101111111100100100101101010000101100
110
1111001111111111111111
0111110
10101
0
11110101000111
111110011
11111111111111111111111111101011111111111111111111
11
0000111111111011110111
11111111111111111
1111111110100111111101
01111110111111111
1111110011011
11111111101111111111111111
1111111111111111110011111111011
00111101111111111111
1111111111111110011101011111111111111111111
1111111111111111111
10011011111111110111
1101111111111111111111111111111111111111111111111111111111111111
1
1011111111111111101111
111111101101101111111111
111111111
0111111111111111110011111111110110111110
111011111101111111111111
11111110011111111111011111
111111111101111111111111111110111110001111111111111111111111110111101001111
1100
011111111
111010111101101
0
00010100100100111011010010111111001
0011110101000011110111111111111111111001
11111111111111111111111101101111111111111111
011101
11111111111111111111100
101111101111111111
0
1111011011011111111111111111
11111111111111111111111101110111111111111111
11
1
11101100111
111111111
11111111111111111
1101001100010111111111110
1111
11111111111011111111111110111111111111111111111011011
11111011
11111101100
1111111111111111111111111111111101100111111111111110
11111111
1111111111111111111111111111
1111111
10000111111101111111
01
1111111111011101011111111110101101111111100111001111110011111
0
10111111111111111
111101
100010111111111111111111111
0101111111101111111111
0
101110001111111111111
111111111111111111111110111111111010010101111111110111
111111111111111111
11101
111111111111111
1111101111111111111
110111110
1110111
1111
11010111111011111111101
111111111111111
0111111111111111111111111111111111111111111111111101111111111111111111111111111111111111111101111110
1
10111111111111111
11111111111111111111111111111111111110100111111111111111101111011001111
111111111111111111111111111111111111111101111111111111110111111111111111111111
1110101101011000101101001100111
00000100
11111101111110111111111111011111
1
1111111111111111010
1101011010000110010111011011100101
11110101111101111111
111111111011111111111111
11110100111011011110111
00010010001101011001111011011011011111111110111111011111110101101
111111111111111111111110110111111111110111111111111101111111111
01111111110111111111111
0
11111111
111
0111111111111111
1111111111111111111111111111111111111111111111111101110111111011111111111
111111111111111111
110111111011
011
11111111111111111111111011111
01101111111111111
10010111011111011110
1111111111101111111
1011111111111111111
0101100011111011111111111110000000001110100110101111100110
1110111110010111111
1111
11111000111111111111110111111111111110111111111101011
11101111011111000111110
1111111101111111011111111111
1
111101100101110111111010111
11111111111111111111111011110111110111111111111111
100101110100111100110100000000000000000
0
001011101110011101111011111
0
0110001001000111010111101001101110110011110010100100
101111011111011111110111011
111111
0
1011111111101111111111101011111
111101101110110111111001
01111111111111111111111111
0111111111111111111111
101010111011111001111111111
111111
1111111111111111
111001
101011101010111110111111111
0
1111111
101000110101101100110100110111000001000
11001100111
01
0
0
1111111111111111
1111111111111101
1111111101
01
001111111111011111111
1111111011110111011
11111111111111111111111111
1101111111111111111111111111111111001111101
11111111101111111
1111101011111111111
111111111111111111011111111011111111111011111111111111011111011110111011
111000
0
10111111011111111
11011111
0111010110100
1110010111010111111111
1110011011011001
111110101
11111111111111111111101111
01
1
00
0
1111111111111011011011111101
11101111011110111111111111010111001111111111110110011111111111
10111
111111
11111101111011111101111111111111
011001000
1011101110110000100111101110001
111011010011101101011000000100000011
100111001110100001001011110010010110
11111111111111111111111111111111111111111111111111111111111111111011111111
10111
111111111111111
