101100111111011110000000001000111011111111111111101110111101
1001111111111101111
11011110011001001011000111111111111100
01111111100
10001111100101111101111111
1111011111011011110101111111111010
111111111111111111100
111111110011110001111001111
1111111010110100111110111
1111111110010111
011111111
1111
011111110011010001110011111111111101
111101111110111011111111
01110111111
1111111
10111111011111011
110111101111110001111110101000
111111011111111111001000111111111011
1111111111111101111110111111
1111111110111101111100000111101100111100010100011101111
11110011111111111011111011111
001
0111111
1110111101111111111101111010010111
1
111101111111101110111101010
11110111110010110110111111011
1011101111101
001
1111111011001111111011111111111
11110111011111111101000111101110011111
00
1101111111001111111100110000000010111011011011111
110111111011
11111100111011111110011
00100111101101101
1111111
1011111100001101111
1110011111111111101
10001111001110110100011111111101111
11011111111101100101
1
0111110101101011000101111010111111111001011011
11111011111001001101111111111111111111111111
111001111111111111100111001111101100
1
10101101111111110000010111111001110001
1111111111111111111111101
10001111100000
101111111101101111111101
1110
111111111111111111
11011
1111011111011111111001111011100001
001
011101101
1111111
11101
10101111011110111111111111111010011001
11111111111111111110101101111111
111111111111111111011
0
11111111101
11111111111
11111111111111001111111111
1
01111111111101111111101
001110111111
11111111101111111111011111111111000011110
0010111011001101111
11101101
100000111111111101111111
011110111111111001110111110111111111
01111111011111111010100010111
11111
111101100111111
1100111010111000001
1111111011100111111011110111110111
000011111110101110111111111111111000011111110111000111111101
1111111111111101111111111111
011
1000
0111111111011101011011101101111
0
1110111
11111111
110111111111010011111111111
111110111111011011111111111
1
111111111111111
0111011111111111
11111111101111111110111
11111010000000111110111111111000111
1111111111010110011111000101
110111010101011110111111110111111100001000000100000011101111011001
100001111101
111111010111010
1111111101
0
0000010111111111010111111111101
1001111111
1
11111011101
1111111111111000010
0
1111111111111110101111
01000
01110111111
0011111110111100111001101
10001111111011111111100100101111111101
11011111111111101101
111111
1100111001
111111111111100111111111111
000011011111001
111111111011111111111
1111111111110111111111111111111011011
1
1111111111111011111101
1011111101
01111110111
0
11111100101111101
11111111111111
1011111011101110011001001111111111111
11101111011111111111110101111011111111
11111111101111111011111110101
010111001101110111011111101111
1
111101
11101111110000
111111101
11111101111111110111111110
000000000000000000000000000100011111111010111000111001
11110111001101100011111100111
11111111101111110110111111111010111
101111000101100
01111101
10111111111110011111011111111111101111
1111111
1111011111111010111100101111111101011
110101001110110011010011
11111111111111111111111111111101111
1
111111
01111010111111111111
0111111
11111111111111101101100111111111111001
1110111111110
0111111111111101011111111110001
111011011111111111111111111111
111110
1111111011110111111111
0
01111011100111111111011111100111110
110101111111111101110110
1001111110
11111111111111110111011111111
1111110111110111011
111111111111111001111111
11111111111111010111
111111
1111111111111111101
1
1
0
1000111111111111
11111011101111110101111110
111111111111111111
111111111111111101010
1100
11111111111111011010111111111100110
111111111111011110011111110001110
11111111100111111111
0
111101111110111101000011110001110100
1011101011111011011111
00001000100110101011111111100000000110
11111111011
11111111111101111111111101
111111111
0
111111
11111010110111011101010111
1111111111101110100
101111100
1
1111
01011001111001101001000000110000000000110110100001110
1111111111111111111111111111111111111
101111111111111101100001011010111000011
1111111111111011111101
1111011111101110110010111101111110101
11110101111111011000111111111
11111111111111101
11111111011111111111000
0111101101101110011111111111
011111110110001
0111111100111111011011011101
0
11111111101110111101111111111
100011111111101111
1011111111100100110101110111100111011111110111
111111111111111111001
0
1111111111010111101
1111111111111110110
1110111
111111101111111110110111111111
11111101
1001001111111110111111101100001011100111110001
111111101111100
11101111111
0
11111111110110111011000
111111
11101110010000010110000010101011101111
01111011111011111111111100110101111111111111111011111
00
111010111111111
111111111110011101001
01
01101111111111000101011101
11101111011101111111111111
11101
010010100101110111
1100011111111111111011001111110111101001
1110111111011110110011101111011
0
01011011111100
1111111101011111100111111000111
111111111101111111
10
111111111101011111100111111111000101
011111101001101100100101111111
01111110111111111
00
111111101011000010111011111101111111101
0
111101111111110111111110101
1111110
1110111
11111101111001100111110110110
00111111111001101111110001
101100110111111110100101001011111111
1111111110111111111111000010
111111111
0
11
0111101
110101110111001
10
0
01001111111110111101110101111111111111111
111111011101100101111111011011
011110011111110110001010010011111111110111010
0111011111101100011111011101
111111111110111111
001100111001011111111111111111011000111
1011111101110111111110011111011011010
0011100011101111111101000111010110010100
111111111111111101011100110
100011111101
1011111
