0000010001111110
0111111110111111011011101
0000110111000111001111111
1101100101011111111
1110111111001101
000000101000110110100
110
111111
0011
11000110100100000011000
10000111100100111100111111110011
01000000000000000010000000000000
11101100
0111010011
000111011001111101
11110111001101101110101
0000100000101011000000101
101100110001111111
100011010101111011101101
11011001010111011
11111110101101111111111111111
00011110101
0000111110110111010
1110010111101
111101
01000000000010101101011111011101
1111011100111111011111101110
11111111111111111
101000010010101101011100
0100000000
1111110111111100
0000000101011111000011011001
011111111
11101010111010000
1011110101101111011
1110011
11111110101
110010101110001101101
011111001111
1111100110111011
1111010010101111110101
11111111111
010011011111000001111000
0111111100111
010101001110011111111111110111111111
10111111101111010
11011000000
111101011111100
11101
0111010111101110
1111111111011
0000100010000101001011
101011010011101
01000010000111111001
10010111010101000110001111010
11111111010111111101111
011111010111101
011110011010101110001
100001110011100111011101111101
01111011011001100
01100010101111110
01101011101011
11101100000
0100110100111110
000001011101001011101
1100001000000000
1111111111111111101111
01110001111011011
00011101011111001000100
01010000000010000000000101100111
11110111111001
111101
01111
00000000000
11011110111011111100
1111000101101011
01111011011110110111111111111
1111001001101111110
111111111110011
1111011000001111011111101111111110011
01110010111010111101
0000100000001111110110
01110010100010010001111110111111011111
1110010011011111
1011000011111011111110111101
1101011001111011
1110111
0110011011010001
110010110010100111100
0111001001011101111111011111011
1101011110011001111011111
00111
01111011100
000000000000001100110100101
10110000101111101
0011110111111110
111001111110101
11111011111111110110
0
0111100
0000111
1111101
0111001110110101
00001000100101110010010111101
1110
0111111111110011
1101
1010000000
1111000
11000000111110010
1000110001111110001
001000111001110111010
01
111
0100001101011011111000
000110111011010010011011
00000000000011111010
111011111101
01010000111111101
1111101111111
110100001
11
0110000001001001011111101111
111100111011001
0010111111000011100111
01100001000111111
01100010111110110
01100001010110001
011110111111111100
101001110111100
111011101101110111101
100110111111101
1000101000011010110010
0100100010100001111111
011111111111
11010111101010001101
11111001
111
0110010111011101
10011
110110111111
1111111111111101111111111
111101011
0110011101111001101
10111010111001
01101001111110
1001011010
11101110110101
00100001111011
1111
0111011011110110
11
00011000101111100001
101110111111
111111111011
000000000111011110011111111011111111
10111001101101101011
111111110100001110011101
11100000111111101111101111111111111
0001110110000
10100000100010111111
1010101011101111
1111111111111011111111111101
1111101011101
1
0001000101100000000000000000
111
01100011111110101
01100010011101011111111
00100
01101
01010100000111101011
110110
01101100111101
1100010011111100
11111010
110010100101111
0010001101101010111111
0111110101111110
1100110111111100
11101011111
1011011110100011
01110100010111110111
0010000011110
11101011000
01111001
1110011111101
000000000000
10110010
0101010111101110
110000100011010
10011100111001111
00100
1111101111101110
010100000011111100001
110111101010110011111110110
001000000101011010010
111101111111011
1100111110111
