00111111111110100010
1
0000110001001000000
1110
1111010111100
11110101111100001001010
110111101101010100010
111101001101
0
111110111111110010
101111100000101
0
0
0
1
0
011111000110
11101
111100111100111001111
0011101000111
0
111001100001
1
11101111011
001101010011
1
1111111011001100
011
000
11
0010010
1
1
0
1
111100111110101011
000111
111111101
10110000
1
1111100101111001110110
11011111001100001000
0
011
1
111111111
0
101111
0
1
1111111101111101100101
1
11101101010
1110111101
0
111110111100100001
111111111110
011
1
10101
1011000101101
01110111
11100110
1
1111111110111
11110111110
1010110100000001
111111111111111
11110101010
0
1110
00
11111101110111000110111010
11110110010
11111111110111110111
01
010
01
11110111111111
110
1101010111001100
00
101111101111
11011111011010011010
101110100010
010
011111111
100001011001011111
1
11111111111111111100
0
1
010
11111111111111
1
11
10
101
1111111111111001
0
111101000011
010100010
1110111111110
1
00
1111101110101111
00000
111
11001
1101111111111011
01
11011
010001
10
1111101000111
1
11
110011111010011100
0
111111000
0
10111111100
1111111110101101101000110
11
111011101
011
01111
1
110
1
1
1
01
111111001101000101
0
11001111101100010
11011110110101100110
1111111111111111101
1101111
0
1
0001
0
1011011110011001010
11110101111
1
00011001
00
001101001111110011
11111011
01
1
0
0
111
0
00101
01000000000000
0
1101001101
1110111011111111101
0
01
0
11
011
110
11110110100010111
1
11110111111000110
100
0
111111111110
0
10011
001110011
11
10111
111000
11111110001100011
0111011111010111011
01001
01
1
01
1111011110111
1
0
0
01
10111101111111
11111100010011011
1111011
01110111111111111100
10101101110100110110011
1111111101110110101110
111111011101
0100000000
0
1101111111111110111
1
1111111011101
110111111110111
1
1
1011111100011
111111101
111111111111
111111111011
001111011000100100
11001
11111011111100011
11111111001101111
101011
10
0
11111
11
10
11111
0
011
0
111011011111111
11
1
11111
01
1
0
0101111110000001
1
101
0110100101010010
101
01
1
0
1111111101110
1000111111111000000011
011111111111
10111100111100
101111
1110
100111011110011000001001
1
1
0
1
100001001000110000
11111111011111111
001
0111111111
001
0
1
111
01
01000000100
1
11011101010111101
001111001110000001
10
1101111011010110011
01
1101111101100
11101100100
11
1
111111110110110110
011
101111110101
111101011011001101100111111010
00
101
1
111
0
1
0
0
0
00
01
111111101111001
111100000
0000011000100
011111110100101
1111110110011101
11000000000
011100111011001101
10001100
011011111010010110001
0
