11111111111101111111111111111111111101111111111111110111110111111111111111111111111110110111111111111111111011111111110111
111111111111111111101111111111111111101111111111101111011111111111110111111111111111111111100101110010111111100111110110111111111110111101111101101111111111111111011110111111
111011111111111111111111111111111111111111111111101111111111111111111111111110110111111111111111111111111111
11111111111111111111111111111111111111111111111111111111111111011111111111111111110111111
11111111111111111111111111110110111111111111111111111111111111111111111111111111111
01111111011111111111111110111111011101101111111111111110111
11111111111111111111110111111111111111111111111111111111111111111111111111
1111111111111111111111111111111111111111111011111111111111111111
11111111111111111100011111111111011111111111111111111111111111010100111111111111111111111111111
1011101111111111111111111101011111111111111111111111101111111110011111111011111010100100001010111110011010011011010111010010100
11110111101110111111111011110101011101001010011011
111111111111111111111111111111111111111111111111111111111111101111111111111111111111111111111111111111101110111111111111110100111111111011111111111111111111111111111111101111111111101111111011
11111111111111111111111111111111111111111111111111111111111111111111111110111111001111111111111111011111111111111
111111111111111111111111001111111111111111
