011
100
1011
0100
111
111
111
111
111
111
011
101
111
111
010
110
111
111
01
001
111
010
111
011
111
100
100
1110
0101
101
101
110
111
1000
100
111
111
111
111
111
110
111
111
111
111
111
111
1110
011
111
101
111
011
111
110
101
111
011
010
111
0101
10
011
111
011
111
111
111
111
111
0001
011
100110
111
111
1111
111
001
111
111
100
011
111
010
110
110
111
101
111
111
010
111
10
111
011
111
111
111
101
101
111
101
110
111
100
011
111
1111
111
110
110
111
111
111
111
111
111
111
111
111
011
111
111
011
001
101
01
111
111
111
111
101
1
111
111
111
111
101
101
1010
110
110
111
011
111
111
111
111
111
011
101
111
111
111
101
111
111
101
111
000
11
111
111
111
111
101
111
111
011
111
111
101
111
111
111
111
011
011
111
111
10001
110
0101
111
101
011
011
001
111
