0110100
111
101010
101010
1111
00010
11
011
0111
11
000
01111
10000
1001
110
00101
100111
11
11
111
110
11
1
011
1100
10
0110100100
0111
0011
011
1
111
111
001
011
110
11111
0
11
11
1
00000
1
101
11
0111
11
1111
011
101
1011
1
11
011
1010
1
101
001000
10
1111
1
01
0
1100
10
11
1111
11
01
111
00
1001
1
0101
11
11
00
11111
0110
110
1100110
1
110
11
11
011
01
011
111
0111
1
11
01000
1
111
111
1
101
011
111
111
11
001010
0010
11
1101
1
00011
111
1
10011
110
11
110
0
111
11
1011
111
1
100
101
11011
1
111
011
01
10
10
1111
001011
1
1011
1111
01
11
00
11
11010
000
000
0110
1111
111
110
110
11
11
11
111
0111
111
11
011
1000000
0101
011001
001
100
00000
1
11
