011011
00
110
11
0100
1
0000
000000
1
010
00
10101
110
0101
0011
0010000000
11
00
010
1
0100
00
0
11010
1
11
1
1111
11
001100101
0
00000000101
1100
0001
1
0
100000000000
11
11
001100000000
10
011
00
001
00111
0100
00000
1
1110
0
1001
110
111
0111
01
100
0
0
110
11
10
1
10111100
111011000
00011
11
1111
11
1111
011
11
1
11111111
11
11001011
111
011
01
11
1
110
1
1101
1
0111
0
11
0001
101011
10
011
011
11111101
01
1
1
11
001011
1
011
1
001
1111
11
1
1111101
0
110
1
0101011
1
11
11
11
00
111
11
00
1
1
0
11
0
001
101
00111
00
01
1
111001
1
100010000
1111
1
11
0
1
00
111
110
1011
0
1
100
010
01
1
101
11
0
11
11
101
1
000
110
1
0100001
1
1
10100
01
10101
10
0
00
10
111
11
1
10
00011
1
11
101
11
1100
0
00
1
101
111
11
1
