11
111111
11
0111010100110111
1
0
1111
111
1100
00
0
111
11
11001101110
01101011
1
11
1
11
11111100
0111111
11
111
111
11100
010101
000
101100
11
11
110111
10111111
01111
1111
11
11111110001010
11
00
11111110101010
1111111
01011111
0
11
11
11011101111
1
11
010111
111101
11
0
1
11
10
01
11111
11111
1
11111111
11111111
1
1111111
01
11
111
0001
10111111
11
011111
1111
11
1
1
11
0111
111011
0010111
1111
111
11
1101111
1111101
111
1
11
11
0
101111
1011110110
1011
111111
11
111111
11
11
111
11111110
1000111
10
0
0
101
1101100
01011
11
11
1111
110
000
1
11
11
00
111
11
11
11
11
1111111
111011
11
11000
11
1111
11
11
11
0001
1
11
1000111
11
111111
1010011
11111111111
11
0
1
1111111111
0
0100
11101111
011
111
11
11111
1111
11
11111
11
0100
0
111
11111111011
1111
11
11
1
111
110
11
11111110110
11
1
1111111
1
1
11
1111
11
01
111111111
011110111
11
1
1
1
11100000
1111
1110
11
0
11
11
01
01111
1110
1111
11110111
11
1111
11111
00100
11
1111
11
111
1111
11
11111
011111
11
1
1011
1111
11
1101
11
1111110
1111
010111111
011
11
11
1110111
1
11
1110111
011
011101111
110
11
1
1
011110101
101
010
010
11111
1
11
11
10
11
101
00
1
0001
1111
111
1110
1
11111
0101111
1
1
01
11
1
111
111
00
101111111
01
1
001
101
101
11
11111
1
0
11111111111
11
1111
1101
111111111
1111
111101
1
111111
1
11
1111
1111
11
1111101
00
01
1111
11111
01
10
1010
1
11
0111
111
010111
001010
101110000110
1111111
0010
1101101
11
