011111011110101111100
10111011101111
111111
111011011011
1111111101
101110
01111111111010011100
111111011011
000100011100001000001000
1110110101100011
000111101
01110111001100
0000011100110001001001111110
11011111100100100100
1101100111100011011101011110
1101111001
11101111111001010011
1111011100101
11111111010
11010000111110
1110011111
111000101010000
1111111110110100
01011011110000000001111
11111011
1101000010011001
111110111
010011011110
1111111000
11110011101011
10011010110111000011
111000111
01100111101011011
111110111101000
11111111001
1101001111001101001
11111111011
111101001
01011101111011110010000000011100100
101111010111001101
1111111111
0
1111011110011011
111101011110101
1110
0101011111
1111110100011
11100110110
100110001111111
01111111111001
11111011101
011000011001001010
111110000000
0001011110010110011001100000100100011110111110
11101111111
111001011110111000010010011
111110001110
100
1111111011010
1111110101001
0110111101100000101101010
11011011111101
