010001010010000
111111101010111111111111111101111101110101111111101101111100111011111111
1110111111
1101111111
0000110001111100111011010011010111000011001010010100000111001110110010010100111000001000011101
11111111111111111111111
11111110111
11111011110111111111111011000001111101011101110111111110
111110110111001011011110110001111111111111101111
11001011101110110011110101001101011011111110100110100011110011110110000100
01100100000
011111101111111111111110010111011010111111001111111111101110
1111
11111111111111
11111111110111111111111101001111100111111111
111111111101110111111
10110100110111000011111001011000101110001010010011001111011110010010111
1111111111111110011001111111100101000111111111010100110
1001010
11101111111111111111
010000000110
111111
11111111111111110110111101111111
1111111111111111111111100111010111111111
111111111111111111111011111111101111111101
1111
00110111
00010111101011101010011011111110111111111111111110111
11111111111111111111111
101101111110111111110101101100000000011001101100
111111111001101100111011101011011111111111111111111111
000000001010
01110
1111101
10111101111111111111010011011111101101110110010100100011011010111001
1111010100101
011
10000001000000100011110000
01111111011111111111111111111100101011011001101101
111111111111011100111010001000010100111000011111101011
11000111100111110101111111110000100
111111111111011111111111111111111111
111111111111111111
100
111101111111111110011101111111001101111001011101110101101110100000011
11010
01001110111100000111110011
001100000001010110010011011011001101010000001111100111100100100111001
11111111111011111111101100101111011111101110010
1111111111111
111
11110101111111111111111111111111111111111111111111111
11111
101111111111101011101
11111100111
1110110111001111111
11110011111111110101
001000011111111000111111011101111001011111011110111010100110000000101100011110010011010000111
11110110111111
10
0111
11111101111111100111011111111111
111111111111111001011111111111111011111100101010100101010011101111111111110010
100000000011111101011110101001000100111001101011110011010111010111110011100010010011101100001000111100010100101010001011
10101111
011
0111110100
11001101110100101000111011010
111111111111111111111
11111111111111101100010111101111
11111110111101111011010011111111111111111110
11001001110001011
010
111111111111111111111101111111111111101111111111111111111111111110111111111111110
101
1
11111111110111111110111111
101111111111111111111111111001111100110110110111111
11111111111101111111111011111111111
111110111111111111001111111110100110110111011110100111101111111011101111
0101
11111111111101111111111101
01011111011
1111101111111111111111111111011
111111111111111111111111111111
1111111111111011110
001111111011101011111101100100000111101111101101011111110011111100111011110110011
101
111111111011111111111111010101111101110111111111001111011101
111111111111111111111111111111111111111111111111111111111111
010
1010101111111011111110011111001110100111
11111111111110101110111111111
11111111111111111011111
11001011111110100111111110000001110111111111111111100111110011101111111
10111111101
1111100000
11111110110111111
111111110110111111111111111111111
111111111101111111011110111111111
11000010111111010111010101001111011110100
101111011
101111111110111111
111011111111111111111
01101
1111111111111111001101110110110111001001000001101101101110111011111111111111
1111111
111101101110
1111011111010111111111
01111111010111111111101111011110111011101011111011111100101110100
1111110111111111111111111100000101101111110011000
11111100010110
01110111001100101
11
1111101100
11
1110011111100
111
1111111111111111111111
11111111111111111111111111
0000000000000001010101011101011000
1101101111100111111100111111111111111011111111101011100111111111100111101110111001010110000110111
1111111001011111111011111111101101111111110101111101111100100011111110111111111111111
01111111011111111111111110111010101111111101011111111111
011000011
01011111111111010001011
111011111101101111111010111111111010110110111111111111
111111
111111011110
111111111111110111111111011111111
011111111111111111110111110111011111111111110
11101
11111111111111111011010
11110011111111111111101111111011010001110110101110
1101111111111111111111101101111111010111111111101
11111111111101111
1
11111111111111111111111
1111111110110111111111111
1111111111111111111111011111
11
10011111011001111111010111001101101111111111011110110100
11111111
010011000000100000000000000000110010001000000000010000101100111000001000001000000000011001010010000110000000100
1111111111111110101110110011111011
11111011111110
1111111111
11010111100101100000010110001
11111111101101111111111011111111
1011111111111011
001110111111
0110111111111111
110100010011110
00
011111
1
111110111
11001
0
1101011110111011111110111101111011110011000010000001111110111101101
111110
11111101111
11111101000
111110111111111001111001110001110
1111011101111101010110001111111
11111101111110111011111011111110011011111101101110001
1101111111111111111110011111010111111111
1011101
11111110111111111011111111111111111111111111111110
111111010011101
11111111111110001111111111110111111111110000000111111110110111101011111101111
1011110101010111111111111110111101110111001101111011111101001
111111111
111111111111111111111111111111000100111011110110111111
001101
11110
111111111111111111111
1111011101111111
010000100000000000
110100100010100111000100111000001000000010110
1101111111111
10
011111111110010
100111011011
100100011110101111111000100111101111011011111010101100011111100111110001001100110011011100101100101000
11111111110
11111110111
111101111111110111101111111111010110011110100011100011101010111111111111110011
111001111100110011011111111011011100010111111101011100110100010010111011111010111000101000
111111111111111111111111111111111111111111100011111111111111111111110111
00
111011
111111
111111111111111111111111011111111
11101011111111110
1101111111111110110011111110000000001011111001111
1110111110001
00100100110000110001100110000001010000000000000000001000001000000
1011011101110111101011010011101010111101000111001011011110111
11011111111111
101111101111101111101011001111
1000111011101111111111111111111
111111111111111011111011111000011110011011010
111111111111111111011
110111011111011
1100011111111111111111001111111111111101110111
111111111111110111
0
11111111011110111
11110011011101
011
011
00000000000
1111011
111101110001011011111101001111001100001011010110010110100010010
1000000
1111111011
111111111111111111111111111000111000101011011011010
1111111
0111100
101111110
101110
1111111111011111111101
00000000010000
1111111111011111111111111
11111
1111111101
110
100111100000001001001011010010110100000110111110100110110101001001010011111
11111110111111111111111101111111111111
11111111
110101111111111111101111101011011011111111111101011000100010011011101101110011110011100
01101111111111111000
1111111111010111101111111111111
11111101111011101
0
110111000
11101111111111111110111101
11111111
01101
111110111111111011
1111111111110111111001111111101111010001010010101110011100100
100111111001111110011001010010
011111110101111
01111110111111111
01111100111011111110001111
1110111
111011101111111111110011111001110
0111111111111111111111111101100000101011101111101111110
111011111011111111011111111111110
11111111111
1111111111111111111111001001111111010011011
1111
101011010000000
011
11111111111111
11111111111110111111111111011
1111101111000
110011
011
101111111111111111101111110011111110110011111111001010
1101111111111111111111111
111111111011111110011111111111010
11111111111111111111111111111111111011111011111111110101111111101
1111111111111111110111
11110111111111111110111111111110111111111111
111101110001111110000111010101111001100111010111000110011110011111111111101110010
111110111111111111111111111111111111111111111011
111110010011111
11111111111111
1111011111011111110011111111111111111
011111
011111111111101111001011011110101
11111111111101
111
1111111
111111111111111111110011
1111101111111111111111111111111111111111001110111111111110111111010011
111111111111111111111111111111111
1
11111101111011111110111111111111
01111000010011001111101111101110011101110011001101011111110110001101101001111011110111
1111111111111111101001011111
11111111111111100110100111
11111111111111111
111111111111111111111111111111111111
00000001110000
111111111111111111111100111101010010111111110111110111101101111111011110111101011
111
111011111111111011111110111000011010011111111011110001011
11111111110101111111111111110011100110101010110111101111111000
11011011111111111111101011110011111111110
111111111111111011111111111
11
10001010
0001
111111111111111111111
10
1111111111111111111011101111111111111111
1111101111111111111111111100111100001111100101011101011011
111001101011
10011010
1000101111111111111111011011111011001011011110001010111111111101110
110
11
1111111111
11111111010111111111111111111111111011
11
010101101011010110000
1011011001010101
11010000
11111
110111111110011111100110111110001011111111111111111011
11111111011011101001110100000011011001001001011111
0100111111111111100111111011100010101011101
1
100010
0010111
111111111111111111110111110010111111111111011
101111101111
101000111
111111110111111111111111100111111
111111111111111111111001111
0101110111111100111100110111111111110100011101111111111101111111
1111111101111
10111111
110101001010100
01001110010011001
1111001111111111111111
111111111111111111
10010100001111111011111111111110
111
110111011000101001011011100110010
11111111110011111111111111111111
11111111011111111111
100101100000000100011010111111111011011110110101111010010011000000000011001001100000011110100000110010
1110111111110101101111110
1111111000111101101111111
11111111011010111111111
10
1111111111111111111
110110100111000101100011110
101111111111111111011111100010100111001011011111110110111011011011101111111101010101
111111111111111111111
1111111111111101111111111111111111111111111111111111111
0
101011101100000111
111111111111
1
11111111111
111111111111111101
00011111
001110111000100111110111001110001000000001111010100110100011111
111
101000011111111
010
11010011
0
01111100000010111110111100000100011111011100000000011111000110001111001000000110
11001
0111
01111110011
1111111111101111
11111
111111111101111111111
1111111111111111111110010000111110101111110
111111011011111110001
0001001110
1111111111111111111011111111011111011111111110111111111011111111
111111111111011111111
11110011111110101111110110011111111110110111001000010010110111111111001
1111111
10111
101111111111111111111111111111011110010010111111111111011111
11111111111111111111
111111111111111011111111111111111111
111111111111111111111111111111010011100111111111111111
1111101011011
1111111111111111111111111010111110111111111110101011111011111111
1100
111111
111111111111010111111
11111101011111111111111110111111111001001010111
1101100
00111001001
000001011000001000001010
1111111
0110000000001101010000000
1111
11110110111101111111
11111011111011110
00000
1011
11
1111111111111111
1101111
1001010011001000
1111111111110111111110111011111010011011111111100111101111011
111111111111111111101111111111
0110101
1101110100011100010111110111010001001111101011101000011101
11011111101111110011111110111101
11111101111111001
01101010010101001110010100000100100101101000111000000010110000000000000100010
011000111000011111011111001010100000000111011110110011
010000100101010011010110111010000000001110111101
1111
1111111111111111111111111111111111111111111111111111
11110100111001010
11111111011101111111
1
111111
