00110000011111100000000101101
00100010001
10111111101
00000000000000010
0111111111
001000000100000001
111111100001
111100100101
0100010000110000000
100111110000
00010000000000001011
01110100101110000001
00000110100100100001
000111100011100011
01000000000
11110000
100000001110
10010010000101000
0000000000000000
000000010010000
01100000000100
00000000000100000
0010000010000000
0000000000000000000
1011100001100
000000000100
00
00000000000001
101000000000000
110111110011
11110101
0011101101011
1111010
100000001
101000000001
0100110000001
10101111
10000000000000
10000100000
1010111111010001
1111010100111000000
01101111001
110000101000001
11100110101100011001
011000010
0011
101110110111000
110010110000000001
0010000000000010
00000000000100001010011000
111011000001
11111111111010101
0011100000
11000110111010000
0000011000110
11011110000000011
10110111101010000010
000001000100
111011000
00111110110111
011110111110010010
1000001000100000
0001110000
01110110110
100101100000010000001000000
00011000011000001000
1101111110110100001
100001100000
11000001
1101111010111
0011010
01010011110011111100
0000000000010
01100101000
1000011010100101110
000010000100000000
000000000000101011
100000000001000011
000000010000100000
0111010100110001
1111
00101110000011010
00000010001100000000
11011101001
010100000001001000
0000000000000
0100
000100000000000
10000100000010000100
1110110011000000000
11
01000100001001100000
0001110110110111101
0100010111
00000000100000000
0
0111011010110
000001001010
101101
0000000100000
010010001010000000
110111110
1000101100100010010101
00010111
000001000000000
00011100010
0010000000
10000011010010
000
00000000000
10010001
01110000000
00001000000000
1111100110
1101110100101100101
1111
1000110101000010
001100110011000011101
111100100100110
011000000000000000
1111101110
0001000
01010100100000
000
010000000000
0111111111111111111
1001101011
10110110101
110000010011010
000001110000000000000
00010000011000000010
0000000000000000000
000000000000
0101101
000011000000
010000000000000000
00011101111010000
1100001000001000
0000001100010
001110011000111
10000011000010
110000111101010110000
1111110
1100010
100000000010000
111101001
1100010000100
00000000000000
000
00000000000010
001000000000000001
0110011010111101000000
101101100
101101110000
001101100111001111
101111111110111
1111111011001
00000101000000000000
0011110101
01011
000000110101000000010111010111
1011
011001100000000
1011011111111
11111101000000
11101101010010000
10100101
1011111
0000000000000000000
0101001101000010001
00000000100010
1101101011
00001000001
0000000000
1001100110001
10100000000010000
0101100000010000001000
101000111
1010110001
0
011101
00011000001
100000000000111
111111100100
0000110011
1111011
11011010011111101010
0000111010011000111100001000
000101101100
11100101010100001
10000010010001010
0010000000110
10101000101
0
11001101000011
0
10101101000100
1101100100100
101001
0001100000011
00000000001000
011001001
001010010000100001
00110110001
01010000000100000000
01001010001111000000
00000000100000001000
1101011101111100110
10110100111
01110010000011
001
0000000
111101010
0010010100001
10101100011
100000000000000
11001101101110000010011001
001011010001
1010000010001
110011100101
10110111001010000
0100110000000
0010001010010010000
000000000000
10110000111111000
11100011
11000110
1
11110100001
11110011010010
101000000
0100010011
111111011001
000001000000110010010000000100000001
111010111110
0011111111100
10111110
101011110000001
010010010000000001
011001000001111000
1000000000000000001000000000000000010
0000110001
101101
10000000000000
11000010000
00000100001000000110
111110111
111101101101
1001001
100010110010000010111
10110101
1001000110
101010101001
10000111011000001
0000010000000000
10101110111101011
000000000101000000
00000000000
0111111000011
1111111100111011
0000000000000000
10001110010010
1111101000
110010000001110
0010110101000111
1110110000000000101100010000100101
0001000000000
00010111110001
00000
1101101101010011
010000010000000
01000000000101
0000101
101111100100000
00000001000000001000000010
01100000001100000
00000000101000000010
10111010111010001
0101111110010
000000000000
010000001000000000
00000000010000100
000111111001
00000000000
0101001000000
