1010
0
00000000
0
101
00
0
0
1
01
10
0
10
00
00
100
0000010
110
00
10000000
0
101
11
1
00
0
1
0
00000
1101
1
0
0
10
11100
000
1
00
0
1
0
00
1
01
1
00
0
00
01100
00
10
1
001
00
00000000
1
00
1
0
0
1
10
00
00
1001
0
1
0
00
10
0
10
0
000
1
01
0
0
0
00
0
100
1
0
010
010
10
0
1
0
0
010
1
0
0
0000010
0
1
11
0010
01
1
1
10
0
0
0
110
0
10
00001
1
1
0
10
1
000
00
1
0
000
011100
1
100
1
0
0
10
10
0
00000
000
0
0
0
0
00
0
1
0
01
0000
100
000
11
0
1
0
10
0
0
001
0
0
010
0
0
0
101
00
01
0
0
0
1
0
0
111
1
01
111
0
000
0000
0
1
0
0111
0100000
1
1
111
01
11
1
0
1
1
00
0
101110
100
0
1
111
01
0111110
1
1
0000
0
0
1
1
0
0
0000
0000
101
0001
1110
