11011111111111111111001110011111111111111001101011011111
1111001011111111
111110111111011111111111111
110111101101101111111111011111111111111101101110
10111111111111111
11101111111011111111111
11111111011111111111111111111111
111111110011111111111111111
0101101010001101001011111111001
11111111110110111111111111
111111
111111
111111111111111111111111
111111111
001111101110001011111111111111111111
11011011111111111011111111111111011111
11111111101110111111111111
1000011010010111011110011011111111111111101110111
101011111111111111111111
111101111
1011111111011111111110111111
1101111111101111111101
111100011010011101111111111111111111111011
1101111111011111110111
1111111111101111111111111111011111111111111111111101111101111
01110110011111111100110011111111111111110110111
10110010111100111011111111111111001011
110111111011111010111111110111
11111011111111111111111111101
111
111111111
111111111
101111
1111111111101111011111111111011101111111111111
110111111100101111111101101
10111111111111111
111111111111111111
11111111111111111
11111111111111111111
111111111111111111111111
111111111110111101111110111111111111010011111
111111111111111111111111
001101011111011111101
1110111111001001111000011111111111100011011101
1111000111111111111100011101111001111111111011111111
1111101110111111111111111111
111111111111
110111110101111111110110011111111111110110110
1110111110111111111011111111111111101101
11011111111111111
111011
11111111111111111111111
1111111111111111101001111111111111111111
011101111111010110111111110111111111111
1110110110111111110101111111
1011111111110111110111110011111111111101
0000111110101011111111111111111
101111111100101110011111110101111
1011011111010111011011101111111111111110111
11110100101110111111111111110111
11
110011111001110011111111111101110111111111111111111001
111
111111
11100111111011011010
111
111111111111
1110110110111111111111111111111111111
111111
01101101011101001111111111111
1011
1111111111111111
