1
100110001
11
111011
11
010100000
010010000
1101
111000
101000101010
11
011
011
101
101
011
011
11010
0
101011
010000010001
00111
0111111
111111101
0110111
0000001
11111000110000
111
11
11
1
111011
1110000
11011
10000001001
101
111101
11100010
11001
10110
11111
110111
110
01000111
1110
11000011
000011
11011
010
010101
1
1
1101
11
11
0000101011
11011100
00101
11111
1
110
10111
1100101
111
1111
111110000000
1110010011
11100
01011011
11111
1011
1111
11111
1101101
1010
1111101010001
000000010
110000
01
1011
011110
101
11
10110
1011
0101
01101
1
10110
1111110111
1101
000010011
11001110
11110001
11
1111
1000
01110
010011
1100100000
11111
0111
11
1
10011
011111
111000001010
111001010110
10100100
1110
11
01
1011
1110110
101011
10
011
110011000000110
11110100
1100
1111
0
11
0111
111
101
100
1010111
1110011
110111
001001
101
1
0011
10111
11001100000010
11
100111
110011
1101101
11
10111010
00111
10111101
1101
0
110
11110000
110
011
010101
1011
101
1011010111
01100011
11011
11
1
001011
10010
1110
1111
11
001111
1011100
01
110
101001
10110100
0111111
1111
111
101
111
1110
01111
1
1
111
111
110111000
111
1100101
00
011
0
110111
1
100
1100
1
11001
110100100000
1011
0111
1100001010
111000
111
11010
10101
000100000010
10111
011
11
1000
0011
1
1111
1111
010
0110
1011001
010001000
1000110000010
011
110010001010
101000
11011101111001001
1011
0000000
1100000000
000000110
11
010110
1111011
