0111111111101011111101
1110001110110111011011101011101111101111101011011111110111111111111111111111101111111101111111111111111111111111111111111111111111111101011111111111111111011111111111101111111111111111111111111111111111111110
11111111111010110111101110011111111111111
10010111101101111111111110111011100100110100110111111111111111011101011110111110111111111111111111111111111010111110111111111111
111111111011111111111101111010
111111110111111101010101111110001011110001111111111111101111111111111111101011000111111111111111111111111111101
110011111111111111111111110111111001111111110111111111111111111111110111111111011111111110111011111011111111111111
111111011111111111101111111111010011111101111111111111111111111011010111011111111111110111010111111111111111001101011111001111111111111111111111111111111111111111111011110111
1111101111111111101111111111111111111111
011111111110111110101111
1111110110111110101101111011111111011100110111001111110110101100010111111101
10101101111111111111111111111111111111111111111111
1111111111111101111111111101111101111111010011111011111111111111010111
11111111111111111111111111111111
0101100111100111111101111011111100011110111010111100101010011100101100101110111010101111111111101111111100101111010111111111111111111111111111111111111111
1111110111110111101111111111111111111011111111111101101111110111111111111111111111111011111111111011011111111100011101011111101111111111
11111011111111111111111111111010101011111111111111111111
11101111111111111111111111111010111101110000111111111101
0101111100
1011111101010101
111111111111111111111110101011111111111101111011111111101110111111101101
1111111111111111111111111111111111111111111011111101111111111
11111111111101111111001
11010101111111011111111111111111001111111111111111111111111111
111111111111110111111111110101010111011111111011
111110111100011111111111111111111111111101111111111110110011011110111110101111111111011101111111111011111111111111111111111
011110111101110110
1111101111011111011111111101111111111111011111001101111011111111100011101111111111111111111111011111111111111111111111111111111111111101111111111110011111
1111110111100001
0011101111100001101011100101010111111010111
111010100101111101111111111111
11111111111111111111011111111111111111111111101101101110111111011111111110101011101110101111111111111111111111111101111111111111
111111111111111010111011
01
1101111111010011111111111111111100111111111111
111011
1111111011111111000111110111111011100101100010111111011111011000001111111011100111110101111011110111111101111100
111101111111111111111111111111111111111111111011111110111111111110101110111111101111111111111101111111111111111111
111111110111001111111111111110011111111111111111111110111110111111111111111111111111
1111111111110101111110111111111111110111111111111110001010101101110100111111011110101011110100
111111111111111011111111
0101111100
1011111111011101110101111111111100010111
111010101111111111111111010100111111111111101101011111110111011101010111111010111011110111111111111101010111
11111111110111011111
1011101111011111110111011111101011000111111011111
1111111111111101111111111111010111111111111111111111111111001111111110101101001111111111111111111111111111
11110111111111111111111111111111111111111111111111101111111111111011111111011111111111
1101111011111011
111111111111111101101110011111111111111111110101111111101111101111111101101011111111111110111111111111111111111111101111101111111
111101111011101000110101
11111111011111111111
1100111011111111111111101111
11111111111111101
110111101111111110001110
11011111111111011111111111111111101111110111111110111111110101011111111111111101111011111111111111101111011111
1011
1101
00011111101111111111111111111111111111111111111111110110111111111111111111111
1111111011111111111111
11
011111111111111010111101111111111111110010001110110111111110101011111111101111100101111111010111111111111111110111011011111011000011101111110
11110111111111
1111111011101111111111101111111010010111100001111011110011101111111100101111111110111111111010110111111111111111111111111111111
11111100111010110111110101
11101110111111111101111011111101111111111111111111
11111110111111111111111111111111011011111011111111111111111111001
1110101111011011111111
111111111111110111111111111111111111111111111111110111111111111101111111011111111011
111111011111111111111101111111111111111111111111111111111111111111111111111111111111111111111111011111111
010111011011111110111001111111111011111111011101101101010110111111101111111111
111011111111111111111101011110111111111110111010111101111110111111111011
1111110111111101111110101111111111111110100110111110011011101111111111111011111111111101111110101111111111111111111111
1110011011110101010110
1111111111111111111011
01001111101011011101101111110111011
111111101111111011111111111111111110111111111101111111110111111011110111001111111111111111111111111111111111111111
011111101001001111111111111111111101111010111110011111011110111011111011
01010110111000010111011111111010101010111111111111111111111110110111111111011101101101101111001111111011101011100110111101111111111111101011111110100010101001
1010101111
1111110111
111101111111111111111111011111111111111111111110111111111111101111101111110101111111011111111111111111111011
01011110110010100011111000
111110111101011111110111011101
11111111111111111111100111111111111111111101110011111111111111111111
1111111111111111011111
001010111111011111111111101111101111010011011100111010101010100111111101011111111111101111111111111111111111111111111111011111101
1111
111111111111111111111111111111110011111011111110011111101011111111111101010111011011010101011110111111111111110111111111111111
111110111111111111111111111111111111011111101011110101111111011001111111111111111011111111
1111111111110011111101111111111111111111111111011111111111111111111111
10111111111111110111111111111111
11111111111111110110111111011111111111
1111101111111010111111101111011101111111000100101111110011111111111011101101111111011110111101011111011111
011110110101111111110111
1101101111111111
111111110111111111111110100100011011011111111001111111100110111101000110110111111110110111101011
11110111111111111111111111001101111111111111010011001101011001011111111
1000011111111111110111111111001110111111111111111101111111111111111111111010111111111101111100001101011101
1111011111111111111111111111111011111111110111111111111110
0111111101111111111111111110
010111011010101110111111111111111111111111000100111101100100011111100111111010111100111111011011100011111111111111111101111111011111111111011111111011101111111111011111111111111111111111111
1010111111111010110111
111111111110111111101111111111111111111111110111111111111110011111111011110111111011101011010111011111111110111111110111111111111111110111
11110111111011111110111011111111101111111111111101101111101110111011111101011011111011110011011111111111111111111111111111101111111111101
1111111111111101111111111111111111110111
11111010111011110101001
000000100100000000000110
1110111111010101
111011011011111111111111011111111110
1111010110111
110111111101
111111111111111111111010111110
11111111111111111111111111
0010101111101100101001
01111111111111
101111111111001011111111
11111011111011111111001111011111111111110111111111011101011110111010111111111111111101110111111111110011111111111011111
11111110111111111111111111111111111110011111111111111101111101111111111111111111111011101011111111111111111111111111111111111111
11111111111111111111010101111111111111111110111100111111111111011111111111111001110100011110111101111111011111101111101111111110
110101011101011100111110101101
1101110111111111111111111101110111111011111111111111111111111101011101011010111111101001111110111111111111111111
11111111111111101111111111111111001101111101111111111111111111101111111111111111111111111111111111101111111111111111111111111111111111111111111111111
101011111110111101101101101100
011011111010101111111110011111111101001011011111110000101111000110101010
1110111111111111111101111111111111111
11111111011111111111101011111111111111111011111111111111
110111011111111111111111111111111111011111111101000111111011011111111010
1111111110111111111111111111111101111111111111111111111100111010101111111111101111111111
111011101010111100
011100011111101101010011
11111101111111111111101111111111111101111101111101111111111111101111111111011110111111111111111101111111
11111111110110001111011111111111111111
11111111111110111111
111001111111110111111111011111111111011111111111111010111111101111101011110111111111011110111110
1111101111111111111110011011101111111111111111111111111101111111111111101111
1111111111111111111110101001111111
110001011110111111111111010111111010100100100101011000011111010100
111111111111011111110111111111101010111011111111111
1111111111011111111111101011110111111111
1111111111111111111111111111111111111111111110111111111111111111111111111111111001111111111111111111111111111111
11111010
1111111111111111111111100011111111111111111111111110011101111001001111111001011101010001110101010010101011101011101101110111101011
11111111111110111111110101110011111111
1111111111111011101111111111111111011111110111100110101111
11111111111011000011111101010100
110101111111111111011110101111011111111101
11101111110111000100111111011110010111111111011111111011111
11111111011111111111101101111111111111
111101100111111111100101111011101010
0010100101111110110011100011001100011110
010110111111110100101100010100
11111111111111
11111100101000010
11111111111101100101111
11
11111101111111111111111111111111011111111101111111110001010011111111111111111
1111111111111110111111111111110111111101010111111111111111111111111111111110100111111111111111111110111
010101010111000111101111011111111111011101011
111111
1111110111101111111111101
111011111111011011111111
1011111001010111101101101011110111011110101
10
11011111111111111111111111110101111110111111111111111111111101111111111111111101111011111111111101111111111
110111111111110111
11111111111111111111111100011111111111111111
1001111100111011101110011111111111
111101111111110111011
011111111111111111110111111110111111110111110111001111010111110011111111101011111111111111110111111111
1111101111111111111111111111111111111111111111111111111101
1111111111111111111111110110
011010101111111111101111111111011111111011111111101111111101001111011111110111111111111110110111111111111111111111101111111111111110110111111111011111
111110111111111011111111
1111
101110111111110111111111
1111111111111111101111110111111111111110111111111111101110101010111111111111111111111111111111010111
11111111111111111111111111111111111111111111111011111111111111111
11111101111011111110100110
1101111110101010101
111111111111111111111111111101111111111110011111111111111111111111111111111110101011111111111111011111111
11
11111111111111111111111111111111111111110111111111
1111111111110111111111011001111100111111111001
1111111111
111011011111010010111111111111111111111111111110011111
11
110110011111110111
101011111111111111111101111111111111111111111011101100010111101110111111111111110111111
10100001
10000110110100
1111110111111111110110
111111110111101011101111111011111111111111111111
1111111111111111110111
1111111111111111111111110111111
10111001101111010111101111111111111110111111011111111011110111111110110111110111111111111111111101111111111111111111101111111111111111111111111011111111111111111111111
1111111111111111111111
1111111110101111011111111111111101010111010011100111111111
01111111011111111110111111111111011111110101111110011001110111101111111110010110000010001111011111111111111111111111110111
11
111111111011111011011111111111101001111111111101111111111100111111111111111111111111111111111
1101111001
11111111111111110110111111111111101111111111111111111100111110111111111111111111111111111011011010111011111010111111101111111111111111111101111111
111111
111110111100101101110011111010
1111111011101111111011111110111111101111110111011110111110111110
11111111011101111111
111111111111111100
111110111111111111111111111111111111111111111111
1010101111111101111011011110011101111011110100101011
11111111111111111110111111111111111111111101111111011111111111
11
01011111111110101101101111110111000101111111110000000000000000000000000100011010000001000
111111111111111111111111101111101111111111101101111101111111111101111111111111111010101111101111111111011111111111111111111
111111101111
1111111101
111011110010111011111111111111011111111101111111111111111111111111111011
111111111111111111111111111011011111111111100111111110111010010111100100011011111001111101111111111111010111
111111111111111111111111111111101111111111111111111101111111101111110011111111011010111111101111
111111111111111111111111111111111111111111111011111111111111111111
11011011111111111111111111111111111101011110111111111111111101111011111011110111111111101111111110101101111111111111111111101111101111
111111011010101111111010011110
01110111111011111011111110111001011
11111101111111111111111111111111111
110011110011010101111110101101101101111110
111101011111111111110111001110011111011111111111
11111111111111110011110111001110111111
11111111111011111011111111001111010101110111101011
1111111111111111111111111011111111111111
11111101111111110111110111
1111100001011101111111111111111001100000101010111111111101110111001101001
011111111111001
111111111111111111111111101111100111101110111110111101111111
1111111111111111101011111111101111111111011010011001011111000100010110000000100110000011110111100111100110100111
1111111111100101110110011111
11111101111111101111
111111111100000000111010111111111110101001100100
111111110111111110111011111111111110101111111111111111111111111111111111111111111111111111111111111111101111111011111101111011111111111111111111111111111111111111
1111101111111101111011111110111011111011
011110011111111111101110101111111110111101
1011
100111111010101111111101011111001101111111001111101000
11110111010011110111101111111111111111111110111101101111111111011101101111111111111110111111111110
11101111
111111111111111111111111111111
11111111111111111111111111111111011111111111111111111110111111111111111111
1111111111111111111111111111111111111111111110101111011111111
0111111111111111111111111111110110110101000110111111001011111111011111111101111110111111111111111111111111111111111111111000111
11101011111110111111011
1111111111111001111111
111111111111
111111111111101011111110111011011111111111111101000111111111101111111101110111011010110111010110111111111111101111111111001111111110011101010111011111111101111110010110110101001111111111111
1111111111110111111101
0001111111111
101111111111111101111111111111111011111111
110111101010001
1111111110111111110111111001111010011011111111110101
11111111111111111111111111111111111110111111111111111111111111111111111111111111111111
111111101011111111011110111101011110010111011111111111111011110111
1101111111
0101110101111111011111100001110010110011100101111
11111111111111
1
1111111111111111111111111111
0111111111111111111101111111111111111111111100111111110000111111101011111110111011110101111011111011101111100011
00111010101111111111101011111111111111111101111111111101111111111111101100011011111111111101111111111
11111111111111111111111111111111111111
01011111111111111111101010111111101101111110
111011111111110111111111
11010111111111111011110111111111111111111
1110111111110101111101111111011111111111111111
1111111111111111111111111111111111101111111011111111111110011111111111111111111111111110101111111111111111111111111111111111111101
1011111110111101
11111111111111111111111111011111111111111111111111111111111111111010111111101010111011111010111101101111111110101111111
1111111111111011111
11111111111111111111111111111111111111111111111111111100111111111111111111111111111111111111111111111111
111100
100110111011011011001011
110111111110111111111111
11111111011110011110
111111111111
001111110100101111111110111111111111111111
11111111001010101
1011111110111111111111111101111011110001011111011110111101
11111111111111111011111101111111110111111111010101111111110101010111011111011111111011111
1111110111111111110111111111111111
111111111111111100101111011111110111111101111110111011111111111111111111111111100011
1111111111110011111111111111101111011111111111111111111111101111111111111111111111110111011110011111111111111111111111111111111101
01101110111011111111111111000101111111110101111111101111111111011110111111111111111111111111111111110101111110111110110011111011101101
1011111111111111111111110111111111111111111111111001001011101110111101111111111101111111111111111111111111111111111111101111111111111111110111010101111101111111111111101111110111000001111110101111111011111110
00111111111011111111111111111111101111111111111111101011111111110110111010111110111111111111110111101
0001110001110111111111111111
011111011111010110000011
1101111111111111101011101011001000010000100111100111111110111010101011111111111010111110
1011111101111101011010111111101111011000101110110111101110
1111111011111100111111101001010101
11111111111111111111111111
110
111111110111111111111111011111011111101111111111101111111101111111111111111111111111111111111111111101111111111111111101111111
1000
1100111110111111111111111011
11
0111111110111111111111111111111111111111
11111111111111111111
111111111111111111111111110111011101111111011110100011011111111111111111111111111111101110111011111101111111111111111111
111111111111101111010100101111110100
11111111111111111111111111
11111111100101
101110111100101110111
11111111011110111111111111011
110110111111
00101111011001111111111111111111111111101110011111111011011101111111001111111111111011111111111111111111111111111111111111111
11101111111011111111011111110111111111111111111111101111101111111111111111111111111
111111111111111111111110101111111100101110111111
111111011100111111101101011111000111011011101111001111001111111111111111111111111
11001
11111111011111110111111111111101111110111101111111010111100110111111111111110101111111110111111111111110011111111111110111111111
11111111111111111111110111101111101111111111111111
01011111001111110111111111111111111111110101110011111111111111011111100111111110111111111111111111111111111011111111111111101111111111111111111111111111111111111111
11111011111101010011111111111111111001101110111101110111111111111110011111111111110111111101111111111111111111011111111111111101111111111111111110
1111111111111111111111111010111111111111111100110111111111111110111111101110101000111111111111101110111111111111
10001111110111011111111111111111
1111111111111111111111
1111111111
111111111111111111111111111011111111
1110111111111111111111111111111101
11
111111111111111111111111
111111111111
1111111110111101111111111111111011
111111111111111101111100011101010111111110111111111111011111101111111111110011111111011111111111111110111
100011111111101111111010011110111111011110101111001111111111
1111111111111111111111
1111111110111001101111111111111110111111111111
011111
1010111110111111111110110011101111111111111111011110110101111111111111111111111111111111111011110011111111101111111110111111111111111111111111111111111111110101111111111111111111111111111110101111
101111101101100101
1111111111111111101111
1111110111111010010101
101011111111111101101111110111101110
11111111111111110111011111011110111110111111111111111011111111111111111111111011111111111111111111110111
011001110110111111111110111111011111111111111111111111
1111110111111111111111111111111111111111101111111111111111111111111111111011111111
111111111101111111111111011111
1111110111111111111111111111111101111101111111111111111101
0110101010010011001100011100010111101110011111010010101010111010100101110101011111101111111111
11111111111111111111111111111111111111010111111111111110110111111111111111110101
1010111110100111111011100111110101
111111111110111111111110011
11111111101111010111011110111111111111101011010101111111011101101101111011101111111001111111101011111111111111111111
11111001
111110111101010001011011
1101
11110100111
10010100010111101111
1111111111111111111111111111011111101110111111111111111111111111111111111111111111111
11101101111111111111111100010110101101111
111111111111111111110111111111011111
11111111111111110111
111011111111111101111111011101
01111011110111111111110110111110110111011111111101111111111111111111111111111110001011010111111011111111111110000111110001111111111101111111111011001111101110111111111101111111011111111101111111111111111111011111111101111110011110
1111110011111111011101111111111111011111111111111111111110110111111011111111
111111111111111011111111111
11111011111100011111111001111011111011
110111001011101010
10111111111111
001011111111111111101010111111101010111111110101110111101111111111110011011
11111111111111111111111111111111
11
111111111111111101111001111011111111
111111100110111110110110111111111101
111111111111000101111110111011111111111111111000111111111111110111111001111111111111111111010100110101001000011111111110111111111111010111111111111101110111111111111111101010001111111111111101101111111111111001011
111111111111111111111111111111101111010101010010111111011010111
01111011110111111111111111111110111101100111011111101111111
11111111111011
101010101100111111011111
11111010111101011101000100
1111111111111111111111111111111111111111111111010111111010010111101111111111011001111
11101111
1111101111111111111110101010010011101011111111011011010111110110111111010111111111011101110111011011010111111111111111010111011111
11111110111110110111101111
1111111111111111111111
11111111111111111111011100111011111111110111111111111111111111111111111111
1111111111111111011111111111111110100111
1111111111
11011010010101111111111101110101110111111111
011001
01
1111111101111111111100
011111111111111111111111111110111110101111111111111111
111111111111111111111111111111111111
1111111001111111111110111111101011111111010111111111101111111111111011111111111111111111111111111100100111000111111111111
1111111111111111111111111110
111110110101001
10110011111111111101111111111101111111
10110111010111111011
1111111101111101111111111011111111111111111111
11111101110111011
11
11010101110110010111111101111111011111011111111111111111111011110111111111111111111111010111111110111111111111111111011111011111111111111111
11011111111011
11111101111101110111101101111111101111
11111111111111111111111111111111111111111111
011111011111100110
1111111111111
111111111011111111001111111111101111111111111111111001111111011110101111111111111111011101111111111111111111111111111111111011111011011111
11111111111101110110
01010001111111110111101110111011
111111110101111111111111111111111101111111110111111111111111110111111111101101011110111110111111111111011
11
11111111111111110101111111101111111110000101001
11111111111111111111111111001111111011101101101110111111110111011111111010111000000111010101011100101111111011
111111111111111111
01110111111101011011111110110111111
1111111110111111111111111111111111110011111111100111111011111111111111111111111111111101110111111111111111111111111111
111111111111111111111111111111111111111110111101111011111111111111111
0111001110111011101010101101011101011
111111111111111101100110101111110111100001101011111111111010101111111111110111111111
11111111111010
1111111011111111101111101111000111010111111011111111111111111111111111111110011111111111110111110111111111101110110111111111111111111111111111111111111011111111101111111111111111101111011111111110111111111111111111011111
1111111101111110111111111
111111111101111111
110111111111111111111101111111
11100100101111010101110111
1101001111110101100111110111111111111111111111111111
1000111111111110011111111110111111111011111111101111011
111011111111010011
11111111111111111111011001101010111111111010
10
111111011111111111111111100011110111111111111111100101111111111101111111111111111111111111
1111111111111111111111111111
10111111
10111111111111111111111011111111
11111111111011
111111101111011111111011101011111110010111110
11111111111111111111111111
10110111111111111001111011101111
111111111111
111111111101011111111111111111
110101011111111010011110010101001101111011
111111111111111111110011011101111111111111111111111111111111111111110111111111111111111111111111111111111111111111111111111111111111111111111111111111111111111111111
10011111010010110011111111110001111111101111011101
1111111110010111110111111111101100110111101101111110010101011011101101111110111101011101110101010101101111111101111011010111111110111111
111011111111101111101111101111101110110111111111110111111111
1111111111111101111011011111111111100011
10111111011111111101
011111011111111111111101110110111101101010101111111111111111111111110111101111100011110011011010111011111111110111
111111111101111111111111111111110111010101011011111001111101111111111111111111111101111110110011111111111111111111111111
111111111111111111111011111111111111110111100110101011111101101011101011111011101110111101111111111111111111101111111111
111111111101
1111110111111101101110101111111111011110111110011111111110111111011101111111101111111011110111011111111111101101101111
1111011111111111111111111111011111
11111111111111111111111111100010100111111101111
111011
1111111011111111010111
