01111011111110110100010111011
11100001111
111111110001
11101101110110100
11111111111
101101110111000000
111111110111
111111110101
11111111001111000
011000001100
10110111110111101110
11111110100000010001
01111111110011000000
111111011010011101
0110001100
10101111
011001101011
01011110100010111
001000000010000
000111111111000
11011011110101
0011010110101101
010000010101100
0000001000000000000
1011111011100
011110100110
00
01011110100001
011111101001011
100111111110
11011011
11111111011011
10111111
011110111
1111111010111
10111110010100
11111110
111011011100100
000010000000
1010010101010111
01100100110111010000
11111111110
1110101000110001
11111111011101101100
1110010010
1011
1101111101111101
0111111111001000111
11110111011001010
10011110111111100110111101
000111011101
11111111101111111
0010001001
0010001110011001101
1111111111000
11101111101000101
1110111101111000110
110101010111
1101001
110101111101111
111001000010000000
1111110111100011
1011110000
01011101011
1111110101101101000101011011
11111110000001111000
010111000110110101
111111100110
11100000
0011101111111
1111111
0101011111110111101
0011101111111
01101101101
1001111010111001111
10110111101100111
110011111111110111
1011011010001111
00111111110010101001
11110111101000000
1111
111101110010011101
1110011111100001100001
11111011111
111111111111111111
1111010011111
1011
10010000000001
1010101010000110000
111100111011110101
000
10100101111101011110
1110010101111010000
11110010111
0000000000000000
1
1111111111111
111011010110
110011
100111110001
11001110101010001
011111111
10000111111010010011
111010001
011110110100010
10111111111
01000011000
111011101111111
000
10110011000
10100000
11111101001
1000000001010
10101010101
1110010111111010101
1100
111111111011111110
00110010011001100111
11100110111110
000011010010111000
1111111111
1100010
0000001010110000
00
001011000010
110111011111111111101
1111101001
10111111111
111111110011110
010010000000101011
00111111000111101100
101000100000000000
000100001000
1111111
011111110111
111111111111111111
010111011111111001
1110111010110001
1101111110001
0110101001100001
110100101100010
01111111110111110100
1111111
01101100
1010001111000100
111101101
1100111010101
1000000000000
010
1000011100100000
101011111010100011
1111110010100000010111
111111101
11001000010
00101101111011111111
111111111111111
1011111011101
00001110111001100100001
0100101101
11111
01111001011001110111101111011
1111
111111110111101
1101001111111
111111101011111
0011101001101000
111111
0111111
0111110111010111111
1010010110001010011
10011001010010
1111111111
1101010111001
111101111
0100110111101
111110111111111010
0101110111111111111110
101111011
11110001111
0
1011001
111110000000
101111101110101
010010111001
1000111110
11101110
11111111100001100001
11001111000111010011001101011
111111001101
111000111001010001
111001010011010
1111111100111
111010001101
0
0111110011110
0
10011010110111
11111111111111
0111110
11111001110
111110110000
1101111100
01111010100001101101
1101101111110
01111011010000111110
100111010100111111001
10000111011011110111
01010001110001011000
111111010110
11111111011101
1111
00001000
1110101101
1011010001001
11111111101
110111010010001
111111111111100000011000010
11011001110
011100011101
11101111100
11010101111111110
100100100011110
0101110011110111000
100111110011
11110110111111100
11111011
11011001
0
0
111111111100
11101000011111
0001101
0011110111
1111001000001
111111111110111101110111101111111110
101111111111
0011111111001
111111111
100111111010101
111111101111111111
000111101011000110
1010101011100101010110011110111101
1110101001
1111010
0010000000000
01101100001
00001111010111110110
111111010
1111110101011
10111000
110111111111111101
10111101
1111101101
0111110001100
001011111010111100
10111111111111110
11111111111111011
011011111000111
00001100000
1111111101110
1111111011110101
0010000001000000
1111011111111
1001111011
011011110100100
1111111011100111
11111111111111111011110011111000110
11100100110010
000111000111001
00001
1110111110011110
11101011101111
0111110011101
1111001
111111001000101
11101101111111001111001001
00011100010100000
1100111110011100
1110011000000100
1011111011101
110001101000
100001000100100100
01110110101010001
11100111110111
10001010001
1001111110111
