1
0
01
1
11
1
00
1
1
1
1
0
11
1
0
1
1
1
0
0
00
1
001010
1
101
0
01
100
111
1
1
1
1
1
0
00111
01
0
0
1
0
0
1
0
0
00
0
1
011
1
1
00
1
1
1
0
10
1
11
1
00
0
0
1
11
11
1
0
11
1
10
1
11
111
11
1
100
01
10
0
011
11
0
0
1
01
0
11
1
11
1
10
1
1
000
00
1
1
0
111
11
1
1
1
1
1
1
111
0
001
1
1
11
00
0110
1
000000
1
1111110
11
11
1
111
11
1101
1
0
1
01
0
1
11
1
1
0
0
111
0
1
01
1
11
101
11
0
1
1
0
1
1
1
0
0
0
0
1
1
0
1
0
1100
11
11
0
1
1
1
0
0
0
01011
1
1
1
1
0
01
1
1
001
0
0
10
1
1
00
1
10
1
1
1
01
11
1
110
1
1
0
1
001
11
1
0
1
0
1
1
1
11
1
10
0
1
1111
100
0
0
1
