1000
00001010111100111011111110101100000
11111
0000000000011111110110110001101100110100000
111000110000
1101111100
11000010000000000100001100101010
111001111101
110000001110011110101111111000110001
00001101011010001100000101010000
0111
111
111111100
1111111100010111111110010110110111111010001110
01101101001011
1111
0
01111
111111000
111000111001
011011001000
111
0001010010101101010111010001011011100011101100011
11101111
011
110010111111111
10001001111010101100000100001101010000111100111
1011
110101110001001011111100
00001111100010011101
10001001101111111011111
1110
0100101011111010110111000000010110111001000000011111
000000101101010000001000000000000000001001001001001000000001011100100001011011
11111110010110
101
0111110111
011111111111
1101000101100000
0111
101111011
11100011111111111010111101111000001010
11010000100000000
100111111000
1111100111110110101011011110001010
011110100000000000110100010101110111100000000000000
111
11110000011000101000
011110110110111
11010000000000
00000000010101
101111
10110011111000
111110011
00111011110
00001111111110100011000100100
111100
111
000
010000000000110101011011110111010111101
111111011110111001
0111111111
11010011
1
11000011110100111
0000111
11
000110011
1011111000110
0000000000000000000101101010011110
0
1111001011111111
011111111
0110101
1111010110011111101
1111
01110
1000001100110100011101111000010
0111110001000000011
1111
111
111
1000110100001
111111110101101001000
1011100111111111110110101101110001
0111111111110111110110000
111
101111101010111110010
01
1110100
11011110010111
111
011111110111
110111101110
001011011010000101101
111111
1111110
11111111111111010100110111110111100
011001101111110111101
000000000000000000000111001010100100100010000001000010111111
00100010000000011101010111110
111000110
11101
1110011
001110110011101
111000
1000111101111
111000
01
0110000001111110110
1
01000101100111110110101101
0101110101101101010011111101001001
11111
101011011110011110110011
0000010000000000000
11111110100
000000001110000011101011001
11110111111110110001000100100101
111100011010111001
110111110
0111111
111101111
0101
00000000000000001001011011110011100101101111
00000111100010000111000000000
011110001101011111110010000110011010
0000000000000110000000101000011110000111
10111101110111111
11011
10111111101
110100111111101
0010000101010110000000000001001100001000010101001011010101010
00000001000111011110111111111101
11111110
100110110011001110110
111
101011
1111
111
0111010110000111101101010111
011010110011111111111
1
1101111
11101
110011001101101110011000000101001
111011111011111
111111110110001111111010011100000
111101
11011111001000
1111
0011
011100010
01011
110110111
100111111100000111110100111111111011011000000
11101
1110
1111
11111101
0110010
11111111101110010
1110
011101
1101
111111
11
11111000111
111
0111000111000
1111111001001010
101100000111
01011
1110
1111111001100010011110000001
111101101011
0011111101011101111010011
1010001
00001001011100011101000010000
111101
1110000000100
1
11
11111001
1101011111
111
011010000000010111111110111001
110100000
110111011001
00111
00000000000000010100000
101110001110100111101000110011011011000000000
1101011011011
000000000000000100011101
0000010011001101111011101
01011111110
111111
011101111100
1111100000001110010
111011011
1111
00000000001100010111100101111001
100110111101101111000110101110100111
111001110000111011100111101111111
1110000
1011
111111
1111111
01011001
110100001
00000000000110000
111001101
101111011111
0
11111101111111
1001110100011
1111
011001110110010110000011001111111111111111101
11100000100
1111111
1001110
11011101001100000111
1111101
1
0
1111
100100010001111011
111000100100001111
1011111
0
01001
011101010101011000
1000
111
1111111111011101111
1011001
11111
011011000001110
111111
111111
111100111000000000101
10111
1010101010000111101100101111100111000
1
011111000100
10101010100100
11100111000
011100001
11111110011111
1111111000001100100
11011
110110000011000100100001100
11101
011
01001
1111110111100001
1111111110001
11100000
111101111111101
1
01111
0110100
0000000000000000
10000101001001000111001
00100011101001100100111
101100111110111011101000
10011010100001110001000111111111011111
0100010111001100100011110
1111
1101011101
01100101111010000101110
1110011
