10111111101100111101011111111111111011100111110001111111111111111010101110111111011
100110101110110010111100111
1111111101011111100011011111111101111111111
110011000101001110011111110110000000001100110000001101100001111001
111111100011111110111110111111
11011001011111111011011110000111100011
111101101111111111101111101001110011111010000111000
11100110010111111000111110110111111100111
0101001100011001101010001100000100000110000000000000
10110011101111110010011110111111110011
000000
01111111
10000111011101000000001110111100
0000000110111111101
1110000010010010111111011011010111010001010001110100000
111001111001011111001100000000101111101011111100000011110
011111111011110111101010001111111111100000100
101100000001100100111110001010001110111100001111000000000000000111100011000011
101111101111111111110101011111111110001
1111110111010
111111111110101111111101111010001110001111101
1001111100110100011100110101011
1100100111101110111011111111011011111111111111110011111101
010011110111001000111011011101
01111111101111111011111111101011010101110001111110011111111001001101110110010
100110010100010111111101111101111011110101111001000111111110111
0110111110110100001011111101000111001111111101111101010101
01010011000010100111100100100010111100001110
10011111111111000111110101111111011111111011010
101
101111010111
1101010010111011110
0111111111
100001111110111010011111111111111111110011000111000011111111111111110111
01101011100010101011111111011111011111
0000111110101101110111010
10111111110001111111111110
001100001110001001111010001
0100011000001010000111111111111010
101111111111011000111011100111011111000100000000
111111110011101111110110111111110110011010111111101111000111111010
1111111111010011101101101110101111001111
1010110010101110111111111111
10111111110011000011111110010011111101111101111110111011111
11111111100110010011110111111011111010001111111111111111111100111011001111
0
111101111011111111011110111101101111110110
011101111100101101
10010000100111111001111011011110101100010100000010110011000000100001100101
111011101010111111111101111011000000101111110010010111011
01110111111101000111111100
110111110111
011011001111101110110111110111111100001
110010111011111111101111111010011100111111110111100011100101
011111111110010111010011110101001111001110011001011011110
1101001111001110011101111001111111101011100011
111111111111110011111111100101111001110111101111111111001111
0110010110001100100010101010100010011101011110100000
01100101001001111011011111101111011110101100001
11000011111011000010100110111111110011010111000100111010101101
11111111111111101101110010010011111111101111001
0
1111000110010101011101111010111101001100100101010011010100011111111101010011
101
110000111100
0110000111110111010010100101101000
1001
001111101100110111011110
110110110111100110100111001110111110111101111111101101
110111
101010000110111000001011111110111011111
1111101
100011111011111111
