00110000000100000001100000
0000011000000001100000000111110011111110111000000101
00101
0000000000001001000000001000000100000101000110000
111100
000000000
0001001011000100010000010110001110111110
01101110000111100110001100001011111111
00011100010000000000000010011000010000011011000000
000010
00100
11000011110000000000
100100000
00000010010000011100
01110
011001000000000001000000000001100111010011000010101111
00010100000111101111110100110010010011101001110
0000000000000000
1010010001101001
0000000000100
1011010100100111111
1010011100001101
1101111101
00011000000000100111011011111001
0100000010111001
1111001
000000001001110101100100100000010101100101001
1100010011
0000010
00100000000000000011000000001011011100000101010000111
01100000000000
000000
00101
11001001011000010001100100111100000000100000010000
001110010010110
11100
01001111000111110110101110000
00010001010001001000000110010011000011101
00010100000011100010010101001111101001
0000011010000101110001
0100010101100001100
0000000000
0001100000101001101
000010100000011101000100000010100110111100
10101001111101
00000000
00000000100000000000001000000000000000
11011011111111011111101011101
1
000
1100001001001101101000101101101011011010001
11101
101
00000
10001
0010
0100010
01010000010010010010110000001100000000000111111011
000000
1101
00000010
1010111111000000101101001101111000011111
1110
0001
011001001100111000100001110000111101001
0000
0000000000100001000000000001101010000000000000000
00000
1101001101110101101
111010000000000001011011110011
1111
100101100000001011101011111
11101101000011001101011001111001000
000000000000001101100001000000
00111000000000
0110000100000110110000101111110011101001110
110
1010101111
111101001
01001000101100110011001100010111101110011
0000001000010000000
000010000100001011100000010111101000000010111000000
0111
1111111010000000111110100011011
00010101010
10101
101110111000011100101111
0000000010101010
000100000110100001110100110011000010110110111111
0
10000001000000001110101000111101000011111000111
01011110001001110101011111111101001
00000000000
11010111110000100000
1010100000
11000000100101001000000000101101
1011
011000
11001100000100001111101101110001111111111110101
0010100110101000100111101
10001010000000000001110101000111100
011
0000001000110100010
10101
1000100000000000000010000000100000000101100011110010110000000010
110001110010010100110
1100000000100110100001110000000101001000011000110101110
0010100001101111010101010010100100011111110111
0000000
1000111111110011101110000
100101010000
101101101
11
0010
1
0011
110100101110
01110010010000
10
010001
01000100000001000001011011010000001110010101010100011011
0000100000000010000010100100000000000111100111
0110000000000000111100011000110000000001010011
10010100001010001101
1100100010100100101100001100101
00101000000000110000000000100101000010111010101
0001100001111011
0111011
000000011
0100000001000
1000000000000101011101011101
0000010001100000100111110
00101000111000111001101101010110011010
00100001011110
101010110
001101111111100100101010
000000000000000
10010001100
1100101110001100
00010101000001
110000010
0110100000101001110001010101100000110111110
0000000000110
00001000000000000000000000001000110001101011000001
10001001
00111000111
010000
1111001111111111111
1000000100000000000000000
00000111
100110001010101
0101
000000000000000
111
01001110100010
0101000100011110000011
00000000010
011010101001101000000110011011000010110
010011111101110110101111
000010
00001100011001111110000
101011101
01000000000
0000000000000000000000000000000000000000
1110
00011001
1101000
1111011111111111
00000110110111011110001111000100101
0000101010
11110
001010000000111111101110001010001100000111110011000
0000
00101
0111010100111110010110010101111000011111111111
000010001000100011011001011111100
100000
10100
01000110001110111010011011101111001111
01011000
0111
011
00011001
100
1101001110
101100010001010111111010100011011
01110000000
01111000101
110000
111
00100
001001110000000011111110001111100001001100010100011111
10011
00100000
110110000101001110111000000110011000001110110010010
0
0010111111010111000111111000100111010
011111100111011000011010011100011010110111111111111001100
0101010
000
10
011100000
100010111000
0011
100101100
1111100000111111011111
000000
0000000000000000000000
00000000000000000000000000000000000000000000
000100010100000000010101110100000110010101
11
01100000011
000001001000100000000010101110001100000001001111
0000001011001000101100110110010010
10001011100000
00111000001111111010001010001001111110110
001001
1010
01000
100110110
0011100010011110
100110101
1010010
0000000
000011
01000
0000000000000
1
1000100001010111111010000111
000000000000000001000000000010101110000011010000
00000001000000
0101000
100110
001000010001110101011111001101110111011111111000001001
01000010
00101
1111111101000000001000
1000000
0001110
00011011001110111110100110100
10110110111010
11000011100
000001
111110111111001111
00100000001000000111010011
0010101010000000000011001000011000001011011001001
101001100
11101000001
101111
1111000111001011010001101100111000100100001100101010100110010010110
0
00001000000
00100111010
00
100000001000000000
111011010110011111111110111001011010
000000000000001000000000
110000
0000110111
10010001011101
00111100001001100110110110000011011001111000
000001011100011100111100100101110011
011110
0110000000
101
111010
000100011011000
000000110000000000000111101110111111011111111
0010110101000101101000001000000
0000011010
00010010010000100000111111011100000000011001
100000001
00100000011100
00010100010000
111000111111
00100100
00010001111011
00000000100
1101010000
100000000000010001100010010011100
10110001100
01001000010001100100111010111100111
1011010111110100100110100011110101
1001
0001011010101011010100110111001110000011011111
101111001100001000111000100100111101100000101010101101011110000000000111101
00111000001111010010011010
00000000000010000000000000
0011
0010000100000001011111111101011011
1000000000
11100
00001
1000011101
11111000001001011011001100010101001011101111000
00111
100110
101001111
0010111010111111001011111111111011000
01000000001001
0001
00
110
1101100
0011111111100
00001100000011111001100111001101000011110
100011110100101010100110110011001010110111001
11100001
00000000000000000000
01010
0100100000000000000111001000110110000011011111000
00111001
1000000000011111100111001010110111111100001000
10100000110111111100000011111011111111010
010000010001110011110101010001011111110
00000101111
0001110
1
000000
10110001010
11
1110
0000000101000
1100010000000100110001011101001001
011000000
0000100
11011101011110011110111111011000111011000111100101011110110
10010101
0
000011101010
111
11101
00101011001101110001110111101110001
0111011010001
1000001000010011111110011110
11101110000110001110110001
101110010011111111010000001
10010000010000001101000
00010000101000000110000000000111100
101000
1100
0110000110001111101011001010101001101101110
0
11101
0
0
000101100
1110110011001101111101110101010
111100
101000
010010101110
100001010
000010001000110000000010110011010011010111000101010110111110000000010100000
00101001110010111
1010001
10000000110100110100101011
0000
110110
101000000
001100000000100000000000000000
10000001110000
000110
10000100
101
01010010000110010110011101001110010101000001111000011001010010101000001000000000000
0000101101101011010010100100
000011011010011100
01010011
10000
0000001011000
100000001010001011110110010101
11111111
1011110001011011010001101100011000001
01111110
0000001111
000011101000000100011111010101001111100
10110
00000000010011111000000000100
111111111101010
1000
10110011111011111111
0
0
0111
1100100000000000011110011111001101000111011111
0011
111101111
010
0001100101100
00000001000100100011
000000101
1001100000000100000011001001001101010000000001011110001
1
1000000101000
01101000110011
1011101010000110100101
10101101
0100100000010000000000000100011010111101000
11
011000
00100010100010101001000010111000101100100
0
1010011
010000000000001011011010100000101011110111
101011111111111
000000
001100011111011001000110010001010110
010011010101110011111100001101111
0010000
10101111000110011101010100100011111111111
1010110101111011101110110011001101111011011101111000011010101011
01000101
001000111000
11
11111100011110
1010000
101111001100111111101011
00000000000000000000000
000000010101100000
001000100111101111101011011111
0010111
000000000100
10
000000
1010
0000100
111000000
101000
01100000000000100000000
01000001110011000111001011011110110011110111001110
0011100001000001110
0000000010010000000000100111110010000101100
0011111000100001111100
01100
111
000000000100000000000000000000001100000000000000
0010000001100010010010010110000010010000100
00001000100001000100000000001101000100001101110
000111011010100111110001111011100111111111111
00010
0011000000
00111111100
100100101111100
