0111000100001101110111111101
01110000111101111111110
001010000011000000000101100
11100111000101111011110
01100100000111111
001001101111111111110010111
0
011
11
01111
00010011010011111111111001
11011101010101101101111101
00100000
10001011101111111
010011
11101111111111
00110001
111111001
10011010111110011111111111111
110101
0100001000011111111110
000001101001001111111111111
001011001110110
100
000001010010100111111111
11101000101011111011011
01101111111101
10001
11110
11110011101111101111
0000110001010111110001111
01100101
1100000100001110000000
00101000101110
111110000111011110
1110010000011101110111101
0100
00000101100110
111000111111111
00101001001111111111
01
0000001011010111
100101101111011111
01101000
11
10010110
011011111101
01100001001111001001111
00011101111111
110110
11
1000100110111110110111
111000111011101010111001011101
011
111010110111
11100011
10101011111111
0000010101010111111011111
0
1000110101011111111100
100101101011
011
11
10001001
110
01101100010101111101111001
1001001000
110000110000111
100100001111001101110111011011
11101001001111011111
11010011001011111011111111
00011111101011111111111111
0000000010000011111010
111001011111111
11011111
11
0000011001010101
1000100011010111111111111011
10000001111110111110
101000111001110101110
01111110111110
10000011100101111110111111
100110000
01001
00
0110100100011101111101
1010110111111111
1111001101110
00011
011111110
00010
001
10
011100001111011111111
10001000110110001000011
10
01011111011
111110
0001
101
10100000111
00011111101
1110100100010101
11100111111111110
000010010111111010110
011100000110111111
111
001000001111111011111110
10
1011011111
11000101111101101
111110001011111011111011
0000000000110011100
100000111111010
10
11100100111110111111
10
0010110001010000
10010111010101000101
100011010100
10000100010101011001010001
01110001010110011101100
10110011111
11011111111001111111110111
00
000000000000000
101110110
110101
000000000000000000000000000
001001011110001
011110010010001111101111101
11101001011010011010
110100101111
01
00111
0110101010111
000010101100111110
000000100010000010000000100010
011000000
011111110011111111110
1100000011011111011001011
110110
111000111001
1000010010
1111111
1101111111001110
000110001001111
110000
1
10111111101111111111110110111110011
01
000000000000
0000011010110110
0110001100
111101
1110000001111111111111
10011111111
1011010011111111111111
1101111111111
111001001111111110
11101
1111111011111111
11111111
001111
0000000
10011101111110
1101110010111111110
1111100110111110101111
1101011011111111111
11101011111011011100000010101010101100
0001111
0110000000000001010001000
11
101010
110
1100000
1001000000111111110
11101011
1110000100
100111111111101111
11010101010111111011111111
110011101
0110100011111011111
01111010111111111
00111111111111111
1000001001011111111001
11011111
111000
0
000000010001011110
111111111111110111111111
111100110
0000100011110010000
1110001111111111
000001
10111000101101111011
11000000000101111011011000010
0100000111110111100
10
1000000101011100110011111
111110010110011110011
11110011
111110101
111111111
101001011111000011110101111011000
11111111
01100000001101111110011101
01
00000000100011000101001
1111
10000011100101101010111111101101100110
1010101110111011111111
0100000
0101001111111111110
1101000
11011111110111
01
1111111111111011
11010111111111
1110010000111111010001000100
1111100100101
00011010111
10
11111111010110001000
01
011101
10000011101110111011110
100
101100000000010110111101000110
010011100111101110001111
111111
0100111101111101111111
11
01100000111111111111
11100011011101010111110100001
111111111111
10101111111
1010000001010011111111110
010001110111011111
111111111011110111011111001011
11111
11
110
1101100010011
010010111111110
110111111100101111001
11011000000
1011100111011111100111
001
0100111100010000010011100
11111100101111011111
01011011111110
11
011010000111010011100111111
10101001111
00100000010100011001010100
001111000100111111111110
010000000
0011111111011
