10100010110111
00000001000101010000101101101011110000100100
01011
100100000000000010011001011110001001
00111
0
000001001000010001111111111
1110001010111101111111111
001010001100111011010111111110101101
000001111000011
1110
10010000011000000
000011000000000
000011110100
11101
00000100100100000101101101000011101111101110
1010000010100010100111101111110011
000000
01001001
111111101111
10011100010101
111011110
0111110110
001101
1001
1001001000
000101
001001000011001011001101111111010
111
100
000000100000000000011101101101010000011
0000
00000
0101000
111101
1110
00100010100101110101011111101001001
111111011101
1001
000110101110100101
011
101010001101100000000000001000
11001000010100011010110111011001
101000000000
0000010000
111110101011111
0000
0000111101111110111
1110001001101011000001000001101
01
00000
00000111000000001100101110
111100111011111011111
000
10
10100001101011101110011111101
00110000
011
0001
1
111
010100
11010110000011111100010010
011
0000011101
0110
10000010110000111101110
111
01101111
10000001100001110100101000110011001001000
101111101011
000000000000000000001111110010001101
0011
10
10011111010101
001010101
0110
00000100000
10010011111110111111111111
011000010100011000110
0011111100
010110000010110001111111111101001101
10
0111
0010111
01100110100111001111110111111
10111000000
10101101000000001000011010000001010101001
001110011011010
011
100100010001000
01010100
10111
01111110111111111001
01111
010000110001100001101101001110
1011
011111
1101101111000101000001011001111011101001
010101100110111111111111
00000000
1
0101100
1100000
000100000000000000
1011
11010
0010000000101111101111111010
100100111101
00001011001101111111011010
10101110
1
1101
0000100100110011010000011111010101110101
10111111100111
011010011000000000101000100011010001
000001111100011110111101111011001
00000
01010111001100
11011110111110111
0
001100001
010101110
1111011011010
1101
001111
0100100
0011
10
00
1111101000001000011110000111111
001000000100110001010111111
1010100110000111000010000111110
00000010101111
0010001110001
1000001000000100000001101100010000111010110
0000
00100000000101010
00001100
11000001
001100101001100111101
0100010111011111111011011
111000100000
110011000
11011001111101011111110011
101101
010
01111110011
00000000111010101
101
1100111110
11010111110001000
110111010
000101
11001001101001011111111011001100
000
0000000000000111000111111001111001
0001000
00110111
00000
01101011111111011
0001000010
0011111
1000
10110
000000
11
00101101100001
001
000110110
111000010110001000111011001011101
0100110000110110110
10110
0
101111101011011
0111
000100
0
0001000000000001011101111111
110
0010100
000011
0111110111
01110001011011101111010010101
001
001011
101
010111100111000001100000100010010
001
1110
100011110110011110011011011
00011100101110100011
1011
11001
111011001000101111011010000010
111
0010011111
100000011
0011
0
0011111111011
11
11011110000000000
11000011001001110110000
011001
1011
0011
10010
0
1101
1100010011101111111011110101110101
1101
01010000
101000001000100110001110010111010111
0000110000010111111110010111111
0111111111
11011111001110111000110110011111010100
111101101
0
100
0
11111110
010
1111111000000
00011110
0000001111110
00000000000
1
0000000100000000000000000000
100111000000000001101100000110011
01
101001
111100010
100111101010100010111100011011001
00010100010001011100000
101101011
100011100001011101011000101010111110000
0111
10100101101
0001
010010
1101110
0111
01011
0000011101
011011111
0010
000000000
00
010001101111110111
000000000000000001000000011011010
000
0110
10110011
00101101100
1000010100011101101101000101101001
01100111
01111111111
1010001
00101111000
0
000110
0
111111111110
1001000011101011000
00110001000000010111111011101101
01111
10
11
0000101010101001100000000000011011100
111001110001
10101
00111
0011000100101000
00000
011111011110111110000001101
000000000
1101101111
1010000101011
000
01111111
0100
011101000000111100110111000
010110110011011101101100
10101
100010
0101
11110
00111011
1111
01000100000000111111010110001
000101010
0010100000000000000000
11011
001010100011101111111111001
1100
001
11100100101001
00
10
1111
101100
000
1000110
00110101111100111111110111
01100011
000000101101101111111001011
100100001000011111110011110011010110100
1
0
000010011001011001100101111000101
0001010001010001001100110011101101000110000111000
010001000111000
001100011100
100010110
0000000000000011100
00000000011010
00100
1110
011010011000111001011111111001
01111
01
010100101
1010011101001111101101011111101
01011
01
11
11
01111
0
1001011011010000010110111111111001010111
1011010011111111111111
101101
00000000000
0
0001100010000000011101111111111
100011111111
01010011000010001110100000011001101111
111100001100000111101111111110101101
10100011110001010000101001101
1111101
00001111
001001000000100
11
0000
01110
1
1111
10
110
1111110101
1111000
1000101010100101000101011
000111
11100110111
01101
1110011
0010000101010000011110011010000011
101111010000
1
110011111110111
101001
011
111111111011
00111110010000001001111111
00111111
100000001111111111110
00000011011100
00
10010011110111101
00000000001101000100
0010010000001001100000010
000001
1011
1000011001000110010110100101011
01111010110001
000
1100011011111
0111001111111110111
011101
100
1100
011011
0101010000000000100101111111100010100011011101
010111011
011111
1000000011101111
11111
0
00011
0
0
00000000000001100001
001100
1
111110
0011011
0011001000000000000010100110110000000101000000000
1011100001111110101000
0011010
011
000
11010
101101101010110010101110
0
1101101110100000101110101111100
0001
1100101011011100
011101101000111101011111
110110
1111
000000
1
0
0
01110110101110011111
0
0000
010100100110010001100111101101
0110111111
11111111
1111
0101011011
0111
0000011111
01
000000000100000000000101101011111110010100000
1111000110101
000011001
010111111
10111111111110
11111011111
000000000111000000100100110011001010001
01010101101
0110
11011
10010011011001000011110100
011110
000000001111100010101111111100
111111
00000
1110011100011100101101001011100
010100011110100001111
0110000
0100011011101101111110010110
0111010000111
100110100100001110001101011001101110101111111
000000001100
000
01111
1100111111100
11111101
11101011000001111
000
000000
01
011001101101111110001000
1111
111000
000000
01
01010
100
110
01011
0111
0011
0001010000000000000
011010101010110011100111110111000
10100110111
10
10100100010001110010100001001100001
0001111011000
00111111110
0110100
00010000100000001101010010011001
0010100000010000001101101100011001
00100000000100010011000001010010
11110111
0111100110111110111111011110111
0001
0101100
0
000
