111
11110110
0000011100
0101110
111110111
1111110111
10
010011
10111
0
1
1011111111
11111100
10
111
111
01
1
11
011101
1101010
1001
0
1
011101111
111
1
101
111111
111111
1111
111
10
111
1111000
10
01111110
010
1
110111111
1111
1
10
1111111
11
110
1
1111
11
001111110
010
1001101
0
111
111
11111111
100
111011101
1111
101111
01
110110100
011
1
1011
111
11
111
11110
1
1
1111010101
11111
10111
01111
1111
11
111
11101111
01111
11
1
001000101
111
1101100101
0111110
10
111
110
11
11
111
11101
1
101110101
1001111
010111
111
01
0111101111
111111
1
011
100
111
11
11111111
11
1
101
101
0
11
11111101
1111
0111100
11101010
11
1011
111
100
1
110
0
1101
1
101111111
111
11
1
111
11110
11
1011111
0
0111111101
11011001
110
11
1111111
11
1
11
11
111
101
01
11
11
111111110
01011100
0111111
111
110111111101
111
0
11
1
00
111
11
11
000
111101111
01
10111
111
01
11101111
0111
1
1
11
111
0000100
1
11111
11
011111110
11
11
11
101
111
11101111
111001010
111
11
111
111111
11
11
1
1
0111101
111
10
1
1
01111110
11
1111
10
01111
101
111
10
1
00
101
11
111111
001111101
1
101110110
11111111110
101110
011
110
01
111
1111011111
1111
111100111
01100001
11111
010
0
101110
11
1111110
111111100
101110011
0
11
011
1
1
11
110
11
11111
011
11
111
0111011110
110
1
101
0
11
11011
1
101
111
010
11101
0100
1111001
111
110
111111
11
01
01111111
1
111
0
10
11
1
110
1111111011111
110
01
111
111111001
011
111
111111
11
1111
11
01111
11
1
1110
0
110011100
111
01
1111
110
111
11111111110
111
1
1111111
01
11101111
11
1111111
111
11
111011
111
110111101
100
1
111
111
100
01
11
11
11
0
101
01101101101
1011
00010111100
011
11
0110
1011110
011001111
0111011
11
10101111110
