001
011110
1
1111
0
000000
1
0100
0000011
11101100
10011
10101
110101
11
0
01111
1111111
1011110
01
00000100
01
0101
111
1011
00000
00111001
0111
1111
01
0
1111
01
100
0111001
10
0011
0111
1100
1011
111
111111
111
10111
11111
000110
11001
111111
11
1
001
11
10
1001001
111110
101
11101
10111
10101
001110
0111
1
1111110101
1100111110
111
01110
110001
1101
11101
11011
011011
1110
1101001
00
1101
11101
1
10101
11110
1
0
111011
1110
100
1111
1
111
0110
100101
0001
110
001001
01
1011
11
000111
00
11001
1111011
10
10111
101100
01111111
1111101101011000
111101
0
01
011
01
1101
0
01
011
1
11
0001
11110111
0
1
0111
1
11111111
1
1010
1
1111
00011
111101
1100111
101110
10110
1010
10101
001111
01
011111
110100
0111
0111
1001
1001
1
111110
1001
0
1011
1010
110011
1
0011101
11101100
01011
1
10
0101
11
1
1111
11
011
101
01100
100111011
10111101
111011
111
10101
11
1110
1111
10011
01101
1
1110
00101
111
0
01
11111
1
1111
11
111
11111
10001
0111100
111000000
11
00
001001
11110001
1111
111
00
011
0011
1
0
1
111
10
0011
0011
01111
000101
001111
011010
1
0100000000
0101
101100000
10110
0011
11011
