011010100
110101
11000100001
0
11111111001
10101101
010011
10
1110111
0100000000
0000000000
0
010100100
111110100
101001101
00011000
1111011001
0000010111101001011
101
0110
00000000001000000010
000100100000
0001000
011
100111
0
01111
000111
111111111
0100010001101
011100000
0
110011101010011001
010101
1110101
0111
0110100000
11101
000110
11111
11111
011111
000110110101
11101
001001000
011010
1101101111
11111
111101
01000010100
0101
110111110
001100101
11100010010
111000
01
00111
11100101
1010010
1100
000100010000000
10110010000
11
0111
010111011
0100100
01111
0
111110010
0110100110
11100
011
10111100
0100
1111101
111110000
11001
1110101
0110
1110010000001010
101010111
11101
01001011
0000000000000000000
111101110
01100110
001111
11100001110111
1111110000100
1101000000
0
011011
1100000111
1
0000001100
1
11000001
01011
01101
110000
101
1111011101
1111
1111100111
11111
101010000
11110101
11100
00100000
1011
10110000
1
00100100
10011
11111
1111000111101
1111011
0
00000000000000000000
11100111100
1011000001
11111
01101010
1101100101
1111
11011111
111111101
0000000
0111
1000000000
0011110
101010000
0111
111110
101011000
0000000000000000
11101
111111
0100100000000001
111010001100
11101
110111101
11
0000100100000
011
111000000
01101011000
11111
00001
0100000000001000
0
010010
01010000
111111
1110000
01100010
00010011
11001
01010011
0111100
10101000
010111
0111100
110001100000000100
11
111101110
110111
