01111111111111111110000000111111111110000100111101100111111010100000
111110110000011110000101011101101110000001001101101111101010011101000000100101101111111111100111100100
00100000110101111000000111111110011110111111001011011
011100000000111110011110111000111011011101101
01011110010010111111111110111111111
111111010101101111011111111011101
1111110111110100001111110000111111111111111
1110011101110000111000101010101
00000100111011111111111111111111000111011
1100110110001101111111110111101010000001111111110111011111111111
0110010001101110111010100010100110010000111100111011001100101000111111111000000111111101100001011101011001101
1101100001001101110111101010111010101111010110011110010101101
010111110111110111
