0000000000
00000
00000000000
00000
0
00000000
0
0
1
00000
0000
00
0
101
0
0000000
0
0000
000000101000
11001000
0010000010
0000
000
00
0
000
0
0000000
011111
0
000000
0
0111
0000
00000
000000
00000
000000001
00
0010
0000000
00
0
00
0000000000
00
100
0
0000
1
00
0000
011100
0000000
00
000000
000
0001110
1111100
00
0010
000000
0000011110101
00000000
0
00
0
000000
00
11100
0
0000
0
00
00000
000000
0111101
00
0100010
01
000
1100
000
000
0
1
11110011111
10
00
00000
00000001
0
000000001
000000000100000
00
000
010000
00011
0
0
1000001001000100011011000
110100
00000
0
00010
001111110111
1
0
010
000
0000000
001110110
00000
000
111000
0000000
1011
01000000
1000000000000
0
00
01
00000
1
0
00
00111
0000100000001001010100
0
0000000
0
11110
000
00
00000
000
00
0
0000000000000
000
0010001000010000110000000000
0
00
10
1111
1
00
0000
00
0100000
00
0
0
001
0
0
000
0
00000
00
0011
0000000
010010110011011
1
1
00000000
0
0000000000
00000
0000
11
0
1
0011
00000000000
00000
0
0
000
000000000000
0
0
0000
000000
00000
0
00
0
00
0000
1
11
0
000000
00
1100000
10
000000000
00
00000
00000
10110100
000000000110
0
000
00001
