0
000000
00
01000
1
100
011
110000
0111
000
11
0110
1100
00
0
0
01
0
1
1
1
10100
00011
011
00
000010
100
000
0001
00
0000000
0
1
1101011
00
000
010
00
01
10
0
1000
0
00
10010
00000
0
000110
0
0100
111
1
101
00
0000
0
101100
000
0
10000
1100
000
0
11
10000110
01
0110
00
01
01100000
110000
00
0
0
11011
0011
10100
00000110
1000
0
00
0
00
00
000
10000
100
1
00
0
0
000
010000
01
0
1100
001
10
1100
0
000
100
0
00
00
11
1100001
000
010
0
0
01
0
100011
01
0
0
1010000
00
01
00
000
0
00000
01
00
0
01
000
00
0
00
0000
1
0000
0
0
01
000010
1111
000
11000101100
0
00
00
1
1010
10
1
01
10
110000
0000000
00010
1
0
01
1
1
00
110
00
000010000
00000010
0
00000
00
0
01000
0
1
01
0
10
00
00011
0
00000
001
000
1
100000
00
0
01
0
01
0010111
10
000
111
0
0
0
000
0
011
00
01
001000010
11010
0
000
011100011000
0
10
00
0100
00
0
01
01
0
11
0011
0
100
0
000110
0110010
0
01
0
00
011
100
0
011000000
1000
10
0
0
0
0
10
00
0
0
0
011100
001
1000000
0
0
000000
0
1001
1101
1
0
