11000000000100110
010111101111000011
101110000000000010100110101110
0110101100110101
1111011110111111
00110100001111101
11110110111111111011111
0011
0
111101110000011001110100
000001101011111010
10001010101101
001011000101110010
1
1
010000100100001001101
0001001011111100
1010
00000
0101
100111010100000101110
0111011001110110
0001
111111010001101001100
111101101
000010001001010110
111100011111011101001
010
01110110111011111001001
001101001010000101000101
11111110010111111001
0000
0100011000100110100
0011111111011
0
0
101101101101101111
0
10
00000000011101
1011
11101111111111
1
1001
0111101100110100000011001010101011001110100
11111011101110
000110100010000010000101010001100111
1010111110111101
0
0
101111101110101
010100110011
1101101011010110100110
0011
1001101101111111011
01
10000111101111101000
00010010000000100
000
111110111011111001
1110100000101000110000100
1101101
101111010000100111111100001110100
1011111111111101111011
0
10
1
00
1000
0
11111101110010
010001101110111110100
0
100100000001010111001000101010
1000111010101111
0111110101111101111
101111110101010101
1110001110001010111
11001010001110101001010
1101011001010101
111000110101111
1111
11
00
0000000001110001111111
100010101011010010
11100010000100011010110
111100110111001000111
0
00111111101111001110110
0
11
00
1101111110100111000111011
1011110010001110110
11100101011101
011111111100110001
111101010010111
0
100111000000100101
1
00000
111111110100000111
100111010101110100
0
111001110110000100010
0
1
00
1111
00101001101011
100111011110011100101
110110110001111101110011
11101101
1111101111110011
001
00111001111000000110
0010
01000110110
110110010110111011
111110110111010001
01101100101100
1011010011011110
01111110111111101
01001111111111100110
1111110001
1110111111110011
0
111010100000111010000
0111000100010011000
10111110010
0
0
111111011110011000
0110001010010011000011
101101101111001000111100
1110000
110111000011111001010101
10100001
11101101111000110
1101011011101
1
110
0000000100000100000010
10101011110011010011
1
1
000011000001100100000000100110
111101101111110011
010011111101111000100
00
101
111001011000000
11111011111111
110110111011111111
0011000100000010110000000001010
0
01011111110
111011101010101
111111101101111
1
0000
0010101101100111111000111
11010000001000011100111
111010000000000110110000111000
111101101111010110
11111110100101111011
010
11111011001110011010
00
0000000101001011111
111111111011
0
1011010
10111110010111101
11011110111011111011
0000000011000100110101011
101101111110000
0
0111011101110101111111
1101111001111001011
0
101010110000111011100010101
010
101001011010110110010010
11111110111101111111010
00
11001110111111101
111100000000100000011010
00
10101110111011
1
00
11111101101101
11111101101111011
0
0111100010100110110011
1010001010101100110000000
11111111110010111111101111
0
1010000010110010101011
0111110010111
1111100111101100010
011011110110110101110
1001010011000110000
011010
0111010001001111111111
1
1101111111111
1001100111001111
11101000110111
110
1111111111
1111110110010111
0100101111000000011111111
1001
11111111111111
0101111101111111111
1110
001011111011100010010
111111100100110110
01110001101110111
0101
000111011000001111101
0011011011111011111110
111100001011101000
00
1101011100011111
01111111111111
111110000001111111110111
0101111111011111101
00
0
0
0110001011111101001
110
0000000111001001100010001
001110100100110011100
00
01
10111000000110001011
00010001001101001101
1
0101110011001110001011
11111111110010111111
1111110111111
11101111
00000
11111111001111100101110
000011101001001001
1101
10011101111111011
01101000000
11
1111111
000001101100000111111100000
1111111111101110110
11011011110101101101110
11110111111111
0101010001110111001001
11110111111011
1110000011111001
1111111011110010
10111011110
0
001111111000101011111
11111011011111111111111
1111111111111111110111
1010000001111101
111011100111010111111101
0011001000011110
1100100111101010
0011110101111101001
0
0
1101101110100000101
111010001000
00
1
10110000000100110001
1111111111101011110
0000
111001111010110010
0
11111111110111
00010111100110100100100111001
00111100010011111011
00111001101110101101
1111111111111101000
111111011110010
