000011110000
11111111111111111111111111011111111101110111111111111111111111111111111111111111111111111011111111111111011111111111111111111
10011010100111010101101
1111111110
1000111101010100110111101001010011111110111111111111110111110111111111000100110010010111100100101000001001100011110101000011101101110111111
11011101111111111111111111
10111111011
11111111111111111111111111111111111111111110111111011111110
11111111111111011111101111110111110111011111001011111111111111111
1111111111111111111111111111111111101111101111011111111111011111111111111111111111101111010111111111101000000000101011101111111110111111111111111010111110111111111
11
111010000
00111000111100011111111110011110100111111111111111111110111111111111011100101111101111111
01111
00111111111110111111111011111111
1111111111111111110101111111011111111110111110111111101011
0111111111111111101011111111111
1111111111111110111111111011111111111111001011111111100101110111110000001100101100000101011110111111111111111111111111
111111111111111111111111110011110111111111110111111111000111101111111011111111
1110110
1111111111101101111111111111111011
001000000000
10111111111101111111111
11111111111111111111111101011111111111111
101111111111110111110111111101111111111111111101
11111111111111101111111111111111111011011011110111111111111
1
101111
11111111111111111111111101001011111111111111111111111111010101110010100001111111111001101111011111111
110
1011111111111111111111111101
1111111111111111110110111111011111111111111111010111101111110111111101010111000100011110100011110100000010101010101110111011011010000011011
1110111111101111111111111111011111111111111111111111111111100011111111111
10001000000000100000
0000010100110
010111111
11111111111111111111111111110111111111111111111111111101100010100000000000011101111111111111101101110111
11101010100010011001001
00101010110110111010111001111101101001100100101101111
1001111111011111111111111111011111111111010111111111111111110111111111101011111101111
111010111111110111111111111111111111111111101010111101110111111111110101
11111111111111111101111000101110111111111
1111111111111101100110111111111111111111111111111111111111111
110111
01111111111100
111111110111010110110111111111111111111111111101101111110111110110111010010110111111111011111111111111101110
11111111
11111111001111111101111111101110110111
11111011111110111111111101110111111101110011000001000011111110011100001110111011011011
001111011110011101001111111111110111101101111111101111100111
111011110001
11111111111111111111111111111011110011111111111110111111111111101111101111110110111111111
11111100001111111111
11111001111111111111111111
111111111111111111111110111111111111111111111111
110111111101111111111110
11111111111111111111
11111111011111110111111111111110111111011111111111111111111110111110110010101111100000110110111110110111100110010101001
111111111
10
0
11101111111111111111111111111110111110111111011101111
110101000000
111110111111111111111101011111011111111111111111111101111111101110111101111001100011111111001111111110111111111111111111111111110001
1111010000111001
1110111101111111111111111100001111101100111111111111111111111111111111011111111011001110111111111111001101101111110111111101111111110111111111111111111111111
111111111001011
000
11111111111111111
111001111111110010100111110011110
1111111111111111111
11111101111111111111111111111111011111
110111111111111011111111111111111111111111111111111111111111111111
011110111111111111111111111110100000010110001110001111100
1110111001101111111111
111101111111111111111011111111011101100111111111101101111111111111111111111111011101011111111111100011111110111111011111111111
00
111111111111111110110111111111111
10111111111111111111111111111111110011011110111111110111111
111111110111111111111110110111111111111011111
10101111110111111111111111111111111111111111111111111111100100101011101110111110111111111101001111011111111101111011111111111111
11
1111110101000111111111111011111111011111111
1111111111
11111110111111111111111101011111111111111
11111111111111111111111111111101111111111111
1111111111111111111110110111
0010011111111111111011111110101111001111111111111110011111111111111111111100110111011111111010111111111111111
101011111
111111111111111111111111111111111101111011111001101101111101111010101101111011111111111
11111111111111111011111110110011110111111111111111111
0000
11111111111111111101100100111111111111
11111111111101111101111111101111111111111
11111111111111110111111111111111110111111111111111111
111111111111111111111111111111110111111111111111111111111011011101011111111101111111111111111110111111111
1101111110111111
001101001011
111111111111111111111111111111111111110111111111111
101111111101111111111011111111101100111111111111001111111111111111
111111101011111111101111100110111000011111011111
1110011111100101111001111111101110011101101000101000010000100010000101010000001
11
111111111111111111111111111111111111111
111110111111111101111111111111011111111111
110
11011111111111011111111111011111111011011010110101001011111101111111010001111101001111111111001111
01
011111011011110011001
10111111111111111
101111111111111111
1111011111111011111100111111111111101111101111111111110111110111111101100101001010011111110110011010101111111
11111111011111111111111111110111101111111111111101111011111111111111111111001110111111111111
001101101101101101111100
10000111111000110010100010110
1101011
11111
1
111111111111111111111111111111111111
1100101
11111111111111111110111111111111111
111111110111111111111111111111111111101111111011111
1111111010001110111111111111111
011111111111111111111111111110011111111110111111100111111011111110001111101111101111111111110011
11111110111010111111111111111111111101110101111111111111011110011111111111111111011110101011111111101000001000100010101011111111111111111011110111111011011
111111111111111011111111111111111111111111111111111011111111011101111000011110001111111111101111111111111111111
110001110000000000
1111111111110111111111111111111111011111110
111111111111101111111111111111111111011100111101111101111111111111111111010111110111111111111111111111111111111111
10101111111
11010001111101101
11011111111111111110111111111111111111111110111111111111011111111
101111111111111111011111111111010010111111111111111101111111
11111111111111111011111111111
1011111111111111111110111101110111011110
11111111111111111001111011101111101111111111111111100001101111010111111000111
1001011110111111111011101111111100111101000111
11011111111111011111111101111
0111111111111111111111111
1111111111111111011111111111111011111111011101111111
111111111111111111111101111111111111111
1
0101101111110111111111111111111111101111110111111111011110001111011110101111100111011001111101111101110111111011111
10011101
000110101101010100000100001000000000000100000000000000001100111110111110000111000001000010100000011110101100000000000100000100111011011100100011111000111000100000001
1111110111111111111111111111
111111111011111111111111111
1111111111111111111111111111111111111111110111111111
111111111111110011111110001101011100
1111111111111001011011101101111111011111111111111111111111
11111111111111101111
10111111011111110111001
1111111111111111111111111111011
101110011111111111111111011111011
01
11011111011111
1
011001101
00
0000000100101001
1111101111111111111011111111111111111101111111111111111101111010111111011101111111111111111110111110
111111000
1101111111011011111111111111111
11101100
111111111111110110010011111011010
111110111111011111101111111111001101111101111011000110
11000
111111110111001111111111111111111111111111111111101111110011101111111111111111111111111
01110111111111111111111111001011111101110111111111
110101111110
11111011111111111111111111111111111111110111111011101111111111111111111111111
10
11111111111111111111111111111111
11110111111110111111011111001111111111111101111011000001001101010110111111100110010101011111000011100110
111111111111111111111111111111111111111111101111111111111111111111011111
1111111111111110111111111110
111111111111110011111111111111111111101111111111111111011111101111111100110000110011111111111101101111011111000111
1111011
011011111
111111111111111111111
1111111111111
111111111101110011111
01111101101011110011110111100111000110110010101010111011111001
110111111011111101
11
1111101111011011110111111011
111101111110110011001
111100111111111110111111101110111111101111111111111111111111100111101100011101110100111110011010111010111011011110101010110111
1110111110111111110111100
11111111111111111
11111110110111111011111111111111110111111011011111111111111111111011111011000100110100100111110111111111110111111111111111
111111111111101010001111101111111101111111111111011111110110111111011000110110001111011111111100111111111111111111101101011111011011
10111111111011111011111111101011111111111110111111111111111111110111111000100110011111110011011111110111111111110111111101
00
1111111010111
101111101011111011
110111111101111111111011111111111111
11
111111101101110
11111111101111111111110011111111111100
1111011111111111111111111111111111111
1111111101110111111110101101111111101010111111100000000010000000000000000000000000000000000000
11111111101111111011010111111111111111111111111111110110110111011110111100111011101001111111111111111
11111111111111111111011111111111111111111111
1111011101011110111100101101000010
1111111111101111111111111111111111111
101111111111111101111011111111110011111001111100110000011001
11001111111111111111111111111
111111011011111111111111
1111111111111111111111111111111111111111111111111111111111001111111101111111111111
1111111111111111111111111111110111111111111
1
1111101111111011101110101
1111011111101111111111111
000001
11
010010011110100000011010
11111111111111111111111011
1100001101111101110001111111111111011111101111111110111001000111010100100000000001110100101111010111011000011001
1101101110
11001101111111111111111110111111
111111111111011110111111111111111111111111111111100111111000001101111111111111111111111
111111001111110001
111110111
1111100110100
00111
110111011011011011010
11111111111110
11111111111111111
111111111
11111101111111
11111111111111
11111111101111111111110010100111111111111111111111111111101111101110011101010011100101110100001101111101111111011110111001
0010111011101111111111
11111111011111
1111111111111111111111111111111111111101011111111111011111111111111111011100111110101111100110011111110000011001111011100110110101111111011111111
010111111010111
1111110111111111111111111111111
11111111111011111101
0111110
1001111111100101001100
1111111111111111111111111100101001111101111111100
01111111111111101
11111111111111111111111110111111
1111111011111111111111111
11111011111111111111011111111111111111111111111111111011111101001000110000011001010011111111111111111011110100
1101111100011011111111111111110101110011110010011100100001
11111111111111111111011
0111111111111111110101101111101
111111111111111111111111111011111111111
101111111011111111101111
111111111111111101111111111111111111111110111111111111111
1101111111111111111111111111111011111111111111111110111111111111101111110111000001000000000000001111101111111111101011111111111
11101011111111111111111011111111111111111110111111111111111111101011111111111111
11111111111101111111111
111111111111111111111111111111111111110011101111010011110
1101111
1110100111111110000111100
110111101
11111111111111111111111
1111111111111111111111
111111110111
0010111011101111111
1111111111101111101101010110
11111011111011110111111110011001111011111101011
11111111111111111111111111
10111101111110111111011111111111111111111011101011101111111111110111111111111
11111111111111111111111111111111111111111111111111111111111111111111111111
11111111111111111111111
1111111111111111111110111111111111111111111111111111111110110011111111111111111101110111011111
110111111111111111111111111111111101110111111111111010111111111111111101011111010100111101100001110111110101111111111111111111
1111111111111111111111111101110101111111111111111011111111111110
111101010111101000000010100000010
1111110111111111111111111111111111
11
1000111111110101111101111111111110100111111111101
11110111011111111111
01110001
11011111111100111111000111111111111111110111111000111100011111111111011
11111111101111010111110111111
111
1111111111111111011
11011111111111111111111111111111111110111
1111111111111111111011111111101011011111111111111111011011111111111110111111111111111011
11111111111111111111011111111011111111
1
1111111010111111110111101111111111
11100
11111111111111111111111101111111111111111101111111111111111111111111101110101111111110010110111111011011111111111111101011111
111111111111111111110111111111111111001011000110111111111101111
11111111111101111111111101110111111110111111
111011101010001111111011111111111
11111111111111111111111111111111111111111111111111111
011110001
1111111111111111110001110110110111111111111110011101101101111111111110110101110111011010001011011111111111111111111110011111
111111111111111110
11111111111011111011111111111111110111011111101111111111111111111001111110010111110111110111111101101111111110111
11111111110111101101111110110111110111111111111111101111100001101110100010110111111111111111110010
1011110111101011111111111111111111000110110111111110010101011101
11111111110111111110111111
101101001100
1
111111111111111111011
1
1111111111111111110111101111011111
1111111101011111111111111111110001001001111101111000010011111
11111111111111111110110
1111001101
111111111101111111111111111111110111111111111111111111111111111111111111111111111111001111110111011111111111
01
01111111111111011011111011
11111111111101111111111111111111111011111
11
100110111110101110000101011010
11001101111
11001101000001
11111101010111
1111001101110101111111111111101111111101111111111111111111111111111
111111111111111111111111111111111111010101011000010111001111111111111111
111111111111111111111111111111111111111111111010111110111111101000110011101101111111010110
000
11101111100111100
011011001
111111111011111011111111110111111111111111001011111101111111111111111111
1111111111111111111111111010
1111111111111011111111101100
111111111111111111111111111111
111111111111111111111111111111
11111111110011111111011111111111101111011011111111111111111110110111111111011111101111111111111011111111111111111111111111111111111111
111111111011011111111111111111111101
1111111111101
0111011110011111110
10111111111
111111111111011111111111111111011111110111111110111111
1111111011111111111
111111111111111111111111111111111
11111101111
0111101101101010001000001
111111111111111111111111101111111111111111
111011111111111
111111111111111100111111111111111010111111111111110111110111111110110111111111000000100000000000000000000100010010010001111011110011111011100001011000111110
01111101111111110100111111101001
01110011100110101000100110101101
1111111111101111
00
1111111111111111111111111
101001111100110000110110011101100000000000000011010010011
0111111101011111011101111111111111000100111101100011100010110110110000111011100111100110001101101
110111111111111111111111111111111111110111111101011111111
101010
11111011111111111111111110111111111011100011011111111111111111111
01111010001
11111111111111111111
01110100111100001110
11111111011011
01101111101111
101111111111111111011111101
110111111111111101
111111111
1100111110111111111110110110010001011010110111010111111001100000001111010101
111111011111
00111101111111111111111111111111011111111111101111110111111111
1000
111111101111
1011111111111110101011111101111111111011111110111111111101000100011100000001111100011001111111100011010010110000000
10011100111
111101111111
0111111111111
1111101111111111111111111111101111111111
0110111001111111
1111111011101110111111
11111101111111111111111111111101111111111111111111111101111101111111111111101010111110
1111011011111111101111111111
1111111101111110111111100
1110111111111111111111111111111111111111111101101001111110011111111011011111110111
1111111111111111110111110100111110111111101
111111111111111101111111111111011111111111111111011111101011110101111111001111101110111111111110100111001111101
11111111111111111
0111
11111111111111111111111110111111011111111111111111000110111111110011111111111111111110111011
111111101111111111111111111111111
100101011111101110111101101010111111
11100111111111111110111111111110111111111011110011111111111111111111111111
1101111111111011011001111011101110
111111111011111111111110111111110111111111111111111111111111111110011111110111101001111101010101000111111111011111110111111111111111011111111111
1111111111111011111111111111
111110
1111111111111111111110111111
101111111110111111111010111111011011111101
0111100
1101111111111111111
10010100001010001001010
1111111111110111111
0101000000000000000
1111111111111
0110111111111001111111111111111111111011
1111111111011111111111011111
010110110111111110011111
10111111101111111111
0
11111111111111011111
1110000
101101101
11010000100000010000000001111011
111111110011111101111111111111111111101011101110111111110111011010111100111111111101101111111111101111111111101111
111111101111101001111111101111011011111111100101111011111111011
11111111
001010011000111111111111010111001101110111100001000100011011010110111000001110101010111111100001010000000001
10110111111111111111111110111111111111011111111111101111010111111111101011111111
11111110111111111110111101111111111111111111
001011101000100000111011100001111111101110000010010001011110000011010001100011111100010101110000001010001110110000
1010011011110100001101111111111011011101110111110001001011000110000001101100011001100100011000001100110001100010000111010010001111
111111111111111000111100101111111110100011001110110110111111110010100000100000010111001001101100111110111000010000000110
110110110011111111111
1111111111111111111111111111111011111111101111111111111111111111111111111111111
1111111111101111110111111111111
01101101
111111111111110111110111111111101
11111
1111111
