11111100101
10110111110011111111111111111111111111111011111111111111111111100000110111101110111111111111111111011111111111111
111111111111111011011111111110
10111001111111111111111111111011111111111111101111111111111101000100110000100010111110111111110101110000110111111
111111111111111111111101111111
11101111110111111111111111111
1111110101110000111111110111111111011111111111111111111111111111111111111111111111
11111111111111111111111111101111111111111111
1111111111111111111110111111111111111111111010111111111111011101100111111111101110111111111111111111101111
11111111
111111111111111111111111111111111111111111111011111111110111111111111111111111011
111111111111111111101
111111111111011
1111111111111111111111111111111111111100111111111111111111111
111101111111111111111110
110111111111111101111111111111101111110111101111111111111110101111010110011101111010111001110011111111111110111011011111011110101
111111111111111111111111111111111011111111111111111111011
1101111111111111111111111
1111111110111111
1111111111111111111011111111111
1101111111111111111111111111111111111111111111111111111
11011111111111111111111111111111111101111111111111111111011111111111111111111111
11011111101111110111111111111111110111011111111011111111111110110101111101111111111111111111
0111111101110111011111111111111111111111111101
11111111011111111111110111111111111101101111110111111101101111111111111100111111110100111111111011110111111111111111111
111111111111111111011111111111011111111111111111111111111111111010111111111111111111111
101111001
110011111
11110111
11111111111111111111111111111111111111110111111111111111111100010001000011111111111111111111111111
111110001
1111101111111111111111110111111111111111100111111001111011010111
110111111111111111101111111111111111111111011111111111111111111111111111111111111011111111
111111111111111111111111111111111111111110111111111111110111111111111
111111111011111011111111011001111100000011111101011011111111111
11111111111111111101
1111111111111111111111111111
1101
1111111111011111111111011111101111111110111101011011110111011110101110111111111111001101110011111111111111111111111
1111111111111111111111
10111110111111101111111111111111011111111111011111111111110111111111111011000000000000000001000000010000000000111111111101011111100000001001101
11111111111111111111111111111111010111100011100001111101111111101
111111111111011111
1111111111111111111111111111111111001111111111111111111111111101
1011011101011111111111101111111111111111111110
1111111011101111111
1111111111111111111111101111101111111
111111111111111111111111
11111111111111111110111111111111110
111111111110110111111100111101011111111111111011111100110101111101111110111101011111110110100011111101010111111101111111111010101110111111
0111111111110111111111011111111101111111111
1111
111111101111111111111111111111111111111111111100111111111011111111111
11
11111111111111111111100011111111001111101111111101101111111111111110111111110011111111111100101101111111111111111
11110001110
11111111111111111111110111111111110111101111111111111111111111101111111110101111111111110110101111101111
111111011111111111111101110
111001111
11111010101100101111111111100111010111111111111111111
1111111111111
101111111111111111111111111111011001
111111111111111111111111111111111111111111110111001111111011111111
0111001011111101111111111100101101111111011
111110011111111111011111
11111111110111111111111111111101111111111111111111111111111111111111111111111111111111111011
111111111111111111011
1111111111111111111111111111111111111111111011111111111111111111
111111011111111111111111111111111111111111111
1101111111110011110101011110111111110011111111111111111111111111111010111100110111111111111111111111111111011111111111
1111111111111
1111111111111111111110111111111111111
111111111111111111111111111111111111111110111111
1111111111111111
111111111111111111110111111111011111111111111111111111111101111111101111001111111111111111111011110110100111110111111111111111111111111111111111111
1111111
11101111111111110111101111111010111111111111111111111111001111111111111001111111
11111111110101111111111110111111111111111111011111111111111111111
1111111111011111111011111110111111111111
1111111111111111
11011111111111111111111111111
1101111010101111111011111111110111111110001111101111111110
11111111111111
1111110
111111111111111111011011
1111101111111111111111101111111111111111111110111111111
1011111111111111111111111111011111111111111111
111110101011111111111011111010111111111111110111111111111111111111011111111101001101110111111110111111111111111111
1111
111111111100111111111111111111111111111111111
11111111111111110111111111111111111
111101
111011111101111011111011111111111111111010111111111111111101111110111111111111111
11111
11111111111111111
1111111111111111111111
11111111111111111101111
1110111110111011111111111111111110111111111111111111100100110101111111111111011111010111
101111011111111111111111111111111110110111111111111111111011
1111111111111110001111111
0111111110
111
1101
1011011
11
1111111111111111111111111111111110111
110111111111111101111111111111111111111
111010110110111111111111111111111111111111101111111111
111111011111111111111111111111111011111111111111111101011111111111111111111111
111101010111111111111111111111111111110111111111111111111111111111111111111111010111111111001010010111010101011111010110111011101110111111111111111111111111110111111111111111
10001111111111101111110111111111111111111111111111111111110111011111011111111111111
11111111
10111111001110111111111011111111111111111111111111111111111111111101101010111100000101101111101111111111111111111111111111111111
1111111111
1111111111111111111111111
111110111110010111111
1111111111111111111111111111110111101111111111111111111
1111011111111101111011111
1111111111111111101111110111110111111111
111110111101111111111111111111111111111111111001011110111111111111111
1111111111011110111111111110110110111111111111011111111111111011111111111111011
1111111111111111111111111
11111111111111111111111111111
111111111111111111111011111111111111111111111
111111111111100011111111111111111111111111111111111111111111111111101111111101111111111111111110110011111111111111111110011010111
1111110111111
111111111110111100111111101111111111011111111111111110111111110101101111000000000010100100100010101101000111111111111100111011011101111110
11111011111111111110111111110111111111111101111111111111110111
11111111111111111111111111011
11111111111111111111111111111
111110111011110111011110100110111111010
1011100111111111111111101111101110011111111110011111111111111111111111101111111111111111111111111111
111011100111111111111111111111111
111101110111111111111110101111101111110100
11111100111111011011111011111111111011111111011111
1110101111111111
10
001000000000000
1111111111111111111100111111111111111111101111111111111111111111
11011011
0011111111111111111111101111101111111
01111111001
1111101111110111111101110111110111111101111111111101
1111011111111111111111111111110011110101010111111111111
1111111111111111111111111111111111111111111111111111111111111111111
11111111110110110111111101111
1111111111111101111001
11111111111111011111101111111111111011111111111111111111111101101111111111111111111111
10111111111111101110011111111111111111011111011
1111111111111111111111111111111111101001111111101111111111000011110011111111111111110001111
111111111111111111111111110100101110111100101111110101111010111111111111111111111111
1
101111111111111111111111111111111111111111111111111111111111
111111
1111111111111111111111111111111111
1111111111111111111
1111110101111
11111111110011111110111101111111111000011001111110101111110011111
1111101111111111111111
11011111
1111111110110
1111111111111111111111111111111111111111011111110101111111111111111111111
011101111111111101
1111111111111111
1111111101111111111111111111111111111011111111101111111101110110010011111101010111101111111111111111111101
11111111111111111111111111111111111111111111111111111111111111111111111111111111111111111111111111110111111111111111
11111111011111111111111111111111111111111101111011110011111111111111011111
111111111111111111101111
111111111110011
111111111111111111011101
1111
111111110111111111111101100111111111111111111
111111111111110111011011111111111111011110111111111110101
1111111111111111111111111110111111111111111111111111111
1101110110110110111001111111111111100101000000011111111110010111111001000000000000000000000000000000000000111101110000001000000000000000
11111111111110111111111111111111111111111111011011111111111111111001111100111111111111111111111111111111111
11111111111111111111011111
1111111111111110010010011
11111111111111111111111111111111111111111111111
111111111111111110111110110111110011111110111101101111
111111111111011111111111011111
1111111111111111
0011111111110111111111111101111111011100001111100111111010111111
11111111111111
111111111101111111111011100111111111111
111111111111111
1
1110111011
11111011110111111
11111110111111111111100111010111111111101010010101111001011101101010111111101111111111111011011111111111111111
101000110010100001011011111
1111111111111111111111111111111111111111111
01111111111111111111111111111101111111111111111111111101111111
11001111111111
111111111
111
1
100011011101110
111111111111111111
11111110
111111111111111111111111
1111011111111111011111111111111111111111111111111011111101111111111111111111111111111110110110111111111111110111
111111111111111111110110111111111111101011101
111011011110
110111111111111111111111111101111111111111111111111111111111111101011111011111111111001111001101111111011111111110101111111111101111
11111111001111111111
111111111111111111111111111111111111111111111111111111111111111111
111110111111101111
111111
111111111
11111111111111111111101111101111111111110
111111111111101111
11111111111111111101111110111111111
1111111111111111101111111
11111111111111111011111101111111111111111111111111111111111111111111110110000111000101010011110111111111111111111111111111111
1111111111011111111111111111111111111101111110100101110011111111011111111
111111101111111111111111
11111111011111111111111
111111111111111111111111111101111111
111111111111111111
111111111100111111111011101111011111111100111
11111011111101111011101111101111111111111111111111111011110111110111101000111111101111111111101111011
111111111111101111
1111101111011111111111110111111111
11111111111111111111111111111111101011111111111111111111111
1111111111011111111111
11111110111110111111111110
0111001
111
11111111111111111111111111
110111
111011110
1111111111111111111111
1111111111111101111111111111111111110111111111111111
111111011111111111111111111111101111111111110111111
1111111111111111111111111111111111111110111111111101111111
1111111111011111111111110111110111111111111111111111111
1111111111111111111111111111111111
1111111111111111111111111111111111111111111110111110101101111111
11111111111101100101111111111111111111110111010111010111111111111101100010110001010001011111101111111111011111111101111
111111111111110111110111111110101011111111111011111011
11011110011111011011101101111101101
111111111101111
111111111011111111111101111110011111111111110111111100001
11111111111111011111
1110110011
11111111111111111110111111111110111111111
110111111101111111111111111111111111111111111111111111111011111
111
11111111111
11111111111111111111111111111111111111111110
1111111111111111111111111111111111010111111111111111010101011101111111111111111111
11111111111111111111111111111111111111111111
111111111111111111111111111111
100100011
0111111111111111111111111111111111111111111111111111111110111011111111110011111111111
1111111111111111111111111111110111111011111111111111111
1111111111111111111111111111111111111
1111111111111111111111111
11111111111111111111111110111111111111111111111111111111010
1111111111111111111111001111111111111111111111111111111111111111111111111111111011111111111111001111111111111111111
1111111111111110
01111111101111101011111111111111111101111111111110101110111111111111111111
1111111111111111111111111111111111111111111111111111000111011111111111
11111111011011111111111111111111111111011011101111111101111110011111011111111
11011011110110111111101011111111111111
111111110000000
1111111111111111111111111111111
11111111111111111111111111111111111111
111111111111111111111111111110111111111011111111111111111
11111111111011111
11111111111111111111111111111111111111111111111111111111111
1111111111111111101011111111111001101111011111111111111
111111111100110111111111111111111111111111111
1100111011011111111
111111
0001111
01111111111111
1111111111111111111111111111111111110111111111111111111111
111111111111111111111111111111101110111111111111111111100110101111111111111111
011111111111011111011111111111111111111111111101110011111101011101000011111111111111111
1111101111111111110111110111
111111111111111111111111111111111111111111011111111111111
101111111111111111111
11111111111
1111111111111111111111111111111111111111111111
11111111111111111111111111111111111111
011111111111111110111111111111111111111111010111111101111111101111111111111111111
111111111110111101111111
110110110
011111111111011101111111111110
111111111111011111111111
111111111111111101111111111
11111111111111101111111111111
10111111001111111110
11111111111111
11111111111111111111111111111111111111111111101111111111111111
111111111111111
111110111100010111110110111111111111010
00111111111110111110111111101111011101111101111111111011111111111111111101011001110001111111111111111111111111111111
0111111111110110001010100
1011111111111111111111
1111110111111111111111111101111111111111
1111111111011111111111111111111111111111111
01101111111111110101001001011110111
111111111111111011101011111011111111110011111100100111111101111111101111111111011111111111110111111111111111
11111111011111111011111
111011111111111111111111111111111111111111111011111
1111011111
111111111111111111
11111
1111
11111111
1111111111111111
101111111011111110110111011111101111111111111111
1
11101011110001111011111111011111111110111100011111010111100111010011011111111111
11111111111111111111111
1111111111011111
110111
1101111111
111111111111111111111111111111110111011111111110111111011010111011111111
1111111011
11111111111111111111110111111111111
00110111111111111011011101011111111011000111
111111111111111111111111111111111111111111111101110
01111111101111
110111111101111101111
111010111111111111111111101111111111111111111011111111110111111111111111111111111111111111
11111111111111110011011111
110111111111111111111111111111110010111101110001111111110111
111111111111111111111111111111111111110111101110111111111111111111111010
1111111111111111111111111111111111
11111111111111100101111111111111111111111111110111111101110101011111111110001111101011100101101111010111111110111111110111111111111111111
1111111111
111111111111011110111111111111111111110110111111111111111111111111111111101
111111111111111111110111111111111111
1111111111111111111101111111111111111111
111111110111111111111111111111111111111111111111111111100111111110111
111111111111111111111111111111111111111101111111101
111101111111111101101111111111111101110111111111011101111111101001111011111111011111111111111
11111111111111011111110
1101
11110111111111111111111111111111111111111111111111111111
111111111101111111111110111111111011
1
111111111111101101101
000000000000000
1111111111111111
111111000111
111111111111
1110111110111111011111111111111111
11111111111111111111111
0111110101101101111000101011101111
1111111111111111111111111111111111111
11111111111111111111111111
1111111000001
1111101111111001
101011001011001001111101110100
101111111111101101011111111111111111010111111111111111111111111111111111111111111111
111111011111111111111111111111111110111111100111111111111101111111111111111111111111
111
11111111101110101011111111111111100011111111110111110111100101111111111101111111111
111111111111111011111111111111111111111111111111111111011111111111111
110111101111111111111111111111
1110111111110111101111111101111111111110111111001111111111110111110111110101111101011111110111111111111111111
11111111101111111111111111111111111111111011111111011111111111110110101111101010111111111111010010111111110
11111111011111111101111100100100101101011111111111101111011011011101001111111000100010111010100111101010110111010111011111111111011110010111101000101
1111111111111111111111101111111010110
1111111111111111111111111111111111111111111111111111111111111111111111111
1111111111011100111110111101011111111111111111011
011111
111111111111111111111110111111
1011111111
1110
