111110111101111111101111101111011111111111101111111010101111000001
11111110110101111111
101011011111111111011111111101111
1110101101010111011100011111111111111111100111111110101111
11100001111111111110
11111111111011
0111111110011011111111101111111111110111
1111001111111111111
1111110111111000011110001111110110100111
111111111111111111111111000111101
11111
11111
111111111111111111111
11111111
111100111101101000011000111111111111010111111
1111111111111111000111100111110111111010111
0111111111111011011111111101111010
101110111110011011011110100111111111111111010011111111011
1111111110110111111111111111011
1111111
111111110111111111111111
1111111010111111111111010011
1101110111100111111011010110111111111111010111111110
1011110111
111111100111101111111111111110011111111110111111101110111111
11110111110111100111100001111111111111111111000111111111101011
1111011101110111111111110111111111111101111111110111
1111110011001110101111101111111111111111100110110
111111111111111111111111111111010001111101
11
01111111
11111111
11111111
1111110111101101011111100111111111111111111111000011
11111111011110111110111111111111011
111111111111
1111101010111111111
011111111111
111111111111
11101111111111101
0111011111110111110111111111111111111111111110011010011011
11111010111101111011011111111111111101
011111100111000111111110
11011100101111111000111100011111110000000011111111111
101111101111100111111111011101111111111101111111011111101110
111111111111111110111111111111100111
111111111
0011011011011011101110110011111101111101011000010100110
11111110111011111101110111111111100111111111001
1111111110111
11111
11111111111111
11010111111111111010111111111011111111111110011011
111111101110111111011100011011111010111
110110111111110111111011111111111010111111
111110011111100111111111011111111111111110
1010111111011111010100111111111
101111111111110110111011111111111111111
11111010101110101111101110111111111111101111011
1111111101110011111111111111111111110011110
10001110111101101100011100111111111111111111111110111111011
11
11111
1111111101111111
111
1111111111
1101111111101110011111111101111011
11
1111101101110111111110111111101111111
111
100010111111111
