000111101111111000110011100110010000011110000101010111
0110101100110110110100110111100110011101010
00000000000001000000000001010101000000000100000010001000000001000000000000000
0
00010
011110010
001100110010110100011011111100100000000000000011100100100011
1110110010111001010101001011100000000111001101111100100000101
0
0101111101101001111110111111111111101111
011
110100001000101001010000000101100011001000110000010001100010000010000000000000000100000100
10110111010101111100110000000011100000000000110
111110101
0101100111000
100010101111001011000001001000110000100001010011000
11000111011001111111110001111010011101
1110111111111011111100000011110010111101100010100000000000
1010111101111100001101111101000000111011100
011111110110101110110011001101101010000000000000001000
0110011111111010111111111011101010110111111011111000010
0110111001101011010011101100000000011100001011100101
1000111111100100000010010111000011001111110110101011
0000101
0000000010100001111000111101000000100000110000010000
10011101000100110000
1101111111111110011
11111001111011011101111101001001110111010
11111101011001110100110
11100111111100100101111111001
11001011100011000111011101111011
0
101010000100110011101001010000000001101101011111100
1
11000
0000000000010001010000000
0111101000001011010110000010001111000001001001000000010100010000000101100000101100000100001010100000101101
10000001111001100110000100110011110001000000011111010101001100001000001
0101010011011001100
00
10000
1111110111111111111
1111111111111010111110111111
0
1111110111110111010111111010001111111101111111111
11110111111101111111110111111010
10110111
0111
0011101000011100000101110001101101001101010001000100010000001001010100100010000000100011010000
110110111111001
1011001
111101100110000101
10000001000011000110000000011111100110100000000000001001100010110001101011010000100000001
001000010011010000111000
101110010111111111010011111111
01111111110100111111101101001111
1111011111111110111111111111111
000011010011110110110100101001000100000001010101110001011011000000000000111000000100010000000
11111011011111011011111101110111111
11011111111110111111110100
0100000000110100100000
0
101000011010010110110001100100010101000101111001011111111101
00111011111101011001001100000101
111110111011111011011111
0001101111111111010111111101011
1101111011011011001010100010
11111111111001001111111110101110111011001111110
1111111110101111100101
11101
1111110110110111101110110011111101001011101
10000001110110100101001111100111000000001100000011000000000
000111110111000110111111111011011110111111101101000100101110100001110
0011111110111101110001111101110100010010110000001110111101
11100100110101111100010101100010011010010111000
11000110100001100111101001
0010011010011000100000111010100000000100000101000001000010110010110110000111100110001
10000100111011111100000011001101101
10010101110111001110110110
01101110111111101101001000000011000101
11111010111011111100110000111101
1001110101
010111111010
1110011
11111011111111011010111111101100101110110011110111
000
101101011110111101110001101010000000001
100
000000000010000001110001000000011101000000000010000010000010000011000110000100000001000000100000000000
1
101110111101111101101110110111111111
0000010110010110000011
1110010111111
0001110000000010
100000000100000000011101100000001010000101000010000011100
0100111011001110000
11111011101
01111101111111111110011111110101011
100111010011
1111111101101111111111111011001110
1
111111111010101111111111111001111111111
0001111101110111010000010000101011
10111100110000000
111111
1010111011100011010100010101010111110
1111101001
0011011111111101
1101010110110000000101011000111
110010010111110111100000010011000000000000100101100011111111011
110110111111110101101
10101101010000101000011110100011111110011
10000000101010101111000001100100000010000011011011
11111100010011100011110111111001110001001111111011
111111111111111
1
0111111111111011110110110
01
110110110
0
101110110011111110111000011000000101110
111111111100111001111
00010101110111100000110010
1010101101110111111001
011111011111111001
1110111110111110110111010
0000111101000111100000000001101000010010010110000000000000000000
11111111111111111001111101101000
01101110111111110101
00
010011101000100
1111011111110001
01111011111101
100101101100011000111001110101000010010000000001000001110
00
110111101100100010000100111010111000010100001001000000000
11010001111100111100111101111011
1110111100101111001001011110
110100011101000000
111110
0111011001011110000
0110111011011101
11111111011011111111100000011000111
110100
101010001001110101110010011110001001100
011101100111100111001
100111111111101010111100100000
0111001111110000011011111111111111
11111
10011110010
111
11110001
000
111001
0111110011101000
11101111011111111111000011001111111
1111111100010111111011
001011111101110111010011111011111011101101000001111111111100
00110101111000110010001110000001001001111001001000000001110010101111
1111101011111110111101111101110111001111111
0010011010111111101
0010000100101010011100
101011110111111111111111010
11111111111100100101
101101101111111111101111101111111
1100110101110110
11111
0001011010011110010111101011011111100000100000001001010110110110101100
11011111
0010100010010101101111
011000110111111001
111011110110110111110001111001010001000000001000000001110111100011011101
111111110001
00000010001101000000100000000000000
11111000110010110111111000010000001111011
111011001110
11000
1111111011111111101110010111110111111101
0110
11010
0110111101010000111101110001000001111011001010
011011101111101010110100100000001100111110110011
0010100011100
110011100000110110100010010010111111000010000000001100010110000110
0011
1101111010101011110100000111111101
100110111110100010000010010
111101101111101011111111111
1100
1101101111111101110000111111111000111001100110001110001000100000100000011011000111010110110010
011111110010001
00
110000001001101101010011111111110111111
011011101111111111111
000001101010
1000011001100000000011110011100010011110000010001100010111110011110100
0
01111010
1000011101110101001001110100011010111011100100111010001110110100000
1011111111111111111011111101111110
0111111110101101111100
10101101111010011100110
1
001011101100101000110001000
11101010110000101111
011100001011000101110110101110011000000001
1000011001111010000001100001110111100000001001101111100001
01111111111010001000
00000
1111011111110111
1111110111111100111111101
11011110010000000110011011010
00111000110000110100000010000000100100110
01010101101100011100
111000100100010000100000010010000000101000
111110111100011110111110001000001011111101
111111111111100111000100001101110111111111101
101011101111111000010000010
110101101010111000100100001010101010000000101100010110101101111101101
1111111101111011011000100111
1010101
1111011111111011111
1111111111101111010010101111
111110111111101010111
1111011110000111001011100100000000101110111111000
011111100111111011111010100101010000011010001
0000000000001001110000010001000000100000000100
1111110111111111101111111111010101001000011111110111
101111111111110011
100010000001100001001011111001110010000001000000100110100000000010000100000010000
1110100111110100110000111101000011110010000000110011101110111110100000010
0111011001100001000011100000000000000000000110001011110
00111011101111101
11111111010110111111111111011110110111111111111
