01111000000000000
1011111111111101111
1111111111101111111000011000000000000
11111111111101111
1111111111111011111
111111111111110101
111101101
111111110111111111101011111101111011101
1111
11100
11111111111111111111111
1
11111111
1111111111111101110011110101111111110111100110111
111111111111011110010000100
1011111
1111111111111111011110111111
00000000001000000000
110
11
111101
111111111111111111010111111011101010110111111110011
1
10001111011101111111100010000010100001010010
11111
110
111111111
1111111111111101111100000000001010010
1111100
1111001101001
1111111111111001
11111101110111111001
1011111
110011
000101
1
011101111001
111111110111111111111111011111111111000110011101011011
10011111111111111111111111111011000000101111111111111011
1
1
1101011001
11111
111111
1111111111111
111101111111101100000010110
1111111111111
1111111111111111111011110
1101110011001101111
100100011010100111
10111111111111011011111100110100
0010
111111111101111011111
1
1111111111111111111110100111111111
111000001100100000
1111111011101
1111111111111111
011
1101
011110011101010001
011
1111
011101101
111101101111111010100000010110
01111101000100000011000010011100
11110111
11
11
111
11111101111111101
1111111
111111111111111111111111110000000100000001001000001
11111111011010101
0
11110111111110111110010101
0
1
1111011111111111111111111111101101010011111111111
1111111111111111111011010111
00111111
111101001
111111000001
10111
0
01111
00110110010010001000
1111111111110100111111110
111111100000000000000
0
111110111111110110111111101
01
001
1111111
1011111101100011101
11
111111111111011111
1111
1111
11
01111111111
00010101
1111111111110110000001000101000
11110111111111111111011111001
011111111111111111111000000000000010010000
0010100
1111111111101
11011101
11111111111111
111111111111001
1
1
011111111110111111111111111
0
0
00000
111001
111000111
0
01111111
11111111111110010111100010
1001100000
11
11
11111111
111111111111111101
111111111001
110111111111111101110000101010101101
01111
11
111111111101110100000000
0
111111
0011000100000000
00100101110110011001010011101010101010101
111
1111
01111110000101100001111110010010
10111
11101111101111100111110111
0
1111111111011111010101011111
11111101110111000001110101100
1
111111
11110011111011000
0
0
100010
000000000000000000000000010000000000000001000000
111111111111111111111010001111111010011111111111
1111
1
1111011110111111011100110111111111
11101110110001
111111111
111111111111111111111011101
1
111111
01
1101101
0
1
00110111111111111111011111011001110000100001111111101
0
1111111111111
111111111111111111111011111111111101011
011
1
00
111111
11
0010101111111111111111110000101111001001111100
11101
111110111000011000111101001
1111111111111
1111110
11111111111111111010
1010
111
1
111111111111111111111110110001001000110110111111100
0011000100011111110
111111
1100
0
111111
1111111111111111001
101111100111000000000000000
11101
11101
1111111111111101111111
1111111111111111
10
10101101111000101
1
1
11
00
11111111111111111111111
111111101111111111010110011111111
1111
011111111011101111101
110111111111111111011110011100110101111111
1
100011000000000
11111111111111111111111111
111111111011010000
111111111111
111
011
111
01111
1011
0
11111111111111111110111111101111110110
1111111111111111111110011111
111
11111
11111111
1000010111101001111100001011000111011
11111111101111110111111111111
111111111111111110111101111111
111111111111111111111100001000001011101
0
01011101011001111100000
1
110
1111111111111111101
10110010
01
1
1111111111111111101110
1110010110100
1111001100
1010101
1111111
11111111101011110
01111111111111101111001001010001000100
00110010000
11111111011111111
101
000
0100100
11111111111111101110111111111111111
1
1010111111011111
0000000000000
110100
11110
1
11110111111
11110011000
11100
111111011111011111011001000111100010
11111110
1111111111111010
111
01111
11111110001
110101011111011100010
01111101
1111101
00011111100000
1111111111011101
1111111110011100011111001100
11
10010001011111111011111100101000000100001100101100000000
1111111111111111011001
111111111
111111
11
1101110110111110111000101001110010001
111
1
1111110101101
111
110111010000100
1111001111111100
1111111111101
11111111111011111100000011
111
1111111110111111111111100000100000001100010010
111110101
11
0
11111111111110
0
11101
11111110101111101111
10
0010
111111
111111111
10000011111
0000000000
011011111111111111001001111010111
111111111110101111111111
1111111111111010110101010
0111111111111111101
10
1111111111110001000000000111000
1111111010111101111110111101
1111011010111111111111110110000001011001000010011
1
11111111111
111011
1111111111111111101
01111011
