00001111111111111111000000000000000000100111110111111
1111111111101001101111
001000101101000011101011111110111111
00
100110001
11110111111100111011111111110111
01111111111111100001
100011111111011111111111
11101111111010110111111011
1111111111111011
1101111011110110100110000001110011110011
1111111111111111111111111111110
110001
000001000111101100000000001011111011
111101110111110111010011011011110011
110111111111111111011001011011110110
1001001011000011111100101011111011101
1111111011111111001111110111
0111111010110110011110111011111101
11111111111110110101100111101
01111101101111111101111101111111
111001100010101111100001000100010000001110011010000001
1111110111111110111000111011111111
1011011101001110011010100000001101111
11111111111111001
110101010111101111101
1111111001
1111111110011111
11100111000111011011100
111111111011111001
1111100001111000000011110100100010101101111111
111111111111110011111010111111111111111111
1111111111010110001
1001101111101110101110011010011111110
01111111010111
11111111111110011001
1011011111101
0000101001101010100010001011111100
111011111111111111011110110010110011111101111
1101110111111011111100000100111011110
111110111111100
11111101101111110
1111110111111111
00011101011010010001010111111100111111
11111111110100
0
11111010011000001110000111011100000101111101001011111111
0
1111111111110000
11111111111100001
111111101111001
1110111010110111101111
01110000111101110111000011111000111011
111111001111011110101
11110101111110111000110111101
111000011110111111000001101000111
1011011101111011101010111111100111
010111111111111001000110
011111101111111110000100011110
1111111110111111
1111111111110000101
01101001001101001001
1101001101111110111110001
111100110111011100111111101
111111111111001100010100001111111100111101
00
1111111
110111111111101
1110110111101111110101111011111101100001110
0111111011111001100001111111000
111111111111001
1111111000
1111111101
1011111111111101100101101010001
1111111101101101111
11111101111110001
1010111011111001
0000101101111111110110000000001011101
1111111111110101011100
0
111111101111101
111111111111111000111111011
11001110001111100000001110
1111111110111110011011111
1111111111011111101111111100010111110101111111
11111101111111111011
11111111110111101110
0
111110111111111110000111111101
000000000000000000000000000000000000000000000000
011111111011010010001110
11111111111110111100001111011110110
0111101111111111111100000000111110
11111000100001011111000001011111011
111111110101010001111111
11111011010111011111110000
11110100
1111011011101
0110101100110000011111110001
11101
111111110101111000010111110
11111111111111111111111111011011
1111111101111110101
00111111011110001111111
1111111111111000101100
011111000110000110010000101111111
011111111111101
1111111111101111111
11111111110101100
01111001111110000
1
01111111111111110001
1111011111111011111111011111111
111111111000
01
1111111111001110101011111
111111111111111101011111101111
1111111111111001
0011011111110100110111110
1111111110011111
000110111111100000111110
11111111100101
111100101111110001
00101
1111010111100111111
11111111011111101
000000000000000000000000000000000000000000000000000000000000
111011111111111111101000001010111010
1101111101000110110001000011010111100001
111111111111011011110
111111110111111111101
01111011111011000011110
1101111111101
11001111111111110000
101111101111110001111111
01111111101010100010111110111
111111111111111101
01111100011011100110000001011111010
001
1111111101111111111001
111010110011100000111111001
111111110001
111111110111011
11111111101111010000011111110111
1000000000100000001110000011000111000000
111111111101
011111111111000
111100011110111000100001100111110000000001
011111011110111011000000101011011
00
1111111111111000001
1111111111101111110111110100
1111111101011111
0
101000111011101010101000001111110001011000001
11111111111
11100111111110000111111001
1111110011110110100110111111011
1111111111001
0111101111110110010011111011011
111011111000111101010101000111111010001101110
1111111111101
1111110010110111111100110111
111111010100100001011101
11110111111100001
1011011110101111100001
111111111101100100011111
11111111111111111111111111110111
0111111111011011110101
00111001100101100000111111100
1010110111111001111000111111110011
1001101111101100110100011111001111010
101101111011000001
1111111111111111111111101
00111001000100100000101000000011111111011010011101
1011011111101011111001011011111110
10000000000000110000110111111
1111111101111100111
