0
1
11
0111
011
1
1
0011111
1
1
101
00101
111
110
1011
010
11
1
111101
10100
1
1
11011
1
1
0
0
01111
11
1111
0111111
1
11
1
111
1
11
10
01101111110
1111
1
0
1
10000
0
0111111
01
1
1
11
00100
110
0
11
10
1111
110
1100
111
1
01111
0
1
01101
1111
11
1
0
1111
1
1101
111
00
10
11111
1011
1111001
01010
111
011
1101
0001
111
0
1111
111
0
001
11
0
111
111110
10
1111
1
00001
111
11111
111111
1
11
011
1111
110011
11
10
11011
0
10011
1111
1
00
01
1
0
0
111111
1101
1
011
1
1
1
110
1
1110
010
101
1111
11100
11
1
00111
1
11
110
000
11110
01001
1
1
