0100111111110110111111
1111111111111110110111011
10101111111000010010110001011111111
11110101100011011101100
1010111111101111011010111
10100011111111011111111110
1111111
111111
0111110001101
1001110110100101111111101011
1111101010010111011001001110000
1100111110111001101111110111101
11110111010111
11011101110111
11110101101110011111
1010011010000110110110000010
00111111110111110011101111111
1001010111011111111
11011011011110101101011100011
101110111111110000101011111
1010010110111011111111111111111
11111101
1011111111101101101111111
011111110111101110
11111101
1010111111111111110100011010011111000
1111111011111111111011111
1111100111011111110101
111110100111101111110101
1110111111111
1111111111111110
110111011010111111101111011111111
01111111
0110111100111011111011111
11110101101111011001111011
1101111011
11111111111111
1110111011111101100111111
1111111111111
11111111011111100111
111111001101110000111110
1111101111111
1101010111011011111111
111111111101110011
0001111110000000001111110111111111
0111111111111111
0101111111100
10110111111111111
1111111
01111111101001011111110011
1111111111111110
100110011011111010101111100
01101111011111110
11111111111110011111111011
1101111111110110111111111111
1111111111111111101
1111111111011111
0110100111110001110101001111
1011001110010101101110111001100100
01111111111111111111
11111111111101111111
111111111111111
1101011101
10111111111111111
1111110101111010111111110
1101110100000110
1111111111111111
111111111111111111111
01011111111111011011101011
101011111111111100001100010010100
11111110111111111
1111111011
11111101
011010000111110
001011011101100011111111
10111110111111111
111111111110111111011111
00110010011110111110011
0001100000100101111
0011110111011111011111111111111
111111111111111100110110
101111111111101010100111111
11101111111111111111011111111
01111111111011111101111
11
11101101101011111111111111011
1011011111001111111
111111
1110111101111111111
11
1111111111111111111111
11111111111111111111111111
101111111111011111111111111
110111110
1111111
0101100101100101101000101111101
11111111111111111111
0011111100111111
001110011001101011111101
11101111111111111
011110
1111111111
01011111011001
1111111
11011111111111111
010110100011100110110111000010000011100100110
111
1101111011111111111
011111011
111111111111
1111111101
1111111111111111111
110101011111111001110011
11011111110100011111101101
11111
111100011101100011110111111
111111111111111110111111
1111111111111101111011011
1111111111011010100
111111111111111111101
11111111101111
0101101110010
1
1111111110111111011111111111111111
111111111111111111
111111111111111111110110
1111111111111111111
110111001111110111111
110101110011011111100
110100111110111111110
1111111111111111100
1101001001101100110011111011
01111011111111111
11101101111111111111110
11110111111111111111111101
1111111111111
1101010101111111101101011010110
11111111
1111101
111111111100111111101
110010110
1111110111111100
1110111111111111
11111101
1111111111111111101
101
001111111111111111
0001011011110100101111110
111111110
1111110111111111
1010101110011111111
111111
111111111010011111111
11
10111
1011110101101000111111101
1111111111111
1111100111111111
1101000101000000110001100000000000000000000000000
100111001000111110011011
1000101011000100001110011000111100
11011010111111111111111110111011111
111111111111110111
111111111111111010011111111
1111111111111100110
011111110011111111101111
010111111111111111
1111
101111011110111111111111111
111111
11111111111111111111
110001010011100101011111
00101110000000000
1111111
100100010110001111010001
11111
1111111111111111
11111111110111111111
11111111
11111111101111111
1110111001001011111101110
11111111111111111111
11111101111101111111
011111111111111
111111111011111111
01111111011101100111111111101
01
1
111110111
11111111111111
1110111110
011111111101110111
01010101001101000
111000110101
11111111111111111
1011101111110101111
1110100111111110101
1011
111111111101110101101
11110110110010110010110111110
0011101101101111111111101
111101101101111101
11111111111101
1111111111111111
