1011111111000111101101111
100001111011110101111
0111110001111110111101001010
1110101110110100011111
11111111111110111
10110010111011111111111
1111111
10
1111011
111111111010010101111101
111110011011111111111111111
11111101110111111
0001111011111110001111110
1
0
1111111101
10
00000001000101001101000110
000011011111010011
11
1010111111111
1111111111
1010101100101100111111111
11111111111111111
110100111110111110011
010100010111111111001001110
11111111101101111111
10000
11111111111111111
011101110110000011011101
101111111111111111100
0
0000101100010010000000110000
111111001101111111111000
0
1001111101111111111111
00000000000001000010000110001
11101010111111011001
1111111111
111110111111111111111
101111111111111111111
000001101100100110001110010111100001100010001
11111111111111101111
11
1011011011011010110101
1110110
0111111100110111111111
11110111111001111
101011111100111011111111
1111111111101110011111001
11110110111111111011111
011110011011111111110100111
10111111101101110010
0000
11111111101111111
11111011111010001
11111010110
1111110
1010111110010001100101010100101
11111111110101111
0
0
1
11111111111111111111
011111011111011111110
0
101
01111110011011111110000
111111101011111111111
111110111111111111000101
1111110111011111111111
11111111111011011111
111110011111111110111111
1
0
11111111110
111110111111111111111
11100111101
011000111001011101111110111
111110101111011011101110
01100111000001100011110
11111111110110111011101
111111101011111111111110
001111010101111111111
110011000111111101011100
011101011110110011111110
11111111111
00111101111001111111111
1111110
010111011101
11111111
011011001111000100111110001111
10000010000101111011011
11111111111101101
0
0
00
111
010110101110111111001101
1
011
111111011101110111111
11111111111111001110
1110111
111111011111111111111110
101101111110011110111111
1111
11111111
00011111111011111111010
1100111
11111111111111011101101011
111111111000011111011001011
01111011001110111
1110011101111110111111
1111111111
01
1111111
0011101000001100011000001100
1011010110111101011111101
1110010
0111110110111100111111
101110110001000110110111111
11111111011111110101
111111010100111111110011
111011101101111101100110
01111100110111111
110011111101111111111110
11010000011
00
1000100010000000000010001
1111100110111111011001
111
11111110110110110101
111100010111111011101
0111001111111111111101110
1111111101
1110
1111111
11111111111101111
0010001111001000100011000000000010000
1111111011
1111111
00111110111111101101111111
1111111
0
1
110111100
1110011111111111111111
1110101111111001101111010
1010010111111111111001101011
01111111111001110
0
111111111101011011111110
0
11110011111111111111111111
111111011
11111011111
11
1111111111101
11111111111111011101
1111101011110111111101
1111111001
111011110010001101111100101
00110011111
0
111111011111111011111
0
011011111110111111101
1111111111
11111111101111010
111
11111111111101111
111101111111110111111
1
001111101111111101
0111100110110001101111111
1
0000011010011000111010
0
11101101101
111111101111111111
0111101110111111111111
1011111110011011101111
1111011111101111111111
00101101000101110101101111
1111
111111110011111111101
100101111111111111111
100101101111111110011111
1111101111
1111110110011110111010111
1
1110111111
11111011011111110
111001101001111110110110
111111111111111111111
11111111111101111
010101111101111111
110011101010111111111
110101111110111111111
1110111111
11111111110
11101111111011011
10110101111101110010111
111111110111111111110
11010
111001111111110111111
0011000010001011000010011
11110011111101111000110011
010010111111111111111111
11010111110111011110111011
11111010111111111
0
111011110010110011111111
1111
111111111011101111111
1111101111
011111111010100111111111
1101111000011011111111011011
0011100110001101111010101
1
111011111100110111011011
1
00110001011101111111111
0
1101011110011110100111001
11111110111111111
1111111
1
1111111111111110111111
1111100100111011100110
111011101111111111111
111
0110
01111111011110111001000010
11111011101111111
01111111111001111
11111111111011111
11111001011001111111110111
01011111111101111
1111101101010
11111111111001101
101111101101100010101110
1111111
101111111110011110111001
11111101111111110
0
11111111111111011110
110011111110111101111110
11111101111011111111
01010011000101011111100
111111110111111111110101
11111111111111101
1001101100111111111011
1111110
1
1101111011
001010001000101001100000011
1011111110111111111101
1
1101111
100101111101100011110001001
0
1111111
11101111110011111111111001110
1101110100111010001011100111
001000111010001101011111111
1111111
11111111111011111
