01
11
0100
01
11
10111
1
1
1
111
10
11
011
111
1
10
11
11
11
11
011
1
1
10
01
11
111
10
1
1
1
1
011
11
0011
11
1
11
1
1
1
0
011
1
1111
1
1
1
11
1
10
1
111100
1
01
101
1
01
1
1
1
1
01
010
01
01
1111
011
1
11
01
01
1
1
101
1
1
01
01
100
1
10
11
111
1
1
1
1
1
11
011
01
1
1
10
1
10
11
1
111
101
1
1
11101
1
1
1
01
11
0
11
10
1
1
1
1
001
1
11
011
110
11
0
1
10101
11
1
1
1
1
00
11
0
0
1
1111
11
11
1
01
11
111
1111
11011
011
11
1
1
11111
1
011
01
1100
11
11
111
11
11
0
1
11
1
11111
01
0
1
00
01
11
10
1
01
111
01
11
0111111
10
11
1
1
00
11011
01
1
01
11
1
0
1
1
111
1
11
11
0
1
11
01
111
1
11111
11
01
1
01
001
0111
01
1
01
11
11
11
