11111101001111101111101110010101100110011110101110000111110010101110010100001
1111110111111011111111111111100011111011111111010111011111111101111110111111011111011111110110011111111111111111111111111111111111111111111111011111101111111111110111101111111111101111111111011011111111111011111011111101111111101111111111111111101111111111111111011111111011111110111111111111111110111111111110
11111111011111110111111111001011110111
11111010011011101111110111111010111111110111111111111111111100101010011011110111100000010100011111011111100111101011001111101000101111101000111010011000001100101100010101011111000101110101111100101101101100001011100010100
11110010011111101111
11111110111011111011011
1101011111101111110100100011111101001111110101010110110110011110011111111110110101110111111011110100101011111110111101110010101111101111111111111111
111111111110111111111111111101111111111110111110101110111111111111111111111111111101111111111111101110111111111111110111111111111111011110101111111011111000111101101101101001
1001111110111111111011011111111111111111111011110111111001111101111111011110100111111111011100101111111010111111111111111111111111111100111111110110111111011111110100011010111111111111111011011101111101111010110011100011101001101101111110111110111001111110111011010110110111101011101001
1101101111111111111110011101111100101111101010011111111
100111111111111111
011011101011000010101110100010101101111011111111110110111111111110111110111111111011100001111101111111101110111110011110111111110111111111111111110111101101101111101
11111011111111111111010101111111110000111111111111111110111111111110111111111111110111111
1101010111101111111111110100010100101000101010111111101111
100111101111010111111
111011011101100111101111101111111111111011111111101111111110111111110011101111011111011111111100101100111111110100101111101100110111011110111110111111111111111101111011111111100000000001001101111010101011111111111110110111101001111011011111111111101101111101111111111
1111111111111111111111111011011110110101011101011111101111111110101111011101011110000101111110111111010111000111010111111111111110011110000101100010100101110110111111101110001111111101110111111011101011011010011
11010110110100000101000010010011001010000011
111111101111011111111111111111000111110111111110111101
001111011111101111111111111
111010001111011011111111110110110110111001100100001010111100011011
111111011111001111011111101011011111110111100111101101
1111111111111111011110111101111110110010111111111111101111111111
1111111111111111111101111111111100
11010
01111101111111101111110111101111111111111110111111111111111111111111111111111111111
111111111011011111011111111110101110111111
111010101001
111111110110111011010111111111111111010101111101000111101011111111000111111111001011111111111101010111010111111110110100111001111010101111110111110000000000010001010100101001111111111101011110011011111111001111110101111110011111
010011111101011001
1101110111111111111111111111111
1111011111111011111111011101111111111110111111111111111111111111001101111101011111101110111110110111001111011111111111110111111011011111111101011100110111111110011111111001101101111110011011111111101010100111111110101111101011111111111111011100111
1111111111110101110111101111111110011111111111111111111101110111111101111111011111111110
00000010110101100111110101111011
101111111011101111
01111111111111111010
11011011
101010110011111111101011110110010010011001111110001000101111001000100010100010101111000001011110110001010011111110000010101011101110010100000100101100110000000000111010001101100001101111001001110000100000000100011110110101
1111111110111111011101101100111000001110111001011001
11111101001111111
1110101111111111110111110111010011100111111011010011111111111000011110111110111111101101101111
111
111111101111110101111111111110101111010111111101110111111111011100111111111110101110011101111111011110111101101111001101100100110111010111001101111111010111101111111111111111
01111110111101111111111101111111111111111011111011111111100111101001100001111110111010010101110111100111111101010000111000011111100001111011110011011101111111111101111110111
110111111111101111100111001111111111111101011101111111110111101101011
11011011111111111111111111111011111111001111000111111110010111111111110101101101110111101110111011111111110011011001011111111111111111111111110110001111110110111111101
110111111111100100101011011110101110111111101
00000010011100111101101110011111
1111010111111010111101110111101101111101100011111101111111111101001111110111011111010010101001
11111111111111111111101111111110111101101111111111111001111110111111111011111111111111011111111101111111010111111011111111111111111111101111011100111111101011110011110011
110111111111111101111110
1110001110000111111100000100010011111
111010111111111001101111110100001110111111111111111111111101111011011101111011000100111000101000010111000000000000101000010000101000011010000010010101100
1111111111010111111110101111111111111110110111101111111111111101001111111111101101001111011101111111111111110111111110
10100
1111111111
0111101111111101111101111111101111111111001111111101011000101111111111110111111101111111110111101110111111111010111111111011011111111111111111111111011110111111111111111111111111111101111111111111111111111111011
11000111101001101110111101111001111
111111101111
11111111111111100111
1111111111111101011111111111111111111110111
11111111
11111111111111111010101111111111111
1101111111100110111111111111110011010100111111110110111110101110111111001010000111110110000000000001110110000011111110101010101110111001110100101100111001010000101010000111
111111011111110111111
00000000000000100000000001000000
1111001000101100
110111111000
11011111110111101011111101111111111111111111111011111111111011111111011111111110001111111011111000011010110011111111111110111111111111111011111
110111111101111
111
00001011111110010111111101010000001
11111111111011101101100101011011101001101111111101100100111011111111100110001011101101011111111111111101111111111111111111011011101111101110011101101111110000010100011111111011111111111101001101101110011111111111111101100111011100100111110
01110100110111101111111100111001001011101111111
10
11111101111111111111101111111111111111101111101111111101110111111110111111110111100111001111101111101111011111111101101110111001111110011110001011111111111100101111111111111011100111101111011101111011011111111111111111101001101110101110111
1101111101011111101111
111
1111111111011101111111110111111011101010111101101101111011101111010111101011
00111011011111111111111111111110111101101111111011110111110111011100
10111111110111111110111111111011111111101111111
111111111001111111111111111010111111010111111110111111110111111111111111111100
111110111111101111111111111111111111111111111010101111100111111011111111111111111111101111111111111111110111101101111111111110011111111
10111001101111111101010111101011100101011110110101110010100011110001110111011101101011001111101111010101011
011111111111011111111111111010110111011001111111111111011110
110111111101111111011111100110111010110111111111101110111110111111110111110111010110111111111011110000111010111101010101111111100111111111111111111011101011111011111111111111111110110111100110101111111110011110111111101101011011011110011011111111111111111
101110010110111111
1111111111111111111011111111111111111
111111110101111111111111111011111101111111100111110111010110101110110111110
111111111111101110111011111011110111111101101011111111001100111111111111111111110111111111111111111101111110111111111101110111011110011011111100000010010110
11111110111101101111011110111110011111111101111110111111101101101100011111
11111111111111111111101110111011110111111101111111101111011101111111101001111101111111011100111110110110111110111111101111011111111010011000100101111110110111001111110010110011110011110110001010100101111010110111111111111111111101101111110011011111111010110111101111111
1111100111011111010000011001011010001000101
011111011111111
11111110010111111111101111111101111111100111111111111111111111110111110111111010111111111111101111011011101111111111110011111110111111111111111111111101111111110111011011111111111110001111
1111111101111110111101111111111111111110110
1111110111111011110101
11111111111011111101111110111011111111111111111111111111111011010111111111011111111110
1111111111111110110111111111110111101111111111110111
011111011010111110111111011110110100111111111110111011001111111111111111111110101001110111101101111100110011011111101111011101111111001111011101111010110101100101111101111011101000101
1111111
01011101001010101
01111111111110111101111111110111110100101011100111111111111111111111111011111111111111111111101111100001111111111111110111101111110101011101110010100101001101001001010011001110001110100001110101100111100101111011100101101011011
1111110110111011111110110111111111110110111100011111111111100111111111111101111111111111111111110111111111111011110100111111101101111110
111111110011110111111111011111101010010101101100
1
111111111111111110111111111011111111111111111111110111111111110111111111111011111110111111
1111011111111011111111111111111111101101111100111111111111111101011111111111101111111110111101111111101
10101111110110101111101111111111111101111001010111111001110111110101111111011011100011111111111111100110111111111111101111011011110111111111011111101101111011101010100000010111010111101011111111111101
1101011111011
11110111111111111111111110111111000110111111111111011111111110
11101111000110101111111100111010111011111111111010011011111111011111101011011011111011111110111111111111111111111101111011111110110111111111111111101111111111111011111111101111101111
0011001111111101100111110111010111000110101111111111111101110010111
1011010111100110111111010101111101111111111101111111111111110110111110111011111101110111111100001111111101011111111111101101111111111111111101
0110011101
11111011111001111111111011111111111111111111111111111111111100111111
01
111111110111111111
011111111101110111111111110111110111111111101111001111111001011111111111111111111111011001011011110011111111111111111100111111011100111111101110011101011111111111111110110101011111101110110111011111110111111111010100011110011011011111100011101100111111111111101111111111111110111111111111111100111001111010110111111111111111
1111111011111111111111101110011111111101101001011111111111111101110
01011101111111111111110111100111100111111110111101111011101100101011111111100111111111111111111111100011111111101111111111111110110110111010011100011011100010111101010101011000101111011101001111101011111110111100101011111001
111011111111111101111111111111111111111111101111111111111111111111011111111011110111111111101111111011111111110111111011111111111101111111100111110101111111111111111111111111101111110101111110111111111111111
11101001100111111110011100111
11111110111111111111111101111110011111111111111111111100111110011111111111
111111111001110111101
10111111101101100111111111111111010100100110000000111011101110101110100101
001111110010
101111111111111111100110011101110011111111111111110111111110111111111111111111
10111101111001000101110
111011111011011010111111101111111101110
1111111111110111111
111110111111111101011111111111011111
011011010010111111111111111101111111111111111111111111111110111111001111101110101111111
0011000001
10110101101
1011110110111111111100
1111111111111101111111101110111001110001011111111111001111111110111111111101111111111111111111111111111100011101111111111101111111111111111110110101100111111111010111011111111110101111111111111001111111
10011111110111110011111111100111111111111111110101111011111111111111111111111001100101111111110111111110111111101101101111110011111111011100111101111001111101000111001110011111001111111111111011100111110001111100110011111000
11011111111101011101001001110111111111011010110111111011011111111111101111111111111111111111101111111001010010110100001111100001010001111011000010111111011010111101001110111110011111111011111111001
1110111110011111111111111111111101100110111111111110111011111001111
01111111101110111101101111111101111111111110111111111111111011111111011011011101111111111110011111110111111111111111101111101111111111111110110111111111110101111110111110101111
011110111110101111111111101111110111111111101110110111100100101111110101100111111011101111001111011100011011111101111101011111111101001101111111011111111001100101011011110011011111110110111101110011101111111111111111111111111111111111
1100110111111111101011111111
1100011011111111111101011101111000110111001111001111111111111110111101111111011010011111110101011111011110101111011111110101111111101111111111011111101011111111111111111111111111
01011111100111101011010111101000011
111111111111110111101011101101111111011111111111110
1111110010110111111111111110110010011101111101111011010101001011011111011011111111111111101111101101011
11111111111100101111110001111110111101011111101111111111110011111110110000111100001111111001111101101111111
011101110111000111111001011101101
10111111011111111110101
111110111111111100111111011101111111110111111110111101011101101111111111101111001111111111111111011111111110101110100111111111110011111101111110111111111111111101101111111111111
1011111011101011111100011111111110011111110110111110
11111111110011111111111111
10101111011011101010111111111111011111111111111111111111111111111111110111110111111101101111111110011111101011100111101111011111101111101
1111111111101011111111111111110110010110111100010011011111111111111011111100
00111
111111111111111111000111111101010011111111110
1111101101101111101111111111111110001111111101111111111111110111111110111110001110011011101011101001101101111110111110111011011111111101011111111111
1111111011110111110011111001101111010111111101111011111
11011110001101111111001111111101111
11101001110001111011111111111110101111001011111110111110111011110101111111101011101100100101110001111100010011000010010001000010001111010011101101110111110111110111110101111111111111110
11111101100111111011111111111
10010111111101101110111110110011111111110111100111110001111011111111011110111110000101111111010011101111111111010011011011101001011111100001011011110110010110111000001011100001111111011001
111111110111111111110110111101111101
0111111100100001111111111111110111111111111110111
111111111111111111001011111011111111111111110111111110111111111111110
11000111101011111111111111111111111111101111111110111010101111111111011111111011
111111111111111110010011110011011111101001111100111101111011011101011001
1111111111101111111111111111111111
111101111100101111111111111101110111111011001
110111111101111101100111001101110111111111110011110010011001100001111011101111110111101100100111110001
1101111001110111111110101011101111011111000010110011000111111111111
11110101111111111
111111010111111110001101100001010011011110
111111110111111101111011111
111110111101110111011111111111101111111110111111111111101101111110111111111111011111010111011111111111111111011111101111111110111
110000011000000000010000
101111011101111111101111111111111111111111010111110011111010111111111111011011111111011101111111101110101111111111111111011101111011011011110011111110011101001111111111101111111101101011111111111101111
1111011101011111100111111111111111101111111111111110111110111111111111111111111010111111101
11101110001
10111011101001111111100111111111
1101110011111111111111101111111111111101101001110101010011111111111111111110
01111110111111111111111111111
11111111111111111111111110110101101111111111
100
11101110111100000110111111111100010111111111111110110101100111011111111111100000110010111110000110110010000001110101111110100110101001111110101010011
10111111111
111110010111011010011111011111111
1101011111001001011000101010
01111101111111111111111110100110100011111111
1011111111111111111111111111111111111111001111111111111111111011111111111111111111111111010110111111111110110111110111110011111011011011111111111111101111111111101101111111
0111
1111111111111111111110111111111110110
111101111111111
1011111110111111111111101111011001011111111111111111111100111110111111110011110110111111111111101111111110111111110011111111111111111000011111101110111100011100100011111011111011111111111111111011111111111111111111111011110011110111111
0101100001111111111
1111
1011111111110101
000011010111111010001010110010101111001101111110011110111110111101101111110111010101111101111111000111110011111111111101010011110111011110111100110011111111110
1001111111111011111111111011110111011111011111101111101101111111111111101101111000111111111111101111111
0111111001111111000001
11011101110111111011011001011011111101100111111101111111111
11111111111111110111111111111111111111101111111111111111111111111110011101101111111111101111111111111111011111111111110111111111001110101111101111111101111111111111111111110111111111110101110111111011111
11111
111101111111110111111111111011111
1110001111101111111111110101011111111111011110111111111000101011111111111011111111101100111
111011011111
1
1111111111111111111111110011111111111111111010111111
1111111111110001111111111
011110101100000110100111011001011000000000010011111000001111110011100
11110101011111011111111111111101111011111111001111111111111111111100111111111111111111001111010011111111111011111001
111111101011101101111111111
111111011111101011111111111111011111
00010010001111111011101
110011111101111101111110111110111111
101110111111111
0011111111111111101111
0011111111111110111111111011111110111111011111111101100111011111111011111111011111111110001111011111111111011111011111111001111100111001111111101100111101111000111111111111110111111111111011101101111001101110100111111101111010000101111101111
11011111111111
11111111001101111111101111100011110101
011111011111111011011111101111111111111100011111101111110111011110111111111110111011111100011101110111111111111101111101110101011011111011001010101000001110011001111011110100011000101111110011011111001101110000001011110011110101100
110101
011111101111111111010111111111110101001110101101101111111111111011011111101111111101111111111111001111111101111111101111111111111101111011111011011011111110111111111111110110001001110111111
1111010011110111011110011111
1111111111010111111111001111111111111111111111111011111011111011111111111011111111111111101110111111111111111101110011110111111111111111111010100111111111111110111111011111101110111111110110100100101110101010011111101101100101111111111111101010111111011111111111110101111111111110111111111111111111110
000100010111100111111010011111
110111111111111111111111111111111111111
1011001011101110010
1010101
11001111111111111111111111011011111111111111
011
11111111111011
1111111111111111111111101011101011011111111111101111111111
01101111011111110111111110011111000111111001111111111111
1111000111100101011111001100111100111
1111111111111111111111111111111110111111111111111101001111011111101110111101
11
11
101101011011101000000000000100000000010000010000111111100000010100111100000000000001000000000010010000000000010100100100000000000000000000000000000000000000000
111111111101111111111010111111111111111110111111111111111101111111111111111111111111111111011011111111111111111101111111110101111011111110010111111100111111111111111111011100111111111111111
11110111111111
1
00111111111110111111111110111111011111111111111111
111111111011111100111101111111111100111110110110101
11111010101111110110111111101110111001110101111111111111001000101111111111111111111111111110110100101100100111101111111011110011001000111111011101010011011111011011100101001101111
11111111011011101111111111111111111111111100111101111100011111001011001011111100111100011111111111111011111101100101111
11110101111111111101111111010011111111101111111111110011
11111111011111111110111111101111111111111111111111111011111011111111101110111101110111111111111111111101111111101111111111101111101001111111111111111110111011110000111111111111110111111111111111111110010111111101111111111110101101011111
1110011111111111011111
1111011100111111111111111111001111001111111110111111010010110111111011101
110111010111011110111111
111011011111111111011111111111
00111111011110111111101101111110111101
11111111110101111111111111
1011111111010101
011011100001011
00111111010101011010100010110011101
1111111111111101011111111
010100110110101011
1000010111010001000000100110111100111111111010011001100
1011110111
111111010111111011111110111110111111110111011111110011111110101111111111111111111101111111111
110011100101011110011111000001000111111110001111110001110000001000011101111000001000111111101000111000000110001001111010000000111001000001000001100111011100010110010001100110111001101000
0000011100001100010110100
11101111111011
11111001111110110111111111011101111101111111110101111110111101111111
1101111110101011011111011111011111
111101110111111101011111111111111111100111111011111111111111111011111111110111111110111110111111111110111111101111111101011101111111101111111111111111111011110111010111010111111011101100000100111111110111111111111111111110101111111101111111111111111111111110111101111111101111111
111111111111111001111111111000
01101111101111111111111111111111011
1110111101000001111111101
0010111100111110100110010001111111111100
001110101111100
11110111110111111111111111101111110111110111111011011111111111111001011111011111011111111011001111111110111110010011111011011111010111111111
01111111101111111
11111111111111110111110111101111101
11111111111111111
01111111111011100111111101111111110101111100111011111111111011111111110111011111111011101111001111111101011
111101101111111111101111111011011111111110111111111111101111111111111111111111111111111111111111110101101
1111111111111111101111111111111101100101101011111111110111111111111111111101010110111111011100111001110111011011111101001111100101111101100100110011101011011110011111111111100111111011011101100111001111110111
11101111111111111101111001
11111111111111110111111
11111111111111101111
111010100110011101111110011111101111111111111111111110010101111111111011101111111101111111101111111111111111111101111100011111111110111011111101011111101111110011100111111011110011110111111101111110111110001111111111111000110111111111100111111111111111011011111111111111101100110111111001111110110011111111
1111111101111111100111011100001101011111001111
111111111111111111101110110011111
11111011111111110101111111111111111101111111
010111111101111111111110001111000011000101101111110110110
010111011111111100001100111111111111011000
1011111010111111111111111111111111111111111111111111111111101111111111111111001111111111110111111111111111101001010110110111111111111000111111111111111111111111111
011010101011111101011011011100101111101011100101111111
0011111111111011110000101001110
111110111111111111111111111111111011111111111
11111111111111111111111111101111101111111111111
1100110011111111111101111
11101111001111101111111011101101111111
111110011001011111111101011101111111111111111101111111110111111001110111111111011011111111010101111111111111111111011111001111110010111110001111111111111111111111111111011111
1111011111111111111111111001111111111110111111111110111101111111111111110111111011100111011111011111111111111110101111011111111111111
111101111010111111111111111
11010111111111101010011101011111
01111110111
11111111011111111
1111111011111111111111111
111111101111111011011111111110111111110111110111110111111111011111111111
011110001100
10101100111011111111000110100101000000111110000110111111000010011011110101110101011111101110110110110101100000000001000001010011000100110000001111101010001000010000000010000010000000010000000000001
101101111000010000110011010
01111111111111111111111011110111010110101111111111110111110111111110111111110111111111111111100111111111111011111111111111111111101111110111111111111110111111111111111110111111111111001000011101111111111101110001011111111000
11111111111111011100101011111111
111111111111111111111111111111110111111111111001111111111110111111111111101011111111011111111110111111111111111101111111111111011110111111111110111111110111
111111111111101111011111111111
10111101110111110111001
00111011111110111111111111111111111111111111011111111111111111101111111111
01111011111101111010011111101010110111111110111111110111111111101111
111111111111111111111111
1111111111
11111111111111111101111111111111011
1111101111111101
1101111111111111111110111101111110011111
0000101100111110101111111101010110101111111110010011111100111111111111011101101011101110000011101101111111100111110101010101110111
0011101011101111111111111110111111110110101111011
11
11011011111111101111111111111111111111111110111111111111110111111111111111011111111111111111111111111111101111111101100011111011111111111111111111111111111101011111111111111111111
111111110011011101111110111111111111111111111111111111100110111111111111111111110111111111111111011111111011111011101111111111101111100100111110111010111111011111100100101111111111110111011110011011101111111
1
111011111101111111111111111111111
111111111111111111101111111111111111111110111111111101111111111111111110110110111111111111111111111111111111111101101101011111111111111010111111111100111111111010011111110111111101110101110011011101101111111111111111110111111
11111111111111111111101111111110111011111111110111111110011111010111001111111111111100101111101101111101011011111010111100111111111111111111011111111110111100101111111111111101111101111111111111111011011100101110011011011110001111110111110010000010010001011010110011111111100111011110001111111111111111111111101111111111101101110101111110111111101011111001101111101111
1011111110111111110111111111101011011111111111110111111111111111110111111111111110111111111001111111101111111011111101100111111110111111111111111111101111111111111111111111111111101111111101011111011
1
0000000000000100000000000000000010101010111111011001100010101101111010110110
1010111111110110111111111101101111101111111100111111101111111111111
111111111110101100000001111110111101111101111011011011111111110111111100111111011111001111111111101111011111111111111011
0111110101011111111111011101110101111101111101011111
1110110000111111111111111111
11111111111011001101
1101
1111111111111011111101111111111111011110100111101111111111111111111111011011111011111111111101111011111111111111111111111111111110111111111010101111011111001000111111110111111111111111111111111111011001101111111111111
00
1111011111111011
111
11111001011111011111011101
11111111111111111111111111111011111111111011111111111111110111111111111111101111111111
111111111111111111111111111011111111111111111010111111011111111111111111111111111111111110101111111111111111111111111111111111111111111010101101101111111001010101111111011111111111111111111111101111111111111110011110
1011111111101111111111111111110111011
11111110111111111111
111100101
1111011011111111
0001111111101110110000111
1101101101111110
0111101111111111110111111111111111111111111111101111111110111111101011111101111101011111111111111111111011111111111111111111111111111111111111111000111111111101110111110111111011111110111101111111101111111111111111110010011100
1111111111111111111111111111111111111111110101101111111111111111111111111001111111101111111111111111111111110111111111111011111011111111111010110011111111111111111111
0011111111111011111111111011111
1111101111011001110110110110011111111000101111011011111111010111111111111110111110111110111111011110110111111011111000101111111111111100101111101
11110111111111011111011111111111111111111111111110111111
111111111101101111111111111101111101101000110100110111011111110101011101111111110110110011111111001110101110011111011011111111101111111011011110100010001010110001111110111111111110111111111111111111111111011111011111111100
111100111011111111110111110111111111
111101
111101110111111111111111001101111111111110111111111011111101111111000101001100111111111110110010111101101111110111111111110011111111101111011111111010111101111101101111111111111111110111111111111011111101111111110111111111011111111101111111111111111111
11111111111111111111111111111111111111111111111111011010000111011111111111001100111101111111101111110011111111111111111111101111110111111011111111111101101111111111111110110101111111111111111111111111111111101111111101111111111110111111
110011111111101001111101101001101011111110001110011111011011101111111110111011110111111111011000011110111111101001111011101111101111111101110111101111011
111001111110111111011111111
111011111111101111111101001101111111111111100111
110111111111101111111111111111001100111101111101110001111
111011
111111011101011111001
1010101110011111101111111111011
111111
10110111
01111111111111
111111101101111
111111101111111111001000101011101111
1111111111111111101011111111111111111011110111111111
111011111111111011111101111101111101111011111111111110111111111111111111101101011011111101111111101101101110111111111111111111111111000010111
11011111111011010111110111111101100111111
01101111111110011110111110111111
11101111111111111111111111111111111
1111111001110100111
111111111111111101111111110101111111111011111101111111101111111111111111111111101111111111111111111111111111111111111111111111110111111111111110111111111011111111111110111111111101111011111111110101111110111011111111111011111110111111111111111111111111111111111111111110111100100110111111111111100
111111111101111101101111111111101101010000110100001
001
1110111110011010111111111111111011111111001111011101111111110111110100
110111111111100100110
101111110001110
111111111111111111111111111111111111111110011
1101111110110110111111101111110111111111111110101110111111011110111111111111101101111111111110111111011001111111111111111101100110111
1111110101101111100111011111111111011111101111101111111
11010111110011111111101110111101101011010111111010001110010000111000010110110101111011111110100101110000010110110
1111110011111111111011110111110111111110110111011001011011101111111010111101011010100
11
1000000111110111110011010111011101111011111111011011011101011110010111111011111111111
11011011111011101111111001111111111111001011101111111111111111011110010111000111111110101100111111111111011111111110011110110111111111111111111
1110001010101110101101111001101111111111111110110111111001110100010000110010010000110111011111110011110001000000010011000010
11010111111111011011101
111111111111101
1111111110111111111111111110111111011111111101111111110111111111111111111111110111111111111110111111011101110110011010111100111111110011111111111110111001110011111110101111111111111111010110111011111110111111111
1100
01110111110111111111001111111111000001001101111101111
11
11111011
0111111111111111111111010010111111010101001111111100011111
11101101101111111111111001101111110111111111111111111101110111111111111111111111111111111111011011111111111110111111111111111111110111111011
1111111011110110111111101111111
11111111110110111101
0111111011111111111111111110
1111101111111111101111111110111111
111111111111011111010111101111101111010011100111111111100101111110111101011011010110110111111110111111101111111011110111111011111111111111111111011111110111111111010111111110011111111101101111101111101010111111011111011010111101111110111111111111111011111110101111101001011101111111111011111101111111111110111101011101111101011110111111111101111111001111110111111111111111
11111111111100011111011010111101000111111111111111110101111111111111111111111111111101111100010111110111111110110011101011011111011111
1111111101110011011111
111110111110100111011110111100111101111111111110111111111111011111011111011111111111001
1011111111010111100
11101111001010101110111101111101111110111110000101101111011
111111111111111111111111111
111111111111111110001111101111111111111111
000
011011010001000101001011011111110110000110111111100101011001000000000110010001011011111011000110111011001010000000000
1111011111111111101111011111111100111111101
1
10110111101111101111110111
1011111101011111111111110
111101110
10111111111111111000111111001111011101010111111011001100111111111111110111111001111101110111111011111110111111101011111100001011111111111111011011100110111101011010011001101111111110110111111111000111010100011010000110111011111010100000110101011111110011010011111101001111011001010101111100010111111111111111111100111111111111110110011111111011101111111111111111111100111101111111011
11011110110111111101000111111111101101101101111100110100010010000111011001101111001101110100010001
1110111010101100111000110111001111011111111111
111111110111110111
101111111111110111111
1111111111111011111111111111111111110111101
1010011101110111110001111111111111101111111101111111111101010110010001010111010010111011101001111110111111101101111111011
0111110
11111111111111111010011111111111100000111111011101110111100111111111100111101110101101111111111111111110111111011101111110100111001001011110011111111110111101111011111010111011110010
0111111111111111111011101110011111111011110111111111111111111111111111101100011
11111111010011011111110011111111111101110110101100110011111110101001110010100
11011111111111111010110111111111111111111111111101111111011111001011110111111111111011111111111011111111111111101111111111111110110111111111111111111111
111111101011110111111111111
11111101111
1
00000001000000000001010000101000000100000101000000001000000100111000
011011011011011
001
11111000101110110
1111111011101111111110111111111111111111111110111111101100111111111111110111111101010111111
11
11111111
0101111111111010101111101111
11110101111111111110010010111011111101111111111111010111101000111011111111111111101111111111100001101111100011111111100010000110011111111001111110010011110111111110111011000
1
111111111101101111111111111
111111111111111011
10001001100
1111111110111111010111111111010111101111111111111110111111111111111111111111111010111
01110111111111
11111001111111111110111111110111111111111111111
000011110111111111011111
011111111111111100
1111100
11110111111111100101110111011011111101111111110111111111001110010011111000111100100101110101111110111111110110011111110101101011111001111001101111101101110001100111010101000011111111100011111111111111110101111100010011001111001110111101111011011111
111111110101111111110111011101111111
1111111111111110111111111110101010111111101111011111
11111011111111111111111111101111110111111111111111
0111011111111110111111111111111100111010110110111111111111100110
111111111101110111111100011100001101011110111111100110111011
1111111111101110111011111111110111111111111111111111101111111111111111010100111100110101111110110111111111011101011111110011110111001111001000101110101011001011010111111111011110110111111110101101111111101111111
11110111010111010100100010001101111110111
111111111101110110110
111111000000000011
010111111101111111111111110111111111111111111111111111111111111011111111111101111111111111011110111101101110000010101011111111110101111111010000110001110111111011111111111111111010100000101000001110
101
10111110111111111101111111111
111111111111101011111111111011111111111011111111111111111101111111111111111011111111101110010111001111100110010111100111100111111111111111111111001111111111111000011
1111111111111111101110111111111111111011111111111
111011001110011111111111100111
1111111111111101101101110111111111111111111111000011111111111011011111111111111111111111111111111111111111011111111110111110110110111001101010000111110011111110111111111111110111111111101111101001111111001
111111101110101010110111101101111011111101011111111011111111101111111111111010011111111111111110111111111101111111101
11111111110011110111110111111111
111111101111111111101111111101100111111111111111111111111111111111111111111111111111111111011111111111011111111111100101001111111111111111011111111111111111111111111111111111111
101101101111111101111011011000
111111111111101111111111111111110111111111111111111111110111111011111111010111111111111111111101110111111111011111111111111101111111110011111101011111111111111111111111110111111101111111011111111111110111011111111110111110111100100100010110010011110110111101001111111111100001011111110110111111110111111111011111111111101101011110110111011111111101111
1111000111111110111101101111010101111111111111
1111010111101111001111111
10111111111111111010001111111111111
1100110111111111111110001000100011111011010111
1100111110011111011100111111111011111111111
11101101111
111111101111111101001100001011111111001111101001111110110111001111011111111110111110
000000000000000000000000000000000001000000
0001100100100101101000000001010101011100
011110
101111111111101011110111110011111101111110001111101111110100010000101100111111101111000111111101001100000010000
11110101110011101111011111
111010011011001111
10101001110111101110010001001101111100
11110101
1111011111111011101111011111110
11111111111111111111
1
1100111111111111110011110
0111111111111111111111111111110111
01111000011
11111101100111001111
0110110100100011100101001011101110110011001110011010000100110100111000000010100
11101111111111111110011111101111111111101111111111101110110011101110011001111111111111111110011011111100011111111111011111111111111111111111111101111111111011011101111111000111111111111111111111111101111111111111111110111111111101111111111110111011111101111111
11111111111111011111111111011111111110101001111111010011111111010010111011111110111111011
111
11111111111011010111100011110110011111100110111011101100010101111001010111111111100111110111000110111110001001111101111111110110111011110001000110100111101000101010111111100101111111111110
111111110110011101001111101110111111111111111111011111110111011111111001111111101111111111111111001101111111110111110111111
1111111111110110111111111111011110
111111111011111111011011111011111110111100110111111110101110111
10100011100000101010011110110101010001101010010111111010001011010100010010110111001110101000001010101010111001011100000100000000101001111011111111010111000111111011111110110001
1111111111111011111111101011110010010111111111011001111111111110011111110111110110111111011111111111101011111101101111110110111111111111110001101100100111111100110010111101111110111001111011011111101011
11011111011101111111111111001111101110111011111111101111111111110111111111111111011111111111101110101100011011111100011000011010001111101000111001110011101111001010011001010101
11101111111111
11111111111001111111110111101011111111110111111101111111111111011110111110000111111111111111011101111110111100110101111111110111111011101011111111110101011111111111111111111101110111111101111010110111111011111111
011010111111010000111
1111011111110111111011111111111111001111011
1111111
101111011111111110011101100111
