1111111110011010001
10110111
111111111111111111
11111111111111111011101111
11111101111111111111
1111111111110100101110101
1111111
01111111111110101100011111
11111111111111111101
1111111111111111111
10111111111110111111001111
11111111111111001011111
1111111111111111011111111111
11011111
11111111111111
011110111111111111110
111111111111111100101
01010111111111110
111111111101111101011
1111111111111111111100111111111
1111111011111110011000010
1110001111010000001
110011111110011011111001
111111111
1101111111111101111111111
0110011101011001111011
1111110111111111100111
11111110111
1011011111111
111011101110111111011111
1100111111000110101
1111111101
1111111111111111111001
111111111101110110110001111
1111111111111111011
011111111001111111110111
111011111111111110111111111
01110
11111111111111110
111111111111110111
1111011111111110
1111111111111111111111
1111001111101110010000
1111111111101
1111111100110
11111111111111111111011
0111111101110001110
1111111
11111111110111101
111111111111
11111111000010
