1111111
1011000100101111111111011
11110
111111
00110011111001000011
1111
1111100000
111110111010111110011101111110
11111111111111101
0111111101101011101111
111111111111
0110
1
10111
111
1111000100001111111111111110111111110
00001111111000111111111
1111111110101
111111111
010001
1
1
111111111111110
111110001011111111111111000
111111
1111
11011111111010100111111
111
1111111
011000001001001001111110011111111111111011011111
10111111111011110110
11000101111110100
1
1
1100000000110001111110101111101010111111111111
011
1011101001111011111111110111111
1001101111110011101111111111
0011110000001000101001111111111111111
11101111
0000000011001000
111111111
01111110001010000100000010111111011100101
11
1111011101101110111111
10001111111111111111111111010101001000000111111111101111111111
1111101111111
1111
111111111111111
1010100
0
10
111111111
010101110001110110111101001110000011100001101
1011111001111
01
01000011111101110101111111
1001110110111110111111011101
01
1011101111101
111
111111
10011111110111100
11
110111111111111111111
01111111111111111
1101111111101
11111
111011111111011111011111111101
11011
11111111
1011111100011111111011111111011111
11
1000001000010011011011011111111110111111110
1111
1
1111111
111111111111010
101001101101101111111011010111111111
0111111010101111111110011101011111
111111
111111
11110101
11111111
10001111
1
111111
11111111110111101111111
111111111111111001
10010001100011001110111111
1110001011111111111
1
111111101111111011101111
111
11111011111111100111101111110111000110
11111
11
10
1111
10111111
1
011
1
1
11111000111111111
0110010000
1
1110011110111111
11110101010111101101011011011111110111111
11111101110110
11111111
11111
10011101111111101
0011
1111111111
111111111110111
00111110100111110111111110111111111111
111111111011011101111
1110
11111101111111
111011
0111111110
010011111000011000001101111111011
001111
10110011111110100001101110010
000000111111
1
111111
1
0011010111001100010100011
11111
11
11110111
000
1111
1
0111
11111111110111111111111011111111111111
11100
11111100001
11111
101111110110
111110111111010011011111110010111
111111111111111
111111111111
1
110101111101111111111101111111111111111111
1111110111000
110001100001111100
1011101110011
111101110111
11
1111111111
1111
1
0
0111111111111111111111101
111111
11111
11110
1111
01100111001100010101011001011
1101111010
0101111110100101110101
1
011111111001110111110111111111111
110011100001111101111
111
111111111
1111111
1110101
0101010010010111
10100100101
000000000000000000
1111001011110111111111111111111111111111
111101
11110011111
10110110111011111101111
111111111101111
111001100111101111111111111111
010001011111111111111111111111111
11111
0001111111111
111
11
1000100010010000111000
11
0001001010101101100110011011010111111100111011011111
111
111110101110
111111111011101111111111110111111101101110111101
0
00
111111111
11
111
01
1
0
111111111111
100111011001000011101011
11111111
11
010000101001111101011110100000011101
1111111111
0000001100111111100
1111111111111111111111
0
1
1101111101111111011111101111111101111111011
0100111100111111111
111
010
101
1110100011101111111111111101101111011111
11
11111
11111111111011111111111
11111111001111
011111
111111
11
1111
010111111
11111111
111100
1111000111011101111
0111111111110111111111110011
110111111
11111111110111111111
101111
111111111111111111111111111
1111111111111010100111111110111
1111111011111111
0111110011110
111
11111111010111111111111
11111111
01111
010001001010101011
11111111111
11111111111111111111010111011
111111111111111011011101100111
10111111
1
0111
01111101111010011110111
11111111111110
11011
11
00000000000000100
1111100010011001001111100001110111101111
0
111011111101111111111111111111111111111
0
11101110011
1111101011011011
01011111
1
1
11111011
11101111111101110111101011001
1111111111
111110110011111
1100000010000111111010001011010111111101
11
11101000
1111100001110011111110111111111111111111111111
110111111
101011
1
11
011001011111
0000001100010111111110101
111111111111110111111111
01101111001
11
1111111111111111
1
111110
11101111
1
1111111111111110
11
11
11111
00
1111
11101111
11111101
1
11111010
00111100001100110
1
10
111111111000001
111011111010011010
110
110
11111
111
111111
11100110011000000
11111111111101101111110111010001001
111
1111111111111111111
101111111010111101111101111111
11
0111111101
1000000111110
111111101
00010110110011111
11
10
10111010111111011111
001
100001111111
111
11
111111
10100111101110100000111111111111101100101111111111111111111111
1010
101111011111
1111111011100111011011111111111111111111110
1
111011111110111010111110111
11
1111111
110101011
11110101
1011
1100111111111111111111111
1111101101101
1110111011111110101
10011001
11
00111111111111111
11001
1
0100000110010011001
1111
001
1111111111111111111
01
1101111111
111111101
010000
111101011111101011111101111111111
01111101111
11111111011110010000
11111111101111111111111111100001111110110
111110
11111011001111010101111111011100
1111011111011110111101101001111
0011111011100000
111111111101
010111
10111111110
111111
