1110
1
00011110
1
100
111
11011010100000
0
0
00
110
01
10
10
1
0
111111
111
1111110
101
10
01
01010111
0
100
101
0
0
11110011
01
0
11
0
1
11
11
01111000100110
10101111
1
1111
011
11111101
00111
00
0011
1
01
1
011011
11
1
11
1
111111
1
1
1
0
1010
0
0
011111111111
10
01
10
1100
1
000
11
101
111
1
1
1
11
1110
100111
0110110101
10
000
1111
110101
111
0
101
111
010001111111101101
0
0000100
1001
1
0
10
0
11
001
0
1
11
11
001
01
1
1001
0
1
00110
01
1010011100
10
11
011
1
101
1
11
11011101110011001
0000
00100
01
1111101011
1
01
1
1111111
01
000
11
0111100111101110
01111111111111
0
111
1
11
111
01
1111
0
1
1
1
1111110
0111
0
11
111
1
0
0111
1
1
11110
0
0111
1
10
1
001
1
10011
11
11
11101000
100
1
111101101
11
1
11
10
11
0
111010
1
000
01
11
1
1
0001
110101010
1
1101
10
1
01
11
0011111111
00
1011
1111
11
1
0
1
00
01
0
0
0
111010
10
00010
110
101
0
111
100
01
01
0
001
1
1001
011
1
1
11
11
101
1101
11
00011
1
1001111
11
1
11
1
11011001011
1
11010
1
0
11
11
11
111111111011101111011
0
1001
00111001
1
010111
10
001010010
010011
11000101
11
100
0
