10
0
00101
111
0
1
1
0
00
101
000
11
0
1
110
1
101
0
10
0
001
00000
11
0
0
00
0000
100001
0
10000
1
1
0
0
11101
0
0
1
1
0
10
001010
110
10
011
1
0
0
000010
00
0
00
1
0100
1010
1
0000
0
001
1
0
00
01
00
01
1111
000100
001111
000
0
111110110
1
00
0
111
0110
000000000000000000000000
01001
1
0
00
1
00
011000
1
1
0110
101
1110
0
011
1
01
0
1
01
000000
1
1
0000
0
110000
1
1
0
11
11
1
10000
001
0
0
011
1
1010
10
0
01
11
11
00
101
00
011
11
000000
010
0
11
1010
011
1
1
0
111101
00001
000
10001
1
10
1
0
00
00
1
0
00
010
001100
0
1
10
111
0
0
