01100000
0011101100111111
000
0000000001010000101001
1
0011001000
00010111111111
0100001011010
0111011111
0000000
101
1
0000000011
000111001001011
111
10
01101
01000101
1
01
0
000
1101
00000001100110100
00000000001101100000
0
000
0000
000100011111011100
0110011001
001010100
10100101101101
1111111110
00
0000000000
011111111101
111110000011001
1100111110
00
10
000101101100
1001000010100001100
0
0011111101001
0
000001000
111
0
000
100111101
0111011
11101
1110100000000000101100111110110
101011111
1111000000000011111011001111
0111011010001
0
1
0
1111110
00111000000
00
011100100011001
0
111101001
0110
10000000010111111010100
10001011
0001
111111110
0
0001001011100000
1010
01100010001111101011000110110
11111111
0101
10
000
0000000
010
111011
11
00000011101010101000
101
00100000000100010100001100
111
0011000001
00110110110101100
101111010100
101
00101111011000
0
1011
11001
1111011
0000
01
0001111111101
100000001110101101
11000000101001101101
11111001101
0
00000110011110
1
0
1
11011111110111011
0010111110
1101000
1011
1001111110011000
1
10
000110111
010
00
10
01001100110011101001
0000001001100
10001
011010011100
0
1
0
00
1111111
01011
000
000100111
1011011011001000
0
01101110111
1
000100001000000
1110101
1111001
011010
111001100111011101000
111
0110011011000001
000010001001
000010001111100
00
1010000101010
111
01
1110111101
0011010110001
00001100010000
011
0
1101
1
0010110011100111111
011
1000100
00010101101111101
101
10000000000
11110
01
01111101110
000000000001100
011001111100001
00
100
001110000001100
0011000100110001
11
000000100111001000
000001
1
010
001
10
0110101
101
10000
010111111
0000000001000000000
111
11111
0010000011000
00
1111111
010
00
0
000000
0111011111011111111
000010010011101011
1
0000001001001010000001
111100001110
00
10110111111100111
110000
111011011100001110
1
110011010
1010111
110
10001
10110011111110000
1001100000100000
100
1
0110
00000110011101101100000
1111111011
01000000100
1010111110001
0
0
1100010001111111
0
111
11
110
0000100001101
100100111110111001
0001111011111101
0000001101
00001100010000000
010100
1110
00000
00
1111101
11
11001100101
0010
0
011001100111011010
0
10
000000101
011011101
1
00
1000
00000000000000100010001100
10000011111101
1000111110
010000011101
01101
0
101101010101110
110
001
0111
111110
1
11011011101111110
1000
0111011111
11
011
0101011111
100111100
00011110110111111
111
11111111
1101111111101
1111001
00011001001101
0011100111111101
000101
0010000
000101110
111
011011000000100
01110011001
111
100111101100
1011111111
0
0110100001111011111101
110000001111011101
111
1000
1111110100010000
0000000000000011100101
1000000110
0000
00
10111110000000
10000101000000101
10
1011011000111001
111111001101011110010
1111111
01011111
00
1
11110011
11
0011101110000
11111
110101
0
111
0
101000100111100010
01111100
000
11111000111101
01011101111
10001011010110100
1000011111
1
011
101001110100001
0
10000011100011110001000
0111
01
00101111110100
1011110111110111
0111110111101
11001
100000011101111111001
111111101100
0101000010
0111111110
0
000
00000
1110
11
0
0000000010010010100
00000100010110111
0100000
0001000000001010100000000
011
0001000000100001
00000000101101101
1001100000000
11
0110111
00
1
