0000000
1111111011000100110110010110000001101001101011100
101110110111111101
01011011101110010000110010111101111010001001000001101111101111011
11111101111111
001001111011001
111111111111110001010111111111000100110101111011111001
111111111001111111111101
11101110011010001101110100001011111111
111111111011101101111
111111101111011
111111
111110
01001
11111111001011011111111000110000110110011111110100000111111
10111111111101110110110101100110010111111111
101001111
100111
10
11111
110011111111111
011011111111101110001010110100111101
11
111101101111111111110100100010111110011100000100
00
1111111111101111101111111
100000000110000111011011010111111111000010000001111100110101001010111101001101111011111111101010
1111111111111110101010011011111
11
00
00011001000011001101101011101110011111111110110111
111111010
10111110111100
0001111111111000111110101111101111111
11111101110011111101111011111111011111110
00110000000001100000011111110111000
11111111101
01111111010000001000001101110100000000011111110111110
111101
10001110101111100111110111010111010000111100001101111000000
0111
1101001000111111011100111101000010111111111100111010000000000000100010001101101010110001101011
111101
1111111
11111111101111001011
00101110111110000111111111000111
1101011
00000
11111111111011
01100011111111111010010111111100010110000110
111111011011111000111100
110
0010000001010100000100000000010011101011100001111111111110010
111111011110110000110011011111111011111110000011001101101101
0
1111100100001011110100100011110
1
1
1111101111101000101110111
1
11111011110111111
11011101111111100110011
01111111010
01111111111111101101111110110111
1111
111111011101111111010111111111
1
0011000001111111100111001000011110001000000000000
0
00011
1
11111111
0
111011011111100011100111001110110011011011111011111100001101111110111101001110
101111101010110111010101111111111100010110101
111001111
1101111110111101
11111011111111111
1111111101101101101111111011111111
11000
0
1111
11111111111111111111
101011111001101001
01111100111101111101011100100110100010001001001101111100011111010001101011010011001001111
111101100011001000110101
00
1111011110111111100101111011101001
01110100
010001111001111111111011110111101111011001101001111111101110
11111111110111111111
01000
11
1
1110111110001111111111111
10111100011001111111111100000110011010010
1111101001000111110011100001110111101010
11111011011011110110100110111100101001
01110111101111111101110110000110101010101110001
110100101111111
0100
11111010111111001001111111110000111010110001
1101
011
110011111111111111011
00010
101111011
1110001110101
0110111111011010111101101
11111101110011101100111001011
0
0
111111
1111110111111110111111
1011010110100101111
010110111101110100011101100000011001101101111101010110100000001010100000
011101111011101111
011011111111111111111100001101110111111001
00010000000010101001
101
1111111
1101110100011
1111101111111111101111111111111111111101111
0111100111011011111011
11111101
1111100111
10110111101111000101111110
0
11
11111110110000
01110
000
00
0011110111111101010
11111101110110001111101110
110111011111101101
1
11111
1111111111111111110111110101101110
0110111100011011110110001111100
1011000101111111110101101100101101
001111111110110111001100111011
111
1110111111
1
111111111
10011
0000010
01111100011011110111111111
011111111111111
1110011111
1010001101101100010010010101001
110
11000111111100110011101111111111111010111111111111011101011111111111011111101
010
10110110001110101001111111111101111111110
101111111111011111101001101111001110011111
111111
1111
1001
10
111110111111110110111111
011100110101111010111011
11011111111111111100111100111111
0111000000000000000011100000001000101111110
11111111011111111111110101111001111111011001111111110011111110111010110101011111
11111011
111111
1111101111011001111111111111001011110110
110001
011001110011100011001111
10111111111111111110110111111111111111101
11000101001011
11111
0
1100110110011111101111111010000111111110100110010001
0110111
10101111111101111000110011111
001111110010111101111111011110110110100111
111111
1
1
1
011111
10011
010
1111111111111
011100011101111110011101001110101011110000111111101011011000000100110
11011111111
111
11110011101110111111111101110011100100010101110101111110
0111111111101001011111111111111111111111
1111
10
1111111111111111111111111111
1
0
11101111111011011100100111111100110000110
11101111011111110011111
101001
01100
1100010000110000
0001
111101111101100100011000111001011111110101001001011101100001
0
1111111111111111
11111111111111
111111111111111111
01010000
01110
11
0110
0
00000000101000111110
11111110111111111111111111111111
10110011111111110111111111
011111101110101111101110011111111101111111111
1011100111011
1100111001110110100111111011
011110110001111111111111011011111111111111111100111111011111111111111111
111101111110111111101111111111111
000100010
00001111111111011110100111111
1
1111111001
101100000101000010010000000100010100011110111111
0111
111111111111111111111111011111111
11111111111101111111111011111111
1111111111001101
00
01
111101010011110010101111111111001000111111101110
101111111101101101011111
11111111110
0
1010001001100000001000000001010010000000000011011111101111100
110111011011110110011101111011101111110011010
1111111110111110111011111101111000000110110100
100101110010111
1111111111111111111110101110101011111
00110101110111001
1111
1111111
100011111111011111111110001110
001101100101011101001101001001000000
1
101111001110111001111000000011111
111111111101110011101011110111111111111
1110111011001
10111001
001
110111101111001100111010111111010
00001000100001111101111000001
1011111111110111110000111111111111111011101011111111111
0101000000000100001111111
11
1111111111111111
0
01
111111111011111
0101
110111111001011111101111111111
10000000
111111111101
00000
011111110001
1111
110111011111110
10
01
11111110101
111000111110111101011011111
100000000010100111010000000101001110011000011010110111111
11101111101111111010011100011110110
0
1011101
11101011110
01
111111101111110
1011111
1111111100101111110101110111101101110
1110111
01
111111111111101111
1
0000111101
01111111111
0100010010001001100001101000
110110
00111101110111001111011101010100000100
00011
1110101111
00011111111110101110000001010111101011111111110100000010111011
1
0111111111111110111111
1111011001011110101001010101011100010111010100
1111111110111101100
1100111111
0101
101111111101111101001101100001101111111111111110101001100101110011
10
0000001111100010100111111101001110111011101111111
111110111011011110100110101110110
1111111101
101111111101000011010101111100100111111110011111100001111
011111111111001011110001
111110111111011111
01111
1010111111111101111111011111011111
111111011110010010
1101111111100111111111110001011001001101111111
10111101101101101100101101111111
1
1111111111111110101
010001100
011011111
10
0
01011
10
1110110111111111
111111111
1101110111110
1
1011110110
001000001
111111011001111111011111111101111111
0111010011111011011011111
1001110111111111001010001111011011000001
000011110011110111001111111101000111001011111
111011111111
1111111001110111111101110010001011111111000011110
11111001100100100111001110101111001
01111001101101111100111011110100000001000000111110010000110
011111111011111111111011111101111111
011110000000100100111101101101111110111
0101110
110
11
