01111111111111111110000001000001101011111100111111111111111110011010000
1010111001110111111101111111101000000001000001001001011111111100011111101111101111100010101101
00000000011100101000000100011111111111100110111011
0100000001110011111111011111111111111111
111110110000110011101111111111111011111
0001111011101011111110101111111
01111110111001111111111111111111
111111110011111000001111110
01111011111111011111111111110001100011111110111111111111111111
100001101110000111101100010110001111101111111110010011111000111111101101
11111111111111111111111111010011111010101111111011
1001111110010011011110000110101011110110101111111001111111111010000010001111111111101100001111111111
00010010101110110111110111001111111111001111111110101011
111111111111100111
