0001011111
111011111110
111111111111011111111
1111110111111111111111111111111111111111110101111111111111
11111111111111111111110011111011111101
1111111101101111101111111111110000110100100001110000010001010000
11111111111011
11111111111111111111101111111111010011111101111111111110000
11111111110111111101
111111111111110110111111111110011001111111100
11111111111111111011111110111111101011010101101011101111111110
1111011111110111111101011111111111111
111111111101111111110101110101000000011110111101011011
110111110111011111111111111110111101111110111111111
111111001111111111111111111111111111111111111
101111110010111111111111111111111111111111111111111110001011
111111111111111110011010111101111111
11010110101111110110100000011011111011
1111111111111111111111111111111111110111111111111111111111111111111
1111111111111111101111110001010101111111011
111010
1111111111111110111110111111
111101011111111101
1101111111101111111011111011111011111111111111011011111111111111111111
10100000
11111011111111111011111111010111011111000011011101111111101
111111111011111111111100011111110111111111
1111011111111111110011
111111111111110100111111111
1111111111111111001001111111
11111111101111
11001111011010110001
111111111111111111111011111111111100000000101110101101
111111111111111111111001
11111111111110110101011111
11111111011111111111111111110110111111110000101111011111111111
01101111
111111111111011001111001
001110111111111101011000001110100000100
11101111011111111110111111100010111111111111
1111111111111111010100111111
1001111110011111110101111111110000001001110001111010111
1101111110
00
1111011111111001111111111101011111111011111111111
10110000001
1111111111111101010011
1111111111111100101111111101
11111111111000111011
0111011111111111111111111010001111011111111111
