101101
101001
01111
010
11111
11101
0111
1101
00111
1111
1101
0111
01011110
0111
1101
111111
111
1111
11010
00001
01100
000011
1001110
001111
0111
111111
010111
1101
1111
00111
11001
01101
111
1110
01011
0111
01100011110
11111
1111
111
11110
0111
11101
11011
1011
1101
1111
00011
111
11111
1111
11111
00111
11100
011011
111
111
000111
111
1101
00000000111
111
1011
01000010001
01111
11111
0111
1111
111
11111
11111
111
01110
101101
111
111
011110
01110
1110100
1011
01111
11100
11111010000000
1111
10111
10100011
10001
1011
00111
0
110
11101
111
01100
01011
11111111
11111
11100
10111
011011
11111
111
0111
111
1011
1101
0111
111
0111
1101
111
111
111
1101
111
0000000000
10111
11100
0111
01101
01101
11011
111
111
111011
1111
0111
01100
0111
111
1110
10100011
0101101001
111
1101
10111
111111
1011
000011
11111
0010011
111
111
01011
111
01111
0111
111
11101
00111
111
00111
111
010001
11100
101001
00101
1110010001
111
11100
11011010100
1111
1101
1101
