111000001111111100110110010101111111
01100011110110000101001000010101010111011111
111011001101111111110001000010000011
0110101101101110001001011110111110
1010110111010011000100010
00010000001101000000110101
11000001110110110111000101010001110001
11110111000000001011101111111111001111
1011110111101110101011111000001101111111
000100000011100010010010100101110011011000111001011
1011100111
000010011001000001100100100011111011
1001100111011001011001001111011111
111011011111111011111101111111111011111100001100
111111101111101111011111010100111111101011010100011
0000100100000100000000010000
111111111111111101111011111
11111101000000111111111000011010101010101
11101111101101111001
00101110110111011000000101011
10101001111101111011001110001010001
11000111110011111111011000110110011010111111
0001010111111011101010101011011
1010101111110001101110110000010111111110100010
1000011111011111111111110
1101111110111110001001000011101100000000000000010000000010
111111111111111000001010110111011111011111101
000010111111101111111111000011111011
0100100101110100011100
11000010000110010100011000110110
0111111101111100001001000000111111000101111011001000010
00000111111000110110010101010101000010110
0000111101100100001010101010
110001100011111110110111111111
0111001111100100001111001111111111111110111101
0001110001000100110101101101
1011001111110001111100111101
001110111011001111001111111111
01000001010110111011111111111111
011110110111111001111011000110010001
111111101101110101111101101101100000001000
001011111111001011110111111111111110
1010110000111001100100110111101011001110111110101
00111110110101011010000001011101001
11110110000011010000011011
110010101100111111110110111111111111
01101111011011110111110
100011111011001111111001111001011001000110101
11111010011101101111011101
1110111010010000111011101001011111111101111
1000111011100011000100101111
0100001010011010111101011011
1110111000010000100001111110111100001111101011110000001111
10010001010000000110000000
111101101110010101000001110111
0001000111100001001101
1000011111111001110001111111
0010111001100110101111101010
000001000100000001010001110001101000
0101011010111101001001
101000000100110101101010100
01111011101111101111111011111110111111110
01010001111110101011011100011101000011
111100011101111100111101111011111111101011101011001
00100101110111101111110110
110111011111101100011110110111
000000010001000000000000010000000
01110000001110110000000000000100001000010000011011
000111010011101011001110011101101
1010101100111000101111001011111001000101111011
1101101100111110111101000111101101111111
1010101101111110100111011000001010101000101011110
111110001011111010111111
0110000000000000000000100100000010
111111001111011011101111111101111110101101
11111111011000011011010001010000000100
011111
00110110000010000011101000001100
001000001001001010001000010101000111100000
0000000000011001100100000001001100101000000010101000
01011000110000011111010
1000100000101011100101110010000000100000110010000010
11110110111011101001111111
01101001100011001110000011101010
000000000011110111000100000110111
11101111000010101101011111101110
111110110110101010
101001001100011000001000101100
000011101000101011010000011101
