000
1
0
00
010
00
0
1000
10
00
0
0
0
1
00
1
0
0
0
0
0
10
00
00
00
0
1
000
00
000
10
1
0
01
1
0
00
0
1
1
0000
0
0
100
11
00
0
00
0
110
0
0
1
0
01
001
1
1
0
0
00
00
1
0000
0
0
0
0
1
10
0
0
1
000
00
0
0
0
00
00
1
01
0
0
0
0
01
0
0
00
10
00
0
0
0
10
0
1
0
0
0
1
10
1
0
0
000
00
0
001
00
00
100
0
00
0
01
1001
0
00
1
1
0
00
00
0
00
00
0
0
1
1
0
1
0
0
0
0
01
00
1
111
00
00
1000
1
1
001
0
0
1
0
0
1
00
0
0
0
1
0000
0
0
0
0
0
0
00
0
00
00
01010
01
0
10
0
10
1
1
0
0
11
01
00
000
00
00
00
10
0
1
00
010
0
0
0
1
0
0
0
1
0000
11
00
0
0000
0
00
0
00
10000
0
0
0
0
11
10
000
0
0
00
0
0
0
0
0
0
1
0
1
0
1
000
0
1
00
0
0
0
00
1
0
0
0001
0
0
00
0
