11111111111111111111010110000000101
10111010111111111111011011100101111111111111111111111111111011110101011111010010111110111001010100111010111111111011111111111111111100111110111111111111111111111111111111111100010100101111111111111111110111101
011111111101011111100111111111011110111111111111111111101011111
110110111011001111111110111111111001110111101111111101111111111111101110111111001110110110010111010000111100111111101111111111111011011100101111010
1111111111111011111011111111
11111111111111101111111100111111111000011011101001110111111010111111000101011101101011111111001111001111100011001011111110011111111111011111101111101111
111111001111111111111111111111111111101011011111110110010110011111110101111110010110111011111111110111001001111111111111111111111111111111111111111111101111111111110111111
101000110101110101001100001111101101100010011011111011111110111100101110011110100101110110001010011111100111100111111011100011101001011111111111001110100011110111001110000100111111111111111011011000101101101
111010111101001011111111111101
1111011111011110
111111100111010001110111001101010111011110101011001111111111110101101111
111110010011101010010001111111111110111111101100110
1111001011011110101100101010010010111111001100111100100110110111111101101111111111111110111
0010111101010111110111011111111110
1111001111111111110100111000101111111111111111101111110011111111110101111111111110111111111111011001011101011111111111110101111111111110111111101111110101111111011111111111111011101111000110110111011011110001111111111101110111110111111111111
010001011100111000001111111111000001000010001001111010111110000001010001011111100111111111111101111111111111101111100101111111111111111111101111111101110111111101111110100011111100101001111101101011111101100100111111111111
110001111111110011111110101111111111111111111110111111111101111010111000000001101111111111001111111111111111111111
010110100111001100001010111011011111111111101111111111111
011001000010010
0000111111000000100000
11110111111011000111101011111111111000111111111001101101111110111111111111011111101
111111111111111111111110101011111010101001111111111111111101111111111011111110111111
1101011100011111
1010111111111111111101000001100110001111010111100111010101111001011011111111111110011
111011111111110111011011111111111111111111111110011111111111100101111111
11101111001101100111111001001100011000001101001101110110111111110111000001110011110101101101111101100110011100001001010001111111110111101111111110111000011111111111111111111101111111101001111110101111111111
11111111111111011111111011110
11111111111101111011101101111111101001010111011111111011010010011111111011100101110101111111111001101111110011011110111011010111011111111101111101011011110101111011111110111111111011111110111100111100101111111111111111111110111111111111111111111111111111011110111111110111
1111111110111010011111
111011100011100001010111111001011111110101111101011010011001001111101110100
1100011010011010
111011111101111010111111011111101110111111111111110111110111111111111101111110111111111111111111111101011110111101111110100111101111010111110111101111111111111111111111100111111111111111111101111
1111111101111101111101110111
10
1111111111111111111111111111111101111111111111011111111111111111111111111010111111111
111111
011110101110111001110111101010011101011111101111001111110101101111110111111111111111100010110111100111011001101111111111111111111111111111111111
1001111010000111011111111101110111111111100111011111101111111111111001111111111110111010111111110110111111111011111101111111111111
1111111111101111110111101101111101011011011111111111110110010011111111111111111111111
1110011000011010000110011011110111011110110101111101100010101011001100111111111010111
0011111111111111101111
0111111001000111
0111111111010111111011111011111000100111000111101011
110100111001111111100111111111111100101011111111110011111111111011111111111011011111111011110110111111101110111111111111111110110111111111111111111111111111111111111111111
1111111110111110110110001011100
10111111111110111111001111101110110111100001110110111111011110010111011011
010101100010111111101111100001111100001110011100100000101110001110010110100011011010111100000111011111010100101011111111100100101101111010
111111111111111111101111111111111010110110111000101110101011101111110111111111110111111111111111111101111111111111110111111111101111111
1111111111111111110111111110
0111011111110011111101110111111111001111111111111111111011110111101110111111011101111111110110011111101111111111111111111001110111000101100011001011111001111011111100100011011011111111011101111111111
1111110111011111111111111101
1111100111010101110
0111011111000
01101110
1100011001011001111
111100101111111110111010111001111111111111111111111110011111110111111111111111111011110001111001001011001011111111110101111001101111111001101001101111111110101111111111111
11100
10111111
1110011111111111110111111000110110001111111111111001111111101111111110111111111111011111
1111010111110
11
1110111111011011111000101001111111111111010111111111111001110011111101101111111110111111100101111110101011101111010011001001111110101101111111111011110111111111111111011010111111111011111101011111101110010101111000100111010110001101111110110011110101101110100001
001000111011111011011
01101110111001110101101111111111111111110111111101111001101111001100100111111000000001011111001100111101101011011011110110010110111101101111011011111111011111101011011110111111111110101011111111111011
111101110011111111110010001010000111011101
11111111011111111101111111111110111110111111111001011111111100011111101111110111001100
1111001011111110101101111011111011000011111110111101011111111111111111111101101101111111111
00101111111101011111111
11111110001101100111111000111111111111111011111011001111111011111101101011111110111111111111111111111111111
1101011111111111101111111111111101111101111111111110111111101111111111111111011101111111111101011001111111111111111011110111101111111111111111111111011111111111111111111111111111111111111
100111111111111111101111111110101001111011001111001110111011010111101100100111110101000001110111111011111100111110011110111111
11011101111111010111111111101111001111010111110111110111111101
1111011011111111011111011101110001001010111111111111111111111010110100001001101011111110101111111011101111111111101100001111011111111111111111111111101011111111111111100111110111011111111110101101111111111101111111111101111111111111111111111
11111110011101111111110101111111111
101111101110111111
1111110111111001111111101111001111110111
11101111000010111111101101111111101111111111111111111111110111110111000111111111111101110111101111110011101111111111111111110111111111111111111
11101110111111111111111110111001111101110110111111111111111111111110111111111101110111111111
11111100111101011101111101111111011110111111010000011011111111011110111111101101110111001111010101011111111101111111011011011111111100011010000110111011100111111000001101111110010110110001110101011100111111100111101000111110110111101100001111011111111101110111
111111001011011111111
111110111111
111111001111111010011011010111110110010011111010011111001011111001011010010101001111001111111
111111111111111101101011111010111111
001000101111111010111111101011111110
0111111111111110111111111111110101111001111111101111111101111
001111010000010
111110111111110111111100101111011110111010101010111111111110111011111000000101110111001111110110011101000011111111101111101100110111101111101010111111101111011001111111111101101101110111110011011
0001
11111111111110001100111100111110111001001110111111000110101010101111111111010111101111111100011101010001100001111011101111001100111011100000110111111111010111010011101000010110011110111111110111110010000001011011100011111111110111011111101
111111111111111110111111010101111101101100101101101010110111010000010011111111110101111111111111111001111011111011
111111101111111000101010010100010101110110011011110011101111101011111
11111011101101111011111111111111111011111111111
110111101011011110110011010101111111
1111111011100111111100011001010111111101110111111111111111111011111111101110110101011110111101111111111110111001110111111010111111110111000111100000011001111111010110100111
1101110101110011111011111110
1101110111111011111111
1111111010111010111101101110111111111101111111110111011111011101111110110111111110101001111111101111111111111111110111111010111011110011111111111011
1101100100011111011111100010010110110011010000101111011111110111011111101110111010111111111111111011
11010110101111111111101111111111011111100101100110001010100110110110010001010101110100100110101110101111011001110011111011101111101111111111111111111111100111111111
1111111100111110110100110100111111110111101111111101111101111111111111111111
101111111100111110111101111111011
101110110000011010100010010001010010011111111111010011001101011000010010101110010010100100110100000011011111111011111010110011110101110110110010100110101111011110111101101100010110110011111100001011110111111100011111001000110111100011011111111100110110001111010101011001011000101111011
111110111111001111001101111111
11001111011101101010011111010110101110010111101110010111111010111011010101111111111001101000001111111000101010111110101001001111100011011111111111110101111111111110101111011111111111111111101111111111111110101111111
1110110111101111101111111111011101111111111011011110101110110110111101010110011101111111110111111011001101001111110011110111001110010111001110111111111111111111110100101111111110111010101
1100001001101001011111111111111111110
10110100111111100111010100101111011001101111111
000100000011011000000100
11111111111111111101111110111101
0110110110111000011011111111100111111001
11011011011101
1111010111111111101111111
01011101100110000001111
111111101101111
11111111111110111111110110011111
00100
1111101100111111111111100111110111010111
01110111011011111010111111111111100101111001010111111111111010111111111111100111101111110101111111111110011001111111011111111110111011111111110111
1011110101111111111111110110110110111111111101100111000010101101111101101111101101111111111011110111101111111111000101011111011111111111101110011111101101111011101111101
1111111111111111110111101101110011111111111111111001010011110111111110101001011011101111111010110111101111110111011111111111101000001001110100111111111111110111111100111111110000101101111010111
111110101110110111111011111100010
111111111110101110111011110111111111011110110111110011000111110101110111011010111110101000
111111100011101011111100001010000110101111110111111101111100010111011001110111110111111101111101110111111111100011101111111011101111111101111101111101111111101101111
111111111111111111101111111011111111001011110010001
0111111100001111111111110111100011001110111011101111011110011110101110011011101111101
001010100010001101110
011111111011111011101010010111001111111111111111111111010111111111110
111110011110111111110111111111011111110110111111110111111111101111111110101111011111110101111111111111101111101111
101110011111111111111111111111110100110100001000011101111111111111111111111111111110111110111111111101101111011111111111101
001001100110100110
11111010110110110111001111111
011010101011001110000111101111111111111111111111101101011111011111111111100011111111111111111011111111111111111101
111111111111111011011111110101111111111111111111110111111111011
1111111111011110111111
1100101011011101011011110100111101111111111111111111011111111111011011010111101111100101111111111110111111011100110111000001111101011110000101010
00001101111001110111111111111110111110011011011111110100011111110
11111111111101111101101111100
00000111010111110010010011010010101000001111110101000101000101111101111101111001011
101110011111111011001011001010110111111111101101111111
1101111111111111111111111111111111111110111111111011111111111111111
11110110011010101011100111101110111111011111111111111111010111111101111011110011111111111101111110001101111111101111110101001111111111111101111111111110111111011111111110101011110111111111
110011
1010100111010101011101000010001011000010011101111010011001101011010000100001100000100100111110110000010000010110101101001011111000110000001110001101111111111000011101010110110101011100111011010011111000001100011110011100110010000000110010
110110000110011111110111
00100011010110111110111110101111011110111110111111111111111111101111111111111
01110111111110111111111101111110111111100111011110111111111111111
11111111111111111111010111111011111111011111111111111111111011111111111111
00111101100111001111111111101110011011111010111100100010101010100
11111111101111101011111111111
11111010111111111111100111011111
000111101110000110111101111101001100110111101100100101011011
10001011001101100110
0111111101011111110001001111
01000000110010010011010010110110
11111111111111111111101110100100001000111
01
1011111111110111111101111111111111011111111111101010111111111111111101111101111100111111110101
11000101001010111110111111011110110111111011101101111111010101111111111111111101111111100111110101111011111111111110111101101111111111011111
111111111101111111111111101111111110111111111101011100011011011011111110011
111110
11111110111011111111111110100111
1111101111111111011011011001100
011110001001111111010111111111011110001011
10
11100010110111011001110111111011110011111110101010010111101100110000111110111111101111001111011001111111111101100001011011011111111101111010111111011111
1110111111
11110110100000111110010110011
11001001111111011111011110101101
11111111111100000110001111111
01101011110111111011011111111111111111111011111101111111110111110110001011101111111101111111100111101111111111101111110111111011111101111111011111101111110111011110
101111011111111110100010011111011111111111111111111111111110
1100001110011011
110111011111100111111111111110101110110111111110110111111101011111111010111101010101111111111111111111111111110100111110110011111111111111111111111111111101111111011111
11111111111111111111101111011111111111111011111
10001
011011111110010011
1111111111111011111011111111110001111011111101110110011010111101101101011011111111111011011111000100001111011111111111001111111110111111100011110011110
111110111111111111111111111111010111011010011110111111111111100111011111111111111111111111111101111111
111111100111001000
1111110111111110111011010
1111111111110001110111111010110110110011101011110010111010011101010111111011101110111111110100100101000111111011111011111110111
1111
1010111001101011100101111111011111110111111
1101111100011011010011101010101111111111111101111111111
11001
11010000001110100101011100111011111110
01
10111011111110110111101111111110001
10001101001110000110101111010000111001100011000010010100000110110100100101010101010001011001110100001001001001000011010010011100010001011
11111101
1111111111111110101110
1111111111100101111101111110111001111110
011111111111101111111111111111111111111111111111011110111111111111111111111111111011111111111110
11111101111111110001111111111111111
11111110010011111100
110110111100010100111101011100111000111011011111111101111111011111011101001101111110001111110001000101110101110111110000100001111111111010111011111111101110110111111111110011111011111111011111111111111111111101011111
11111001111
10010111111111111111010000111100111101111111111111111111111110101111110111111
111111111001111010110010101011101011110100000110110111111011111110111100110101100111111111001111110011111001001101011011100111011111111111111111
01101
111010101011111111111001011011011100110011111111111110001111101011111111010001011111010011111100111000011111111111111111110111110111111111
111011011100
00111111111110001011010111111101110011111100010000110111111111101011111111111000111111111111111101111001111101011111111010111111111111111111100111100000101111111101101111101111101111110111011111111111101111111011
101111111101
11110111111111111111111111111001111111011101101110111111
11111101111111111111100110111111111101111010111111111111111110011111110111111
01101010110101
10111111111110111011
1011111111001110111110111111111101111111111101011111111
0001110111110010010011001000111111111111110011
11111111101111111111111111110110101010111110100100
1011
010110100000100101111011000111101001101010010101010011000011100000000001000000001111010100001011001010010010001001000000
01111110111110101101111110110111111111110101111110110110111111111111001111111100111011110011001000011001111110011101111111111111111111111111111
111101
1110111000
1111111101111111110111111111101111001011111111111110111111111111110111110011101101111101101111101100111111
11111111111011111111111111001011111110111111111111111111111111101111111110000101011110111111011111110111111110110111011111111
111111111111111111111111111100011100100111111111110111011001011101111111101111111111110011110111111110111111111111101011011
11111111111111110010001110111110111111111111101111111111110111
1111111100010101111111010111110110100011111110111001111011111111111111111011110011111110111111111111111011101011111111110111111111111111111011111111110101111111
111111100001111111101
0001101010110010110110101111110111
0100111010011100100010100011
1110011000110111101111100111010110111011
111111111111111111101101101111111111111111011111110111111111
1110101110111110111111110111111111101111111110111101
100110111111111110011011011011010110101111011110101011111001001011110
111011011100111111111111111
010111101111001111
101100111111111111111111100110010010100110111111111111001011111000101111111111110111101111
111111111111101111111
1011111111111111111110110111111111111011011111010111111111111110111000111011
1100001000000000111001110000100101001111110001110110110011111101110011011111111100101011111011110111110011011100101101011101110100001100111001111100000101110101001101100000111110100111100010101010001000
111111111000100111010011011101011111111111101
111111110111111111011111
1001011001101110011101111111110110111
101011111111111111011111011100000011110111010111011101111010111111111110111111000111111111111110110111111111101011110011011101111111110111111111111111111111111111110111111111111111111111111111111111111111111111
11110011111001010011111111111111101111111111001
11000011110110001111111101111111
011111
1001110111111001111111111011110111111011111111001111111111001111101111111111111111110001111111011111111111
11011111111111111111011011111111011011111110111111111101111011101111101110101011001111100110111011111011101110011110001000
1111111111111111
11011100111011000
0011101111111111010111111101111111111101010111111111111111111111011111011111110111111111011010111111111111101110111111
00111111111111111101111111111111111111111111111101111011111111110110011111
001101101001111001001001111101110100010001110110000111101001111111010110111110001111000001011011010111111111111111111011111111110111101101111110111111111001011011100011111011011011110110111111
110101011111011
1111111111111111111111110111111111111
011111101
11000001100010001000011101011001000011011101111110110111111001111111111011110001111011111001101101111111110001111111011101110101110001011000110111110101110111110100111111111111000111011111010010101001011011101111110111111111111010111101111110111101101110011111111111111111111111111011110111111011100111010111101011
00101001011001010101011010110000000110000010100101
1111010100
010111000001110110111111111111111111111
0001011111110100011
11111111111111111111101111111111111111111111111111111101111100111111101111111111
11111111111110111111111101110111101000010101111011111101111111011001111101111101111111110011111
11111111110111011011011111010111101111111011111111011111111111111111111
10110011011111111011
01000011101011011011111101111111
1110
11111101111111011111
111001100100101111110101111100111101110111111111111111101111111101111101111111111010011111111111111111011011111111111111111111111111110110111101011011110111111101111101
1111110100011111111111011110101011101001111011001011001110101101111101011000011010111010011111101111110111111
100111111111110111110111111111111111111101
11111110111101110010000111110111111111110111111111
11011000010010100011110
11111101010110111011111111110111111
1111111110011110111101111110111111111111111111110111111
11111111111111011111010111110111010110110111111111011101110101101100111011111111111100001010010011111111010111111111111110111111111111110111
111010110010111101110011
10101111111101111110111111111111101111111111111111111111111111100100011001111110011011110101010111011
111111110010001101
11111111111011111111111111111000101111111110110110111101111110111111101111111111000010001111011110111111111111111000111100101
011111111011
1111111001111111111110010011011010011
1111111011111111111111111
11011011100101100011101
01011110111
1111001110000111110011100110111100110110100111011100010110001110001111111111001
11011110111101111111110111
11111011011110110011100010111100010011011110111101100111011001111011101111
111111111111101111111001011101101011101111010101011001111100101101111100111111111011111110100101010111111111111101010101
01111011011110110111111110011
101011111001111111011111110011011110111111011111111100101111111110111110111111100111110111110111111111111111100111110
110100011101111011111111111111111101111111011111111111010100111111111101111011111111110110101111111111111001111001111110111111011111111111111111111111111111111
100111111011100111111111001101111111011100111110111011111110101111110111101011011111110011110111111011001111101111011111111111111
0010110101111111111110101111101111011111111110010001111101111001111111011011111111111111111101111101111111101010010101011000111100100111111011101011111111110101111111111111111111111010111001111110111110111011010011111111111110111111111001110111101111001111011011101110111101111111111111111111
11101111111100011111001001101110011111100010100101111011111111111011110100101100101110000111111110111111110011
1011101111100011000011011111111111111111111111001
0100111011011111010110011011
01111111111111001110110111011111011110111111011111111111111111101111111111111111011111111110111111101000111111111111011111111
0011101111110001010010111011010111001101101111111111110111111111
11111111111011111111111111111011111111110111101111111
10111110010010100011
0000
111110111111111111111101111011110111100011111111111110110111111111111111111101111101111111110110101111001011110111111101111110101111111111111111111111111
01
010011000111101
1010110100
11011111110111111111111011101111111111111111110111111111
111101101111010111101011
1000101001111111111110111111111111011101111111101101000101111111111111111111101111111110111111110111111111111011011110111111111111111111100
111101011111111010100111100111110101111
101111011101111111011110111111110101111111
10111
1111110111111110111111011111111111
10101111101001111100
11111111010011111111
0111110010100111011010011111110101101101010111011110110111111010111001111111111111111101111111110111111111010111011101111111111111011111111011111111111011111111111111111111111111111111111
100111111111101111111111111011111111111111111111110011101111010111111101001100001111110011111111111111111111111110111
010010101011010000001111010110111111111111111
11100011111011011111111111100111110101111111111101100111011111111101110011
1111
11101111111110011001111111111111110111111111111110001110110101111111100111011101011101001001100001011011111101100111111111101110100111111101111010111111111111111111011011111001111111111111110011
101101010101111101011111111100101
00101101101110111100111100101010111101101111110110111011011111111110111011001111010111011110110101111110101111101101111111101111111101111111111111111111111110111101101111
1111101000111101111111101101010010101101011010011111110001001101110111101011010011111101111110111111011111110111011111111111110111111111111101111101101110001111111111111010111110
111011111111111111111111111001111111111111110011101111011111111011111111111111111011011110111111111111111010110011111111010111111111011111111011111111111101011111111111111111011111111111111111101111101111011
100101000101111101100
111011111111111101111101111011111111111111
0
01
10011111011110010101100111110111111111110111100001
011111111111111110111111111111111011100110011110111011011011111110111
1111
01010111011111
111011011111111011111110
1100101111111111110101111101
1111111111011100111011111111111101111110010011111011111110111011111111111010100000110111100011110101101001111111111111111010111111111
000111111111101111101100101101101101100111111111111111111111111101110110011111111
11100011110100011001111001
110111110111110101101111111100111111111111111111101011111111111011111111
111100
1101111111111111111111101111111101101111111011111111111111111111111111011111101111111111111111101110111111111011111111111011111001111110111111011111111111111111111111111111111111111011101111111110111111011111111111111111111101111001111111111110111011110111111111111011011111100111011111111111111111101110111111111111111
1101111111101100011100111011110110
11111111010111101111111111110110111110
001111110100001001
11011010011111111011101111111
111111101111101111111111111111111011111011000000001111100100111110111101001001110111111001001110111111111110111111010111111111111111111111111100111111110110
01111111110111011111101011111010011101111011100111101011
11110111111111111111101111111111111111000000011110011111111111101001011111101111111111111111111011111101101111110111111111101010011111011
0101011011011100111101101111111111111111110111101111111100011
1111111111111111110100011110111111111111110011111110000111101111111110111111111101111111110010111110111101010011
110111111110111110101001110000010001111101111110101111010011000010111011111100010011010000
011110111011111011100111001101110011001110011110100110011101000010111111001111111010111111011110101111000100110010
111001110110000111010111111110000
0001111001111110110
0111111110110011011000011100111111001010001111111101111010110111111000111101100011111111000100101111011111111111101111111111111111
111110
110011111110110101100010010
111
111011111001111
1101111111111110111111011100111111011001
1111111111001101101111111111111111111110111111111111111111111111111111111111101111111111111111111011111
1011011111011111111110111111011110011111101
111110001110000001111111111011110111111111
11110011101011111
0110101111011011011111101111
11010010110110101110101001010001111111111001110011111011011011111011111111011101011111101110111110111111110110101011001111110111111111101111110111111111111110111111011110110111111110001111111110101011101101111011101111110011101001111111111111111111010110111110101110111111
11111111111111101111111111111110111111100111111011111011111101111111111111111
1010101110001
01100111111111111010001111111100111111011110001111011111
11110111011111011100
1111101101
11101111111111110011111111111111111111110111111111111110011101011101111111111111111111011100111111111111110111111
111111010111111011111100101011
101
101101111011111100011101101
0001111100110100111101100010111101
0111110111010110011111011110011101100110110101011100011101010010101111100110111110100101111011110111001111010101111111011010111010011111111111011110100111001111111101111110011111101111001010111111111000011110111011110000010111111001000110001111011101011111
11111111111111111111111100000011001010101111101011110111111111111010111111110100001111001101110110
1111011010110110111100111101111100110111011101011111111101011111111111111111011111101111111111111111111011111111111111
111010101111
1101111111111110111110110101110101111111111111010101
011011111101000
0111111111111111111111111111011101010100001110111111111111111111110010111110110011111000101011111111111111111111101
11001111
010011101100101001000110101101111010011110110111110001000111101111010101011111111011010011111101111100011111011011110111001111111111110101100100011101111000101101111101111110111101001111011111111
010111010111111111111
0111111100101111011100011
111111010111111101101111011101110111011111110111111010111100011111101111101011101110111101111111
111111101111111011111011
1111111111
110000100011110111101010101101111011111111111011101111110011111110100011111111
011110001001
1
111110101111111011111111111101011111
111111111110101111010001111111111011000010100111111101111111111111111
11111111111111110111011111101111111111111011111111
00011001110000000110000110111100001111111011011100010001011011101111110111111010110111101111111111111111111110100111111101111111111010101100
0110101111011110111110
110000000011111010000100100001000100
1111111111111111111111110110101110101111111110111111111111110111111111
10100110101011
1011111111111111111111111111111111111100000110111111111111
1111111101011011001110011111
11011111100111011111101001101011011111111110110001110110110111110101011010111110011011111100111101110111111011001111111011111001111111111111111111101111101110100101101111111111110111011010101
11110111111111
11110011110001010010101010111
111111111101011111011111011111111111101001
0111110110001111111111
1011111111111
010101101001011101011011111101110011000011111101111111111111110110010111011101111111101111100111110110011110111110010111111010101111110111111111111110111110110111111111111111
0011010011101111110101110101
000111101010110011110110110
01011010111011111110101101110011111110111101111111111101011111110111111101101110100111101111111111111001111111111111111
10
01011111111011111111001101111011111101010111110
01100110001111110001100101111111010111110101011111111111111110000000010111110101100010000010101101100000111010001000101000010101010101100111011001111101
11011111111110111
11101111111110101111111111100110111011110110011111011111111111
10111111111001101111111100111111110111111111111111111101111111111111100111111100110111111101110010111111111011111011111
101111110111110111111111111011011010101011111111010011111101111111111111110111111101111111111
01100110101000010110010011011
01110110100100111110111111101101100010001111001111100110110011111111111111101111111111111111
01101101001100001000111001000
0011111111111111001001011101110101100111000110011101111111111110011111111111011100101111110001010110001111110101111111101101111111111111111110111111010100001111101110111001111111111111010110101001111101100111101110111101111101010111111111
011101100100101111010111110101101001111110101111111
1111111101111111111111
101010111110001010000101
111011000110111111111001001
100111111101111101110011111101101111111111111111111111111111111
11101111111011101111111101011111111111111111101111011101110111110
111011111100111010101011011100000000010001100
1111001011011101111100111111101111111010111000011101101011011001101011
10
01111111111111111011111100101010111011101111101101110001011101101011111111111101111111110111111111110
01111011000110101100111111
111011111
011101010110011111101111101101011
10110
011111111111110111111111111111110111111111111111111111111111111111111111011111
111111111101111111111101111111111110111111111
1111101111111111111110100100011111001101111011110
111111111111111111110011
11010110101011110010110
1101100010000000101111111110111101101100001000000010000000011011011000101
111111110110011001110111011111010110111110110111111111110001001111111110111111001100011100101110101101111101111111110111111101101111101111111111110101111111111101101101111110111111111111111111
1111111101011111011110110011010001100010111010110001
010100100111111100010111010101111111101001111001011100111000011111011111100100101110111010010001110101111001111111110111110111111101111101111110110001010011110000101111011101111111111011011111111111101111111
11111111110101101111101111011011100111001110111111110101111111010
00011101011111111110111011111111101
1111111110011111011110111011101101111
110111010100111011011111111100111101010001110011111111101111000101001111110100110000000111110111010110011100010110101110010011111011000111111110111111110
1011100011110011100111111011101111111011111111101101010010100110100110011111110111011101101111111101011100001100110111111101110111111111111011110001011100111011111110001101111001111101111101111000001000110
11110110101011110111111111111011111101101000110111010111100111100001011111010010111100011111111011100111100010101001011111111110111111111011110111110111111
01111110111111
11110111111111011100011011111111010111111111110101111111111011111011111110010111111111111111111110010011111011010111101111111111111
00010101111110011111100111111111111011
1011111110101010000111101011111111111111111111110111111011
11111111010
001111111111101001011001111111
