111
1
11110
1111
111
111
0
011
111
01
11111
10100011
011
1100
01
011110
1110
11
11
10
111
001
11111
111101
1
111
11
111010
00
11
1
11111111
01
111111
001
1
0011
11
110
100111
11
10
11
111
1
11111
100000
1111
01
101
01
1
01
1
111
1
111011
10
11
101
1
110
110
11
110111
11
1
1
11
1111
1
111
1
011
11
11
1101
11
110
1
1
11
1
1
101
111
1
111111
111111
11111
101
111
11
1
11
00
11
11110
0
111
1
001
0
11
1110
11
1
11
101111
1
01101
10110
1
111111
11111
111
1
1
111
1
11
11010
1111110100
11
1111
111111
11111
1111111
101
