110001100
1001
000000
1101
0000110
00010000
000001111
00
00
00
00
0000
000
010100
101001
0000
0011
01000
0100
00
0010
01
0100010
0000000
0
000
000
0001001000
1
0000000
11010
000011
00
0
00000000
1
000
00000010
1111
1000
0
1
000
000
01100100
0
111010
00000
001000
0
0001
00000000
00010
0000
0000
100000000
0
1
00
01000010
1110000
0000100
0
00
0
000
1001
0
100000000
0101001
01111110
000000
0
00
000
0
010010
0101
1000010
0111
111
000000
0
00010001
100001
0000
0
0
1
0
0
1
01111001
00000
0010000100000
00
010001
0
00
011
100000
010
0000
01100
01
0
0
000
00
00
0011
0
0100000
10000000
000
001111
10
0
0000
111
0
0
000
0
01
10001
0
0
1
001000
0000000
001
0
10000
00001
11
01111000
0
00
11000
101
00
0
011101001
001
0
1
0
0100
0
1
0000
001
001
000000101
1
110
0000001
0010
001101
000
00001
11
10010
000
0000
1000
000000
00
000010
00000
00010
000000
011110000
110
0
000
011
0
0
000
00
00000
1
0
00000
0
0
000
001001
00
0000
10
01
11
00
01100
0
0
0111
0
00000
0010
1111
0000
000
0
0000010
111001
00011
001
00
0010
01
11110000
01
0001000
0
0
0
1
1
0
00000
010001
100
010
011011
011100
000001100
10
0
0
00010
0000
10
100
0000100
1
001
0
11000010
0000
0
1
00
00
000010
000
100000
0
0000000
111
00000000
000000
00000000
0000
0
000
1
1
11
1100
0101000
000010
0010
000100110
011
01
010000
0010
0000
0
00000
000
000
1
010
1
1
0
11101
00011
101
1
0111
000000000
00
1
1
0
11
00000
001
000
001
000000
10
001000
0
011
000
100111
0
1011
011
00
1
0
100
0100001
00
000
000
0
00010001
0010
10
0001001
0000
000001
00000
00010
0
000010011
0
0000
01000
0111000000
0
100
111
0
00
00
10000
000
00
1
111
0
0
0101
1011011
0101
1100001
0111
00
0
0000000
00100
0000010
101
1000
000
0
