1011110111110111
1100111
100110000011110000
1010111111
10011
11111111111
111
0
1101101111111011
1111111111111011
11111
1000010110111001
0
0110110000111110
001001011
1011110
11111
1101111111111010
111111111111
101110111111
1111111101001101
0110011110110101
0
1111111
01001110111100
1110101011
0111011000111100
1111011111
111111011001
100011110110101001
1100100110111
01111
11111111
1010101111100
0111101010110111101
1111101111111111
1101101011
1100110110
111
1100111111011111
111
0001111
1111011111
1111011101110
000
1110111
1111111
01110
111010110111111
11111
0
11111
111111101
1011111010010110
111111111
1110111111
11101
10111
1111111111101110
11111111
111
1110011
11010111
11110111
0011111011
1111111110
0
11111111111110
11111101
1110110011101111
11111111110111
111
11101
1
111
101011111101010010
001110111011
11111
1111110111011101
1101011
111111
1111111111100
1110110111100
111
1111111111101
11011111000011110
11111101
01011
0111111111111
11
001001111000000010
11101001
1101111111
1111111
1001111101100111
1111011
1010110
10111110000111010
1110111
1111111111111
110
111
0000011001100001
00100111
101101100
111100111110000
1111101110011
11011
111
1111111
11100001011011
111111111
0111011010011
00
0000
1111011111
0101011011011
10
1000011010111111
1000110111101
1111111111101
1111111110111
10111
0
0111111111001111100
11111110
111111111
01111111111001
101
00
11111101
1111111111111111
111
11111011111111
1111110111
1111110111
1111111111
1001101101100100101
0
111101100000011000
111
00111111111
11111110
1111111001
11111110
01111111101111101
1100101111
110110
11011111
01111
101011110110
1111
1111111
101111111111
11111011
1110101
101111111111
1111110111110001111
11111111100011
1110111
11111111
011111111001010
1110111111
1110011111
00111101101001100
1111101111
1100011111111111
1111111011111111
11111
000000111111
11111101
1101111
0111110111001111
1110111111
1011111111111110
1111110111111
1010000011101
110011110011101
11111
011111
0111111001101
111
110
10111111011
111101011
11111
1111101110
011111101010110001
11111111
1111110101101
0111100
11111100111111110
1111110110111001
11111
1111011111010
01111011111
01111110101101
0100100111111100
001011000111
1111111
11111110
110111
0001111101001100
1111111111
110101111111
111111011111000011
1111111111
1101101001110001
11111
