10100011
011100110
011011101100
1100000011
1101110110
101111111
10110010
1110011111011
11111011
0001111000
100111110
11101101
10111011
011101111
01111010
11111111
11111101
110010
11011111
01110110
110110111111
01011111
10111100
101111
1010101101
01010110
11111010
1110
11011100
11010110
01110100
11111111
11110110
01110011
00111110
10111100
01111011
100111111
111111101110
10101011
11111111
0101011111
111010111111
11110100
11110111
101011
11111000
11111110
1000001111
11011100
11101011
00001010
11011001
11111010
1100
10111101
1111000111
01001010
11111
11100110
11111100
11101011
0111101100
10101000
1101010101
1011
00000011
11011001
10111111
10111000
11011000
101011
11110111
1111111011
001111000110
0110010111
1111100001100
11101110
0111101111
00110011
11101100
10011000
0001101011
10
11001011
11001100
