100000
0000000100000001100
0
000100000100
10100
1111010000
0111110001000
00001
1010101101
0000000
0
000111101000111
00000010111000
0
111
0000
1
0
0
0
111100
0000010111110
01
0
01
001111011000
111
110000
001110001
0111010010000
0
00100
11110100
00
01100
00000011100
0
0
0100
110010
111111111100001
000010100
10001
00
01000
000
000000000111100100
010
000000011000
0
0000010
0
101
0
01101001
1101
0
110111110101110
0
0111
1000100
0
00001000000010100110
101000
110
1
0111
0010010111
00
00000111000000000
1111011
1
1
010111
1110
01000
1000
101110000
1
01000101100
1
1000001100110111100
101
01101111010000
11111111011001000
1101
1010101
1
1110
10
11111
01
1100100
0
000010
0001001110
10000100001
0010
00110
0000000000000010
0
0001101
011000
1111
0
01
0101000
1
110
111
01
000100000
0
0001110110001
000001001010
001001
11000000
11
10001
000
00000
0
10010111000
10001100
100010
00100
00
111
110111010100
0
111
0111110010001
0
0010100
0000
111111111001011
10
10
10001
01000
000000
00000
011
0
1
1
011
11110110001
00
01010001
011000111110
11
10010110100001
0000
0
010
1
000
000000
000000000000
0
110101001000
00000
11101100000
001
110
0
0
01
1
100
0
0111010
000000000000
0
0001111
00110010101101
1
10
1
100
111
000010000
10110111101
1
1001010111100
10000111
10000
0
1111000011
0
00000
0001
111
1011111011000
101000
0
110000
1
01100
1001001000
0
1
10110
1001
1
0
0110
11
111111010000000
1111100111
1101001111011
1011100011000000001
0011100110110
1
0000000000
0
0
11100110111100101
0
0111001
1111100010100
0
1
11110011011
1111101
00
000001101111
111100100101
1001000110000010
000011110
1111
001
0
1
000000
1
1101000000
10
0
001111100
1
1100
010
11001
0100111
1
011100
01110
00
0000000
0000
00001
01100100
100
0111
1
1
1110111
10000000000000000
0
10000
01
01
0111000
0000100000000
010010
0
0
001010
010011110001
111111
001101
11011
11
0
1
00110011
1
000000100
1110
1110000
0011100000110
110
0
011
00001
00000100000000000010
0000000
11011010100
110110000
0
0
11010110011
0101100
1111100
01
0111111001110000110
0000100
000001
0
101000000
0
00000000001
000
0
1
0
001
0011
11011011101110
1011
1000001000010100
111
101
110101
0000000
11000000011
1001000101001
11011111101111
0
0
