00000011100010010011
1011111111111011101011111011111011111110011001010011111111110111111111111111110111111111111011101011111101111111111111111100111111111110111011111111111010011001011111101111111111111111111111111111110101111111111111
1111110110111010101001111
111111111111
110010010100001101111011100000000000001001001001111111111110101011101110011110011000111111111010001111100111010000001101110100100000100110000100101101000011001100101111111000000000101101100110
1111101111111111111111111111110100
1111111110111111111011111111101111
111111111111110111111101000011011111001111111111111111111100100011010111011111111111111111111111
10111111111011111111111111111111001011111101111111101111001111001111111110011010111111011100111111111111110111111101000101
11111111010111111111111011111000111011111110110011111110111011101101111111011111101011001011111101110100110100101011111111001111111111110101011010110111111110011111111111101101111101000110111111001011111101011110101
11111111110000100111
1101111111111111101111111101111111111110111111111111111111101111110111001001101101111111111011110111111111111111111111111111111110111
101010110101111
11011111111111111011011111111111111111111111111111111111011111111111
11111111111111111111110111110111110100111101111111111111111111111110110111
1111111111110111111110111
1111110001111110111010010000011010011001101011111111110100011001110010011111111111111011010110111110110000101111111010011000111110111111111111110011011101111111111111110011
11111111101101110010011110001110101110111111111111011111011011100111111101111101111011011110111011100111111101111011111111100110111110
111111110011001100
1111111111111111111111111111111
000100000111111111
11111111111111111101
11111111111111010111111100
1111110111111111111111111111111011111110111011111111111111111111
11110111111110111111111100010111111110111111111111111101101110001111111111011111111011011111111
111110
01000
11111011110111101010000000010100111101011111111110111111011001111111111111111111011111100111111111001011111010011101111111111111111110110111111111111111101101
11
1
100111011111111111110111111011111111111111111111
011111100111111101101111110001001001100100111111111111111111011111110111110011111111111111011101110101010101011110100000011000000000010001000100111111011001101000111110010011100111001
11111111111101110100110010001111011110111011101111101111101111111111111111111111110111011111101111111110111111111
000000110001111011101000
1111001100101000111011011
100111011011001011001
00000010001101001110011110011010111010111111010110101110000011111010110111101110110000110101011101010010000000101110101111111111110011110101001110
11111111111001101110011
001110110110111100110001011100101110110110111001111011111001010110
111111101111111101110101111101111111011101011111111101001100111111110111111111111111111101111010010
0010001100101011111111110001010111010110111001011001111011110011100001111101111000010110111111010111011101110101100
0110111110000101000000011111111111111110011111100110111
11111111110011011111110110110111010111011111111011001111111001001100111110101111111011111111111111111111111
0000000000100110001110000001011111111110010000010
010110011010011
01100101001000011111111110111111111111111001000111101111111101111101011101111100101000100001011110111111110110000111001011111101
01111101100101
0101111101000001011110010
000011111011100000101011111101101010000000000110010100111011010110111000110100001100000001010000000000001011101110000011101000010100100110011101111111111
1011110110111010111111111111111111111111110101010100111111111011011111111111111111
11111111111111111
1
11111111111111111111111101111111111111111111111111111101111111111111011111111101111111111011111111111111111111111111111111111
10111011111100111010111001011111111
10111011001110111111110
1111111111101111101111111111111110111111
1110111111010001110011110110111111100
1111110111100010111101111111110101
11010100000001111110001010110111010001101111111111111111101111111111111110010110111001110010100000001111110000010000011111111011011100101010000110110010011
0100101000110111111111
11000
11010
01111101101100011110100010100101000001101111111001111111111101111111110111111111111
1101001100111011010010011101111011111000111011101011111111001111110110111011111101101011111111111111101111111100101111110011111111111000111101110111011111111001011110111111111111111111110000010011100011101110110
11
101101010101010100010110011111111110110111101111010100101111110000000111101001111110111011111111111111110110000110000000101001111111001101110101000100011111101111001010101010000001010011101111111111111001011011111
11111110111101110110
111111111011
1111111110011001111
1000010011101111111111110000000000001111010000111110110011111010111111111101111111111110110100110
1111111111111111111111111111111
111111011111111100101111111110111011111
001111111111111111111111111111111001111110111001111101110111111110111111111111110111111111011111111101
1110111011111111011111110101110111111111110100000101011111000101000100
10111101111111001001110111111111111111011
110111011111111111111111111111111111011101111111111111111111111111111111111101001111111111001111111111001111111111111101111111111111111111111111111111111111111
11100110
1111111111111111111011111111111111111111111111111111111111111111
111011111111111111111111111110011111111111111111111011101111111111010101011111111111111111111111111111
111111110111111111101111011111111111111111111
0011111101111010011101111111111101111000011111111101101001011111111111111111011111111111111011011111100111110111110100000101111111111101111011111110101110110110100110111101111111111111111
010010000111110111011111111111011011111011111111111111111111011111111111111111110111111111
1111110011
11111111111111111111111011111101111
1111111111111111111111111111111111111111111111111
111111110111111111111011111111111101011111111110111111101111
01111110000100010110101011001111111110101011110001011101111011111110011000111111110010000101100111110110101000010001010000111111101111111011111010101111111011011011
1010111001111
11110101111101000000111101111111111101111111111101111101110111101111001111111001111111000101111111110000101010111101110110111
1111111111111111111111111101111111111111101111111111111111111111111011111111111111111111111111111
000
0110011111111111111110111110111111
1111111111011111111111111111111111101110111111111011111111111111111111111111111111111110
111111111111111111111111111111111111111111111111111111011111111111111111111111
01111111111011011111110111111110111111011111100111011110101111111110111110111101111111111111111110111111111110111110110011111111101001010110011000000110000000000
10011111111
0101001111011011111001
11111111111110111111111111111111111111111111111111111111110111110111
11111111100111111111111111111111111111111111111111011111111111111111111110110111111111111011111111111111111111111111
1111111111111111111101111111111111111111010111111111111111111111111111011111
11001101110111111010101110001101110000000111010000000101101001110000000110100101000000101010100010111111111111000100001011110
10111
1111011101111000001100011111111111110111111111110111101110011
11111111111111111001111111111111
10101011001
111111111001111000111111111111111111111110110011101100010000100111110111011101111111111110111111011111111011100101010110101111111111101011110111111111100111110111111110111111111111
101000
111010111101
11101110111010111111111111111
111111111111011111
11111111111111111011111111111011011100110111111011111011101011111111101010100110110110111111111001011111111111011111101111111101110111111101011111111111111100111011011011111011011111111111011100
1111111111101111111111111111101100111111111111111111111111111111111111111000010001111111010011010110111111111101101111111101111111111
1111111111001111
00111101100110100
0111
1111
111
11111111101111111111111111111111111111111111111
1100
111111111111111111011111111111111111111111
1111111111111011111111111101111110111111111111111111111011111101101110111111111111110
01100000000101111111101001000001100000000010100001001000
111
1000111101111011011111111111111111111101111111101111110011111111111111111111111111110111101111111111101111001001101111010100000001001001001111111111111111111011111110001110111110
10111011111111101111110010011101001001001111111010111110111111111111110110111110111111101111111111111101111111101101010111111101111101110000000010011111111011110000111011111111111110111001111011111111111111
1111111111101010111111100100111111111111011111111110111111111111111111111110111111110100010011111110111111111111111111111111111
0000100101100001010000
1111111111111111111111111111111111111111111100101111111111111111011111
0111110010111011111110111001000000111011111111111111111111111111111101111111111111101110111111000101111111110101111111001011111101111111111111111110001111011110
11010111111111111111000
0111010010011111110111111
111111110111111111111111111111111111011111111111011111011111111111111111111111111111111111111111101111
000100
11111111111111111110111111111111111101011101110111111111111111
1011111111111111101111111111111111111
111011111111010101111111111111110111111111111101011111011111011111
111010101111111011111111111111011111010111111111111111111111111111111111000000101100101101111111011110101100011101111110001111111111111001111
10111101110111111011101100111111111111111111101111110111111001
011111111111111110111111011111111111111001101
0
1111111111111111111111111111111111
11111111111111111111111111111111111111111111011101111110101110011010110111011101101110111
111111111111111111111101111111011111111111110110100011011
0
00100100101011001010111000010111111111111110101111111111110111011111111100100011111101010101100100101111110110011100101011
1110111111101111111011111011011
1011010000100001000000011000010110010010110000101110001100010011001000010110000010101101101101100001100111110101000000000101000000000100000101001001110000001100110001100000101000111000001101001111010110110011001110000
11111111111111111111110101011011111100
0111101101111111111111101111111111111111
11101111111111111111111111111111111111111111111111111111111
101100111100101010000010111111110100110110101001110001
111101011010000011111111111011111111111011111110111101111011011111111111111111111111111
111111111101111111111101110011
111110
1111011111110011111111111111111111111111
11110101110111010111111111111111010111110111111111111111101001101
01111011110000001110010010000000000000010010010
00
11001110101111
0
1111111111011111
01
1101000
1111111111111111111111011101100111111111111111111111111111111110111111111111111111101111101111111010101100110111101111111111111111110111111111111111111
11111011101100111111
111110111111111111111000111111111111011
1111110101110
1111111111001000111011111110111111111111110110
11111111111111111011101111111000101110101101111101100111110110101111111110111010111111111111
101
1111111110101111111111111111111111111111111111111101111111110011001011110111111111111111111011111111
1001111111011111101111111111111111111111
010011011111111111110110
1111111111111111101111111111111111111111111111111111111111111110111111111111111111111110111111101111111111111111111111111011110111
0
011111011011111101010111111111000100011100101
111010100111111001101111101111111010111111111101011110100111011110111111111111101111001100000001101100010011011110010111111011000011100001111100110100010
1111011111101001011110111011111111111111100110111111111111111111111111111011111111
11111111101011100111111111111111111111111111
1111110111111111111111111111101111111111111111111111110111111111111010111111111101101111011100111111111111111111111110111111
1110101
110111111111111111111
1111111011111111111111111111111
10111111111111110111011011111
11111110010000110110
0111011100010001011100011011011011011100010000101100010111110000110100111010001
11111011011111110111111111100111
11111
111111011111101110
1111111111111101
011111101010011101111110011011110111001110000110100111111000011111111111111111110101010101111100000000000000111111111101001010111101110001111110000000111111100000000
11111111011110111111
111111111111111111111
11111101111111111111111111111101110111100001110111111011110011111111111011111101111111111011111111111111001110101010111101110111111010111011111001100111111111111111111011011110101111011101111111111
010
0110101111110011101000100010001001111101011111111111100101101011111111001111111111111010011101101101101111111001000110111111111001011111111111011000101110100011001011011111
11111110111111111111110110111011111101111111111111111111011111111111111111111111111111111111111111111111111111111100011111111110111111011111011011111101110111011111111101111111111111101111111111111111
00
101111111111111111111111111111111
1111111111111111111
10111111011010110111111111110
1111111111111111111110001110100111111111
10011110110011011111111111000001101110111110101
11111111111110110011101110100111111111011111111111111011111110111011001
101010010000100000000110101111110010000000001100000000100001000000000010000010000000000000000000000000000000000000000100000100010000000000000000000000
011001011101010011011011010111111100001110001101110110101111110111111011111101111111101011111101010111111110100110110111101011011111001111111110010101111110010011111101111111111101111111100100010010111100000010
1111111111110111111111111111111111111111111111111100111101111110111111
11011011101111100001011110111101101
11011111111111011111111110110111111111100101111111111010010010101111111111111011111
1111111111111111110001111011100111111111111000111001111100011001111110011111111111
11111111111101001011111111001111111111111111011111111111111
1101011110111
111111111111111111111011111111111111111111111111111101111110001101110110101110010111111111111110011110110111111111111111110
1111111101111111111111111111110011001111110111111011111
1101111111111011111011101101111111
11011111111111
001001100111
1
00
000000000000000000100
1
1110101101111110111111111111100
000000010110001001000000001000001111001101001111010111111001111101101111111101111111111100000111001100101000001001000110000100111110110010010001110110001100011000101
10011001101100100010000000
101111111111111111111111111111111101101110011000011101101111111111111
11111111111111111111111111111111111111111111101111111111111111111100011001001110101111100100000010111001111111111111111101010111111
111111111111110111
0111111111100000
100111111111101101
101110110
11111111111111100101110101111111111111111111111
10111010111110000001100
1111111111111111110111111111011111
1011111111111
11111111111111111111111111111111101111111
110111011101
11111111100101011000011101111110010111111111111111100111100111111111111110111111110011011000101111011100101010111101110001101110111111111100111100101
11101111111111111011111101111111110111
1111111111011101110001
11010111111111111101011110101001010011110011111001111111111011011111111111111110101111111110101111111111111110010101111110101100000000011111010110000000000110110111011001111111101110000000000111101111111111111110011110011
110101111011111111
11111111110101011111111001111011111111110111
1111110111111110111111
0
1111100101010
0111111111111111111111110111111111111011111111011011111000101111101111100011110111110
1011111010111
0111111111101111
0011101101111011111111111111111111
1111
1100111100100111111111111111101101111111111111101111011111101111111111101100111101001000101001010111111111111101111111101110011100000101
110101111111111110011111101111111101111011111111100111101111011001010111011101111011001011111101
1111110111010111
1011111111111111111101111111111110
0101011100111010100111111111111110110010000011011111111111111
11
01111111111111111111
1111111111101111111111111111111111111111111111111111111111111011111110111111111110111111
11111111111101110111110010001100111111111111111011111101110101111110100110010110101010111010000000000010100111111111101111010110011100010
1111111111111111110011111011111111111111111111011011111111111111111111111111111110111111111111111111111110111101111111
111111111111111101111011111111111
11110001111011111111011111111111101110011111110110111111111111111111111010000110
11111111111111111111111
00111001011010100010000001111101
111111101011101010
1111111111111111111111011111111111111111111111111
1111111111101111101111111111111
0111111111111001111
111111101010111101
101111111011111101111101110
1111011111111111111111111111111111001111111111001110111111111111101100000111111101110
10111111111111111101111111111111110111110100111101111
010111001100110001010001111111111111111111110111111011111011110111111111111111100111111111111111111011011111111011111111
11111111111111101111111111110101111111111111111111111111111111111111111111101111111111011101111011000011111111111011111111111
1111111111111111111111111111111111111111111111111
111111100111111111111111101111111111011111111110111111111111111111101111111101111111111111111111111011111111110101110111111111111111111111111111111100010111111111101111111111001110011
110111111111111000111011011011110111011110111111111100110100111111111110110111101111011111111111001101110101110110111110010010011001110101011110100001111101011111011111110101010100110111111110111011001111
11111111111111111111111110111111111011111111111111111111111101111111101011111111111110111111111111111111110111111110111111111111101111111111111111111111111111111111111111111010011111
10100100001001000011000000001100001010011101100101000000100000
111111111111111111111011111111111111111111111111111
1111
11001111111111011111111111110111111101111111110111111111111111011111110011
0
1111111100111
11011000011110000001
1011101101111111111111111111011111111101111111111111111100111110111001010011001111111111111111110111111
000001100111101111111111001111111111101101111
0111111
1111101111111111111111
1111111111110111111111110111111111111111111111111111111111111111110111110111111111111111111
10111111111010101111110111110111111111111111110111111111111111111111111111111111111111111111011111111111111111111111110011111101111111111110111111111111
1111111111111111111111111111111111111111111
1
11
1111111110111011111111111111
0000100001001
1111111010111111011111111100101111111111101111100110111111111111111111111111101111111011111110111011110000011010101111111101101111011000101011101111011110111111110001100011001
1111111111111111111111111111111111111111111001110101011011111111101111011111
011011111110111111111001011110011001
111111101111111111011111111101011111111111111111111111111111111111110111111
111111111111101111111001011111111111111111111111111111111111111
000000000000000000000000000010000001
001101101001110110011111111111110010001101111111011110111010110110111111111111101110010101011100100001011101011111101110101111000111011001110001110110000111111111
1111111111111111011
11111111111011111000000001011111111110100100110111111011111001111110101101111101110111100101100101000011101010101111111111011100010110110
11111111111111011111111111101001100011111111111110111111101010011111001111111111111111111111111111111111111111111111101111011111001111000111110110111111110111110111001111011100011101101011101
11111111111111111111011101101000101111011010111111011011111111110101111001111110011110011011110111111111110110111111001001111111101101
11111011010001110111111111111111111111
011111
0000001011000
00
111111111011110110111101111
0
111111111111011111101111110111111111110111111111111111
11111111111111101001101111101011011111111111111110111011110101111110001011111101111111101010011
111111111111101
1111111000
11101101111110111111111111111111111001100111111111101111101111111111111111111111111111100111111100011011101011111111111111111111011010011111011001101
01011101
10001011
1111111111111110110000011111
11110111111111111011111111111111111111111111111111111111111111110111111111
101111111
111111101011111111110111110111100110011111111111
01111010011011
000
011111111111100101101
0111111111110111111111111111011101111111101101111111111111101110111111111111110111111111110011101101111101010101110111000001111111111110
010111111110110011100001111110110001001000001101111110111111100100000000110111101111100100011111101111110111001101110111
10101011111111111101100110111100110111111101101111111111111111111111111111110101101111101111001111101010111011011010111100100100001111001011010101101101100
100000
101101001011101100010011101110
111
00001000111
111011111111111111111111111101111111111111111111111111111111111111111111111111101111101011110111111111111111010111010111111111111110111111111110111111111
111111111110111011111111111111111
001011011011001011111111111
11111110000011111111101111101110001111111110101
11011111111111111111111111110011111
11111111111111111101111110111111111111101110111111001111111111111101011110111111111111111111111110001111111011011111111101101011011111111110000111111100111001011101011101111101011111111111111010011011111011111110111111111111101100110111111
111100111101111111111111111111111111111111100101111111111111111111111111
11101111111111101111111010101100
10111101110010000000010
000001001111101
11111111111111111100111110111101010111111111111111111111111111111111111111111111
1111111110111111111111111111111
01011111011111111111111110111101110111111110011011111111011
0111111111010
00111111101010111111111111101011100101000110100001101001010001000011
0000011111111101011111111111111111011110111111111111101111111101110111101
111111111111
11
0000000000000000100001
111111001111111111011111111111101011100011011110001111010010011001011111111110111111111111111111111111000111001111111111111111111111011011011000000000000110000000000000110000000000001011111101000000001000110001111011010000000110111010111010100111111011001101101110111000000000000
11101111111111011110101100111
111011111101100111101111111011111110110010011101
10111010111110111111101111101111110111
10001011101
1111111111111110111111111111110101111
0100011111111111101101011111111011111011110000111111010011011
1111110111011100110111101010100100010110111101001111111100100111011110001110011110111101110101110010010001100010111110000011111011001011111010010111111010111
1111111111110111111111110001101111111111111111110111111111111111111111111111111
11
111111111111011111111111111111111111111111111111111111111111111111111111110111111111111111111111111111
11111111101010
11101111111101
1111101011101111001101000
0111110010100
11101111111111
1110011111111111111111000001111111101110
11111111011011111101111111011111111111111
1111001110111101101
0110010111100011111111101110000110011101111100110100010100001110100111111101111000011011111000101111111011110010110101111101
111111111
11101111111111111111110100110111011111001110111111001111010111011011111111
000
111111111110000
0
010100110110000010000100110011011101100111001110001011101110101111000111110010110101000101000010010000001111110111101000100000111011111011011111010000001000001000000
111111101011001
1111111111100000011010
11110001111001010111001111011111010100111111011
1111111111111111111111111111111111111111111111111111101111110
11011100101111111101
11111111011111111111111111
011011101011010111111111111011111111111111111111111011111111111001111111110110110010001101101111111111110110111110110100
1110
011011110101100111111011
0011100111111010101000010100000100
111111111111111111111111111111111111101110111111111111111111111110111001111111111101010001011111011011111111101111010111111101
00
10111111111111111111110110111101011111011101111
111111110110001011111111001011011111111111011011110111111111111011110011111110100111110010101100010001010110100100000000010111000100111101111110111101011101100000011110
11111111111111011
1111111010011
1111110111111111111111111111111000111111111111111111111111111111111111111111111111111111111110111101010100000001111100011111111111100111111111011111110100111011101
101111111111111111111111111111111111011111111001111
1111011111101101111111111111111111110
111111111111101111011111111111011111110111111111111111111111111111111011111101111111111111111011110111111111111011
111110011110111101011111101111100100011
111011111111111111111111111111111011111111111111111111111111110100110111111111111111111111111111110111111111101111011001111111111100101011111111111010100110101111111111110000111111111011111001010111110011111111011111111111111
1110111101111
0
1111011111111
11111111100110110110101111111110110000101101
0101101110111111001111111111001111
010100
111011011101111101101111011
00000000001000000001000001010100000000100000100
101101111111111110110
101011000000000100
11111110111111111111
1
11101111111111111111101011111111111110
0000000011110011011011
1000000010110011111
11111011111
111010101
111111111110110111110111111011100111
000000000000001000000011111110010001
1111101111101111111101100
110001101100111001111001010001000011011111000111
101111111111111110001001111001111111111011110101101101101111111111111011111101110101111111010111101110110111101111011101111101111111111111111111101110
111111111111101111111111111111111111101111111111111111111111001101111101111111111111100000010111111111100111
111110011
000000000010111001011100011111111111111110111000111001111010011101011011100001011101000001110100111010010101111110111101100111100110010100101110011011011011110011111100101000101011111111
0111111111111101111111111111111111111110111101111111111111111010111011111100101110011110011111011111101111111001100111111101111111111111111
111111111111111111111111111011111111111111111110111110000111111111111110111111
000000000001000001000001111110000000000001101000010011111100110000001001011111000000000111101110111010010010000001111110011101000001000001000011011111000000001011
110101011001111011011011110111110001110110001100011111111111110111111111111111110101101111111101011111100000100111000000010011000100000101111100011010100101001010111100011110101010111100101111
011011101001110010100100000001110000010111001001001101101011111100011000000000001111000100000101110111110011111101110110100000000000111110010000000000001001001010001001111110100011000
111111111111111
111110110111111111111111111111111111111111111111111111111110111101111111111111111111111111111101
110011011011011011111111110111001001111111111110000000
1111111
1111111111111111101111111111110
101111111110101
111111111111010
