000010000000010101000
01101
01110011110
00000000000000
00110
010111
00011101101
000000100
00000000000000
010001100
00
01
00100000
111
001000000000000000
10101101000
100001101
01011010000000
01111001
111
10010111
1100110
10001000101000
11000
011000000000100100000
01000000000010000
1000000001100
0
00000001000
1011010000
010
010
01
0000000010010000
00010001010
1110
1111011
10101
00111
0011001
00010000110010000
1000111011
1011101
000110100001100
0000000000000000
0
111001101110
0011
00000000000001001000000000
0000110010010000
1001
10
111000
000000000000
0000000110000
000100011010
000000010000
000000000000
0110001000
1011010111101
11100001111
0
10000010000000000
11
10000
1
1000
10000101100
11
11100101111
0
0010010
