0
0001111
10
000001
011
1100001
101010010101
01001111
0010
00
1101010000
00000100
100
00
10
01
110
0101011
00
11010001
001110
00
01000
01
0111
011
01
0100111
01
11
11
011
10100
1100
111111
1
11
101
01110001
0100010000
00
11
11
11
0010
11
00
11
1111110101
01
0111
01
0000111
10111
01
11
11
0001
101
11111
111111
01000011
111111
00111
00
11
01
111
1100111100
11
11011
1111001
0
11
0
10
1111
1111
01111
0101000
0001
0101
010100
11
111111
01
11
111100111
11
111110
10
11
00
1111
1101
01001101
00
1111
11
10011111
11
11
00
10
1101
10100111
10
01011
0101
11111
11110011
1110
10
000
01
0000011
10
0111101001
00011111
10111111
01
0
10
000
00
0
00
0011101
11111
10
00
01
0
001111
1111
11
00
10
01
00
00
10
010000100
010
00
111
0011
1110110
11
0000100
11
11
00
00
11000
10
1
11
001011
0000100011
10
10
1111
10
01
1
000
010000000
1011
0111
11001
00101000000
111111111
00
111110
11
10
1111011
10
1110101
111111
00
0
10
11111111
11
1101
111101
001100111
0011100
111010
111
00
10
10
1111011
11
0001
0100
00110
00
0111
11
1111
1
10110000000
111111
000000
011111
10
11
101000111011
100
011
00
0001
0111
111111
11111
00
11
11
00
10
0000
0101
11
10000
0
10
111000
11101101
00
1
0011
10
11
11111
01
1
11010111
111010100
00
01
00
00
1
10
11
00
00
1110000
1000
0
000111
11111
00
10011001
001
111
01
