0011110111001
1111
1111011
1011111101
111111111
11110111111101
1011111101
1111111111111011
00001011
1111
0001
1111
1110111110001011
111111
1101111111
0110111111
10111111
10101110000
111111
111111
11111111111101
0101
1111111111
111011100001
111011011010111
01111011
101111
1111111
111111
01
111111
111111
1110
111011111101
11111111
1001111110
0111
11111110101
111111111101
111110111111
11011110001
11111111
001101
11111
111101111111
01
11111111
11110111
111111
11011101
1101111110
1111
01111110111111
10111100001
111111111111
11111110
111010110111
1011111101
1111111101
11011110011
111111
00101101101111
11
0011
1110101110011
11
11111111
1111111111
0111
111111
01
111111
