1111111111111110101
11111111
111111111101111111
1111111111111110010111011111
10110111111111111111
11111111111110110110011101
0111110
11111110111110101101011111
111111111011111101111
111111111101110100011
101111111111111011001101111
11111111111111001111110
1100011111111111000111111111
11111111
110111111111101
111111111111111111111
111110011111111101111
11111111111110011
11111111011001111110110
110111111111111111111111111111111
1110111111111101010001100
1101100100111110000000
111111111111101101111111
1111111001
1011010111111101111111111
111101111110111111011111
1111111111111111111111
111111100000
1111101111011
111111110111111101111110
11100111110111110111
111111111111
111111111111111110011001111
111111111111100011010111111
11111111111111111011
11111111111111111111111110100110
1111111111111101101110111111
10111
11111010111111111
111010111110000111
1110101111001111
1111111111111111111111
11011111111000000011100
1111011111001
1111111111111
11111111111111111111111
1111111111110011111001
1101111
11111111111011101
01101011101001
11111111001111
