111111110000010000111110111111011111101111110000100001
01111111100111110111101011111111
1100110010010011111111101000000111000000100011
1101011100010110000010110011000000100001111010100110101001111
101101001111110111110111111100110111011111
0110111100101111111011101111011111000111111
101111
1111111111111111
01110011111001000111001
0001010000010000000101111010100101111101001111101101
0110011010000010111101111111111110111111100011
11001000111101010000000100000010001001000100011
111011111011
010100101111001011
1101111101000101011110110111101101000000000000000100100000000010100
00011101111110010111111011100110111011110110
100111010010111011111111111011111111
11100110101110111110111011111111
11011011001101011100100111011001100110001110
011011011110001111111010000010010101111110
101101100111111011110001111010011010111011
11111101111111101
01101011011101110111100111111100101111
0111111011111101010110110111101011111110111
11111111100
11001111100110110010110111110000110010111101110110
10101111110111110110111011111111111
111111011111111011111111110111
100000011000010010011011011111011001101011101011011010
11011100011110
01111111111111111111111111111111
111011111111110110111111111011111111111111111111111101010110101011110110100
111111111110111101101
01011111111011111101101110110000111111111
1001111111011111111011011111111101
01111111111
11101111011011111111111111111
11111011100101011110111111101011100
11011111111101011100100110110110111110111
111110111111111111111001011111111111
1000001100010111001100110011101110111101011011
10111111111111111111111111111
0101110001000000101101101101011110110000000000000001000001010111101
111111001110011
110011110110010111111111011011111101
110111110110111111101110111011
0
11
11011101111010001
0111111110111011101111111111111
1111000011101111
010110000101101100111110001111101111111
11110111110
10011110011000100110001101111100011001010100100000011100100011
111101010101101011011111111111111
1101100110010101111110011011111111111
01011111111110110101111111111110111
110111
1101101100111000101100001111101101001000000000011111000000
111111111101111011111111111111111
0001111111111101101110011010011110111110
00001000110001001110001100000011011011010110000011101010
01111111111011111111101111111111111111
11101111101111110111111111111110
11111011011001111011111111111101111
1110110001
11001101111111111111111101111111
01111110111011111111011111101111011
00101111000001010001000000010000
111111111111111
0100110111101011111110111111111111111
010111011111101110111110011100111011
1100011010000111110001101000101110011101111100
0
1111100001111011111111011111110111
10011101110010111001011
11111111111
0010100011100
001100100001010111110011111111111111
011011111110111111111111101011111
0111001011011111111001101111111
11011101110011111111111111111111
011111110111001000101110101
101111010101111111011101110011110
1110111101101101111110100111111011
11010100000001001001110111111111111011
1111110111110101111111111111
0000110110110110001111000010011011111110111111
101
011011011101110110111101001111111111111
11011110111111111111110111110111111111100
1111011111111111
111111011111101111101111011101111111101111
01
11011011111111110111111111111
111111111100110011100111100111101101111011
11101111111110111101110111111110
1101110101111
0110101010101111111110011010001110
0011001100001110000000111000000101000000001011010101000100
110111111110101011100110111011101111
000000000000000111011111110001000110000000000000000000000000
11011111111101011111111111111111
1000110111011011111111011111011111111
1
0111
1111111011
010101101001011001101000
1111111111111111
1111111111111011111111111111
10011110010111110101011000001111111111
11111
10111111010110110101111111111111
11011010000011110011
11100011111111
11111111011110001
1110100011100011011101110111111011101111011
11101100100000101001101101011111111110
10111100111111111111101101010111110
111011
011111
1110111110111111111111110101111
1110001111111111101111111111011111111
11011110110111111101111111100111
110011111111111111101011111111
11001111110111111001100110101111111111
111111111111111111111111
11011111110011110
1111
111111000011111000111010011101111
111101011111111100110111011111111111
1011110110111111011111111011111111011
1111101111111111011011111111111111
1111111111101111101110111111111111111
10110011101001010011000000111101000011001101010000100000000010110000
01000001111101010100111111110011011011111
11010110111111111101111001111111
1100101110000001101111111110010111011101110010110001101100
1101010001101111001111111111111111
00
1010110000110010101101100011111011111101111110
111010111011011111111101111111
1011111111111111101111111111
1111101111011011011110111000000110111
010110111111001110111
1111111011
10011111100111111111110111111111
011101
11110011011010111101101101110011010010111001
11111111111011001
101010101111111101111001101
1111111111110111101011111111111111
1
1111101111111111111011111111111111
0110011011111101011011110011111111111
1111111010110
1101111110111101111111011111111
000000000000000011110100000110101000011000100000001000000000000000
0111111111
10011101101011111111101101111011011
011
1010101
11111101101010011111111110111110111011101
111111111111011111111111110111
101101111101111111111101111111
1111110010110011101111000100011110111111111111101111111110001
11111111
11111011001011011110110011011011101010011
00011001110011110011011111010111010100000101101
011110111101110111111010111111011
1110100101111000011
111111101111110111101010001100011111011010001
10110110010101111111111011011011111101
1100111011110111111111110001110111111
1111111111111111111111111111
1101
0110110111011101111001111011011111
11111111111111111001
1111101111111111111111111
11111111101111010011111101111111101011
0110100000
00011011111101110100010001110
0100101011110010111101011110000111001011001010000
11111001111
1101101100011100110111111110110101101101111
101101101001011111110111111111111111
111111111011111111
111011111111111111111111011111101111111
01011100100100101111010010101110111110111111
11111111111111111111111111111
100110011011101101011001111111111101111
110110101111101111110111111011110101
101110111010111111111111110111001101
101101111110011111111011111111011111
1111000
11111111111111011110
11111111001
1001101101011010110000111
1101111111101011110111111011111111101
0110001110001
1101010000001001001000
11111111111111111111011111101
10110000111100101000000010101010101111100001011101001110
1111100111100111111010111111011111111111
1110011
111111111111101110111111010011100011011101010
00001011011101111111001010011001000110111111
10001100010101101111110110000010110110010
0011110100001111101110011001000000000000000010000000011100
1110111111111110011111111111111
10111101111111111111111111111
