10111111
00011110
011111100110
11011000
0101010011
1111111011
11001010
11000011111110
01101110
1011011111
011100001
10101010
11001100
0111011110
10101101
11111111
11110101
10101
01110010
10101100
101100110111
10111001
01101100
110100
1101111111
00110100
00000010
0101
00010001
01000110
01001001
11111011
11001010
10110011
10110110
11010101
11110100
11011110
101011100111
10111000
11111100
1001101111
111101100111
00010011
10111011
110001
10001011
10101010
1110111111
01110010
11000110
11101001
11101001
01110110
1110
01111000
0101111111
11110110
101010
11011000
00101111
01111110
1011010011
10110010
0100100111
1100
01010010
00111001
01101101
11110010
11011000
101110
00011110
1111001010
011010101110
1011100101
11111100111
11011100
1111010011
11011110
10001110
00100010
001100101
10
00011100
01011011
