1010
100111000011101110001100
11011000
00000010000001000101010111110110
11
101011110111011
1011001111010111
01001110111001010000101110110
10101
11111011000010011
11111111
1111
1101111111111110101010
00010100111110101111
11110010
0011
0100
1101
0100
0110111011
01
10111011
01010111
1011000011111011001
10001
11
110011100000111100111111
1101011101001110
00000000
10110010010110001011010
1110
0101
10110101100
01
110111110111011011
11110001111011100110
1110101101
111111110010
10110
110
1010111
11100111110110111
11
01011110
011110010100101
01110011
01
0111
01101111111110
1111
00000010110
11
101101100101000000
11
11111
1
1010100000101111111110100011010111
1111
11010000101010010100100110111010
00000000
1011001
0111
1111
000010100
11111001101101
1110100100
100100
111111111110101100101
1110
111
0111100011
1111111111101111
100100
00011010100100010110001111
001010
110
11110001111011001
11110
100011
1111
0001010100001111111
0
1110001011101001000
11010111
110010
01101111111
110011111100
110110111001110
1111001111
1001111110110011110
110000
11111111101111
110111
001111111001111011001010110
111
11010011101011101010111
011110001111111101100101
11111
001110
0111110111
0111
1010
1
10
11101001100101
1001
1011111111100101011001000010
01011001011111011010
01111000000110011011000001000
1010
111100
1100001000000011101010010
1010
11101010111101
00
110000
1111001110101
1001011010
1010
1101
11110111110110111111
11100
001
01
00100011
111
110011010111110111
01
11101010
10011111111010111
11
001100011000011011000
11
01
1011010
11011001
110
01
000
0001000111
000000
1
101
0011
1011
0110011111011101111100100111
111111010
1111
1110
101
110011
11111101001011
1
1101
11011
111111111001100101
1111
101111101101001000110
0000000
0111100100001011
1110111100
11110111
11111101111100110001111
011
1111101111
01
11101
10
100001
00000000110
11
10
1110
01000001
10
01110111111001000101101
000000001
01010000111011101111100010
1111000010111111101111100
1
1101101111010111111111110
1
110110
1101
01111111
1110
0010
010
1110
1
00000000000100000
111010111011111001000001
11100101
11110010
100110101100101001
01101001010110
1111
101011111111111111100110111
11111111
0101100
11
1011
1101
010000000
01
111100001100100
001000000000000010000
1010
11111110
111
11101011111101101111
11101111
111
1010100000
0110
11
00
001
011110011
01000111000111111010111
11
11
0
100110000000111101101110
1100
01
01
1111
00001100
01111111
10000101
10100
11
111011
1
01
11011010110
011011101010
1001
11
01110101
101010000011011011101110
011
01111001100011001
11
100101000111111
11
1110
01101
10111001
11
0111011011
1000
0101
0101100111011010
111
1111010111111010101111
100111101001111011011011
001001
1111100111111110011
111001100011111110110001010111111000
1110001111001101011
101
0100000111011
00000110000
101101
111000001
1111110101101101110111
00
101101111111111
11110111111111111111111111
01
10
1110
11
11011111011010111010001110100
111110111
010011101110
011110110
10011011101111011100010111
111
01111111100110111001110101
101111101111101111011011
1101111001100111
0
0000
11110
000011
111
11
10011110011111
0000
1101
100100101
1111111111111111111
1111
1011
11
11111111011010111
000
101111111
1101
101110000110
1010111100010011
0111100001011
1000110111111101111111
11100
00001
1001
10111111111111
1111
1
01
01
00001100100110000011011010110
11111011111
11
100001
1001010010
11
111011
0111000010110
01
1
101100010111101010101000100111000
1111010001
00111001
00
0000
11
1111110101111
100100111001101011111
0111011011
01011
1111111101110
0110
11
000000000
0100
001101111
11
001010
00011110100010100100
11111
0000
111101110110
100110
01
001000110010000011011
111
00
11
1101
11
110111101000010101111101101
1110
111111100111110001000001
1011001110100101101
111
100101
1110111011111001001
101101101
01
111011011101110101110
1010
01101110111111011111111011111
1011
001
00
1011
1101
01100011
10
0100100000
100100100111
111
10
01101011
00000110
1010
111
00000001
111101100111110101101
11110111
00101111100100010110
0101001110111
1010
1101111011
010110100011010100
1100010101111011001010010100
11100110100000100
1011
11100111011010101111
111111
0111
