00101111111110010101001000000
110000010000
10111011111
11110110011011010
11111111111
10110001111100011
110110101110
011110101011
001100111101111101
101111111000
11111110111111110111
110111111111111111101
11111111111110101111
011111011010111110
1111101111
110111011
111111111110
111011111111001
011011101010000
000101011100000
011011011111111
0100011010110011
001001101101110
000
101111111011
1111111100000
01
111110111001
1111111101110111
011111111111
111111111
10011011111111
11111111
1111111111
011101111
11110111111111
11111011
0011111110001
001001011000
110101
10001101011000001110
101111111011
01001
111111111111010111101
111011000
1010
1000101111010110
011111101101111001
01101111111001111
111111111111111111111111111
11110111
010
111111100
0110110010011010111
1111111111101
1111111111111010
0010101111111111111
11111111101
1111
111111111111101
1011111110100011010
1111111111110001
11111111001
0111011111
1110101101111000000000111101000
1111110101001101110
0111010011101110100
1110111111110
1
10001001
1101101111111
1001001
1010011111001101
1010111101111
11111110111
111111111111111111100
101001010010111010
0100010111111110100
1001111101010110
1111111001111110011
1001111001000110
1111
11110101011111111
010111101111101110101
11101111100
1111111111110101001
11111111
1011
1001011101010
1111111101100001101
110110111110111011
01
11101111010100111
111011111100
00011
1
111111110111001
0100111101001
101011
11100101101101
111111111101110001
111111111
1111101000100111110
01110111
1111100111110111
00101111110
1111101001
00011111111111
10
111111110110
011110111
11111111111
1010011100001
11000110001
000111111011101100
11111
11000011111111111
1100000001000011
011010111101111101
11111111111
1011001
000100100111
0
001101110111
11110101111111111101
1111101111
11111110111
111011110011111
11101010111011011101
0111111111100110010
100101100011111011
11101101101
1110101
110111011001
1011111011110001111
0000000111100011010
1111111111110001
10111111111101
001111111111111
11011110101010
111111111111101101
1111111
11101111
0000000000000101
1110111111
1110111010111
0010010110000000
1110
101111010110001
00000
11111111111110011111001
001011101
01101001110
1111101111
111011110111111
1111111111111
101110111110110101011
110000011
11111
111011011001001110011111111110
11111
010111101011111
11101111111111
011111111010110
1011011110111011
1000001
0110111
1111111111111111111
010010011101011101
11
11110111111
111010111100
111111101
1111111111101
1011111
01111111110111111111101
1111111100
11111111111
0
111101
011001010011
00101111111110
1110111111101
0001111111
1111111
0
00111111011110111111100
111111111001
11110011111111101
10001011010010111
11111111111111
11111011101
0
11111111111110
11
0100110101111
111010011001001
0000100
01100101111
011110000001
1010111111
010101111101100101
1110001000110
110110001101011101111
11011110110110111110
11000111111110111111
101010100000010011
1111111100
10101000010110
11110
101111000
011101111
00111100101101
01010110101
010100110100000
11111111111010010111101
10011100101
111101101110
011111101110
1111010111111011010
101110111010
11000111000110001011
110011000101
11111110111100111
011011111
011111
1000111101101
1111111111101
1001000
1011110111
1101011
1111101111111111111100011111111001111
1111111101100
1111111001111
10111011
010111111000100
110001110111111111
11111101111110010
0011111111101111111111001011010011
110011100
1010011
01000
00
11110111111011011110
1110111111
1110111101111
110001
1001110100010010010
11111111
0111000101
010111010111
101010111111010101
11001010101011001
11111011110100101
111111110000110
01
1111101100111
0011100000001111
00000011
1101101111111
1001110011
01100100101101101
11111011111110011
11110111111111101111111110011011111111
111000100011000
111010111111
01111
1111111101111111
11101111111111
1000101110001
1111000
01011110010011
11111111111111000111111010
00
1001000111111
11011110111110110
1011111111011
01111000
111100000101111101
000001010101000000
01100111111101
01111110001
1111111011011
