11
01
1
01
1
000001
01
00010
100110
1
1
10
11
111
01
11
00101
0001
101010
001
11
01
10
000000
10000
1
1
1
11
011
000
00000
1
0
0101
001
11
11
101
11
0000101
11
111
1100
11
11
0010
111
10
11
101010000
0001
10111
00
100
01
00011
1
10010
001
1
010
00
11
11
00
11000
011
010011
00000
10
1
0
00
1
0100
10
01
0
1
111
10
01
010010
00111
001
11
01110
11
010
11
000100
1
01
01
10
111
11101001
00101001
001
01
10
1
10
000
10
00
00
00000
100
11
10
1
11
1
0
11
11
1
00
10
000
1
100
000
000000
1
0001
10
0100
10
00000
11
1001
001
1
100011
11
11
01011
1
0
100
01000
010
1
001
11
10
0
1
001
000
11
111
00
0000
11
11
01
11
10
011
111
01
110
1
00
1
1
011
111
1
1
00
1111
0000111
1
110001
00
110
1101
000000
10
10
1
011
111
0
01
1
1100
000010
00000
111
110101
11
00000000
1
00100
110111
00011
1
111
00
