0010010100
0011100100000110
000000001010100
10001
1100101111101010
001101010
11111111111
00
0
100011100
10010001101001100
1111001
100000000
1001100001100
0
001110000010001
011
00
0101
0001000010
001110
0011101110001
111000
011000010101
0
00
0111001100111011011
01011100101
11011
00
000000000
001001010010
101111101011011
0100
111
00
111011010
00101101
01100001001000111010011011011001000
00011001
00010001111000100
0
101110101001000
1
101
10000001
1
1001101101100110
11
0011000100
101000010000100000
10000111100000010
0
0
011101
0000111110100001010000
1000
110010011000101010010
111110100
00
01
0
10000
1
010
111011111000110010100000
0010000010010010
111111
11101110001100
10100101010011101
01011010101
111011001001100101
0
0
0001
0010100000
111111
1001
111000
01101010101000
111110011000111101
11110111110
0
00001111001
01
0100010010111
01000101
00
1110010011
01
1
0001001
0011
0
1100100100000
00010101000
1
001100111100
0
1111101111
11111111000
01001011111
0010110010101
11101100011
00000001
010101
1101010
110101111000111101
1111111111
101111011
01110000010
1110100
11011101110000
1110001
11
111111101010111
0000100010001
0000000000
01110101111
00
00
00111111
111001110
011010000
0101101100101
0101
111101001110
0111101
1110100
1
010000001000
0111011010001
11
0011111110010100010100
110001010
10110001
00
1110101100
11100
01
1111111111
010010010011010101
000000001001001010
11
0111011
011001
00
1
00
11100111101111010001
0000101011101
000101101110100001011
111100100100110100
11110111110
0
1111011101000
11010001110
110100
1111100
01101101000000
1111011101
00010110
01
001001110101011101
11011101101
1111110
1001001000
1
1011110011010011011111
01110110
10
010111
10001111000001
0
0
00
0
0
01100010011001
1
010011110111
010101001000
1101100
0
01
01010111000001001000000010000
01010101
00110010101
10000
01000100011
1011111
000
111
11011111111
11101111001101
0110011
1
111000
00
11100111101
1110111
10110110110101
01011
110
001101101110
11101000100
01
101
00110101
1111111101
10001101
1110101010
11101001000
110
100
111111110
101001111001010
10000011100
01000
0
1111010010001
000010011100
10100011100
10100000011010
00000010101010001
110110000000100
11111
111
11111110011000101
0100001000
101110111
1
001111000
11100100
1110101
11010111100
10000011000100101000010011111
1011010100110
1
1110000100100
00
1110011
01110111001011100
11111110111110
11110101
011
10101111110010001
011010000000100001
00010010110000010101
1110010100010
00
111001000101
1011110
001011011
1010011101
10
0110001101100101000000000100
1
1111011
0
000001010001
1000000010101
001101110000000000000
101011
0111
