01010010110011011
0111111001111010111111111111011010111111111101101111101111011111110111
11001110101111110111111111
0101011101011110101101111111001100111010101101111000
111111111111111111111111111
101100111111110111111111
10111111111111111111011111011111011100100111011010011111111
11110111111001111011111111111111111110
1110100110111111111111100111111011111110100010010011101000011111101011011001101
1
111111111011
1111111011101001111111111111101110111111111111111111111010111111110110111
11111
111111111111111
1111111111111111111011111111101110111111111101011111101111
011111100111111111110101111110110110101111010111111111111111100111101101011111110
111111110110011101111111111101111111001111111111111
11111110111111111111011101111011
00000100
11011011111101
110111011101111111111111110
1111101110111111111110110111101111111111101011
111111111111111111111111111111101011010011111101111
1110111111111111111011101001101111110111100100000001110110011010110001111101
11111101111111111111111111
11111111111111110100111111111011111011110011101111111
11111110111111111111101110111111111111011111111110111111110111011111111
0
1110011101101
10
01011111011111111111111110011111111010110000010010010111111011111111111111
0110111111
1100010010000010111101100100110010
11111101001111111111111011111110111011101111101111011110111101
01111111010100111110100111011100110111010111110111110101111111111
001101110111
1110101010111111111101111111
1111
1011
111111111110001111111111100111111110111010111000111100101110111111111111100111101111111111111111111111111111111
11111001
1000000000110101111011110101110100001000000000000000
101111111111011011011111111001110110110101101111101
1111111111101111111101011
11111111111111111111111111111011111110110101111111111111
111111011111011
111111111111101101100100
11111111111111111111111111111111111110
1101111101111111101001011110111111
111111111111111111111
11101011011111111111111000010011011011110011011111111000101101110010101100111001000110110001111111111010
1111101110101111111
1110001111
1111111101111111011111111101010111111111111
101110011111111011111111111111111110001111011101111001111100011001010111110110101011111111101111011011111111
1100011100001
111101111111111111111111101110101001111110111
0111011100101111010001110111001111
1111111
111001110111111111111111101010111111111111111111
111111111111111
11001110
1111111111111111111111111111111111111111111111111111111
11111110110011111111111110111010111110
101111111111111101110111101
11110111110111111111111111111111101011010011101111111111101111111111011110111111111111111
111110111111101111111111110
11111111101111111111111110000111111110001111001
101111111110111111111011111111111111111
11111111110111111011111111111000111111011111010101000111100111101000111011111111111111101
1101100100
1011010111111111111101011111111111
111111111111010110111111111111111111111
11111111111111111111111111
0111110001011101011011111010101111011111101010101110101110111111110011011111111111111111111001111
111111011
10111110111110110110011111111111111110001110111111110101011110011
1111111111111110111111111111011111111111101111111111111101110111111
111111111111111111110101101011010100
10111111111111
1111110111111111111111111111011111
111110111111101110111111110011
1111011101
01101101110
11111111111111111111111011
10111111110111111111111111111111111111110111011111110011
11111011101000110111111101001011110111111101
1111111001111111010110101110
10111
10111
11101111011101111111111111
1011111111111111011000001011101011101111001101110101111111011111111011
10101
011111111110011100
011111110111111111010111111
10101100011111011010111111101110111
1111111111110110111111101100110111111111111111110111111110101001010101110111101011111111111111101110110
011111111111111111100001110111111101111011011111111111110111111
11011010011001
11111110111
111
111
11
1
11110110111111111101111101111111
1111010111110111111101111110110101111101111
111111111111
111101111101111011110111111110111111111111111010100010101111000111011111011111011011010111110
11111111011111100010111101011111000111110000111000111101111011100011100111011011000010000110001011100110111011011111111110110000101001
1110101111010111111111111011110011011111111111101111
1101110111000111
10111101011110111011111111111111011110010111111111011111001110101101111110011110010101011
111111
11110111111110001011111101101
110111111111111
001
11111111011011111111111010111111
1111011100111111
1111111110111111111111101111111110100111101110101
10111111111111111110011111111111010111101111110110111111111
1011011111111110111111111011110111111110111
111111111111111110
11011011111111011011101111
1111111111111111111101101111111
00111111110111110110101100
1011
1011111111010111111001110010101111110111111111111111000101001000111011111111111101111011
100111111110011111111111001111111
1111111111111111101111111111111111
11111011111011101101
101110100000111110111010001011101100000110111001
1001111011111110011110111011111101111111111111111111111011111
11111111111111111111111111111
11111110111111110111110001111111111111
0011011
1111101
1
0
111111011110111111011101010001111111111111
0110011101000
11000011100111111001111111111111111110
10001101011
011111011111110111111111110101111111
11101111111111111101001100000111111
1
111111111111101111111111111101111011111111101111111
1111111111000111
11111111111111111111111111111
11111111110111111111111111111110111111111101111111111111111
11111
01111010111010001111111111111111110111110111111100011111011110011001111
011011011101111011110111111111111111001001110011001101
1
1111011111101111111011111111111111111111111111
11010101
111111111111111111011111
1011111101110111111011
111111000001110
00011101100000000000
111111111
0111
11101111
111011101110111011110110111111011011111111111111101101111111110110001111100011101111111111111111
0111111110110
111111111111111111111
0111000110101111111111111111001111111111111110100111101010111111101111111101111111111
1111110111111111111111011111111111111111010011011111010111011010111110100110100111111101111111111110101011111
1111110111111111111101011111111111111111111110110110011111111011111111111
111110111111111111111101
1
1111111111111111111111111111111
111101011111111111010011111111111
111111111110100111111101111111000001011110
11111101111
0000000000000000000000100
111111111111111101111111111101111111111101100111111011100000011000110111110111101111111111111
10111101111111011111011111111111
1101110111101100010
111111111011110111111111011111011111111111
11101111111111111111000101110111101010110
01111111111111111011111111
01011111101111111011111
111101111111111111111011011111011101111111
1111011111111100
111111111111111111101
11111011
1
11
1
10111111011
1000011110111001011101110111111101101111000001111010101110
0000
11101111111111111111111111
11111101111111111111110111000001111111111101111
111010100
1111011
111
1
1111010100010
111111111111111111
1111011111
111111111111111
111111110111111111111111111111011101111001110100001111101111111111111111111
11010111111111101111111111110001
110
1110111011011111110010101010111111101110011110111110101111001011111111
00
11111111111111111111111111111111111
111111111111110111111
111111
111
11111111111111111110111111111111111111
111101111
1110111111101001
11111111111011111111
11110111110111111011111011111111111111111111111100111111000111110010101101111111111111111111111
111111111101111111101111111101101101001110111110110100
111111111101111
11111111110111110101
10111111111111101110111010110010011001111111110111010
11101111111
111101110111111101111111111101110000100111111110111
11111111110111
111111110111011110
1111111011111111110111111
11111111111111111111111111011000010111010110100
1111111
00
010101110001
111
01111111111111111111111
110
111101110
11101001101001
101101111011111110011110000111011111
100111110111111111111111111111111
1111111111111111111111111111111000111111101111
11111111001111011111111111000111111110101111111101
111111111111111111111111
1111110111111111111111111011010111110111111111110111111111
1100111110111111111111011111101111111111101111110110101101010101011010111100111111
11011101001111111110011011101111111111111111101111111
001100110110101100111011000111
11111111111111
111101111111111111111111111111111101111110111111111111
101111
0101011011
11111111111101111111110110111110011011
110101011111111111111101111111111111111111
11110
1111111
111011111101111001111111111101111111101
1011111101111111111111101101100111001111111111
11011111111111111111111111111110
11110101111111111111111111111
010000110
1101010111111111111111111001111011111110111011111111011110111111101011111111111
11111111101111111111111110110001111111110
11101101111111111010101101111111101
11111111111101111111111111
10
1011100010111111100011010110101111011110111111111110111010011111010001111111111
11111111111
1111001111111101111010101100011101111101
11110111111111111110111101110111111111111111111111111111111011111111111111
11111111011111111111111111110110001110010110111101110110111
101011111111111111111111111101
0100000
1101111010111101111111111001011111111101011111011001111
111101111011111111111111111
1101010011111111111011111010110110111011001011011
1111001
1110111111111111110111111111111111110111
11
1100011110111111111111111111111111
1111011111011111111111110111111
111110
1110111
100111101101100
1111011111110111111111111111111111101111111111110111110110111
011111111101111111111111101111111111011
110010101001101111111111111111010001011111111001001011110001011110000101
0111111111111
011
1111111111101111110111111111110111111111101111111111111111
1111111111111111111
1111101111
111111101101111111111011111111111
11111111101111111111001011111111
101111111011011111010000111110100110111111111011111111111010001001010010111111101011111111111111
11111111111111011111111111111111
1111111
1111111110111101110111111111111011
1111111101011111011
111111111011111101111111111111110011101
10111110101100
00100001111100
011110101111101111101111101111101110111111111
111111111111111
11
011100110000011111110010111110101011111111000100110110110101011111111000011011101010000100011
111111101111100
0101111111111
1011011111111101110111111011011101111
1111111011111111111111111111
0110101101111101111101
1101110110100010110011011111111111111111111000111101110011110111110110101101011100100111110111001001
111101111111111101111111111
1
0111111111111111110101111111111111110111011
1111
0110011111111011
111011110001
101101
110101
111111111101111111111
1111111110111111111111110111111011
100001101011011000111111110101011011111111110111100111110111
1011111111
1110111111011
11000
10111111
11111111111111111011111101101110111110101101001011110101001111101111
1111111101
11111111111
010011111111111011101
1111011011111111111111111001111111111111111111111
11111001110111
01111111111011101111101111111101111111111111010111101110
111010111111011110111110
110101
11111111110111111111111111111111010110111111111010101101011
1011111111111111110111111110
111101111111111110111001101011110111110111101111100011010100101011110011111111111000011111011011
1111111111
11111110111110111111111111111101111111111101011100010100111011111111111011
0111111111111011111101111111111001111111
01111101010011111110111011001111001100
1010111111111111101111111110110111110011100111111111111011101111
1101111111111111111111
1111011101111111001111110101101101111111111110011110111000111111100111111100101
0111111111111101
11101
1111011111111110111111111111111
1111111011001111111111111111110111011
01
011111110111
000
00111111111111011110
000
111111111
111111110110111111111111111111
110
0110101011011111
111111111110111111
010010010001
1111111111111111
11110111111111101101000011
101111110111111111111110100111111111110110111110111111111111011001
1111011111110111111111110111011101111011111101111111111111111111111111111111
101001
11111111111111010111101111110010110110110111111111
1011101111111100011111110111110100111100111110011011111111111111111111010110
11111111111111101
110101000110111011111000110
10001011011111111100011111111101110111100111000101000000101111111111010010
111011110101101111110010011011010110111011110011110010111010110010100010000100101011000101011010101111000110110000100111
01111111111101110
11111111110010111111110101111111111111111111111111111111011110011111
11111111111011111111111001111111101010011
1011
11111110111111111111111111011
111111010101
0111111
