0100111111
11111111
0
111110
11101101111
11
11111110
1111110110
11
111111111
11
11101111
1111011
11
011110010101
1111011111101110110101
01111101
11111
11111011111
0111111111
1110111
11111010111110
1111
11111011101110001
00111111001111101
011110101111010111011
011111011
111111111110
1111110
011101011111010101111100
11111011110
10111
1110111110111
11111011111110
00111111111
1111
011
111111110101101
11
1111011000111111
1111011110100110
111011010
110000110011101
1110111011
1111011111100011011
1111
01111111011111
111011111
11111011
1111110100110
01111
11
01111
111110011100101
1100
11111110
1111101110111
11111101100111101
11111
11
11111100
011101111111011100100111011101011101
1111111110
1101100101101001101110111100110
111111
1
1
0110100
00001111010010100110000101
10111110110111111110
1111101010110011111
10101011111111011110110
110
111111
1101
11111111
1111111110
111111111011
1101111
111111101011011011010011
11011101101011101110101100011100110
111110111
1111
11
11001
11
111
111010
1
11
011
11111110111000
110
1
11
1
11
110011
1
10011
111
1011
011
011
111
11111
111
111
111
11
111
1
01
011
1
101
011
01
000011
0
011
11000110
001
111
11
11
111
111
11
1101
111
0
101100000
0010101
1101000
11101100
1
1
111000
000
1
11010000
1
00111
1111
01111100011010101
10
110101010
1
1
11101111010
1111
01101110101
1011011111
1111
1111
00000000000000
1111001011111111
11
1111
1
1
1101
1
10
1111
11111
01100
11
1101
1
11
01
011
01
11
1011
11
100000
0
11111101111111111111
11011111111111111111
1111111110111111
11111111111111010111
1110111110010111101101110
011111111111111001111101111
11111111101111101101001
111111111111111
111111111000111111
11111111111001101111111
111111111111111
1101111111011101111111101
111111111111111100
0110111111111111111
11111111111110111
1
11
10111111111
11111111
111111110110010
01111011111111
11111011111
11111011110
11111111
11111011110110111
11111111
11111111
11111111
11111111011
11111111
111111011011111110
1111111110
11111011111011
11111111
11111111
11111110111101
11111111
111110111110110
0111111111
111
11100011
11111011110110
111000110
11111111
01100111010101010001
111101111111
111101
11111011100110111010011
111100101
11111111011
111100110000
11111111
11111111101
11111111
11111110111101
1111110111110111
111111110011101
111011011
110011111110100000011
11111111
1101101111111011011000111101
1111110110100110011
11111111
11111111011011
0111110111011101
11111111
11111111011
0111110001
11111101111110001110
0001010
01111111110110
11111111101
1011011111111110111011010
0111110111110110010110
111111111001011
11111011110011011
11011110111111101011
11111111
01111111100110011
11111111
1111011
111111111001
111011
11111111
11111111011
1011111111100111
1111111110
1111111101
11111111
11111111
111110001111101
11111101110011011
11111111110
11111110111101
111101111
11111111
111111101111111
11111111101
11111111011
11111110111
1111110110
11111111
11111111
11111111
11101111111
100
1100111100
1111
10101010
0
11111111011011
11
11101
1110111001111101
111
11111111
00111
01
101110100
11
1
1
1
1
1
1
1
1
1
1
11111111111
11111111110111100
1111101111111
111111111101
011111111111111
111101101011111011111011101011001
101111111100011110101111110
1111111011101
111101101110111
111100111
1111111011101
1111110110101
0111110111101101110
1111111100011100
111111111101
1101111110111101100100
11111111101010111001110
111111110101111
11111111111
111100011111
1111111101110
11111111111
11111101111010101101111111000
111111111011
1
1
1
1
110110101
1
111100
1
111110110111011
1
1
1
1
11110111011110111011
1111101111110
01111111111011111010
11111110111101
11111011001101111
1
01
0
1000
1
1
1
1
1
1
1
1
1
1
0
1
1
0111
1101
1
1
1
10000100
1
1
0111
1
1
1110000
0011011
1101
0000000
1
010101
1
1
110111111
11111111110111111
0110001
01110111111100
101110
00111111111
111110011111101111111
111111111011111001
100110111111010111111
1111101110
01111111111101
01111
111011
1111110111111111
0111101111111
1101110
111110
1110001010
011110
1
1
1
0111
1
1
1
1
1
1
1
1
1
1
1
1
1
0
1
1
1110
0110111
1
1
1
00000000000000
1
1
1101
0001011
011
11110111111
111101111111
11111110111111
11110111111011101
111011001110
111111110010111010
1
11
1
1101111100110101111110110
01111111111011110101
001101111011100111101111
111111100001111
11
1110110101111100010011110110
1111101111111111011
111111111111111011
1111111100011111011
1001011010100110111101110
111111111111110111
1011111010111100111011111110111
11111111111
111111111101111111011
11111011111011111101
1100111111111111111
111111001111111101
11100111011111111101011011
11111011111000011111111
1
11000111011
1
1
1
1110
11111100101011101
1111101
1
11111
11111
11111
111101
1
1
0111
1
00111
1
1
1
1
1
1011001
001
1
1
1
11100
1
1111000
0111
0
111100
1
1011
1
0111
1001000
1111111101101010001
11
0
11010000
0000100
0101111
0000000
10
0110
1111111
11110101111101111
111011100111011011
1111111111
11111111111111
001111111110011100010101101001000001000
00001110001111000
0011000100010011011010
01101110101111101
0
1110010000001000000
000000011001000000011110000101
1111101101111111
0
01100101
111011011110110000011001010001
00
0
000
11011111101111111001000111011
1111011111001110000011111
0
111111111111111
1111010
11110101
11111010100000000
0
0
0
1
1110
1
011010
1
0000000
001
1
1
1101
1
1
1
11010101
1
00111
1111011111110101100100110
11100
0111
00000000001001001011
00
110111011001110101
010
0
1111111111111110000
00000001
00000000
01011
1111111110111011
1111010111
11110101111100111111
00011110000
111110111111011111101011
111101011
1111111111011111111
011111100111110
11111111111111011110001
01111111110111011
11110111111011100101111111
11111111011111011011101010111011
00111111101111111111011
0
11111101010
1011101
000111110100000000
0000000
111101
11
0010000000000
10110
11010011000001
1011
0
1
0000000
1110
101000000011000
11000000
0001
1
10
0110000
1
1
00000110000
00000
0111
0011100
001111
01000000
1
1
11011101
0111
0111001101001
00000000
111000001
1
1111010010101
1
00
01111000000
11
10100000
111001101
11110100001100100000101
010
0111111101001100
0111101
0111111
11101110
111011011101
11111010000000
1111001101
001110011010100000110100000
111011010000011111
11100001110010000000000000
111010111000111
00000001000000000000000
1111
11110001
00000000000000
0
010111
0
0
1
11010100011010
01000000111001100
11100100000
110000000001011101110011001111000000000000000000000010000000000000
11110011
0
0111
1
1
00111
1
111011
0
0001111
001
0001000000000
01111
11001
001111
111100
000010010
0111
1100000111010
11
11
11101
11
1
01101
1
00010
1
0111
011
0
1
111
1
1
11100000000
1001001
0110111
0110
01010000
010111
0
0100011
0111
1
111001000
100000000000
1
00
1
00000000001
0110
000000000000000000000
0000000
111001011001101000
1
1110
0111
1110110100
0
0
111000111010
1
1
1
00
0111
1
0
1101
00101000000001
11
111
11
11111
1111100111111
1
11111
1
1111101110
1
1
1
1
11111
1111101111
1
1
1
1011111
11110111111001
111101
111011111
1011
1
11111
1
1
1
11111
10100111010
11111
1
1
1
1
11
11101001110110
11101
01
00100000110100
000001011000
1101110
11
1
01000001
11
1011110110100
01011
11
1
1
0000010
10111
111100
0000000
0000000000
11
00110101011
11
00
1001110100
1011
111001
11
1
1111111111
111111111101111
1111111111
1111111111
1111111111
0111111111111
111111111011101111
1111111111
1111111111
1111111111
111111111011
111110111111
111101111111
111110111110
1111110010011111
111111111010111
1111011111100111011
11111111101
0001110111010101010
1111111111
1111111010111110
11111011111111
1111100011111
000000
1111111111011100101
011111111111100
0
11111111101000111
1000011111111010000000000000000000
1111011
11110111111
0111111111110110101101111
1111111111
1111111111
1111111111
11111001101110100
1111111111
1111110111111100000000101001001
01111110111101
111111111000111
1111111111
111110111101101
111111111011011100101110
11110111111110101
1111101111011
11111111111101
11111111100111011
111111111011
1111110001110001101
111111111001
000000101110101000000100001000
0111111111111011010100011
1111111110101
1111100111110
1111101011111110100
1111111110111011101001
1111111011
111110111101
101101111111
00
11111111010010010
11110111
111111111100
0111111
0000000000000000
111100111110111110110
011111111101111
111110
111111110110111110
11111111101
01111111111001111100
1111111111
11111011111110101
10111111111011
1110111011111110101011010
1111111111
1111111111
111110111111101
1111111111
11111111101
1111111111
011111110111111110101
1111111111
1111111111110111100
1111111101110011
1111111111
111110111111101
1111111111
1111111111
111111111101110111
1111011111111
1111111111
1111110111
1111111111
111111011111011111
101101111110011
1111111111
1111101111001
000000000000
000010000
1111111111
1111111111
11111111101111
0000000000000000000000000000000000000000
101101010101111011111011111001100111011111
11011111110101101111
01111111111011
1111111111
1111111111
0111111110001000000000000
0
1111111111
1111100111110101
11111111101
11111011111011
1111111111
11111010110111111
1111111111
111011001001100000
11111011111111
1111111111
11110011111001101111
1111111111
1111111111
10001010100
1111111111
10
10110010101101111101101111111010010000101
1111110101011
111101111100110001001111110
111110111111
01000010111110111111110111001
111110111111011
01111111111011010
1001011111101111101111001
11011111110001
111111111101101100011
0011111111101111111010000000000111101
1011101101011
0111110011101011
11111111100010110001
1111111110111
1111111111
0101110101111101111100010111011101110111
1110111110111
11110000100010001011100001
111111111101100100110111
1111011111111
00000000000000000000
11001111111110011101111
1111110111011110001
1111111111
111101111110
00000000000000000000
0
0
01
01
0111
0110010110
1111111111
00011
0111
101101
1
10100
1
1
00000
1101
1
1
1011
1
1
1
0111
1
1
1
000011001
11010000
10000011100
01110011001
00
010000000
1111100
01111
101000000000000
1010000000001000
0000010000010000
10000010000
001000
0000000
11111010011111100101
1111001
0011111111010011000010110100
1111110110
00000000000000
11
00000000000000
11
000111001000000000000
11010101
001111
0111101001
01111
11100101101
10000000
0
00010
00
000
010000
01
1110
101001
11
100000011001
00000000000000000000
11110
01
11
111101000101
00001111
1010101011000000000
1
000001000000000000
110110011
00000111
1101
0000000000
0
11111011
0000000000
11111
111111100
1000111110
1111100111001001111011
0000000000
1111001
11111
01111011110001
11110001
111101011111
111110000000000
0
111101
1111100111101000000
111110111110011100010001000110
1111111110
11111
11100000000101
10111
0100000000
011111011010000000000
101110101
01111101111010111000000
01111100010
011111
111011
0001100001
11110001101
11111001111010010
11111
011111
111101
111110100111101
11111
00101111111101001
11111
00000
101011
11101
1011101001
0000000
00010
00000001
0000000
100111001
001101001
01
1001000
1000000
001111
011000000
0011000001011
11100
0010101
00101
01010
011001
1
0111
00000
11100
1
1
1101
1
10111
1
1110
1
1
1
1
0111
1101
00110
0
0
100000110000
0011001
001010111001
000
00
00000
0
00
1
0010
0000000
100101001
1
1
0000000000000000000
1110000
0110000010000000000
010010
100001
1
11011001
0000000
0
00
1
00
0
1
0000
0000000
000000000
0010
0000000
1
0111
11100
1
1
100000
1
1
1011
1
01000
1
01010
1
11000011
1
001
10100
00111
1
1
0
0
0000
0000000
0111
1110
010111
1010110101
1
1
1
1101
1
00000000000
0110101
1
11
1
00011
0111
1
01100
1
1
1
0111
0111
1
0100101
1
1011000011010
1
1
01001
1
110000
0111
1
00000
0111
000
00000
1
00000
1110
01001
1
0
0
0
1
0
011
1
1
1
1
1
1110
1
1
1
00000000100000
1
0
1
00000
1
1
111100
01101
11
1111100
11
10110
10111
1
000
10
11
0
10
11101101
1101111
11
00001001
1
11
101011
0111
01
11
11
0
1
1
00
00
0111
0
111
111111
0000000000000011100
0000000000
0000000000000000000000000000000000000000000000011100000000000000000000000000000000000000000000000000000000000000000000000000000000000000000000000
0111101110
0111
111
11011111111
11111111
111111110100101
11111111011110
11111110111
10110111111
11111111
11111111001011111
11111111
11111111
11111111
11101111111
11111111
110111111111110110
1111101111
01111111111011
11111111
11111111
01111111011111
11111111
110011111111101
0111111111
111
00111110
111011
101011001
111
10101001101001001101
111
111011
1110001
100
110111
110011100100
111
101111
111
111111010
110111
1110101011
111011101
111
10101101110100111101101
011111010010
111
011111110
111011011
111
101001111
1101110011101
100010
111011
011111
101111
111100010
1111001011
100110111
11110101
111
011101011100
111
1101111
1111001
110111
111
110111
1111101110101111
1111111101
1111101111
11111111
11111111
111011101011110
11111111010100111
11111110111
11111110111011
111111110
11111111
111111111101111
11111110111
11101111111
11111111101
1101111101
11111111
11111111
11111111
11110111111
11111111011011
110111
111
