0
0010111
1101111110101
11111
0
1101
1110
111101000001
0001
000111
1111
1111
1101111
10
1101
1111
100000
11
1111
1111
111
1101111111010
1110111
011111
1111
111001
111101000000111
1111
11110100000010110010000
1001010
11111
1110101
0011110111
0010110
111011110000
1111101
111101111001
11111
111110
111
1111
1111
11111010011
111
1110000
1110000000000000
000111
1101011
111101
1111100110001101
1111
0111000100101011001
1111
1100
11
0011111
11111110
0011111
11101110001
1011101100
1111010111
0001101111
11
111011
111001110111101
11111110
1111
111111001100001
1
111101
0
01001100001
100000111000000001111
0
111101110111
111011110
1111
11101111001
1111011
01111
11111101
1111110
11100101111101
11
1
1111110
010010100111
0
1
11001111111
0011100001
1
01
1
1
01
1
0
111
1
1
1
00
10
0
1
1
00
1
0001
1
011
1
11
00
1
1
111
0
1
11
1
01
1
0001
11
010
111
1010
1
1
110
0001
10
111
11
0100
1
10
0
1
00000
0011
000
11
1
00000000
10111101011101001100110111
1111010101
11
1
0
1
10
0000
11
011
10
000
0
011
1
11
11
1111101111
11111
11111
11111
11111
1111101111011
11110
1011111
0101010110
111111110
11111
11111
11110101
11111
0110111110101111
0000
1011111
1111111
101111111
1111111
111101111101
1111111101101
111111
1111111
1111111011
111111101
111110011
1111111
11111110110
1111111
111111
11111110011
1111111010110
11011111
111111011
1111110101111011
111111111
100110011111
11100
100
1111010001111011100010
10111
1111111
1
1111101111
1
111111110
1111001111111
1111111110000011
11110110000010
111111111101001110110
0111111101101011
1111111100010
11111111011000
11111111100
11110111101011
11101101111
1111111
111111
111110101111001000
1111111
1111110010
1011111
1111111
0111111111110101
111110101011
111111110011011111
111110001
111111
0110000001111111110010101000101
111111011
1111101011101
1011011101111111110010000010010
1111111010
1111111010000010
11111111
111110111011
1111111101
111111010
11100000
1111111001011100100
1101101
1111111100
1110111
1111111
111111
11110111
1011111111
11111011
1111110011
111101101011
111111
111111
1111111101
1111111
111101111111
111110011111
1111111101
1111111
111111
01111111011001
1011111
1111111
111110111111
1
1110
1111111
1
11
1111111001
10100
01
1111
0
00101
01000
11
1
1
1
1101
1101
0111
1101
0111
1
111000
1
111110100011100
011000
1
1
1
1
1
0101
0111
1
1111111110
1
1
1
0111
0
1
0
0
1
1
01
1
1
0
1
1
1
1100
0011
1100
0111
0100
001011
0100110
1
0000001010011
10100
1
001
011
01001
10100
1
00001
1
0100
1
111
1
101
1
1
1
1
1
1
1011
1
0001
0001
000
1
010
01011
1
110
000000001
011
01
0
1
1
10
0001011
11
1
0101111000
1011001111
11111
1110111110
011111
111111110
1111101111010
11111
11111
1111001101111100
1
1
1
011111
1
10000011
11111
11111
11010111
11111
1
11
0100011
1111101
111
1110110
1011
111
110111
11111
111
1001
110
011111000000010001000000100
00010101001000000001
1110000011
0000
0111
11
0
0
1111000000
011111000000000000010100101
010111100000000
111000111000001110011101011101
0111011101
0
101
0000000011101
111010100100
0
0110100000000000000
0000001100
0
00101
1101111101100011010
00000
1111001001010001
0111
11110111
0
00010000000000010
111110011001
0
011111
111101101
00
111111100
0
0
000
01
1
010000
0111
0
000
1010000001
10000100000100000100100
01
1
000111
0
00
110011
1
00
1
0
1
00001
001
011
00
0
1101
000
00
01111101
000
1
0111101111011101111010101
1
0000001
101001
0
1
1
1101
1
0
1
000000
1
00
01000
11000
1
00000
01000
110001100000
00100
01
11
0
11100
11101111
11111
1
1111100101
1010011
11111000
1
1
1
1
1111111100
11111011
1
1
1
11111
10111110011111101
0101110111111110010101001000
11111
00010111
1
111110110
1
1
1
11111
1
0111110100000
1
0
1
1
0111
0111
1
1
0
000010010
11
000
1
11
0000
0
1
1
0
1
1
1
00000
100100
010101
1
01101
00001
0
1
1
00111
00000
0
0
101000101110011101001111010010
101001010000000000000000000000
111100001
001010101101000001000000000
0000010000000000010000
1
0
0
0000000000
000000000000000000000
0111110110101101101
000000000000000
00000000011100000000000000000
000000100010100001000000000010
001100010010000010000001000000
11111
1010001010000000000000
00000000000
0001001111100010001001000101
0000000000
000010011110000000000000000
1111001
0111100000001000000000000
11111
000000000100000000000000000000
00000000000
001110110110101110101
000001010000100000000010000110
000000000000
010100010101100100000100000001
100110110101110100001010010110
0010111110000000000000000
11101110000110
0000000000100
000000000000000000000000000000
000000001000000000000000000000
1010011011000000000001
100110001111
1110100001
0000000000000000000
0
10110000000001010000000000000
0000000010010110
0000000000
100100100001011000000000000000
000000000010000000000
000001110110000000000000000
1111111110
110111101110000100101000000010
10101111111010000010011
011000100100000000000000000000
11111
110111011101110
010011101101111100100100000000
00
0
1010000000000
1
1
000000000000
0111
1
01
0100100
001001
1
0
00000
00000
1
1000100001000
0
0001
1
01101
1
00
000
00000
01001
00
00010
1
01
00000
00000
1
1
0
00010
100
00000
0
1110
1
1
00010
1101
0
1
0
1
1111
110111
1110010011
111100
0111111
1111111
111111101
1111111
111011011111
1011111111011
111111
1111111
1111111011
111111101
100111111
1111111
11110110111
1111111
111111
11111110101
1111111100101
11110111
111111101
1111111101001111
111111111
011111111000
01110
001
111100111000
11101
11
1
11
1
1
11
10100010111
10001100011101
1011010011110111
1110001
00011011
110110010
110011
1111010
1
1
111000111000
11
10
10
11
101111011
1111
0100
1
100010100011
1101
10111001
1100010100000110
01
11100000010
111
1110
11011
011
01110000
10001110000111
1101101
10
01
1111111
111111
10111111
1101111111
11101111
1111111001
111011111010
111111
111111
0111111111
1111111
111111111110
110111110111
1011111111
1111111
111111
11110111101010
1111110
1111111
111111111110
1111111
10011
01010001
