111111111111
1111111111111111
11111
11111
0101101
111
1101
11
011111
111111111110111111
111111
1111111111111011
1111111011
1111101111
011111111110111
1
00111111101
111111111111
111111110
011111110001
111111111111
11111111111111
111111
111111111111101111111111
111111111111
11111
111111111111111
111111
111110110111111011011
1111111111111011111
1111111111101111101
111110111111110
1111110111111011111011111101111
11110111
11111111
0111111001111110
1101
1111111101110111
11111111111001111111
01111110111110111111
1111111
1
111110111111110111111
11111111111
1111111111111111101101
11111111
011111011111111
1111101101
111111101111011
100111111011111111
11011010111111
11111111
1111
11111
11111
1111110
11111
11111
111
11111
11111
011
11111
11111
00
1
111111011101111
1
110
1
1
111
1111110111
1
1
11
10111
1110111101111111111
1111111111111101
111111111111
111111111
11111010
1
111
1111111111111111111110
101110100111
111110111
111111111111111100111111111
1111110111011111111
111110111101
1
1111111
1111111111111
1111111111111101
11110111111111111
1001101111111111111101001
11
11
1
1111101111001110
11111101111011111110001110
101100
111110111011111011111111
11111001111111
110111111110111101111110111
1
01111101111011111
111111
111111111111
1
11111111111111111
01111111101111011111111
1111111111111111110111111111
1111111111
011100111111111111111011
111011011111111101111101111
01
0101
00
0111
0
1
11
111
11
11
1
11
1
11
1
1
0
1
111
01
11
11
11
11
11
1
111
11
11
0
111
11
1
111
11010
1
11
11
11
1011
111
1
1
11110
110000000
1
11110
11
11
1
11
11
00
1
11
11
11
111
0011010
11111
110111111011111111111
1111111111
1111111111111111111
11111111111111111
11111111111111111
111111111
1111111111
1111111110111111
11111111111
111111111111
1111111111
111111111
111110111
0111111101110011111101
1111111111111111001
1111111101111
11111111111
11111111111110
11111111111
01
111
11
0
1
11111
000000000000000
111111111111110111110011011110010011110111
1
1
01
11
11111
1
1111
11
111
11
11
1
101
1
11
11
11
1
1111
1
1
11101
1111
11111
011011
1111
1111111001
11
111
1111
011111
111001
101
11111
11
111
111111011111110111
1
1
1
1
1
1
001
01
11001
0111
111000
1
1
1
111011
0011
1
1
11001
011
1
1101
1
1
0010111
01110100011
111
1100010010
1
10111
1
11
11101010011110
111
110100010
1111011100
11111
11011101110
1101010101
110011011
111
1
0110101000011
11100110
1101110111100100
1101110
111
111
011
11111100011110
100011
11
11111
1
111101
1101011
11011
110101
111010001
1111101
10
110111
11
111
0110
1100010111
1101100001
111110
11
1011
1
1
1
1
00111
1
1
1
1
01011
1
1
1
1
00111
1
1
00111
11111
11
1
1000000
1101011011
111111111111101110
0
011
1111011001
1
11
1
11001
011
1
01011101
1
11
111
11
01
11
111
1
000
11
1110
0
01111
111
011
1101
1011
1
01011
011
111
11
1
1
1
11
001111
11
1111
0111
1101
011111000010000101
1
011111
1
1100
111
11
1
11001
1
111
1
11100
1
1
101001
101011
1100001
0110010
1011
011
1
0011011
1
0111
111100
1
1
1
1
1
1
1
0111
1001000
11
1
11111011
111
101
1111111
1
111
1111
111
1
1
011010
11011001
11
11
1111100
001101110
1
11
1101
11011
11100
00111
111001
001111
11
011
1
1
11
001111
1101
11
1
11
1101
01011
11
1101
0111
0
00
11
1
1110001
0101
00
10001
00
1110110
11
10
11
1
11
1
1
01
111
1
1
0001
0
1
01
1
1
1
1
111
1
1
0110
00110
000
001111
0101
110
01101010
011
0111001
1
0100111
1
1111
01
101
111
11
1
11111
01111
111
11
0111
1110111
11
11
111
11
001
111
111
011
11101
1
111
1
111
111
00111111101
01111
1
1111111111111
1
11
111
1
1111111
111
1111011010011101
11100
100101
1
1
1
1
11
11
11
1
1
110
11
1110010011011100
01
11
01
111
111
1
11
10110111
01111110111011011
1011
11
11011111000000101
11111110111
11111111
11
11011
101
0
1
011
111111010111011101011
1000011111111011
111101111111011111111
11
11
11
11
11101
11111010100000100
11
11
01
11
11
111110
101110
11
11
1101000
1101
11
110111011
11
11110
011111
11
010
11
11001
011
1
1
0
1
11
1
1001
1
1
001111
11
11
11111
0001
010
111111
1
1
1101
1011111
01
001
11
0
11
011
0001
1
1
1
1
0111
1
1
0
1
11
1
001011
11
11
1100
101
1
11
11
11
11
01011
11
11
001
101
0
1
0
0
001
0111
0000011000
0011111110
1
11111010
0
1111111111
0
111110110
101
11010
1
000
1
11011111110
10
111011111
0
11110111111
0111
1111
01
1000011011010
011111
111111
010101110111
1111011
0
0
111
1
11
1
1
11
1
0
00000000
011011011000100100
0
111110011
000011
1
0
1
1
0001101
01111
1110
01101
100
01
1111111110
11111
1
1
1
1011
1101
11
11111
1111110101
1111101110111
1111110011011101101
111110001011
01111111
111111
111111011011111110111101
001
1
00
11111
01
1
1011010011
10
1
000
1
000011111
11111010
11100111111
1111001
0100011100
01111011010
1011111000
00000000010
1111001
11011100110
01011111
1111111
000000101110
1
0
1
0
1
101
1
1
00
1
1
0111
011
00
1
0
0
0
11
1
1
1
1
1
01
1
00
1100
1
11
1101
11
01
111
011
101100
1
0000000
1
000000
1
0000000
0000000000
01
0
1
0
1
000
0111
1
000000001
1
1
1
0000000
1
01
1
11
1
1
010000010000000
10011
1
01
001101
0
001
01
0000010100
111
1000
011
0101100
0
110
00101100
110001
0010
11
001011101
000000000000
01
1
1
1001
1
1110
10
11
01001
1110
011
1
1
11000
1
00
11000
1
00
1
1
01
01100
11
111
0
000000
00001000
00
1
100001
0111
0
11
00
11111
000
0
1
11101
11111
11110
11
11
0000001110
100
010
00000
1
0000000
1011111
01
01100111111110
011
01
1110110111
1
111
11
0
0
11
111011
111
00111
01011
1
11
01
0100101
1
11
011111
0111
1
1
1
001
10
11100
1101
101010
1
1
1
101111
0011
1
1
11001
101
1
1110
1
1
1001011
11111000100
111
1100001010
1
11101
1
11
11101110001011
111
101100010
1111010011
11111
11111010110
1100110011
101101101
111
1
01111100
0111100011011011
1111001
111
111
011
01111001101111
11
11111
1
011111
0101111
01111
111100
111100010
1111011
10
011111
11
111
0101
1111101000
1110001100
111110
11
0111
1
1
1
1
10110
1
1
1
1
01101
1
1
1
1
11001
1
1
10011
0000001
111
