11
1111111111111111111111111111011111111111111111111111111111111111111111111111111111111111111111111111111111111111
011111010111111111111110111101111101111110
1
11111111111111111111111111111111111111111111111111111111111111111111111111111111111111111111111111111111111111111111111111
0000000100111000000000000001111000000000000000000111100001111100000000000000000000001111111100011111110001011111111100011100011100111111111111011111100000001100111111111111111111111111111111111111111111111111111000000000000000000100100000000000000000111111111111111111111111100001111001111001111111111111111111111111111111111111111111
111111111111111111111111111111111111111111110001111111111111111111111111111111111111111111111111111111111111111111111111111111111111
000000000000000001111110110100010000000000000000000000000011111111111111111111111111111111011111111111111111111111111111000000000000000000000000000000000000000000000000000000000000000000000000000000000000000000000000000000000000000000000000000110001110000111111110000000000110011111111111111111111110000000000001111110001111111111111101111000000000000001111111111111111100001111111111111111111111101000000000000000000000000000000111111111111111111111111111111111111111111111111111111111111110100000000000000000000000000000001111111111111111111111110000000000000000000000000000000000010000000000000000000000000000001111111111111111111111111111111111111101111111111111111111111101100000000000000000011111111101001111111111110000000000000000010000001111111011111111111111000000000000000000000000000000111111111111111111111100000000010111111111111111111111111111111101000000000000000000000000000000100000000000000000000000000000011111111111111111111111110111011000000000000001010000010000
0000000000000000000000000000000000000000000000000000000000101111111111111111111111101111110011111111111111111111111110110111111111111111111111111111111111111111111111111111111111111000000000000000000000000000000111111111110000000000000000011111111111111111000000111111101111111111111111111111111111100010001111111111101101001111011111111111111100000111111111111110000000000000000000001111101001111111111110100000000000011111111111111111111111111111111111111111111111111111111111111100000000000000000000000000000000000000000000000000000000000000000000000000000000000000000000000000000000000000000000000000111111100000100000000000000011111111111111111111111111111000111111111111111111100000001111000000000000011111111111111001011111111111111111111111111111100000001111111111111111111111100000000000000000000000000000011111111111111111111100000000000000000000000000000000000000000000000000000000000000000000000000000000000000000000000000000000000000000000000000000000
00000001100000000001000001111111111111111111111111110101111111111111111111110001011000000000001011111111111110111111000000100000000000000111101111111111111111111111000111111111111111111111111111100000000000001111111111111010001111110011100000000011011111111111111111111111111111111111111100011010001111111111000011111111111100000111101100111111111011111111111111000000000000000000000000000111111111111111111111111111111111111111111111111111111111110000000000000000000000000000000000000000000000000000000011111111111111111111111110110000000000010000011111110111000000000110111111111111110000000000000000000000000001111111111111111111111111111111111111111111111111111111101011111000000100000000000000111111111111111111111111111000111111111111111111111111101100000000000100111111111101110000000000000000000000000100000000000000000000000000000000000000000000000000000000000000000000000000000000000
1011
