1
1
1
11
1
11
1
1
1
1
1
00
1
1
1
1
1
01
0000
1
1
11
1
1
1111
11
111
1
1
011
11
1111
0
11
111
11111
1
1
1
1
1
01
1
1
1
1
1
1
1
1
1
1
1
1
1
1
1
1
1
1
10
111
1
1
1
1
1
0
1
1
1
0
1
1
1
111
111
1
1
1
1
1
1
0
0
11
1
0
1
1
01
1
11
000
0
0
0
1
1
0
1
11011101110
0
1
11
1
01
1
1
1
01
1
1
1
1
11111111111111111111111111111111111111111111111111111111111111111111111111111111111111111111111111111111111111
0011111000000000000000010101111111111111000000001011100001111110111111011110000000000000001111111000011111111111111111111111011111111111111111111111111111111111111111111101111111111111111111111111111
11111111111111111111111111111111111111111111111111111111111111111111111111111111111111111111111111111111
1111111111111111111111111111111111111111111111111111111111111110001110001110001111111100011001111111111111110001111111110111111111111111111111111111111111111111111111111111111111111111111001111111111111111111111111001010100000000000000000000000000
1000110111111011111111111111111111111111111111111111111110000000100111111011111111111111111111111111111111111111111111111111111111111111111111111111111
111111111111111111111111111111111111111111111111111111111111111111111111111111111111111111111111111111111111
1
1
1
1
1
1
01
1
1
1
1
1
1
1
1
1
1
1
1
