1
00
0000
1
111111111000
111111100
10111011111111111110111111100
11111111101
1110110011110101110100101110001111101111111
1
111111110001
000000000000000000000000000000000000000000000000000000000000
11111111111111010000
111111111111111111111
11111111111111111100010000000000000000011111111111111111111111111111111111111111
000000000000000000000000000000000000000000000000000000000000
111111111111111111000000010000000000000101111111111111111111111111111111111111111
000000000000000000000000000000000000000000000000000000000000
111111111111111111111111111111111111111111111111111111111111
1111111111111111111111111111111111111111111111111111111111111111111111111111111111111111111111111111111111111111111111110100000000000000000000000000000010000000000000000000000000000000000111111110111111111111010100000000000000000000000000000
11111111111111111111111111111111111111111111111
1111111111111111111111111111111111111111111111111111111111111111111111111111111111111111111111111
010000111111101000000000100000000011110111111111111111111111111111111111000000000000000000000000000000000000000000000000000000000000000000000000
11111111111111111111111111111111111111111111111111111111111111111111111111111111111111111111111111
000000000000000000000000000000000000000000000000000000000000000000000000000000000000000000000000000000000000000000000000000000000000000000000000
110000000000001111111111111111111000000000000000100000000000000000000011111111111111111111101111111111111111111111111111111111111111111111111110000000000000000000000000000000000000000000000000000000000000000000000000000000000000000000000000000000000000000000000000000000000000000000000000
0000000000000000000000000000000000000000000000000000000000000000000000000000000000000000000000000
1111111111111111111111111111111111111111111111100000000000000000000000000000000000000000000000
1111111111111111111111111111111111111111111111111111111111111111111111111111111111111111111111
1111111111111111111111111111111111111111111111111111111111111111111111111111111111111111111111111
1111111111111111111111111111111111111111111111111111111111111111111111111111111111111111111111111
11111111111111111111111111111111111111111111111
11111111111111111111111111111111111111111111111
111100000000101111111101111111110000000000000000000000000000010000000111111111111111111111011111111111111111111111111111111111111111111111111000111111111111111111111111111111111111111111111111111111111111111111111111000000000000000000100000000000000000111111111111011111100000001111101
1111111111111111111111111111111111111111111111111111111111111111111111111111111111111111111111111111111111111111111111111100000000000000000000000000000000000000000000000000000000000000000111111110111111111111010100000000000000000000000000000
111000111111101000010000000000000111111111111111101111111111111111111010111111111111111111111111111111111111000000000000000000111111111110000011111111111111111111111111111111111111111111111111111111111111111111111111111111111111111111111111111111111111111111111111111111111111111111111111
11111111111111111111111111111111111111111111111
111111111111111111111111111111111111111111111111111111111111111111111111111111111111111111111111111111111111111111111111111111111111111111111111
1111111111111111111111111111111111111111111111111111111111111111111111111111111111111111111111111
1111111111111111111111111111111111111111111111111111111111111111111111111111111111111111111111111
11111111111111111111111111111111111111111111111
1111111111111111111111111111111111111111111111111111111111111111111111111111111111111111111111111
0000000000000000000000000000000000000000000000000000000000000000000000000000000000000000000000
111110000000100111101111111111111000000000000000010000000000000000000010111111111111111111111111111111111111111111111111111111111111111111111111
11111111111111111111111111111111111111111111111111111111111111111111111111111111111111111111111110000000000000000000000000000000000000000000000000000000000000000000000000000000000000000000000000
000000000000000000000000000000000000000000000000000000000000000000000000000000000000000000000000000000000000000000000000000000000000000000000000
111111111111111111111111111111111111111111111111111111111111111111111111111111111111111111111111111111111111111111111111111111111111111111111111
1111111111111111111111111111111111111111111111111111111111111111111111111111111111111111111111
11111111111111111111111111111111111111111111111
00000000000000000000000000000000000000000000000
00000000000000000000000000000000000000000000000
11111111111111111111111111111111111111111111111
0000000000000000000000000000000000000000000000000000000000000000000000000000000000000000000000000
111111111111111111111111111111111101000000000000010100111111011110001101000000000000000000001000000000000000000001011111101010000000000000000
000000000000000000111011111111111111111010000000000000000000000000000000000000000
000000000000000000000
111111111111111111
000000000000000000000000000000000000000000000000000000000000
111111111111111111111111111111111111111111111111111111111111
111111111111111111111111111111111111111111111111111111111111
000000000000000000000000000000000000000000000000000000000000
000000000000000000000000000000000000000000000000000000000000
000000000000000000000000000000000000000000000000000000000000
111111111111111111111111111111111111111111111111111111111111111111111111111111111111111111111111111111111111111111111111
000000000000000000000
000000000000000000000000000000000000000000000000000000000000000000000000000000000000000000000000000000000000000000000000000000000000000000000000000000000000000000000000000000000000000000000000000000000000000000000000000000000000000000000000
111111111111111111111111111111111111111111111111111111111111
00
1
000000000000000000111111101111111111111010000000000000000000000000000000000000000
111111111111111111111111111111111111111111111111111111111111
1111111111111111111100000000000000000000
111111111111111111111111111111111111111111111111111111111111
111111111111111111111111110011111111111111111111111111111111111111111111111111111111111111111111111
00000000000000000000
111111111111111111111111111111111111111111111111111111111111000000000000000000000000000000000000000000000000000000000000
111111111111111111111111111111111111111111111111111111111111111111111111111111111111111111111111111111111111111111111111
111111111111111111111111111111111111111111111111111111111111
1
11111101101
11111111111011111101
101111101111111111010000110
11
110111111111110100
111101111111111111001110111111111101
11111111101
1
11
1101111101
11111111110
111111111101
1011111111011010011111110111
11111111101
011111101101110110011
1
1
01111111111
11111111101
1111011111101011100
10
11
0000000
1101111110111111101111111110110101111111011101100110110110110
11111000011
11
11111011111100111111111111101011111101111101111110111
11111111111101100011111
1
1110110111000001100
10011110100110010101101001100111111000
1111110101101011111111111101111111011110111111
1
1
1111111000
11111001100
111010111010111101111111110011111110111111101111111
000
01111000101011110000000
11111111101
11111111111111111000
110011111111110100101111110
1
1
011
1110110111101111110100111110111010001
11
111111101
11011101101101010111011100000111011011111100
11
1111111100
111110110000001100
111101111111111111100
0110011011100110101011101011111111111101111101110110101000010101000000100000111000000101000011000000000001001
1
1
1
100111111011111111111111111100111100111101111111100001111111100111111
0111111111111111111010111111111111010
0001011010010000000
11110101000111000
1001111111001010100
1
1
1110101111011011101
1
111111111001
1
11
11
111110101100
1
1
11011011111111010100
1111100111111111101100111111100111111
11111110111
1
011111101111
11111101101
1
1
1
1
1
11
011011111111111110
1
000000000000000000000
10011110011111100011011100001100100
100000111111111011100000000000000001000000111111111111111111111011111111111111111111111101000000000000000000000000000000000000000000000000000000000000000000000000000000000000000000
11111111101
000
0
0
11
00
00
11
11111110
101011111111000111111110100010000011010000011011
1
11100101
00011000
01111101101101111101
1
11111011101
10111111111110111111
111101110111110111010001101
11
011111110011111110
011111111111111111111111100110111101
11111111101
1
11
1100111111
11111111110
111111011111
1101111101101110101101111111
11101111111
111111101001101110110
1
1
11111101111
11101111111
1110111111110010101
10
11
0000000
1111100111110111110011111111111011111011011110110100011111110
10111100011
11
11111111111111110111111010111110111111011110011111011
11101111011111110111101
1
0000001011111011101
10100101110111001000110010101111100011
1111111011100111111011011011101111111111111111
1
1
1011111010
10110010111
111111111101111011101010110101111111111111110111101
000
11111011111
11111111111110111001
111101111111001111010001111
1
1
101
1111111100110111111100011011100100111
111111011
01111010010011100011111011111110111001100011
11
1111101110
111101000000011110
111101101111110111111
0001110110101011110101011010111111101111111111111010101001000001000001010010010100000001001100000010000100010
1
1
1
101111011101111100111111111110111101101010010111111111111110111110111
1111111111101111011110111101110111111
0001010111000000000
10110101101010100
1110010111111000001
1
1
1101011110011111101
1
111111100111
1
11
11
011101111001
1
1
10101111110111110100
1100111111111111101011111111011011011
11111111110
1
111101111110
11101111110
1
1
1
1
1
11
101111101111111101
11100111001110110001110100100010101
