00010
11
11
1
1
11101100
0
1
0011
10111
11110
11
11
0011001
111100
11111001001001
011000110
00
000111
11100
1101101011
10111
11110
10111
11
11
01111
11
100110111
11
111001
11011
00111
11
11
11
01111
11
01111
11
11100110
11011
11
11
01101111
11
11
001111
001111
111111000
11
111101010100
11
01111110110101
1110110
11
11
11
101110011
11
11
01111
111001
01110100011
11101
0111
10111
11
111010
11111010101101
11011
11
1111111000
1111
0111111000000000000000
11
11
11
111100
0101111
11
11111000
100111
01111
0011111011010
11
11
11
11
11
10
001111
11
11
11
11
11101
11
11
11
11
10111
11
11
11
11
011101100
1
11
11
1101
00
01111
0
1110110001101
11
0111
11
11
1011111010
00
10110000100001
0
0
1
111111000
001101010010
11
1
000
1101101
00
0
0000000
101001000
001101011
1
01
1
1
100
0000000
0
00111
11000110
00111
1
10110101100000
1101
1
1
1
0000
11001
0
000
01
1
0111
001
1101
1
1
1
1
1
0
1
0111
1
0
1
0111
0111
0
0101
111101100
10101
1111100101
01111
10111
11101
11
11
01111
11
110100111
11
100111
10111
11100
11
11
11
11110
11
11011
11
10011110
11110
11
11
01110111
11
11
110011
110011
110011101
11
111010010110
11
11101011110110
0111110
11
11
11
011100111
11
10111
011101
11001011010
11101
1101
10111
001111
11110111100011
10111
11
0111011101
1111
0000101100110000000100
11
11
11
111100
1011101
11
01101011
011011
10111
1010101110011
11
11
11
11
11
01
101101
11
11
11
11
01111
11
11
11
11
11011
11
11
11
11
111000101
11
