1
0
00010101111
0000
1
00000
1110101111011001
00000000
1101001011001010
11100
0111111
111111110100
111101010000
0001111
1111110
0101111
1
1111000
0011111
1
1111011001
1111101111001
1001111
1110011
1
1111101
1
1
011111011110
1111101
0101111
0100
1
1
1
1011011
1
1
0000
0100
1110101
1
1
1111000
11010100101010110011110110000001100000000001000000000000000000010100
000110010011111100100000001000010001
011110001011111100000000000100000010
1110000
010011
11111001000
11010111001111011101
01010001100101110001110101010101
1010
0100000000000
111101111100
1
110100
1
1011111
1
11101010000000
1
10101
111
0111111
011011110101010010
111
111110111100100001000
11110111000
100101111110010000100000
10101110011100011000101010001
000100
1
1
10110100000
010010000111110000000000000
00000000000000000000000000000000000000010001000000010101011000000110000100011
1
0000111
1
1
1111101
0101111
111111111100
1
1111100
10101001111
1
00010011111
1110101
111111101100111010
1
1
1
111101110111011
1
1
00010111111
111100
1
1
1
0010000000000
0000
0001000000000
0000
00010000
001000000000000000000000
1011001
0101111
1
1101001
0101111
1
1111100011
1011111111100
1011011
1111001
1
1111011
1
1
101111111100
1101111
1011011
1000
1
1
1
1110110
1
1
0000
0100
1110101
1
1
1010101
10001110101110001101010010100101010000000000000010000000000000011000
110010111000100110000100001000100010
101111101000111000100001000100000000
1001100
011100
11100001110
11110110100110111011
01110010011001000111010110011100
0110
011111110101
1
110100
1
1111101
1
01111100000000
10011
111
1111101
011100111110011000
111
001111110111001100000
00110111011
110000111010001110000001
10011100101101110110000001100
000010
1
1
01010001100
000001110011100000000000100
00000000000000000000100000000000000000000010000100001110000000001010000110011
1
1110000
1
1
1101111
0101111
111011111011
1
1110011
11100110110
1
11100001011
1110101
011111110110101101
1
1
1
111111110101101
1
1
01101100111
011011
1
1
0000001000000
