11
010111
11
11
11
11
11
01011
00111
11010
0011111
11
11
11
11
0111
0111
00101
11
11
11
11
11
11
11
11
11
11
11
11
01101
0111
100111
11
11
11
11
1111
110
11
10010
11
0011011
11
11
01111
10111
11
11
1111
1111111110101
1111
11
111111111
1111101111110111
1111111001
11111111011
01111110111101
111111111
11111011111100111
111111101110
1111111101
1111111101
01111111011011
111111111
111011110011101111011010111100010
11111111101
111101111101
10001101110111011000100000
011111111111
111111111
111111111
111111111
111111111110
1111111101
00101100000001110001000111100000111101010101010001011
0101011
1111111101000001
111111111001
111000101
11111111100101
01111110110111000000
11
001100010011111010000010000010100000
11011111111110
1111011110111
11111111101010101
1111110101111100
111110011111010110010
10110
111111111
1111111
11111111011011
111111101111001
1111111110001011
111111101111110
111111111001
011101111111111011000010
111110111
1101111
111111011111011
0111
11111111101
11111110111001100
11110111001
0111101010100101000101010
11101111101111
111111011111100
111010
11111111101100
1111111011
01111111011111110010
11111111101
101111
0111111111101
1111111011010111
11111111101100
111111110111
111111111
111111111
1111011011110101
011110111111101100
11111111011
111111111
111111111000101111101
111111111
111111101111011
11111111011
1101011111111
111111110101
11010111110001111110001100100101101110
011111111111010000010011
10111110111111
1111111101
1111111101
1111111110101111011
11111111011
1010111
11
11
1110
11
11
111101100100
11
11
0111
11
11
11
1111
011
11110
00
00111
11
111100
11001
00111
0111
11101
011011
1011
11
0111
11
11
0111
11
0111
0111
0111
11101
11
11
10111
111010
11
11
11
11
11100
11
01101
0111
01001
11
11
11
11
11
11
11
11
11
11
11
11
11
11
11
11
10011
11
11
10111
11
1111
10
10011
0
11
0
00111
11
11
11
111001111
00000
11
11
111101
11
10011
1101
01110110101001010110
101011
1101
10010
11
11
1101111111111100
11111111
11111001111110
0
0001001011100111011
1111000110111111
11110111111
100111001111
01110001011100010
11110111111
11111111
11111111
11111110111111
1111011011111101
0111110111111
1111010011111101
1111111011
11111110111
11111111
111011101111110
11101001110111111
111111
1110001111111
11111111
11110111101111
0111101011111111
01111111111
1110110101111111100
11101111111101
11110111111
11111111
11111111
11101101111111011
11111111
11111111
11
1001111
11
11
00010
0011000000000
0111111001
00111
111010
01011
1011
01111000000
11
11
01
00
1110
0
0111
1011001000001
11101000011100
11
111110010110011
0000111
111001110001001
110100
11
11
1111001
1111
11
11
01101110100
00010011110
11
011111
0000011
1110000
11
011
1111001
110101100001
0
1110
000110
11
11101111111
111111111110
11110111111
0011101101111111
11101111111011
11111111
0110100001111111
11110111100001
11111000111111
11111110111101
01111111111
11111101110101
1010111001000011011111
11110111111
11101111111110
1111011111101
111011101111101
1111101110111
11
10111
00000
0111
11
1110011
0111
11011
11
11
11
11
0000000000000
1110
11
10111
11111
1111001101
1111101000
11111
11111
1010110111
111101111
11111
11111
11111
11111
10100
11
01101
11
11
11
11
11
11
01
11
11
11
11
11
11
11
10010
10
1011
11
1101
11
0110
11
0
11
11
11
11111111
11111011111
01100111111110101111
11110011111011
0000111111
110111
111110011111101
11111111
1110111110111
10101
11111111
000000
11111101
1111001111111
11110111111
0
11111111
11111111
0111000011111101
111110011110101
0001011010011111101
1000000001111111
00100
0000000000
11111000001
11111101101111
11
00000
11
10
11
10000
00111
01101
0
11
01110
001111
111111111
1111110111101111
1111011110
11111111011
01111101111011
111111111
11111111001110111
011011111111
0111111111
1111110111
11110010111111
111111111
001110001101100011111011011111111
11111101111
111101111011
00110110110110011000100010
011111111111
111111111
111111111
111111111
110111111111
1111111110
1100010
10010
1100000
10101
101101010
1001101
11100000
11
0110010000010000000011
11
11
1110111000
110011011
1011011100110
11
1011011
01110
101100011
11
11100
011101000011
11
11101
1110
001011110
00111
010001100011
11
0111
110011
1110
11110
0001111
1101
0111
1011
11
11111111000111
111111111101
111111111
111111111
1101101110011111
111111001110111001
11111111101
111111111
011111011011111101110
111111111
111111011110111
11101111111
1111001111111
110011111111
11010111011101101100111011000010101110
001101111000110111100111
11111101011111
1111011111
0111111111
1111111101111101110
11111110111
11
