111110011
11111101011001111101
111111100
011110110111111111110011101111
1011111100
11111110011011111111
10010101100
11000111010111110010110111010
1
0100
11111
1111111
11010111100111110100111100010101110111
0111
11001111
0
11111
01110111111111110011011010
011111
1
1
0
0
0111
1
00011101110101111011111101101111011101111011
01111
11
1111111101001
11111111100111110111111
01111111111100111110
1
1100111
0
11111
1111001111111011111110111111
100010111
1101010011111111111110101011011
000
111111100101111110101
11111111111110110
11111110111101111
1101111110111100111101111
111111101110110011011111011110
1111101111111
11111011110011101111
011111111101101111011
111111101111111100
1010111111111001111101011000
01111111111110111010111
11111010111011011110
0111111110111111
11110101111111111010110001
11001110111111011101101110011
10110111111111111011101010101
1101111001111100111110110101000010
010111011110111101101101100011100111101
11111111111101
11111111111
111101111011101101110111
1111111110010111111010
11111111100111100110111
111101010111
11111
10111110110011001111101110100010011101011011
111111
011110000111110000111111
1000111111111011010101101110
110101111111110001011111
101010110010110111011110111011111001000001
110011110011010101111010001111000001000
10100010100101101111001010110111010010110100
000011011111011111010100111
000000001111110111110111110010110
1011111111100100011110
111111111111111101
01110110111111101010011101101101
11011111010011010111011111111101010110111000001110010101111
001110001111110
0000011011110101000000010000000
101011101111101101011101010111
110010110111011001110001011111000011000000011
1010111110111111001
01110111011110111111101110100010
1111111101100101111111
011101111011111011111011110000101
1110011110111010111111110
01111111101101111101111100001111010
1110011110011111011010111
111100111111111100001
011100010
011111111110111011111000110
110111100101101111110111100010010000111001101101011001111
111111011111111001110
1101101111000000010100011011011100000000111011011100110110000
1100110011011110111110011101110111010
101011111110111101111
100011111110011001011111
1100111111111000111101111
011110111111111111111100
11000110111111101110101111100
011111011111101111011
0100001101111001110101001111011000000001110
11111101100111110111
0111001011101111111100000100011101000
11111111111011
11111001111101111
11111111110111110
100111111111110101111011010
11110111110011110111
11101111110011110111101
11110111100100011101110
1111011111110110111101010
1111111110111010111011
11011111100110101111100100011101101110101101001
0111111101111110110
11111111110101111
1111100101101111
111111110111011
1111101011111101001111101111
1111111100111111111011
00111101111111111111010111
11111110111101111
1111111110101100001111
11111110100111110
1011
11111110111110111
00000000011111010
11111111
0110011101110100110
01
00011
11101
011
111010000
00111
1111000
001111
0011000
01000110001
01111
111000100
011000
001111
11
110001110001
01111
11011
11
01000011100
011
11011
0110111001
00010010
10100110011
1010
001111
11
01111
11101
00000101
011
0101000000000100
1111000
1111000110000000
11101
11
11
10111
111010
01
11101
0010111
100001
001110
011011
1001
11101
011
0011100001
11001
00
100111
11
001111
111001
11101
001111
11101
000001
11101
11
11110
101011
111000
1
0111
0
0001
10111
001
1
01
11110101110
0111
0101111101111011
01
1
10110
00011111010
1
1
1
1
1101
10111
10
1101011
1
1
000
000
00
0000000000
0000000000000
11110111111
111110111011011011
0010001
101111111010101101110
1100
0000000010
11111
11000001000010
11110011101
110010
00001011000000010001
1101100010
1010010110
00000
0
010001010
111011
1010110010
00
11011
0
11111
00
0000
011
1111000
00
00
010010
1111101110110111
111101
011111
100111
011101011111
11111
1111001
1111101111011000
1110101
010
1111111000
1111001
01111100110000
0
0010001000
10101111
11111010010
0000000
0000000000
00
0
111101
11111
011111101110000
111101110111000
00
0
011111
1101111100
1111100
11110111101
0010000000
00100011100000
1111110100
111101
00011010
1
1101
101101111110110011111
10111110111111111
11100111111111111
1001111101101111111111101
001101110111110111101111111101
1111111111011
10111011011111101111
111011100101111111111
101101101111111111
0100111001101011111111111001
01101111101011111111111
10101101111110011111
1101111111101111
11000111101011111101011111
11110010011011101111110111101
10111110011110001111111111101
1011011100010110011011001101101111
001111010001111010111110010111101101111
11110111111111
11111111111
100110111110111111111110
1110101001111111111110
11011110111011101111101
0111101
1111
0001101111011111110000111000111011
1111
111111011000110
0011111111011110001011
0111011111110001111
011010011111110101111110100011
010001111110110011000010101000101
110011111010111010000101101110
1111111111001101
101110110101011101100001
1111100101101
1111111111111
111111110110010001111110
110111101101101100111011111000001110011001111111001
1110111100001
11110011111110011000111
1010110101111111010001100000000110
10111110011100111
11111101101110
111111111110
11111110111110111100
01101111101101111
111011001101111
0111110011111
010
1101111111101001110
1111011110111001111010111001111001010110010100000
111111111011
1010100101010110010110111000001001001001110001001
01111111101010111110101
1110110111111101
11111011110111000
1111011111101110101
10111111101101111
11111101011010001111110
1111111010111101
111100111101101100111110
1110111110111
001101011111110011000101100001
01111111111111
11011111100111111
11011110111111111
111001101110010011111111111
11101100101111111111
11101001111111111011101
00001011101111111101110
0001111011111110111111011
0110111011111110111111
00101111110000001110111111101110111111110010010
1100100111111111111
11101101111111111
0111011111110011
101011111111111
1111110100101111101111111011
1111111010111111111110
01111100111111110011111111
01110111111111111
1110011111111001001111
10011001111111111
11011111111111110
1000000000010
00110110111100
