001000100010
0111111101111
111010001
0
000
11
10
11
1111110110
0
1011111
00
1
01
000101110
0000
101
01
1
101000111110
01011111101
11
11
001011001
11010101100011
00001111
01100000000000
1
110011101101110011
1
11101
0
01
11100
1110110001010110100011
111111
11111
00
011110100101
1011
11001001
0
1000000001100
1
0
1111111111011101010011
1
111011
111
10001111
0100000
001110011
01111011011
111011011001
00000000000000000000000000000000000000000000001010010000000010000000000
00000000000111000000000000001010
000000000000
00010111111
01001111001011001001
11110110000110100100
11001
0100001110111100
11101
100111101001
111111110110011101101
0
00
0
0
0
0101011
1111
11011101
11101111101
10100111111001
111000011011111
0000000001110
100011011001001101010010
00000
011000101001010
000111110000100011111
110111011110010110000001
0000100111011100011000
11110100001111100110
111101011100111
1111011011110100100110110000010
11010111111001010001110
001100110110010111011
10111111
10110100
10000010101100000
01000000010000001110000000001000000001
010001010000
00000000
00000100111001001
0000010
1010111000000
101000000111001
01000000000011100
1110111010101000111000000
00101000000
1111100000000000110001000001000
000000
0000000
00000000000000000
0000000
1000001110111101110010000101010
111
111101
000000001101110000000000101000001
111110
111010111010010100000001
111100001
00000000001001100100000011000010000000
00001011100010100101101
011100000000011000000
0011110001101011000
111001
0000000000000000000000
11111111
1110111
1111011111111
1110101101100111101
11111111
1111110011111
111011111101
11101110111
11101111101110
11111110
01111111001
1101100111110
1110111111101010
1111111110101
11100001
0111010111101
1110111110110111100
0111111111
111111
1111111001111100
111101101110
11111111101
01000001010000100
0001110001101001001101010
0000000000000010000000000000010011000001000100100000000000000000000000000000000000000000010100000000000000000000000000000
111110
00100001110010001110001010000000000010000010
111000110001000
001000000000111011100000010100011001001000
111000110001
111110
00100000001100001010000000011001000010
11110000
10111
0001000000000000000000000000000000
01111001011000001
111001
111001111000000000000
011101100011101000001010110011
010101110010101101
11100110110110100011
110011111
1111001011111100101
1011011011101
1000101011110110011001010111
101111010011101101
000101111110001
1011111101111
111111011
1111111
1111110111
1111111
0101111101110110
111011111111101
0111111111010000110100
01010111010100111010
11111011011111001001
101111110001
01111
11110000
1000010000001
00000010010000000000100000000
11111100
110101010001
111
000000110011010100011000000000000000000001000000
111110
111
1111000
000000000000010010001000
111
1111000101110000000001
01000001010000000000010000000000000000000000000
0000000000000000000011000000000
11011111111110110111010011000000100
11111110111
1111111
11100101111
1111111011100
0000
01111010001101000110
010101110110111001000001100111110
101110111111
010001011100100010000001110
01011011010100111111
101111101111111100001000101110010
11111110111011
101111010110001
01111111010000100101
0111111111010110001
1101100110000111110
01001110110000000
1011111111011110000
1110101111011100110111001
111011110101
011111111001
11110111101
111011111101
1110110111101
11111111
1111101011110001
1111011010111
1101101101111011101
011111011000011011100
01111111
11101110111011
111111
1111010111011
111111
11111011111
11100111111000
1110111101
1111011
11101111111110
00011001
000
0000
0
1011100111100001011010
11010111
1111110110110111
0010010111111010101000100001101
111011
111
101111
00011100000001000000010000000100100
000
11110110111111
111
1110011
101101001
11
1
1
0
0
1
1011
11
100
00
1
1
11
1
0
11
110111001
11
1111
01
111
1
110
11111
01
101
11
1
111
001
11111110011
000
111000000
11100000
0000
11111110101000
1101010
111110111
1
1111
11
1111111010
1
000
11111
11110111
11111101
1110111001
111111011
01000110111011101
101111
011111111011
01111111
11111101
10101110111
110101111100
111110100111
1111111
11111
1011111
11101111
0111011101110
0101101000110101111
1010111111
111111101
1111111100
111110111
11111
011101111010100111
11111101
0
11001111111
001010110111001011111010111
11111
1
01
1
101000
100010100101000010001
111111101
01
000001000000
0001110010111111110001001000000111011
10001011011111101001000010001
000000001101101100000111000010
111
11101
11110101
000000000000000000000000000000010000000000000000
11110100000110000101
0101110111101010000010100
111011101000111
111101110001
00000100000
001101110100110001111101000000000000011010001000
001000111100110011111
1001111101010001101100
101101110
011011111101
0100110110110111111000100000111010001
1000001000
000000000000
10011011100
0011011110111101100110111101110
00
00111
0000000
0100000
0010000
0000000
1100001
001100
000
011001
111111001
0000000
1110010
00
010100001
0000100
0000001
0
1000
010
0000000
1
101
0
000111
0
0
0000
000
00001
10000
0
0001000
00
00
11111111000
0
1110111
0
011111000100
10
10000
01111
1
00000
11
0
1111000001100
0000
0
0000
1001
111
110
110011
00
0
00
0
00000000000
00
0000000
00
111111000
0
0000
00
10101
1
0
01
1010101
100
0
00
0
11
1
001
00
0000000
0000
0000000
1
0000
0
0
000
00
11110111111110
0
1
011
1110101
001
0
1101
0
010
0
0
0
000
00100
00
0000
0000
00
10
1
000
000001100
101
000
1
100001
1
01
1
101
0
10
000
0011
0101010
00111
1
111
1110101001001
00001110000000000010
10001
0
111
0000000000
0
000
0101111000
0111
11010
1
0000001010
0100010100
0
00000000
111010000
0000000000
001
0
110100010000000
00
0
1000010010
1111111
010010100
00000
000
1
000
00
0000
000000000
0010
010
0
0000
11110110011
111
1
00
0
1
0000
0000000
111001001011
10
1
0001
0
0
0
1111011010111010
11111111
1111011
1111111111101
1110110101101001111
11111111
1111110101111
011111011111
11111111100
11100111110111
11111011
11110001111
1110011111100
1110110011110111
1111100111111
01011001
1111110111000
1011110101110101111
1111111101
111111
1010111011111110
111111010110
11011111111
11111100110000000001010111001
110100100100011111
110001111110101
11111
11111100110
11011111100
10101010011101110101010
011011101001111011
1111110001
111111011
1111101
11111
1110111
11111
111111101
110101001100110010
1010011111000111001
1111111011010101001
1111110001
00000101111011011100100100111
11110111
111100011
010111110
0110110100111000101
11110011001110011010111000001
11111
111100000011011000000000
011011111001
0100001111101101100110001
11011101
1110001001110
11000001111000011
11111010110001
1111011110001
01111101000000000
11101100110110101
110001111101110
011110111101
111010011111
11110111101
111011111011
1101011111101
11111111
1110111101110100
0111110101111
0111111110110011011
001111011100001100111
11011111
11011101101111
111111
1011011110111
111111
11110111111
11010011111001
1110111101
1011111
11111110111011
1111101001111111
000
