010110
111
1
001
111
11111
0100000001
1110010
01000010110
11100110
111
0
010
0
111011
01
111
0
1001100100100
1
1110010111111100110110100101
11100111101110110
111101
00
1110
111011
111101110
111
101111
111
111
111011011
111011
11101000
111
111
111
101111
110111110110
110111011
101111
01110111011
111
111101
101111
101111011101
110111
111
101
1110011100110000110001
011111100101
111
101111
11110101011
111101
1111011001
1110010111011011
11110010
1111001
101111
111011
101111
111
11110001
0010110111011111010011100
111011
101111
11110010
101111
111
10101111
1110111010
111
11111
1101101001101
111
11111101000
111001110101
111
10111110100001
11010101111011000101
101111
111101
111
111
111011101101
1001111
1111011100111
101
11111101011000
101111
111
111110
111
1110111001
101111
011111011
111
1110100011
111011
101111
111
111
101111
111
1001110111
111011
101111
111011011
111
101111
111011
0111011110110
1111010
0111010111100
11011011100
0
00101111
111
100
0
0000100
00
0
0111
10
1101001
0000000001
0101110111010
010000000
1110100100001101
111
111011
1100010111
111
10110111
011111100
00000000000000
11111100
1101111100
1100
1001
1011011010
11011
10111
100111
110
011110000001
111010100110100010000001
01110101
100
0
0000000
0101110
10
0
1
000000000100
110100010
111000101101
0
100011
1000111
0001100
0000000
111101
01111
0111
0
110111
111011
011101111
111
101111
111
111
110111011
110111
01101001
111
111
111
111110
110111011011
111011011
111101
11110011011
111
111110
111110
001111111011
011111
111
110
0011001010111110000110
111101010011
111
110111
11110110110
110111
1101011110
1100111011011011
00110111
1101011
111110
111110
110111
111
10011011
011111
111011
10110011
110111
111
11110011
0110101111
11111
0100111011011
111
11101010110
011011110011
111
11011111001000
01111100111101010010
111011
111110
111
111
111010111101
0111110
1011111011110
101
11110010101110
111011
111
111011
111
1110011011
110111
110111101
111
0111010110
111110
111110
111
111
011111
111
1010101111
111011
111110
111001111
111
111110
110111
0111101
