00111
1
0011
11
111111
1
10111
1
1
00111
111
11
011100110
1
111
1111
1
11
11
111100
1
1101
11
1000111011
111
11
111111001101001
10111
1
1
1
1
1
1
1
1
1
1
1
1
1
000000
00
11000
1
011
1
1
1
1
1
1
1
000111
100
1101
00
1
1
1
111111001
0011000
111111
11111111111
11111
111111111
11111
1111111
11111101
11111
11111100
11111001101
011110011111111
11111
11111
11011
0
11
1111111
11
11
11
11
1
11
11
11
1
11
1
11
11
11
11
1
11
10111
1
110
1
11
1
1
1
11
111101
00000
11001
11
1
11
1
101
11
1
0100111011
01
11
1001101
1
11
11
1
1
001001
1111
11
1111010
11
011
11
11
11
100000000000010
1
1
11
01111
1
11
11
11
11
11
11
11011011
11
1
01111
11
11
1
11
11
0111
11
11
1
1
1011
1
1
111
1
11
11
11
1
1
01001111
11
11
010111
100000
1100101001
00000
11
1
1101011100000000
11
1110001011
10101
11
1000111
01000000100
1110101
00000001111
0000000100
11
1
110101
000101
1
0
11101
0
0
1
11
1101111010
0
1111011111011010
11111110
11
1
1010001
010101
00111
11
1101
1
100111
1
1
00
010011010
1
11
1111
1
11
11
11101
1
11
1
1
11
11
1
1
0000
11
0000
1
1
11
11
1
1
1101
1111101111110
0
111111
11111
00110
1
1
1
11
11
00000
1
11
1
11
11
11
1
1
1
1
11
1
00011
01101101
1
11
11
0
11
0
0111
1000
1
0000
1
01
1
1
0
1
11
1
0111011001
11
11
1100101011100
11011
100111
1111010
11
1
11
110
01111
11101111
1
11010100
11
11
1000000000
1
0111
01100010
1111000100101
11100111011100
00001
11000
11
1
0
0
11
01110000
00010111
11
00
1
00
1
000000
00000
1
10001110001
11110111111111100111111111101
00
00000
0
01000
01011
000000
0111
111
10011
110111
1
0
1
11
0100011
111101
11
01
11
111110
111
1
1
11110
01110
010000
01101
00000
001111
1011011
1
111
11
01101
1
111
01
011110010
11001101
11100110000010
11
00000
111101
1
1
1
1
0000000
0
0000
0111
00
1
1
1
11
11
11
11
1
11
11
11
1
11
1
11
11
11
11
1
11
11011
1
101
1
11
1
1
1
11
110111
00000
01101
11
1
11
1
011
11
1
0101100111
01
11
1001110
1
11
1
1
001100
1111
11
1101011
11
101
11
11
11
010000000000001
1
1
11
11110
1
11
11
11
11
11
11
11010111
11
1
10111
11
11
1
11
11
1011
11
11
