11
111
1
1
1
1
1
1
11
11
1
111
1
1
111
1
1
1
111
1111
1
11011
101
1
11
11
111
1
1
1
1111
1
1
1
1
1
111
1
1
1
1
1
1
1
11
1
1
11
1
111
0111
1
1
1110
10111
1111
1
1
1
1
1
11110
1111
1
1
11
11
0
011
1
1
0
1
0
1
1
0
1101
0
1
0
1011
1
1
1
1111111
0001
1
01
1111
1
1
1
1
1
1
1
1
1
1
1
1
11
1
1
1
11
11
11
1
1
11
11
1
1
11
11
11
1
1
11
11
1
11
1
1
111
1
1
1101
1
1
1
111
1
1
1
1
00111
11001
1
1
1
11
1
1
1
1
11
1101
1
1
11
1
0111
1
1
1
1101
1
1
1
1
1
1011
01
01
1
1
1
1
1
1
1
0111
11
11
1
1
1
1
1
0111
1
1
11
1
11
1
11
1
1
1
1
1
1
1
11
1
1
1
1
1
10
1111
111
1
1
1
111
1
11
1
1
1
11
1
1
1
1
1
1
1
00
1
1
1
1
011
11
1101
11
1
1
1
1
1
1
1
1
1
1
11
11
0111
1
1
1110
0111
1
1
1
1
1
1
1111
1
11
0111
01
1
1
10
000
1
1
0
0
1101
1
1
1
1
1
1
11
0
1
1
1
11
1
11
1
01
1
1
1
1
1
1
1
1
1
1
1
11
1
1
1
11
11
11
1
1
11
11
1
1
11
11
11
1
1
11
11
1
11
1
1
111
1
1
0111
1
1
1
111
1
1
1
00111
11010
1
1
1
11
1
1
1
1
11
1011
1
1
11
1
1101
1
1
1
1101
1
1
1
1
1
1101
01
01
1
1
1
1
