11110111110
11110111111111011
1101001
111
111111111
111111
111101111001011111
011111101111110
111111
111111101111
0
1110111001100110101110110101001000
11110111
111110101111
111011111111111
11100111111110011111
11110111011
11001110111111101111
11101111101110011110111
111111
111110111111101111
11111011110
00110100101100100001101111100111011101001110000110111
111111111010111110011100
1111111011100111001111
110011011001111110100110
11111011111100111101
101011100100111011111
11110110111001101
1111101
111110110011011111111110111010010101
1111111101111110111
1111101111110011111
1110110110111110
11101111011
11110101100011011001110110
111011111
1110011110100111
111110001
100000100111111
1101101011111111011001110010110000
111111110
10010001100100
1
1
1
1
1
1
11101011011101011010111011111
111110111111101111
111001000100001
111011111
1010110
10000001110000110111
11110110011110
110111011001111011
111111111011111
1110011111110110
111111110
111011111111011111
1101011010001101011000100000000001011110010
10101011111111110111
111111000111101110111110
001110
00
0000000
0
001110100010101010
00011101101001
101111110101011111111111
1111111111011110
1111000011111111100111
101111011111011110
111110111111111101
111111111111
111101111111011111
011011011000011110111110111011101110
11111000111010
010110110111111111100101011011110111
0111101010111111110011100111100110
11111101111111111011110111100
1010000
1110110111001101111011000111100100011100010011111011100010000000100001000011111111011011000111001001000001010001010000010011000000000010111111000011
0111
110111111101101011111111110111001110001111101
000100000
11111110101111010011010
1110011110110111000101111110001110101110111111
111111101111111111100111110
1011100011111110111010111011011110110100101011110011
11111000111110000111011111110110011011010110110101111
00000000101001111101
1000000
0101001110010101000101100110
011001010011111111001110111111001111111111
01101101110100100100111111100100011011111111101011111
1101111110101011011011111010100111101110100100101010011101110111111110110011011
001111111100010000000100
11000001101010010001000000100101101110100010100101101100000011001100000111010010000011
11001001111100110001
1
1
1101
1
1
1
0111
0111
1110000
0111
1
0100101
1
1
1
1110100
11111101011111
1
1
111111
111
1001101
11111
111
1
00011
1001
011
1111
1110
1111
11111110101111111
1111000111011011
111110
111
1
0111111110111
011100
1
0
1111001111
111111
1011
1011
1110011
11
111010110011101
11010
10
11111011111010101111101111111101101111111111110111110111101111111
1111111111111101
1
111111111111111111111
10111101101111111111111100111111000111111111011111101111111111
1110111111111111111111111111111111111111
111011111111111111111111100011111111101111111
1101111111111111111111100111111111110001111011111
1111111001111111111011111111001110111110111111111111
1111111111111111111111111011111111111110111111
011111101111111111111111111101011010110011111111111111101
111111111111111111101101111111111111
1111111111111111111111001111111110111111
111111111011011110111110111111110111111111111111101111111101111111101011000111111001111101111
011111111101111111111111111111111011011111111111111110111111
1111111011111111101111101010111111111111111111101111100011111111111111011111110
1111111111111111111111011111111111
11111
11000000111
111110111101
11
1110110011111
1111101011
010111
111111001011
11111111101110
110
00000000000000000000000000
111110111101011010010100111111
1
01001
111
11111
1011110011111101110100011
1
1011011111
11111
1100
01011
1111
0111
11011
101100000100010101110111011100
010011
0111
1010000
1
1
0111
111010101011011010011110111110011000101111111010010101111111011110001101
110110011100110111110100
1111111110111110111
111111010111110111101101001010010010101
010111110101000011100111
101001111111111011111000
1110001010111011000110001111000110000110011111000101
1111111111111011
111111111011110001
111111111101111101
0111111111000000011101110110
1110100
01111111111100011111111101
01111111001100010101100
11111101111111110011010111
011111111110110111111
1011011111111010101011
110101011110000101011111
1011100000110000000000000000
011000110100010010001101
111101011110000101111110000
0001111010111011111110101001
1111100011001000001000100000
1110100011011000100111000101
1001001001110001100101001000
101111101110001101111000101
1111100000100000011011011
011000000001000011101
0010000
0000000000000000010000000000
001010101011101000
011111111011111111011111
0110000000010000110
0110101010100000000000001010111011101111111011111110110
10010100
11101111101111011000111111111111011111110101011010111110
1111111111111111011101100110101
1100010
100101110111110111101011011010111111111011110000111101111101101000010101111011011
1111111111111100111101110
1110110111111101000110111110011100101100100111001100011011111
111010111101110111111011111011111
00111
01011101011001010100001000001110110110000000011010
11110111100011111011100111011111010110000111111101110100
11011001111110111101111101011011101101111010101111010110111100
11101111110111111111111011101001101
0100000111111010000001000111110101100010001110000011101111100011110001100010111100001001011110011100
1
0000000000000000000000000000000010000000101000100010000000000000111000011001100100001000111100001
111111110111001
11111111101
11111111110
11111110111
11111111
110110111111011
1111111101011
11111111
1111110101101
011111111110
1111111101011
11111111
11111110111011
111110111
11111111
1111111101010111101
111111110001111101
11111111
11111111
111101110111
111101110111101
11111111
111111110100011111011010
10101111110111101110110101111101001100011000010111001010001110101111011
01100110101101010110011010010000111011100010101010011100000101100011110111111101
11110110011111111111011101111110
110100111111011111110001010110101110110110111100011110100
101000000011110100100010000110011101111011100111011000100101001111111001000000000000111011111000111000100001010000001000
11111101110011111110111011111011
111011000010111101111111000011001111000010111101111110
111011111011101011111111111
01111110101011111111111110111110111110110111110010
1111111010000111110111100111101101110010111101111110011110111011
0000000011011011111111111011101110000000010001110000001
101111110010101111101011110111011001100110
10111101100100111101000001111011101000101101011101110010100000111
00110010111100111101001111000101001111100001001010110010011010000111011110010100010110
111
11100100011
011101111111100100010010
110110110011100
11111111
1111010
11111111011
0111111101001010111
11111111
1111110111100000001101011101
011111
0111111110111101
0111101111111
11111111011
1111111100011
11111111
01111111111101
1110111010111010
1111101110111
11111110111
1111111110101
11110111101111010
11111111
1111110111111011
0000110100010110101000000010001011100100011000001111111001100110111100000100000101111111100100001100011110010010000111
11111011111111111111111001110011
101111111100001011110011110000
00001001001001110011111111111011111000010001001011111101110
1111101101111110111111
110111001110100000011110111111101110100000101111001110001001001010101001101
1111110111111011110111100111100000010010100000
1110110110001111011110110110000110100011110100110111100
1001110001000010100001100000100000000110001100001001011100001011010100111101
111110111110001111101011110101000011111010
111110110101111110111111111100101101101111010001011
100010110000000011010001000001101101110100000000001
1100000
00000011101100100000000110
111101110111100011001010001
111111110011
11111111
11111101110010011101
100011111011111100011100001101
01111001100110111011
111111101101110011
111111011011101110
11111110011
111111110000011
11111011011
1111101111111011
111101111110111001110001
111110111110011
1101111111011100011001
11111111101011
1111101011
11111111011
1111010
111111110110011
11111111101110
11111111011
1111101111111
11111111
11111011111
11111111
11111111
11111111
11111111
011111111111101
111101110111
11111111
1111111111011100
11111111101101
11111111
11111111
11111111
11111111101
11111111
11111111
1111111010111
1001
1111110111
1111101111011
1111001
11110011101
1111110111111001111101111111
0110001011011100111010111111011111111
1111111101010011110
1101001001110101110110110100100111000100101011110100101001111101110101011101
10010101111111000111110111111110111001000001001100111011011010001
000011100000100100101101110101000000100101101110111001011101001100111111100101
111101100111111111110111011
011111011111
110000101101111111101101111101010111011111000011111111001001101
111111111111000
0111101111111010111101
1
111010101
0000
1001000000
1
1
110010001
1
00111
1101
101111101111
1111111111011
111111111101100
1111111110111101
1111111111
11110100111111011011001000001000
11111011111
111111111101
1111100011101011
0111111011001111001101111
0
1101111111111111110111011000
1011111011111010
1111101011111
111110101011111
0111110111111111
11111111101101
111111111111101
111101111111011
111111111010
11111101110010000001
11111111101
11111101111110101
11111111110
11111111
0101
1
0010000
000111
1
0111010010000
1
01101
101100
11011001
11110110010000000010
111110100111100000011101
111110111110
1111111111000
11111010111001
111111111011110111
1111111110111
111111111011100101
11110011
11111
01111111111111111
1111110110
0111111111101111011
11111011
11111111110
101111011110111110111011111
101
110101111
111111111111111
11111111110110111100
111101011111001
1111111101
01101101101111
01000111111000011100000000001
01111111111011
01111011111110111001
1111111110001
11111111101
111110100
11111101011111110101
111
111
01011111
110111100010
11101101001
10100101111111110011100000011110010001
00001111111010101001
111010110101
11111001011
011111
1111111111
11111111101
11111111101
111111111011
11111
1111110111111110101111010100101
1110101011110111111011111111011111110110
111111111111111111011111101
11110011110010110011110111011101111101001110111101
1111111111111010100011110011111010
0010111000010101011101111110110011010110010000011001111100111
000010001001101000000100111010000011001001111000011001101001100101101111011010011
1111111101111110111011011010101011
111111111101111110111
111111000011111111011111111
0111101010110001010011010101011111101011100001110100010101111111011010111
110101111110100010111100010101110100010111001010101011111111011
111111
1111001111
111111
111111
111111
110111011101111
111101111
0111111100110
111101000001111
1110111110
111101110111
111110111
111101101111
0111000111
10
1111001111
1110010111
111011111
11110010111001
111011
1111111111
1111011111111011100011110
11111101110011011001
1111111111001101
01111111111110101110010
11011001111011
111011111101110100010001
11111111101
111110011101110111111
1111111111
1
000000001000000
111110111011
11001111000011110011011011000011001101101111011011010010011101111000100010110101110000000001
1011111001010110001100000111000111111111111111111111111
0001011111
111101111111101111
1
1
111
1
1
1101
1111100
1
0100111
111011
0011011111
110111101
01000000
111111110
111011111
111111
011111110111
1111
1111
000011110111010000111001010011
0101001010111111
01010100000110101000000000011001011001000001100011111000100100100011000110
11111
1000011100001100010000101100000010000011011
0111011
10
11
11110101111
1111011111111111
101001011000101001110010101001100011111101000110000101
011100000011011000000110010000000001001111101000010001001100000000
11101110011111110111111101110
1000011011010001111110111000
0001000011111011
00001100000011011001011111111
111
11110100001010010011011111
1010010001000000000000010001111111001101001111111
0111110000100100101000110111111010000000
101
00010100000101100000011100101010010000011111
01111101100111110111
010000110000000011000000001110001110101000110
011100001100010101010110111111011001
1101000000111110110
11111101100011101111011010100010001100101000001111000101101011
0100010011001111111111111101111111110011
111110111101111111
0111101111
11100110111101111011111010111111100111000001101110
01011
011111
1111001000010011111101011111101001
10110110111110001
0110010101110011001110011110100
0001000000000000000100000100000010000000010000000000001011110010111110101111000101000000000000000001000100
111111111
1111011111011111
111111
11111101111111111
011111101011111101110
000110001000010100111011110001
010000101010001000011111111111100001001
111110111111111
010000001010000111011111111111000111111110100110111000011011000
00000110001111101110
100011111101011100001101100100011111110010000010101001011
0000001
1110000
1100000100000
1
011000
011101101010011010111100111100101001011111101111011100111101101011101001010011011010100101000010101000000100101000000001010001001000010010101011111
1110111111111101100111000111011
000011101001000001
1111111111111111111111111111111
00010000000000000010000110011111101000011000101
1
11111101
00000011110
11111
101111
101101101
10
011001
0
0
011011101110001111
10100111110011
11111111101
00100000011100000000001010111111
11011110111011110101
100010111110110110001101111
0111111101
011011111011011100
110101101001111111010100000000110
111111
10000011001011101001000110000000001101110010000010
11100010000110000100100010101101
111111111101111010101101
00
0110000100010101
11100011001
10
111001101101111101111011110111110101
11111
110011101111100111101111101010011
11111111101011001
0
0
011111
11110011
11111
101
00000000000
011101110101
1100101101
0111
11
1001011111101000010001011
10111011110111
11110101111111111110001011010001010000
01
10010111100111110010111011
11111111101111111
0100
1111011000010110100000
111101
1101111110
1010111111111100111111110
001110001111110
0
0
0
111111
011000
1101000101
111111
01110100111010
10010011010110100101
0101
00000000011011010
000010101100010110100110011
11
01101011000001101010000
010000101110
1000010100110
00101100010100010001100011101
00011001011
011
1110
00000
10101010100001100010
11101011111
00
111011111
10111
010111100
1111000
111011000010000110
111
100110011
10
11111111
1011101111111000101
1000011
1101000
0
0
1110000100
00111
11100
0111
1100000110
0110111
0000000
111010
1
1
1
0
1111111101
110101011110100000000000
00111
11100
0000001
1000000
11100
1
00001111001
1000110000
11111111
01110100000110
0
1110010010110111100011
1011001010101111
01
110101100110010100
111111
11110110011000001
111101011110101
0111011111
1001010000011110101010110110110101
111101110111010
11111111100000100100
11100111100100001
0000110101000100010011111
1000010111111111000
110111100011110101
00110110011111
01110001110110
111011111
11110101110
01100101000110110011111
110000011110
000011101
000100001101111
0000101011111
111101011110
1100011111
110001100110110
000111
00000011110
00101111100
000001011111
10011000011111
00100000100101011011
11110111111011101100111110
01001110100011100
01000000101001000010000010111011000000001
00001101
10100100001110
010
0
0100100100011010
000110
011111111100
0101010101001101011011011101000100100010
01001100011101000000001001
110
1100000011110110000
101
0101011000111
011
110110110011100011
0000000001101110001
00011100101110100010100110000001
1111
111000011101
110001010000111101
1
111011
010000100110
1010100110
11000
1001110
0110100111
0
000101010001100111
001000011101111
01011100011111011
110011101111111110010111101111101101
1111111110100
10100
111
111
111
111011
111
111
1101
111
111
111
1001100
111
111
111
111
110111
111010
1011100
0111
100111
111101
001110000000101000000011101011101
0011110110000000111111100010101100001111
111111101111000
110001010011001011110000011111
0111001111110
10110110100100
101110000010111101000100000110110
01110100111100
00100001110001111101000110101
111111
01010111111101
1010000011110001011000001110
00001010111
0
111
111
111
01000000
110111111111111111111111011111001111111111111011111110001011111101110111111
0101000011100101110001011
000100111100000000000
000000100000010
101
0
0010
10111
11
00100
1111110
1111000010
000
1111111111111111111111111111111111111111111111111111111111111111110001111111111111011111111111111111111111111100000000111111111111111111111111100101111111110111111111010100000000000000000000000
1
10110111101
0011010
1000001100011111
100010111100011
11111
110011111
1110111110
01010001100100000000
00110011110011
100101011111
1111
0110011111
11101111110
1101100
1101010100010010
0
0000100000100110000000010011100
11000101110011000111001101
10011000000111100001001010010000
111001100000100001001100001
00100111110000011
10000010010100010
01101111011
0111100
1101110111011
0010000110100001
0
110
111111111010
000000
01111110001110011
111111
0111
011111010
111011011
10
11011111
101000
11101011100
11111
1111111110
11111
1
00000000000000000
11001
10010001111100110010000
00000010010010010000000000011100
000
11101101
1101111100
101011000011100000110100000
0
00010001101110000000000000000000
01000000000000
100
100001100000000
00000000000000000010100000
1101
1011000
111000110101
0000001011110000100000010
00000000000000
001000010
1101
1000010100101
0111000
1011010
111
000011
1111010
0010010
1011
111
0110011
111
111
1100111
11101
0010000
111
111
0110111
111
111
111
00
00
000000000
0000000000001
11000001100
01100101111
000000000011100
000100000000011010100000
0000110000001100010
000001110110000100100001
000000000010010
11001010111011010000001
00100100000111001
1110000
011011100
0000000001001001010
1011101010010000000001101110000001100110000100001000000010
0000000010000100011
11001
1100000
000000000111010
0000000000000000010
01110
1101110000
111
11011
110011111
111
1000111
1110110
111
111010
111
111
0111
111
111
0010000
1010001
00111
1101011
111
111
1
1
0
0010
11110
1100000100011101
0
1101011
111
111
1101
111
1101011
111
11100
0111
0000000
110111
111
010101001001101
1101
111
110111
11100
0111
0111
11001
0111
011110010
0000111
11011
111
1110001
10111
111
1111010
111
00111
111011
1000000101011
0100
111
10011
01001000
11101101100101
011001001001
1101111
01011100111001010000001000000100000100010100
01110001110000
0
111011
1110111
11101110
1101001
1111
11110011
110111001
1010
1111
11101101
111011
110111
1110011
10100010000000
011101110000
0000000000000
110111101
0
11101000000010
00000000000000
0
101110
100
110
10
001100010
101
001010
1
0
101000010111000001
10
1110101110
0
11110
00000010001011110
11000001101111001
0111
1111101011
111
11111111101
111111111111111
111110111101111111
111111111111111
1111111010111111011111011
1111111111111101
010011110111110
111111111111111
11111111111
100111011100011
000011111
10001101011111101
111111111111111
11111
1111111111
1100000001
11111
0110110111101
100111101011
100101111001010
0101111101111
111101
111111000110010
111101
000110100100
11111001
0100000000111110
111110
000000000011111
111101111
11110101
01111101110101111
11010111110111
101101000000001
01110101100
10011011111
11000
1100111111110111111011111
11111
0010
100000
11111
1111011110
011000101111101011
011111011101011
000001
001100011011100101
011100011111
1001010111110
00001100100110
10
101110
111110
1000000011111111110
1011011111000111
00110111101
00011111010111
1011111101010100011111110
110101
101111111110011
011000111110
1111111011111111
100
1111010111001101000
111
111
111
111
111
111111111111111111111111111111111111111111111111111111111111111111111111111111111111111111111111111111111111111111111111111111
00000000000000000000000000000000000000000000000000000000000000000000000000000000000000000000000000000000000000000000000000000000000000000000000000000000000000000000000000000000000000000000000000000000000000000000000000000000000000000000000000000000011000001111100000111111111111111111111111111111100001111111111011110011000011110011111100011110011100111111011100011111111111111111111111111111111111110100000000000000000000000000000011111111111111111111111111111111111111111111111011111111111111100000000000000000000000000000000001111111111111111111111111000101111110000000000000000000000101111111111111111111111111111110110000000000000000000000000000000000000000000000000000000000010011111111111111111111111111110110000000000000111111111111111000000000000000000000000000000000000000000000000000000000000000000000000000000000000000000000000000000000000000000000000000000001111111111111111111111111111111000000000000111111111111111111100000000000000000000000000100000011111111111111110011011111
111111111111111111111111111111111111111111111111111111111111111111111111111111111111111111111111111111111111111111111111
1111111111111111111111111111111111111111111111111111111111111111111111111111111111111111111111111111111111111111
00100000011111111001011011111111111111111111010111111111111001111111011111110000101111000001111111111111111111111111111111111111111111111111111111111111111111111111111111111111111111111111
1111111111111111111111111111111111111111001111111111111000011111111111111111111111111111111111111111111111111111111111111111111111111111111111111
0000000000000000000000000000001001111111111111011111111111111010010000111111111111111111111111111000000000000000000000000000000000011111110011111100000011111111111001111111111111000111111111000111111111111111111111111111111111111111111111111111111111111111111111111110100000000000000000000000000000000011111111111111011100000000000011000000000000000000000000000000100000000000000000000000000000000000111111111111100001000001000000000001111111111111111111111111111111110001111111110111111111111111111111110000100000001110111111111111111
10000
111110111111
011111111100111
00
111110101
111011011011111
01111111111
11110111111
10111111111
11111111
110101111110111
1010111111111
11111111
1110101111110
111111100111
1111100111111
11111111
11101101111111
111111101
11111111
1110110011111111101
111010111101111110
11111111
11111111
110111111101
111011011110111
11111111
111
11111100000
0001111101001001010
110111110001010
111
1111001
011111
11111000100101
111
0101101111101000010
111101
101110111
111
011111
11010101
111
111011
0111011100111011
111101
11111001
111110
111
101111
0111111000011110000010
1111001
0111010011011
1110000110111010100001
1101100111
1110110111100
111
110110
1100001011
011101
111110
1101110101101001
1101011
111010101100
111001111
1111110101
011111
1110011
0110101111
111101110
11111011111
1111011111111
11111111
11111101111
11111111
11111111
11111111
11111111
111111101011111
101111110111
11111111
0111011111110111
11101111111110
11111111
11111111
11111111
11111101111
11111111
11111111
1011110111111
1011000111101111111
1101100111
111
