1011011111
01
0
01100101
0
00101
00
00001
1
1
00
1
10001
0
0
0010100010010001101
1
1
0
1101111100100111110011101111100010
00
0100101101
00
00
0011
00
0011001000010011011
000111100011110
01000011101010100000
11110110000010000010000001000000
1000
00111111
1111001110111
010100000000111101010
11111
1011000100010110001110
0010011000110111101
1110111011110
111111
1111100110101
011100100110011111101011001100110100100
11001110110001111000110010
1010001000010111010100010001
110100000101110101010011
0010010011
11101101111
11110110111
1001001001001000001110101
01011011011110
111001010011101110101
1
00010
10
0001010
100001001000100101000101110100100100110
100111101000010
000001001010000011100001
10001111000000100000000100100110000001010000001100010
1
0000111101101001001011011
1110111111
1111101110
11111001100010011
1000001111011010
100011001101001101101100101
1
1010
100111010110110011
010000000100010001001111000010010100011
110000110010011110
1100011001111
0000100110101100010110
000000010011011110110100010001
10001100011
11011010011
11011110100001110
0100000001110
111000001010011
01111110001000000110
00101110010000000100001100101100100111010
10101100010011
0101011100110011101
11110110010
100
000011010101001010110000101
001110101000111101
100001011100000010000000000000100000010011010101000000000
011010100010110100100011001000001
000000000000000101110001100000111010010100010101010000
11010001011101010
10000110010000001100010
111111101
0110111001001101011010
11110000010101111
01010111001
110010010110110101011
1100010100011101100110100
110001101110110101
10001111
111000100111001010
1000111110011100110001
1101110101110
010100100100000001010001010101001010110110
101101110001
110111100001000111
111111
0001100000101100001
01001110111001010111
011110010011000000111
0111110
110101111
1111011010111
0001
00000000101100001001110010111010001000110111100
1101
0
10100
1
10000
0000000
0
0111
0
0
11101111001000001
00111011010000
1111111001001
11011101110110110
0101001
01101010011101000000001011011
11111111011000
00111000111111000010110101
1010001100100000000100101011011
0111111011011101
11010110
00001010100110100010101100001001
010011101001100000001
11100110010001
1001110000111100000100001000
001111010111110001110101100000
111101
11110010001111
11101011001011101
11110110
1001100011101
111100110010111
111010001
111011111100
01010111100110110010010011010101
11100111010010001
0110000010001111110000111101011100
1111110100
0100111010100
1110100011111011100
0111010101011010011011
00100100110011001101000000000010
11110101000001011
010100111111101000100100110
01010100100110
0111000111100101
11101011110100
10101101011101010101000100001001
00000000011101
0001011001
11000
000000
01011
0000000
0
01010011000000
000
11
01
0100011
1
111010
0000
110
1000000
1
1110
1
1
0111
1
1
1
1
1
1
1
1
1
1
1110
1
1
0111
1
1
1
1
1
1
1
1
1110
1
0
0
0
0011
01000
00110
110011000
01
110
0
0000
01010
0
1100
0
01
00000000000
0
111
0100
0011100000
011110100100000100
0
010001111
111110
00011111
1110110110
111001
0110111
11100
01111
11110000000
011111011010
0000000
11
011100
1000
0
1100001110001000000000
1110110
00111
1
11110
01011101111
001
1100111
1111100
11011101100
0001110100000000000
11
1111
0100001000
00000
11
1111111
011
1101
1011
111111111111
0111
1
0
11111111
000111110110000100
1111111
00000
0111
0111
1101
0111
1
1
1
1101
1
1
1
1
1
000111
1101
1
1
1
111100
1
0111
1
1
1
1011
1101
0111
1101
1
1
00111
1
1
1
01
1
010111
0000000
1
111000
00000001
1
1
0111
1
1
000111
1
111000
1
0000000
11111
11111
11111
11110111
11111
1111111011
11110111
011111
11111
1111100111
11111
111111
111101111
11111
111111111011
11111
0
1101
1
111000
010111
0111000
1
1
1
1
1
1011
1
111100
1
1
1
0111
111100
0000000111011010101
11001100100001000100
10001000001000111100100001000000
1000
11110011
1101101111110
010110101001100000010
11111
0010111110111100000000
1110111010000011010
1111001111101
111111
1101010101111
100011100110011010111100011000001111011
01001111101001110011010010
1011010101010000000011100100
111100101100011001100100
1011000010
11111011011
11110111110
0101010101100011001000010
01111111100010
101110111110100101010
1
00100
10
0010010
000010011000001011001100100101000101011
010000101110101
010000000001000001001111
00000001000011000001001000010001001101111000100000010
1
1001110001011110100011001
1011111111
1111111001
11001000111011011
0000011111110100
010010111100001010111101001
1
101110100111010110
001001000000100001000000110101011100101
110011101001100100
1100011111001
0000001000101111101100
110000000100100100001100111011
00011001101
10101100101110101
1001110000000
000001110011011
00000101111000011110
10011001000001000100001000011101101100011
10000111110100
0101011001110110011
10101111100
010
000111000100100001001111001
100110110101110001
000001011000010000000000000111010000000101000101000010000
000001000110011100110010001010101
000000001010000000010001100110101000000010001110100101
11010011001110100
01010001000011010010000
111011111
0111000111011000010111
01110011101000111
11010011100
110100101110110100011
0011110001101100100011100
011011110001010111
11010011
011110100000100111
0010111100010100110111
1111101110010
000011000110011001001100111001000010100010
101110111000
110101101101101000
111111
0010001000111000001
01011011011100111001
100010010111100001011
0011111
111110011
1111100101111
0010
