1
11
01011
1
1
111
00110011
111
1
1
11
1011
1
101
11101
111110
1
1101101
11
11
01111
011
11
1101101
111
0111
11111110
11
0
11
11
1
101
11
11
1
1
11
11
1
1
0111
11
1
1
1
11
1
1
1
1
11
11
11
11
1
11
01
1
1111
1
11
1
11
0111
10
11
11
11
11
11
111100110
0111
11
11
1
1
11
11
0
1011
110
1011
1
1
1
11
0111011
1
11
11
11
10
1
11
11
1
11
11
1
11
11
1
101
1
1011
1
01
1101
1
0111
1
0111
10111
11010
00
1
1
0
111101011000
1111
011
1110
1
11
1
1
1
1
11
11
1
110
11
11
1
1
11
11
1
1
1101
11
1
1
1
11
1
1
1
1
11
11
11
11
1
11
01
1
1111
1
11
1
11
1011
01
11
11
11
11
110100111
1011
11
11
1
1
11
11
0
1101
011
1011
1
1
1
11
0101111
1
11
11
11
10
1
11
11
1
11
11
1
11
11
1
