01111101100
11100111011111111100110110111011
0
1110111
11111001
1110000111
0
111111111011000
111101
1111111100
01111101010001111101
100110010101
111101
1011101111001011101011
1111111110101001
0
11111001111000111
1010011110
111110000
101110111100110011111011
11110110110
111101
01111111011111
111100111100
1111001
1111110010011111101001
1111111100
011111111101111001111000
1111010
111110111111100
111101
1111111111
00111111111000110101
111101
1111101101100100001
1110000
1011011100101111
1111111100
0111101111
0111010111111110000000111110
011111110110100
0
11111
11111
0
111111111101110110011000111
011111010101111001
1111001000111001001101
111101
11111
11110111111
111111111001
01111010111110100
01
000000
111110011
0
01
1
0
100
0
01
1
1
111110100
0
111110011111
111111100
11111111101111011101111001
1101001010
11111
1011011110110101111011110
0111111111011
11111111110000100000
11111011101011
1111111111011110001111010011
111111111100100111
101101111001101
111110111111001
1111111111
1111111111
1111111111
0111111111100110100011100000000
111111110001
1111101111111010
1111111111
011111
1111110111111100010111100
11111101111101110111
0111101111101
1111111111
111110111111
111101111011
1111111111
1111111110111101011101101
1111110010
1111111101011
01
111111111001111
11111111101
111111111011001
111111110100011
1111111110110111100111
0000000000
11111111101
01110111011101111010111110011111011110
1111011
1111111111
00
0
10
11110101
010101011
011100100
11111
11111
111101
1111100001101110101110
1111101111001000
11111
0011111
11111
0
000011111
111101
11110011
111110111001
11111010
11110111
11111
11110010001111
11111
111011111
11011111100010
11111
1011111
111101
111111100
101111
1111111100
111100111
0111011111111111001011
011111111011101010
11111111010
11111
0000000
0101111101101110011101101001111
11111111110110000000
11111001111001
0110100111101000
0000000000
1011101101
100011
1110001101
0
0
010
01000000000
0
11101111010000010010110
11000
0
1111001111000110110100000
1
1011110010000101
1110010101111110111001001010001100000
10
0
00
0010
11111
0000000000
0
010010111100000000000
0
111011
01111101011101
11111010011110111000
11111
11111101100100101
1111001
011111111011000
01010001
1111101110
1111100010111000001100100
1111011
0011111
11110001
111111110
111101001110111010001
111110111100
11001111
100
01011111
00
001111011110
111110
1010000100
0010100000
01010
0000000000
0110010101
01111110010100000
100000101000110000000
0000101010011001
1111101000
011010000
0111
1000000
1
00000111
0
1101000
10000000100111010110000101010010
11
11011100000
11
111010000010000
111000
0000000
0000000
0
1111001000
0
0
1110000000000
0000001
01110101111001111101101000011101110100
1111111111
0000111001000000
00
1111101110
00100011111101100011010110101
0111111101
001100100
110100101100101100001011001011011
111110000
0000000
111101
01
1100101011001001
11110111100000010
0110110010
0011000010
1101110111
0111111011101
111101
0
0110000100
0011000000000000
100000
1111100100
111110101101110100
0000000000
11110
11111
00100
0001100010
0000000
0000000
1111110100
1110110100
0
110111
0
01
1
0
001
0
01
1
1
