0111
11
1
11
0111
11
1
1
11
101
0011011
11
11011
111
11
111000011
1
11110
1
0111000111100
11
11101
0
01101111
110101100
0110111
11101
11
11101
1
1
0
1
01
1
11110
10111
11
00
1
1
1
11101
1
1
1110011100
111010
10111
1110100
1
0000000
1
0
1
11
11111000
00001110
1
11
11
10111
11
11
1101101
00
0110111
1
111001
111111
101
011110
0
11
1
0001
11
01
01
010001
11
101
11
11
111111
1
01
111
11
0111
01
1111
10
0
01
1
111
110
1
111
111
11
011
1111011
1011100
011
0100011111
011
10001
11
11
11101
01
1
11
1111
1
11
111000101
11
01111111001
1111
011
11
11
0010111
0111
1110011
0
0000000
011
1
011
1
011011
10111
111011
1011
110
11
1110001
111
111
1011
11
11
0011
10
11
11
01
11111
0111
0111
0101101101
11111
1111100111111
11111
1
11111
11111
11111
0101110111
11111
1110110
11111
1
11111
011111
11111
1110110
11111
11
1
0
1
111110111
111111
111111
111111
1111011
10111001111
111111
111111
111111110
111111
11111111
001110110000
11111011
111111
111111110101
111111101
111111
111111
111111
111111
111111
111111
0
1111001000
011111
111001100
1011111
1
111110111
11111011101011101
0111111000001
11111011011100111100
1
1111111100
1011111
111111
11110011111
1111110110
1111111100
0
111110111010011100001
011111101010011
1101111111100100011000001100
1101011
1101001111
110111110011001
1
1111111100
01111101001010110010
0101110101011100
111100
11111111010
11111011
01111101111110000011
11111101110000
000111111100000011111000001
010001011100000111010000
1111011
111101111
0010101011
1111110111101
01111011111001
11011111110011000101
1
111111
1
111111
11110111100
111111
111111
111111
111111
111111110
111111
10111011101111011101011
111111
1111101
0111110110101000000111
111110011111
111111
11110111111
1111011111110
111111
1111001111111011001101111
111110111111
111111101
11111011101111
1111111101
11111
10111
11
1001
11
10011111
0
1111101
0101110
11101
0111
011
11111
11111
1111110100010111000111
01111
11111
11111
111111110
11111
11111
111011
11111
111101
1111101110
11111
1111101
111101
11111
111101
0
11111
111110111110
0011111
11111011011111
11011
11111
111110011000010001
11111
11111
111111100111011
11011
11
11100011
01
111101101111
11111
11111
11111
1111001
1011111
111
11
1000001111
11111
0001011111
111011
111
1111011
11110010
11111
11011111
11111
11111
11111
11
11111
1110111011
11111
1011101100001101
11
11111001
110001101
0000000
1
1011100
1
0
11111011100
10011
1101
1
00111
1
0111
111001
00111
0001000
0111
1111101011101101101
00
1111111100
1
1111111001
11
111000
1
1
1101101
1
1
1
1011011
11111
1
1
0111
1
1101
1101
100111
01111
10111101101011
1101
11001
001001101001110101111
00011000000
10111
111
111001000
1001110001
0011111
01000
0
1001
1000011
0010100011
111100110101111
1110111
111111110
11111
111111110
111101
11111
0111001
0000000010
010000100
0
1
1
0000000010000000000
0111
00000000
000000000000
0
001000000
0000
1
0111
1010100
00111
1
1
01
100001000
0
00110111
11100
0101111
1110000
11000010
0111
10100010110100010001000100010
0111
100111
1101110
111100
011000111
111
1111000100000000
11
10000110010111001
11
0000000000
00000001
11101001
1
1000000
1
1110110000
000111
1
01
111000
0
1
0111
0111
110
00111011111
1111100
0111
1
1111100111001
00111
11101001101
1
1
1110011100
11111
1
011
1
0101111011110001110101100000
11111
11110011
01011111
0101
1
11111000100100111
1
1
1
0
1111011
1
0101
1
1
1
01110000000
1
1
1
10000100
000001
0001
111100
1
1
0000000
1
1101
0111
0
1101
0111
1
00110011
0
1
1
0111
1
0
0101
0
10000000
0
1
1
000
1111110101011101
11111
11011111
0000100
1
00000001
0
00
00
1
1
1
0100111
1
1
1011001
0111
0000000000
11011101111101100000000101000000
0000000000
1100000000
11111111010001110
01100110001000000000001000
0
111100101
0000100000
0001
0
111000011010001
11111
110111111111100110101110110111
111011
11111
0
00000000
0011111
00000000000
111111101
11111
0000100000
0010111
1110000
000
0
0000100
000
1
101001
00
1110
0111
0110111
1
1100001
1
1
1
1
1
1
0
00000000
010011
1
1
11100
000110
00
1
1101001
0
00111
0000000
0000000
1
001100010
000111
0
0
0111
0000000
1
1
1
1
1
1
010111
1110
00
00111
0111
111000
1
0000000
1
00001
0000000
0000000
0111
1
1001100
001000000
00
1
0111
001
1
1
1
0
0111
1
00
1
1
1
0
1
1
1
111101111
111111
111111
111111
1101111
11001110111
111111
111111
011111111
111111
11111111
110101100000
11111110
111111
111111110110
101111111
111111
111111
111111
111111
111111
111111
0
0000101111
0
100010111
1
1
1
1110
0
00111
1
1110
1
1
1
1
0111
0
1
0101
1
1
11010
0111
011101000
111010
101110
1
1
110001
0111
11110000
1
1
110011
0111
10110
011101000101
1
1
1
1
1110
111111
111111
111111
111111
111111110
111111
10111111110110101110110
111111
1111101
1111101101010000001011
011110111111
111111
11111110111
0111110111111
111111
1111111001111010011011111
111111101111
011111111
11111101111011
0111111111
11110101
101110
1
