001101
0111
000
1010001
0111
1
0111
11100
000
010110111
10001
0111
0111
011110011
00111
1
00111
11001
00111
111010110000011001
1011011
110
0111
01111000
00111
1110
000010111
1100110100
1
1
111001101
111001100
0111
0111
111001
1
00010111
11100
0111
11100001000
00111
1110001000000
0000001110
10111000
0111
1101
1001011
1110
0
1
010111
1110100100
1
01011111100101010
111010101
111101010000
1011011
101100111
111100
0011
0
1111100
0111
00111
1110010
00100111
1101
000111
10011
1101
11001
0111
111000000000000000
010111
111000
0111
0111
0111
1101
1101001
00111
111000000
0111
0111
111000000
00111
0111
0
11001
00111
0
00111
1110
010111
1000011
0
1101
111
1100
0
00011
1101
01
00000111
0
111000
00111
000010
111000
0111
00100
00010
11001
1
000111
0111
1110
1
00111
01
0111
11100
0000001
1110000101
010
01
1
1011
1101
0100000
01
100000000100000
111000
011100000000
1101
1
1
0111
11001
0
0111
001011
00100
00
00111
001
0111
10
0111
10011
00111
1
11001
00111
0111
11100
0111
00000
0111
1
1101
01011
00011
100000
00111
000100
00
1101
000111
1
0111
0111
1101
100111110
11010
1
01110
00111
10101
111100110110001000
1111001
101
1011
01110001
11100
0111
111100000
1011010001
1
1
111011001
100101011
1011
1110
1011
1011
1110
0011011
00111
111000000
1011
1011
101100000
10011
0111
0
01110
01101
0
00111
1110
011101
0001101
1101
