0111
1001101001111001100
1111111111011101111
1110011
00011000111111101100001001000000100
1010
10
0
11111011101101101001011010111111
1111011111101111100101110111110101
111101111011
01100011111111000000101110
10100
01011110101101
11111010110111110111110111
1
10111110
111
111111110111
1
011100111111010110010001
1
1001
1110110111011110111111111011100110011011100
111111
1111011101011111111110011011110101111011111111
1
1
101111011111111101111110001111111101000000101
101111001111101010000111110
111110011101
00
101110011111011000011101001110001101111111101000
1111101100111
110111111111011111111111101110110101110001111011111111
010
01111
1
000000
010
11111101
1111110110
11110111
111111001
11011111
11000101110010100111011
111110011
1011010011011011011
111001010001101001
011001110111
11110111
111
1111100001
111011110011101
1111111000011101
1110011101
11110111011
11111111011
1111111111
100001101111101110011101110111011
1111111111
111011011111111111101101010111
111111110110000001110
111111111101101111111
011101110111011110111111011101
1111111111
1111111111
111110111011111111111110
1111111011111
110100111111111101111111001
111111111101011111010
1111111111
1101111101111101110110111101
1111111111011
1110111101111011111010011011110110
1111110001101111111001100011101010011100011
1111111111
11101111111011100001111011101
11110110100110
1001110111011111111111111111111110110111011010111111
11111
11111011
1111011010111
11111
0111111100101
11101
0011111111010100001011101
11111
1100111111011110
11111
111011
00000010000000001
11110111
10100010101010011101100001010000
11111
0101101110111000
111111111110111
1111111111101100101
1011111010101101100000
11011111111101111101110110
1111111100001001001
11111101110111111111111110000110110111011011011111
111111101001
111
1100010111111111101011010011110
111
1111111111111000010111001
00111111111111110001101110111
11101111111111110101000101001111001101111011111100
00111001110111111111110000011001110000001110
011100101111101101001011111110
011111111111110011000100111
110111011011001110111110111111111101110111111101110101111101000100000000111111101110111110110011111
111
1111011011111011
111110101
11111
011000100001010001000
11111
111111110
1111110010
1111111011111
1110110111101011
11111
1010011011011
11111
1111101101110
11111
11111
01001011101101111111001
1101001
111101111111111110010100110111
111111111111
01111011011100111
01110111100011011111111111111010011001000111100001001100001
11111111011111011011011101101
101110111011111110111111010001010100111000101111
111
01110111011010111010001111011111111011101101110111110011000011001111101110010011010000101110000110101101
11111111011111111110101
111111011011111111011110111111011101101111
111111110111100011
11110101111110111111010111
0110000100010100000100110000010000001101111111010001000
11111100111110111000111010111
11111111111011111011
00010111110100111011001010100000100011001
111111111111011111100000
101110101110111011011110111111111011110000001101000010101011101001100011110101010101100011100
0100100001011001000000000000100
0000000001000000001000000000000001000000000000000000000011000000010010000100011001001000001100000000100000000011000100000000000110
0001
000000000000000000001000000000000000000000110001000000000000000000000000000101001000000000101010000101010000110001000000100100000000000000000001
01000010110101000100000001111110000001000001000001011001011101011001011100001000100100100001101
11101010
0001000100000000000010000110001000000001100000
1100010001101000100000100
011111111101000
0111001000100001000110101111
1111110110
011101100010
11111100110
1011111101100
11111
11111
111110111111111101110101111101110011110
0001110010001010011000011111101111111110011111
11011010011000111111111111101111
01110110100110111000001000100001111101111111110001000001
1100011011111111111011111010111
111011111111101011111111111111111110101011010001111111001011111111111111111011
111101000111101011110100110011111111011101111111
1111011010111111111111011111110110111110111111011011001000111
11111111111011100110001
10111110
101111101111111111110010101111111101101111111
1110110101111111111111111110101111110111110111111
1111111011110111111111111111111110110111111111111111111110
01111110111111111101111111011111101011111111111111111101110000011110111
1101111111111110111111110111011111111111100001010001100001
1111011111011011011111011101111011111111111101111110111111
0101100000110001000101111001010101111011111111111111101000111111011
111111101111111011110111111110111111011111111111111101011110100111111000011001001101
11111111111111111111111111111111111
0111111111111111111111111111111010111111111110111111
1111111111011011111111111111111111111111111101111111
11111011111111100111111100010110111011111
11101011111111111101111101011011101100111011
1100100111111010111101111100111011110000110110101011011011000111111111111111011101100000110001101010000
1111010111110011101111111110
10001111111101111011111111111111111110111
1101101011100110101111101
11111111111011101
1011111111101111101011011
111111011010001110111011
1111100111111
1
11101010
111
111110111
1011001101100001100
10011101101111111011110101110111100
111
111
11111
111
1111110100111
1111101101111001
010010011011101011001000101000001
000010101100001100111011
00000111
01010
111
1110110
111010111101001101000000001000
00
0001000000
1101000
111011111111111111101111111111111011101111111111111011101111111111111101111110
11111111011110
00110111111010
1111111111101
11111
111011111011111011111111110111011101101110011001111111100111111011111110011
111111110111111001111111111111111110
111010111011101111111101111111111011110111011111111
1111111011011111111111110111001111000111110
11111111111111111111
10011111001101110101011111111111111110000111010110101111011100001010001111111111111111110111101011111
11111111111111111001110111111110111111
1111011101111111110110111111101111011111111111110111110011111011011111011010111110111
111111011111111011011111111111110111110111101110101110010111101011111110111011101111111011101
1110111111111111011111111111110111111
111101101111011111111111111110110011101111101110
11111111110111011111111111101111010111110001000111110111101101110111010
0111111011011011101101111111111111110111101000000111111100000101001000111110101111100101101110111110100011011
00111101011111111001111111111111111110100101111111011111110111111
011111100111110011111111111111111110101111011111011110100111111111
111110111011100111001000001011111111011111010011110011111111111011011010111111101
0111110110111110111011011111101101111111101111110101111011101110011111111110110111101101111110111111111111011111110011011110111
111111111111111111111011111
11111011111111101111101110111101111111110111110
1111111111010111111111111101111110111110111
111010111101110110111111111101111111111010111101101111111110111110110111111111
1111110111111111111111011111101011011101111
01111111010111110101111
11000100101100000001111001101101111110111100010111001110010
011011110111001111011101111011111010010110100110
1111101101111111111110111111110111011
10111111011000110010101101010111111110110001111111110111101100000001000001111011001011011111011110101111111111
11100111110011101111000001
11011101111111011011111111111111110111011101101111111101001101001110110
100111111101101111011111110111110011101100111011111110011111010111111111010110111010
1111111010111111111110010010111
10011011111110111101111000110111110100000011111111
1011011100101110100101101011111011100111111101111000000111100111111111110111111100000010000011101110011001110010111101100101001000000100010001101101011101110111011
010111111011110111011101011101110010010110110111101111111110110101010
0011111111111011111110111111011101001011001000111110010111011110101011011110111111
1101111111111100110111111111101101000011011
011101111111111111111110111111
1010111111011111111111100111111110110
111011111111010110111111110111111101110111101101111
1110111111
011011111110011111101111011011100010101111101111111010101110111011111010101111101110110111111011100100110001111001010111000111110010001011101
111111111111111111001111111100111111
1111100011110100101110101101111111000101001011111111110011000100000001
110111010101111111111110111101111110010011101101100
111101101111111111111011011101011101
11011101111111111110110110001111111101
10110001111111110111011111100110111111101111111011111111101110111011111101101111001101011101110110110101110111
10110101101011011101111111110111010000111101111111101101
110111010011111111101111111101101110110111110011011000011111011110101111111000111
11111100111111111111111111111111101111111011101
11010000010000011001111111111111100110110111111000100111100011100110111
111111010010000001110110000000010000001111
01101111111011001101111111011111100111011101110111010110111011111111111101100011011100111001111100101010101011101111100110111011111011
11101101101011101110111111110111101011111111101011101111110
1111111111111111110010
1111101101111111010011111111110110101110111110001010010111111011101110110111101100100
1011001100111111101111011111011110001101111110111011001110000111111110100110110110111111100
1111111111111111011111111111101
010101110111111111111111111011111101101101001
11111111011111111101111110111111011111101101011010010111011111111
111111111111111111110
11001111111001111111111111111101101111111011101
111101111001111001011
100011011001101111011110111111101111011101110111100111000101111110100101111111011101111111010
0011111010111011110111111101101111011000110101001111111010111111110011000110
1110110111111101011010110011101111101100111111110110101111111101110110100010101111100010011001100111011110111011011111011
101101011101011111011111111111111111
1110111101110111101111111111101111011111011101101011011111011111111011111111
11111111110111111101111111011101111011111111
01110111110111111111111111111011111111110111
111010101011111110111111111111111110111111101011111111110
11111111111111111111101111111101111101111101
1111111101111110111111111111110010111011011110100111
11011100110100110111100111111111110111110101101111111110111011001110111111111111011101101110111101111
11101110110111011111111101111110001111111011001111
011111011111011110101111111111100101111111110101111100110
1000101110001111111110011111110111111111111011001111111011111
1111111000111111111111110111101010110100101010111111001110011101111101
1111111111101101111111111111011110111111011011101110111011110111011101
11111111111111111111111010
110011010101111110111111111011110111010011101100111111111111
111101011011111111011111111101110111111001110110101111011001
11111101111111111110111111110011111
0101011111111111111110111111111
111111111111101111111011111110010111111001101101111111111110111
1111111111111111111111110111111011
1001110111111101111111110111111111111111100111111110
0000010011101110111011111011111001100101100010100010101111
111110111111111111110101110100110111111010
001101011100110111111011111111101111001111101110010101011011011100011
10001111111111111011111101111010101
111
111
1111000001000
0100111111101001101010
0010000
1
1
0011111000101001
1
1
1100010001
1
0010011101100
11101001
11110001
11101001110001
11001000
1
0111
1010111001101
0111101100011111
1001011010011001101
0111000001010100
000000
11110011000
1
1
1101110111111011110111111011011111111111111000111010110101110010101000111110111111
1111100110
00111
1111110010011
1110110
011110000
01110001110010110001100
1110101
1
1
0
0
00100111101110100000
00101
100111101010000001001111
1110010011
1
001000000000100110
110011011100
1
00011
111111
01001001
111111101010111011101
1110111111110101001110111
1111111011101
110111011110110111110111110111111011001110101111
0
1101011011011111011111111111111011100111011011101110101011111101111
11011111110111000110010111111010
1011101110111011111110111011111011100
1111111111
111110011
01111111
1111000
11111110
1110010111110
11001000110111011
1111001010110111111010011111000000011001
0111101011101111111111011100011011110100010
11111
1111111111
00001110111
0100000111011
000110101011101111111111111001111011100111011101101111011111010111001011000111
011100110111
111010011111101011111110111011110111101101110111
1111111111
1010100101111010
1110101011
111111101111111011
111000101000001111
1001010111
1011101111101111110100010110111011100100
010000011100001111110
111111011111101111101111
011111011001
01110111111111010111011001001111
00001110
0010
111
1
111111111110011111111
1
1
1
01010111
1
11010101
10100100111
0
1
1
000
1
0101111000000
1
1
1
11111
11111001111111011101
1
10111110001111101001000110
100010000001001010001000000100100011101
000
1000000
0011100011111
111
00
01001001000
111
1110111010001110011101110111101110101011101111011011111111100
00011001111
0111111111111111
0011000010100000
11111111110111111111000110000101101111
01000000010000000000011001
1110011111011111111111011111101101011110111111111011111111111111111111111111111111111110011111111101111111011111
00
001000
011000010
0111
11010010000000
0100000100100001000000000000001000
1111011011100101111101010110000
00000000000
011110011101111111101110100110110111
1101
1110010111110111100101110111010100111011
001101101110
01000001010110001010111110010001111
100000010011011101
100
0000100
10000000000010111011000000110
0000111
11110000001100001
0000110111011
001100011110001
10011011
11111101
11011
100101
1001100101111001111011110111000000110010
0101111001
0010101
11001101011000110100
000111001
0100110111011001110
01101111010111000000001101000001101111011100100
0000000000010101111111001
00010100100000000
000010000011
100000000010001010101
000
10101001
01000
0000000010110000
111100
01000000001000111110110010010000110011000001
100111010111101011000001111000111000
101110101110001001100110111
111011111101110111010111001001000100001101
00000100000
00100110010001111
1111011111110111011
010110101111011011
01
10111110101001111000
001
1000011000010111000000110111111100010
11111
111111101001101110
01110101100110
111110
1100010000100100010010
0011011
11100001100000010110
0110101111100101001010000
01010111000100001
11100
1101
1010011111111100110101010
10111011101110011
001110111110011111
1111110010011101011101101011
011111111111011110111111001100
010111111110000111111100
10100110110
110111111111101001011011110
10001110010111111111000011011101010000001
01101010100000
101101
10001100111011101
10000010
111111111011101
001001001
00000000000
00000001111000100000000100
0111010011011101
01
0011101110010110110101100000100010000
001110001110110101011100110001101000101000000010000001110101001101
101111101011111110011011011111111
10100110000110010010000111000111101100
010110001
11100011111111001101
110111110011111100001110000000
0111100010111111011101
110111111000111101111
11111011001
1110110001001100110000100111011010100010100000100000000101100011000111100100001000000001100010
0010011001011100110011100001100110110111110001011000
000000000101000000000010000000010001000000100000100000000011000000000100001110100000000000000000
0001111011101111
0010100011
1111111101
0110110110100000111000000010100010000101110111100000000100000101000
1
00011100
110
111100010000000
000001100000001
001101100000000111111101
10
10010111101101
11000001110000000100
0010011100001110001101
0000
01110101001111010111
01000
101010
00101111
001101
0111111100110110011101
111011
11110000
111111101111100111
11100010010
0000000011111100000111010000010
10
00110011110110100110010111101100001
111111110111111
101111
1011111010100
0111000
1011101101110110
11010010100111
1011111111111110111001
01101101100111101110010011101101101
0110
1111111111111111101
11111
1101010011101111
111011101100000
0000
100111010001
00000000110
11110111101
10011100100111
1111110101
1100110101110
101101001
11101111111011111011111011101
0001001011100011010100110101
100000010010101011011
1000011110
1110011001011001
0111000
10011110011111
001111110
01110010000000000000000000011100101110000000000000
1
011101111111100111101
11110010
0111
11001011000
01111111110
111000100110100111
01001000010011111010011011010000011010100000000100010
0010100000011110110
1110110010111001
11111101111111111111001
111111111011010011011101
100
0111111101011000
0001010100000
110101010010100001100100000011
0
0000100000
11010000011111001011001110100011
0000
1111110111101111111001100011111011
111111100011111001001
00
00001
000
10110
00100001
1111001
00
0
0
1
0
111
0
10110101
0000
000101101101001010001011100111000010000
01111010111011
11000100000111
000000000000000000000
00010
0001000
1011000011101
11111110
1111
1110111111
1
111111
101111111110101111000110111
0111110100111
000111001100
1011101110
101110111111011101101101111011101111011101111100110111001001101000111011101111100011101111
100101010010100
00110111111011010
111011101111
111111
1111110111110001011111110
01111101101101
01110111101101111111110011110101110111011111
111111111011
00010011010101110000110100101110101011101111
0101111111111011011111100001110
1111111011010110111
0011111100
1111110111
111111111101111001110
001100000000
01110010100
1111111010
110110011101110101011
110101111100
00111110101
11110111111111111011100
01111111111110011011101101110111
0
111110
01100111011001
011111111110110110000101001
110001111011110110111101010000001101110010001111111
0
1111110110011111111101111011111101101111101110101110111111110101111
11111111111111011111111111110101111111111011111001
11100111010101011111011010100111110111100001001111110111011101100111110011010010101001010110011111111110000111100
1111111111111111111011101111110111111111
101100101000111111111001101111101011111000110101011101100111111111111111100111100111010101101011101011101111011111100111010100110111
111111111110001110111111111111001100111011111101111011111111110111100111101111101110101001111101
1111111111110111111111110111101111111011111
1111111111111111111101111111111111111110011111111111101
0111010101111111011101100111111111111101111001111111011111111110110011110110111111111001111011011111011101111110011101110110010101101110
111111000110000110101
11111
110000110000000101000
111111001
0101111011100100
1111111001
000000000000000000000
010
0
1011
0
01010010
1
1
1
1
01100
1
00
1
1
1
1
0000
0111
1
1
00001111
00000000
011
1
00
11010
01101011000
00000010000
1
111011011111111101111111111110111100011111011111101111001111111
11111
11101111
10111
11111011
01111111
01111
11111101111010
11111
11110111
1111110110
11111
11111110
11101111011011
11011000100110111110
1111111000
01111111101
00010
000110000111
11111101
11111
01110101111011101
11111
011100011010111101110
11111110
11111101101101
11111
00000001111011101
1001001101011000111101
11101111110
11101111
0100100111110101
0111101111001
11111011
1111110110101
11111
10100111111100
11110111001101
11111011
11101011110000011000000
0111001
11101110111
0000000
111
00100000
01101
111100010
101110010111001
11110010111
100
0000
100100001010010000000
0000000000000000000000000000
000000
0000000
01000101100010000000
000000
010111001001000000000000000000000000
00000000000000
0
000000100000000000000000
000000000000
00
1010110100000111
0100000
11
0
001000111011000100100110100100010000100010001101110111
0000000
000
100011101100010010000
0000000010
100000000100000
0111001110111011011101110011010000010110100011000000010
1011000011110101
0111000
0000001
100110111111111001110011110111011
100
11
1
11001111111010
111111
1100101011
11110110011100111101
111111
1011110
1101011111111111101001010111000110
011111111010011
10100110110010001100011100010100100001111101000111010000001010011011101111011
00000
0001110
1010011
1000000000000000000001111000001
1001000
0
1
0000000010000101010
000
0
0
110
0111
1101011
11
000
1001100
0100000
00000000000000
010000100
11
001000000000
111001
00
0
001000100000
101100100101001101110011001000000001000100000001101000
0000000000000
11100
00000000000100000000100
0000000
0101011011
1
1
1
1
1
1
1
1
0111
1
0
1
10001100
01011
0
10
1
1
1101101101111100
11111101
1111101011111011010
1111
111111001101111
1111
1111
011111111011000
111011
1101
111101110
1110100101111001000
1111111111011110011111111101111111101100011111101111
110111111111111011111111111010011110111111111100100101111011111001111111010
111011111111011110101111111111111111
111001100111111101111111111111101111111111011101111
1111111111111101110011110111110101001111110
11111111111111111111
11011111101000111001100011111101110111011011011111001111001111110001001111111111110111111111001101111
11111111111101111111011111111001111111
1110110111011111001111111111101011111111101110110111110111111111011111001111111101111
011011111101101110111111011111110111111111111011101011111111101110111010110111111111010011111
1111111111011111101111111111101111111
111011111110111101111111011101011111110111011110
01111111111111001111111101111111101111111110011000111100111101100111010
0000000001011100101111110011111111101111101110100010000111101100111111111111011110001011111110111101110111011
11111011011011111111101101111101111111111101001110111111011110111
001111111111011111111111011011111111111000101111111101110111111101
010011101111101111110101111101111101111101011101111001111110110011111100111000011
0111111001100100111111111001111111111110111111111110111011110111011111111001001111111101111111111111111011111101110111010011111
111111111111110111111111111
11011111111101111101111101111111011111111001111
1111111111111110101111111101111111101111110
011111100100111111111110111111101111111111011111110101111111111111010111011111
1111111111111111111110111101111110110110011
00111111111001011111111
11101010010001111101110101010100100101101101001100110110010
111000101101111111010111111100010111101111000101
1011111011111111111111011011111011111
10101101010100111001111001011111111001000011100000011111111110110010111111011011111011111101100101011101101111
01101111111110000000101111
10111110111111111111111111110101111110100111011111110011100101111101010
110101111110111011110111110111110111111010011010111101111101101111110010110101110111
1111111101001111111111111001010
11010110111111001110111011001010010111010011111111
1010010011110101010100111011001111111011100111011010011011100110000101010111011100100100111111010100101000000011101111111101110000000100011001001111111111101111111
111111111001100001011111110100111101010100111011111111001110101111011
0101010111111010110111110101100111101011111111011110001110111111001111111010110111
1111011111111101011011111100011011011111010
111101111111111111111101011111
0101110011111111111101111111101110111
111101110011111111111110111111011110111011111010111
1111111110
111101111111111111101101011111111111
0010001011111001111111001011011111111101000010101101111101110000000101
110111111101101111100101100010101111111111111010101
111101110101111111111110101011111101
01111111110111101011001110111111111110
11011011011111011111011111101111111110111111111011010111011100101011111101101001111001011011101110111101111111
11000111111011111011111010101111111110001111001001111110
11111111101111111111111011111111111111011111001
11011010001111101010001101111100001110101111110100110100101011011011110
111000111001100011111110000000100000001001
01111101110111011111101110110110011111101111011110100111101010001011111001100101111011101101011111010111011101111011111101111011001111
11111111001111111110111001101111111110111111111000110110011
1111111110110111111101
1100011110000111111010111101110111011111110101111101110100111111110110011101101110101
0000011111001110111111010111111111001100011011111100101111111110101111111111101010101011001
1111111111111111111101111111101
111110011111110011111011110111111111010100111
10111111111001110111011111111111011111110101111011111110111010111
111111110111111111111
01111011111110111111111011111111111001011111011
011011101110111011101
111111110011110111111110011100111101111000101110101111110100101101111111011110010111100111010
1011111011111011010011111111010111100100111110100110110010111001110110110111
0111011011100111111011011111110101111011001111110011101011111110111011000111011000111000111100011101111101011101111111010
111101011111111011101111111110111011
1101110101001111111101111111110111111111111011111001111011101111111011111111
11111111111111110111111111011110110101111111
11111111111101111101100111111110111111111111
101111101011111110111111111111111111101111110110111011110
11111111111111111111100111111110111101111111
1111111111101100111111111111001110010111111101011111
00111110111100111111100111110111111111111011000110101111111111111111110111011110001111111011100110111
11110101111110101111111011111100111111011011110110
101110011111101111111101110011110111111111011110111001101
1011011100110111011011111110010111111111111100011111111111101
1111111001101101111111111111011001100110010111011110011011111001111011
1111110111011111110111110011111111111111101011101111010111110101111111
11111111111111011111111101
011011110111110111111111011001101111001101111101101110111111
111110100111100111111111111111111111111111001010010010111011
11111110111111111101111111111101110
0111011111111110111111111011111
111110101001111011111111111111011111111111110111011111111011101
1111111111111111011111111111110111
1100111110110111111111011101111111111111111110110111
011111111111111111110111011000111101111001
111110100111011001011111001111100011011111011010111111111100001101110
1110111011111011111111111101111010111111100001100011101111111111111101111000001110
