11
111011011110
11111111001111110111101
1100100001
111011101
011101011111011100010
10101101
11101111110111011
111
11101101
111100111101111110111011100
01111110110011101101101111011
111111000111
101111111000101011111
111111011
111
1101101111101
01110111000010100011
11101111010
01111011111111111111101111110
101
1111111111011111101101101101111101010
1111
1111101
0111111
11101110111100111111110001
11111011
111111111011111001101011111001110111
111011101011010011
0110111
1111
111111110111101101101111111
011110110111101
111011101110011110111111001011101111100001011101111
0111001
1111101
1110111111
11011011110111111111011011101111111011101
11101111110100
110110001
111011011
111101101
0111111101111
011111111110111101
10111110
1101101
1110111010101111110100111001110001110
1111011
1011111
111111
111101111101
111010110111011
0110111111111101100
111111101
011110011111101011
10111111110111000110101111
1111010111011111011110011101111101011100
11110
100011111
1111
1100111
0111
111011101
111010111
11101110
1111
1111011
0001001001000000000
11101101
111110100
1111
1111
11110101100
1111
0000100010100010
1111
1011101101100
1000110111
1111
0111
0111001011
1111
10100
0111011
1111
011110111
110111
10111110
1111
11101111100
1111
1111011011
11100110
1111
1111
110111
1111
101111100111101
1111
00000001
11100111
110011101
111110100
1111000010100
111110
1000110011
0111000000
111100111
1101111111111111100100111011100011111011
11101
010111011011111011110110
10111101101101111101011111011011011
01110110001
1111101111101110111011
111001111
1100111100
111011111011111011111111110101011011101111110
1111111111
1111101110111111010111
011111111111111100
11111111110111111
11111111101111
11111111111111
111111111
11111111101110111111011
111111111
1111111011111110111101011010111110010
1111111011101
101111011111111111101111000101010101011101110
111111101
111111101111111110111
1011111111101111011100010110111100110011110110011
1111110111011101
11111111101111
1111111111011
11101111111111111011011110101
11010111111111110111011001101110111
111101111101111111110001010111110110
111111111110111111111010
1111001001110100111011101111111110100
101110110111101010010100101101010101111101111110111
111011011110111111111011101111101111011100010101001110111111101010111
111111011011111001111111011101110111
1111011011
111111111
1101100111011101111111111111111111011110111000100001001111011001
111111110111011011
1011101011011101111110101111111110101010111101
101111110111011111111100111001001110111011
111111011111011
1111111111111110010111010111010111011
111111
11111000011101110111
1111111101111110
101011111100111111111101110
11010101111111000101110101011111101101111011110100100111001110101110111000100111101011001110101111011100
101111101111111101111011101
11011110111101111101101111110000011101110111011101111001100111
0111111111111111111010110010101001
1111111011101
111111001111111011011111111111
110110111111111111101010011111100110111110
100111010110111011110111111111111010111011101111011100111110111101011101101111011110011111010011110101
001011110011111111101111111111101110111111011101100101011111101110
1111111011011111
10111011111111111010111100011100
010100
10111111111010111
11111111110111101111101101100011010101111111110101
111100111111111011011101111111
111111
1101110110111101010001011111111011111011111110111101101111011101111111100111111101110111
1111111101
111001111111111101111111100100
101010111111011011010110111010111
1111111011111011
011101111111110101111110111011
111010110011110
1110111110111111100111111101011011011100011111000111101
110111010101110101110111111110101101111110111010110111011100010100101101111101111111101010
1111111110011110110101011
0111111110110110111111110111
11111111111
1111010111111110001010111101
111111111110111
11111111100
1111111111100111
11101111111100111110010111110
1100101111101111100001011111101110111011101100111011011110101110
1111011111111111111010101101
1111111111011110110011111
111110101110100110101111
111110111111111011111101101110111
1101111111101110111111111
111111
111111
1111111111110
11111111011111
011111111111101111111
1111111110111110101
1111111110111111011101011101101010111110
1111111110011
1101
011111111111111101011
1111101011100100111101110011101111000101110001111101111110111111
111101
01010111111111111101011011101111
01101111111110111111101101110111001101011101
1
11
01
11111111101111110111011111101
11111101101
1111
111111111101111
101110111111011011111011110111010011100111111110
0110111111011101111
1101101110101
11111101110101010011
1011110111110011111011011
111011111011011111011
11010101001101111111101110111111101110
111101111111
1111
11
1011
100110
01101
0110001
01101
001
11111101
110111111110111101110100
0011011100
1110100111110111111111010110101
111001
00
11111101
011101101110111101010111101010101110
110111011011101111110000111100110111001
011111110110010111101111110111010111110011010101
11110011110101101101110111110111011011
101111111011000110110101
10
10
1110111011101011111101110111101011111001010
11
11111101111011101
1111100111
11111
11010111
1000111011110011111000010
11111101110101
11101011010111111101011111101110010111
1111110010101111
1110011001110000
1111101
1110101
1011010100011101
0111011111110101010111011111
11010110111101001001111100
10111101011101111110011011101110110
1011011111110111011100
110111101
111
1111
010111
11110011101110011111101111
1111100
110111
11111111110110
01011111101011110111010
11111011
1111111101110101
11111101
11111
011111
11
1111
101101
111011
1
011101
110011
0011111100
0010101110111111011001111111010
0
111010101110110011
1011110010100101
11011101000111011111011101110101110110
01010111101101111010111011110000
110101111110011101110101
11110111
11110111110000
110101111111001101111
10111011001110111111101011111010111011
0
1111
111010
01110111
01
1011110010101110011101110110
110001
1110
00
1111
0000
1111
01100111
10000
1111
1111111
1000
00
111
011
01110111
111111
1111
11110101011
11101101
00
10011
111
1111111111101111111100111110000110111
111011011110111011111111111110111111011011100
1111111111
0011111111111011011111
011011111111111011
11111111111111110
11111111101111
11111111111111
111111111
11111110111110111110111
111111111
1111011011111111110011001101111011110
1111111011011
111110111011111001111110111111001010110010101
111101111
111110111111111011111
1010111111101110110110101101011011111011110011001
1111011111101110
11111111111011
1111111111101
11111110111111010111011101111
10101111111111111100001101111111011
111111111111011101011111100111000101
101111111110111111110111
0110001011101111110011111111011000111
011101111110010001101010010111000110111111011111111
111111101111111011111111011011010111101101010101001110111101101010111
100010110111111111111111111111100111
1011111110
111111111
1111111010100110111110111111101100011111000111011111111001001110
111111100111111101
1111111000111011011001011111101111010011111111
101111111111111110001110101100110100111111
111110111111101
1111011111111111010111111100111110100
111111
11111000111111110001
1111111110011111
011111011101110111011111011
111110101111110101111101111
11011001101111101101110111110011011100101111010111101110011111
1111111111111111010101010011111000
1111111011101
111011111011111101111111101111
110101111111011111111010111010111111100011
111011110000101111101111101101011111011101110111110111100011011100111111110111010001111110111111101111
1101111011111111
10001101100111110111111110101111
000011
11101111111111010
01111111010111110111111111100010101011111101101111
101011111111111000111111111111
111111
0110110111110110111110111011110111110111101111111011001111011011111101011101111011011111
1111011111
111111100110110111111101110110
111100011111101111111110001110001
1101111110111111
000111111101111101111111111110
011101111101100
1101001101111111111110111001110111111101100111111100001
100111010111100111111111011011101011110110111101001110011111101010011010011110111111101101
1101111111110111011101010
1011101111111010110111111111
11111111111
1011011111101110011110001111
111111111101111
11111011011
1111111100111111
01111011111011111101000111111
1110011110111010101011001111110100111111111100110111100110101101
1111011111111100101101111111
1111111111011111010101111
011111011010001111011111
111011011111111101010111111111111
1101111111111010111111111
111111
111111
1111110111111
11111111101111
111111110111111110111
1111011111111011101
1110011111110111010111111101111110100111
0111111110111
111111111011110110111
0111011110010110110110111101111011111101011011001111110101011011
11101111010111111101110111010111
