001010
11101110
10111
11
011111
11011
0
000
00
0111110
11
1
011001
001010
00010
0000
10111111100
01
0
1110100011
1111
11
001111
0
000001010
1
10100111111
10
001
001
011010
000
1100100
0000000000000000000000000000000010
01000000000000000
00000000
10111111
10110011000
0110001100000
00
010001011100
0
00111101
1111101100
00
1
00
1
1
01
1
1
0
0111
111
00
11
00
1
101
111111101
1111101
01111110
0000000
0000100100
00
100010000
0000100101011
1101011111000000
100001100101
11101110010
111111110110
01111101110101000001
1111111110001110
111111100101
110
111010
101010000
0001000000100000001001
10000000
00000
11000101010
1000
10110001
100100011001
0100000000000
111110000110
0100100
010001000000111110010000000
00000
00000
000000000
0000
0001011101001000000100
111
011
101100000010001000
01
1111011000000000
1000
110100000000000
1110000010000
000000000
001000001
1101
00000000
11
11111
111
110111011100
111
110111
111
11111
101111
11
111010
11111
1101011
01111
0011
110111
011100110111101
11111
1111
01010111
1111
111111
0000000001
111000010010
000000000000000000000010000000000000000000000000000000000
111
01100000010000000001
00000
11111100100000101110
000001
000000000001000000
0011
11011
0000000000000000
11000001
00111
000000
1110000001001110001
101010001101
1101010
11
010111
111100
1100111010100
0110111011011110
111001
1110111
111101
11
11011
11
11110101
111110
1111000001100
01111101101
11111111000
1111101
1101
0001
00110
0000000001000
1101
00000111
1
00001001011100000100000000
1110001
0000000000000
1
01000000
00000001000000000000000
0000000000000110000
0101111110000001000
111110
111
111000
0001
11000100101
111111011000
111
1000011100011
11011101
11101100000
10111
01010101
011100001000
00001111
1101101
111011000
01010111101001
01110101
111111101
1011
111
111111
111101111
111
101101
111
11011001
10110111001
1111
1111100
111
111111101
111
111011
011111
1111
1101
11111
00
01100
001111000
011
1110111110110
1010011011001001
1101
111
1111
000001110000001000100
000
11110
11
0101
111110
11111
11111
0111
01110
11
1011110
111
111101
111
1111101
001011
11
11010011
11
11
1101
1110
110101110
110001101
110
1111
1110101
11
111
111111101000
111011
1111
1010111001
1111
1
000011
010100000010
1111110
000001000000
01001011111000100100001
00100110001
100100000000000
011
1101
0000000000000000000
000100000
111010000
00010
11111111
0000000
100111110010111100000000010
00101010011011101
110111110011100
0101101
111
11111101001010000101
000001
000000000
01111100
110101111011000
011
000000
10000
00
0000
100
0100
00
1110
0000
000
100
00
010
00000
01001
0
0
0
0000000
0
000
0
01
0
0
000
0000
11111
1
11
11
000
01000
01011
0111
1
1100
0000011
00
11
00000
00
11
00010
0
00
000
000111
000000
1111
1
0
0
00
000
111010
1
1011110011
11
11111
111
101110011011
111
011111
111
11111
011111
11
100111
11111
0111110
11101
1010
111011
111011101011100
11111
1111
11010110
1111
111111
0110010000011111000
010011001110
0110101
11
100111
111010
0101111101000
1111000110111011
111001
1011111
111011
11
11101
11
111011
0110100001101
11011111100
11111111000
1111101
0110110000011100100
110111
111000
0100
10101001100
111111100100
111
1101100100001
01111101
01111000001
11011
01001110
000001110001
10110001
0111011
111110000
10101011101010
10101011
111011111
1110
111
111111
111101111
111
110110
111
11111000
01111001101
1111
1110110
111
111111110
111
111011
111011
1111
0111
11111
0111111101101
000
