000
11111010111110111
11111011
001100101011
0111110000
011111111110101101101111101
11111100111110111
1111101
11111001111110011
1000101111011000
11111101111111011011
00
111110110110111
111001
11110001
111111011110111110101
1011110
0111011010
11110111
11111
111011111111111101110
1111011111111101
01111
00
10000011111
1111100111
111101111011
11111
1100110
0110
11110111
1111101011001101
001010111111110010101
11111
11111
1101111
11110111
111111101
0101110001
11111
1111011111110111111
100111
011111
1111011
11111
011111111111100111
111011111101110111101111
111110001
1111111110
11111
10111101011110010001
11111011111
111101101
111110110
00
1
0
1
1
101
01
1
1
0
0
111101111100011
01
1001
00
1
11111
11111
11111
00011111
11111
11111011111011110110
11111
111101110111
11101111
11111
11110111010110
11111
1111011
11111
01111111
00
1111111011111
1
1
1111000
1
1101101
1
1
1
1
1101
0011010
1
01010101010000100101
1
11111
11111
11111
1011101111
111011111
11111
11111
11110111
1011111
11111
11011111
1111111100
111111101
11111100111011
1110111111
11110101111
0110001111
1111001
11111
1110111
11110111011
1111011011000
1111111110
11111
1011111
11110111
11111
1111100000
111101
1111
0
1111101111
1111111110
11011111
11111
11111
1110101111111
1111011
11111
11111
11011111
11111
1011111
1111011
1111011111
11111
11111
11111
111011
11111
1111101
1011111
1110101
111111000
11111
11110111
11011111
111110111
11111
1111111110
11111
11111
11111
11101
11110101111101110
11111
11111
11111
11111101100001111
11111
10111111
11111
11111
11111
0000
0
11111011011101
111111010
11111
111110100101
11111
11111
11111
1111011111
1111101110
11111
11110101111011111111
10101
101011111
111
111
111001110000
110111
111
111
0111
1010110001100100
0111
111
1010111
11100011
1101100000
11111
1101001
00100
11
00000
0
0
11111
11111
1111101
1011110110
11011101111
