1
11
1111
1
11
1
11
111
1
1
1111
1111
11
1101111
1110011101
0111
1111011101
1
01110010111100
1111101
111001
11
1111011
11
11
111011
111011
100011111
1
1
1111
1
1
110111100
111
10011
01001
1
1011
1
1
1111
1
11
11
101111
111
11
10111011
110111011110
111
11
1110100
0
1111101
1111
11010111
011111001001
11
111
1111
11110111
1111
100101
1
11111111111111111111111111111111111111111111111111111111111111111111111111111111111111111111111111111111111111111111111111111111111111111111111111111111111111111111111111111111111111111111111111111111111111111111111111111111111111111111111111111111111111111111111111111111111111111111111111111111111111111111111111111111111111111111111111111111111111111111111111111111111111111111111111111111111111111111111111111111111111111111111111111111111111111111111111111111111111111111111111111111111111111111111111111111111111111111111111111111111111111111111111111111111111111111111111111111111111111111111111111111111111111111111
1
11001
111111111111111111111111111111111111111111111111111111111111111111111111111111111111111111111111111111111111111111111111111111111111111111111111111111111111111111111111111111111111111111111111111111111111111111111111111111111111111111111111111111111111111111111111111111111111111111111111111111111111111111111111111111111111111111111111111111111111111111111111111111111111111111111111111111111111111111111111111111111111111111111111111111111111111111111111111111111111111111111111111111111111111111111111111111111111111111111111111111111111111111111111111111111111111111111111111111111111111111111111111111111111111111111
1
11111011011111
11111111
111011111
11111111
111111101
1111101011011111
1111011110111
1111111011
1111
111100110011111
11111110111
11111111
11111111
11111111
11101110111110
11111111
11010101011111
11110011111
011110111101
111101011111011
11111111
1110111110
11110111
11011111001111
11110011111
1111011101111
11111111
111111101
11111111
11111111
1110111110101
11111111
1111111111
11111111
11111111110111111101101
1111111111
1111
11111111
11111111
000000000
1111
1
1
1
0111
1
1
1101
1
00010111
1
1
1
1
1
1
1
1
1
1
1
1
1
1
1
1
1
1
1
1
1
1
1
1
1
1101010
1
1
1
1
1
0111
1
1
111001001
1
1
11100
1
1
1
1
0111
1100
1
1
1
1
1
1
1
1
1
1
1
1
1101
1
1
1
1
1
1
1
1
011101101
1000
111100
1
101011
1
1
1
1
1
1
1
1
1
1100111101111110011
1
1
1
1111
1101
1
00111
1
0
1
1011
1
00111
0111
0111
1
1101
1
1
0111
0110111
1101
0111
1
1
1
1
11110111111101
1111111111
0011001111111
11111111101
1101101111011
11111
1110111
11101111
1
1
1
1
010
10001101111111111111111101111110111111001
11110111111011010110111
101100
100011111111101111
111101111111100011101101111111111011110
0011
10001111111111100111
011
100
11011000001010
000
001101100111
11111111101101111110101101111101
01111111101110100101100110
111110111100111111000101111011
0111100111111111101111011111111111
111111111011011101111
10111011111111111111010100100010111111111
0011111111011111010111111111
010110100010
00
111111011101101000110
001
11111111111
1111
0111
11111
0111110111011111
11111
11111
111110
1110
01110
11
1111101111110111111110111111111110101011111111111011110111101
1111111101111111111111111111111111111111111100111111011111101111111011011111111111101
111111111111011111111010
111111111110001010101101010110101111111111
111101101100111111111110111101011111111111011101101
0111111101011
1111111111111011101010001111
0111100
1110110
11111111111010111100110111111
11111011111111111111010
1111111111
1
00101
11101
111110001110001
11001
1111
110
111111101
1
0000
1
1
10110000100
000000000000000000000000
1011000000
0111
00001
1
1
1
1
1
0
1
00010
1
1
00
11
1
0010
1
1
0111
1
1
1
1
1
0111
1101
1
1
1
1
01111010100
111100100000
1101
1
11110100000
1000101011
1101
010111
1
11000
1
1
1
1
1
01010
1
010111
110110111101100
1101
00000100111
1
1
0001000100111
1101
0111
1
1
0111
0
1101
11110000001
1
10101
1
00111
00
1111100
11001000101101
1
110110
1
1
1
1
0111
1
1
11100
001
111
1011011
111
10100111
0111
111
0111
111
111
0111
0
1101
111
111
111
111
111
111
111
111
0111
01010100000000
11010000
11100
111
1011
111
0111
111
111
1101
111
1
10111
111
111
11110
111
111
100111
111
111
111
111
1011
111
0111
1101101101
0111
111
01
1
1
1
11111
11111
11111
1111111110
1110111111000101011101110
1111111100
0011111
11111
10011111
10111
111
111
111
0111
1
1
1
11111
00111
00
0111
1
1
1
1
1
1
1
1
0111
1
1
0
1
1
1
0111
1
1
01011
1
1
1
1
1
1
1
1
01011
1
0
00111
1
00000
000101
1
01000
1
1
10100
0111
1
1011100
0111
1
0
0
1
1
11000
0
1
01011
1
00111
01
10000
001101
1
1
1
001100
0
0
10100
0
11
11
10001
01101
0
1
11001
00000000000000000000000
1
1
1
1
1110
1
1
1110
1
11100001
1
1
1
1
1
1
1
1
1
1
1
1
1
1
1
1
1
1
1
1
1
1
1
1
1
1000111
1
1
1
1
1
1011
1
011110001
1
1
01011
1
1
1
0111
0101
1
1
1
1
1
1
1
1
1
1
1
1
1011
1
1
1
1
1
1
1
1
101010111
0010
101110
1
110101
1
1
1
1
1
1
1
1
1
1
1
1110
