00
0
1110111100000111011100
0
0
111
111
111
111
011101
111111
101110100
1111111011001
111111110010000
1110111
101111101110001
11100111110
11110110011111
0111
0110001
11110111111000
0001111
1110111
1001101111010101110
001100110101
111000
11111111
01111
11001111110111
1110101
11110101
00
11011011000
0
10101110101
0
0000
00
1111
11111
111111001
01111110110101110011
011011011001
0111011
111100000
0100
11101111
111
001101110010111100
1111111001111101000
00111
11
01111
001011111111010001101
0100011
100010001100000000000
0
1110
111111
0111010111
1000000010111100
1101
11111110001101101111
00
11101000
0111
111001
001
0101
1110000
110100110110100011001000
100000000000000010000000000000000000000001000000000
0011011101000000000000000
0000
111
0000000001100011001
0001011100100010010001
0111100000
1001
0000111
110
111110101110101110
11111111010
1111100
1111100000
1111011
000000
1
1111100000
00
111101
00
1111001
10
011111
111110000
00011111111001000000000000
11001
01001110011100000000000
11111001
11110111001
111110100000011
11000000000
11011110001
1111100010
1111101101
0
0011111
111111
1111101010001100
101110101000000000
1111110100100000
1111100100011
11111
000
1000101111
000
01
0
100
111101110000
00000000
011110000000010
1101
100000000001100
100000
010
00011
11101100
0111
111
111
0
00100
00
0000
1101
1001000
010001
1100001
110111
1101000
1111
111
111100
0010
00010000
000
000
01010
1000
00011
11100
01
000001
100
0000011110
00000
00000
0000
1000010110111010001110000000010000001
0111101111
111101
0001000000011011000100000011000000001110
111010
11100001011100000100010
011001000100000010000
110001000000000000000000
0111111000010000
111101000000000000
11100100001000
111011110
000000000000000000
111111011100011111
1111111111111111
11110110111111111
11111011011011011111
1111111011111111
1111111001110110101110011
111111111111011
111111111101111101
11111111011011111011111
1111111111111
1111111111111111
11110111101111111111111
111111111101011110111111
1111111110111110011
11111111100001111011111
011111101111110001
10101111111011011111110
11111111111111
1111111111111111
11111110111010111111
111111111110110011011111
111111111111111
000
0000011101010101000010
101000000000000000010111010010010010101000000000000000000000000000000000000000
111111
11111000010000000000010
1111000000000
111111010111010000110010011
0111000000001
111000
00000000000000000000000000001
011000001100
11111101
0000000000000000
000110110001100
11110011000011
0000000000000
111
111
11111101110110001110001
1010100101101101
101011110111111101111101111
1110110
1111011111111111
1111111011111011011010100
011011001111111111111010001100
100011111011011000001100
000000011101011010000000000000000000
111111111110111001111
111111110101111111
111110111111
111101110111111
1111111111
1111111111001
11110011100001
00011111110110110110011100
1111111101011111
11100111011111101100000000011000
11111011110111010111000011111011010
11111111111100111
11011111101111101011
1110
11000011010001
1110010100
0000000000100
11000100111010
11100000
1
01101100000000010000000000010000000
111001000
1111000
001000000000000000001
1111
111000000000001
00010000000000000000000
0000000000000110000
110000010111111010000011000011100100
111111011101
11111111110011
1111100000111000
101101111110000000000
0000000000000
11111111111001111
000111011111110000000000001000
111111100011111
00000100011101101111010000010110111111000010010
01111111001011011001
01111010101010000011000001
000000000000000000000100111010000000
1010111111101110011
1000101011100
1101111101100000111001
111110000
1111101111001111101100111
100111
1011111011111111110010100101
01111101111111111010111010101111011111
00111111111111011111111011
1111111111110
111111111111111111110
111111111111111
111111101111111111
1111111111111110
1111101101101111000011111111111010
1111111110010111111111
1011111111110011101111011111
11110111111111100101110111110
11111111111111111111
1101111111111110
0110111111111111
111111111110111111
11111111110111
10111111111110111111111
11111111111111011111011
111111111111011110111
111111111110110011
111111011111111
00011111111101000000000000000
01100
11100
10
111000010011100
1110110
1111110111111011
00111110100100110011
1101
0000000000000000011100000000000
11101111
1011100011000000100010000
1001110110001
11011101111
1
1
01000
111
110
0111
0
111
0111101000
00000
111001001
1110100000
000111101
0
11
1011111
11111
111110
01
1111111110011111010010010
0000000
11111
0101000
0
00
11111
1101
11001
0
00111
111
1
011000101
111
00000
00111
0
1
10
111
001
1100
11000000000
0000001
11100
01
0010
0000
01
0
1101
1
00
01
01
110111110
000111
0000
110
01
10111
0
0100
11101
011
1001
11110
10
11000000
110101111111
10110
011111000000110
101011111111
0
111110110111111
0000
11011
01
0111111
1
0
111
11
1101
10111
11110
11
101
00
101001
110
001
110
10111
111
11
111
011
0101
0
111
1011
11
111
010011101
11111110
000
11
10001
10
101
000
011100
1
111001
011101110000000000
111100
101110111101101
11111101100
011101000
11001
0001101101110101001
100000111010111011100
00011000
11101101001000110001
0000011011011000000000000010
0110111
11011100
110011101
0000000000000000000000000000000000000000
010000000
0111000100000000001011001
11100010000
1110101111111111
00000000000000000000000
10001101110100000110000000101011110
011011101
0110
00101
01101
11010
00100
0000
1101
00101101101110000111101111101
1
011
000000
10000
00
0000
001
0100
00
001010001
1101001011010
000000
0
0000
1101
00000
0000000000
0111
110111100100000
0111
11100
00000111
11010111
000010
00
1101
0
110110011011000000000011110100
000
010
00
001111
1110
111
00000
1111111100
110110110
0000
01100001010000000000
11001
00
0000010001000000000000010
1000111000010001
0000000000000
0
000101000000000000000000
000000010
00000
001001010111001000010100001
00000000000000000000000000000000
0
000000
000000000000
0000000000
000000000000
0100110011111
1
001000
0000000000000000000010
0
0
00000000
00000
0101000000
0001000000000000
11001010010
00
1
00100
1101
01101
00101
1
11100
0101010101
00
000000
00
000000
01110000101000000
000
0
00000000
00111
0
00
11010000000000
0000000000
000000100111111000001000000000000
00000
00
000
0
0
00100000000
000010100000000000000000
0
111111101
0011110110
00
00000000
0
1111100000
0000
00
00000000000
0
0
0000000
0
000
0
0
0
1
0
000
0000
11010
011
00000
0001
01001
1110
0
00
0
00000
0
1
1
000
000000000000000000000
0000
0000000
011
011
0000
100
0
0
0010000
00
1010101
0111
0000000000001000000000000000000000000
1
1
0000000000
00
000001
100
110001
10
00
0
000
00001100100000000
11110
1100000001000000000
000000010011101000000000000001
10000
1
1110100000000000
01111110
1111110
11101100001
001001
01100011011000001110
0110111
111010010
000111
1110010110
110111001000000
11110
111111
10111111
111001
0
01100100110
111011110011001010
0011111
111011100
0000
0000
111111
01111
0110000
100111
01
01
01
10100010110000
0000001
01000
0000000000
000000
1010101111101
000000000000000
0
000000
1101100
000000000000
0000000000000000000000000001010000000101000000000
000
11110101001
100
0000000
111011110011
1101
0000000000
1
0
0
1
1
0
00
00
000000
00
00
000
0000000
1
0
0
00
0000000
000
0
111
111
110111
101111111011001111
1111111111111111
11111101111111110
01011111101111111011
1111111111111011
1101111111101101010111100
111111111011111
111111111101111101
11101111111111111101110
1111111111111
1111111111111111
01111111101111111111111
101011111111111111111101
0111111111011111110
11011111110011100111111
111111110110001110
01101111111101011111011
11111111111111
1111111111111111
11001111111101111111
111010111110111111101111
111111111111111
111
111
00110111110000
1110011000001111
01111
1111001
111
1101110011
111100
1110101000000
000000000000111000001101100000000000
10110101
1111
11111
111
1111
10011
111010001
01111
01111001000001100000
010010111111011100
111101011
11001111101
0110010001100111001001
010111
10101
100000110100000
1010111
100001010001000
1111
0111110110001000011
10101110
11000000110000
01011011
1110100111
011110001
1100001110000
111001001
011111
111001
01110101101010
11011
11011111111011101110111111
0111111111111
111111111111111011111
111111111111111
111111111111111011
0111111111111111
0111111010101111001110111101101111
1110111111111010111111
1111110110101111111110111101
11111110101101111011111011011
11111111111111111111
1111101011111111
0111110111111111
111111111111111110
11111111101111
11111011111111111111101
11111111111011110111111
101111111111111011111
111111111111010011
111111111111110
1111111010111111
101010000
10111000101
