1
11
1
1
11
11
11
1
1111
1
11
11
1
1
111
11
1
10111
01
1
11
11
011
11
01
1
1
11
11
1
1
111
1
1
1100
11
1
11
11
110
01
1
1
11
11
11
1
011
1
11
1
1
1
1
11
1
1101
0111
01
11
11
1
0111111
11
1111
111
011
011
111
111001
111010111
1011
1111101
1111111
01110
111101111
11110111
01111
101111011
1111111
1011111
11111
11111
0
111
11
111111110
1
1
1
1
11
11
1
1
1
1
1
1
1
11
1
11
101
1
1
11
11
111
01
1
1
01100000
1
1
1
00111
1
1
1
1
11
0001
1
1
11
1
11
01
011
10
1
1
1
1
1000
11
1
1
1
11
1
1
10
11
1
11
1
1
11
001
11
1
11
0
1
1
1
1
1
11
1110
1
11
10
1
1
1
1
1
1
1
1
11
11
1
1
11
11
1
1
11
110
1
11
11
1
11
1
11
1
1
1
1
1
1
11
1
11
11
1
11
11
011
11
1
1
001001
1111
1
111111
111
000111
11111
1
0
1111
11
11110
000000000000000
01
1
1
1
1
1
11
11
1
1
1
1
1
1
1
11
1
11
110
1
1
11
11
111
10
1
1
10010000
1
1
10011
1
1
1
1
11
1
1
11
1
11
10
101
10
1
1
1
1
0001
11
1
1
1
11
1
1
01
11
1
11
1
1
11
100
11
1
11
0
