111
00111
0
00
0
11
0
11
010
111
000
000000010000100
11111101110000000
1111010
0
111
11111101111001
0
1011
00
101111
0
1111101001
10001
11111101110
00111
110010
11110
011011101
11111
11111011
11111
11110101
11110110111
1111101001
11111
010111111
111111
10011110
111110111000
111001111
11011110
111110101101
011011100010000000000
11101101
110011111
11111
1110111101101
1111101
11111101101110010001101
1111111110100
11111111100101
11111100111001
1111011010
11111110111
111111111000
11110001111
111010110010101
111101101
111110111
11101111
1111
111010011
00110011
10101111000111
111101
11101011011
0111111001101
111101111
111111
11101111
01111000100
11111
11110111
111111011
01011
0111001111110111010100
1100101111001100000
1110011
11111101110100
111111111000
111111
10100
1110011111101
10111011
1100111111
00
111010101010001001111
111111111011000
11101111011011100
1101110011
1110111
11111
101111110
11111
0111111011
11111011
0110011110001
01101011101
11111
1101110
11111
11111
1111001110110
1101111
11111
111111100000
110111101
0111111
1101111
11110111011
110110111011
110100
001111
0
11001
1010100111
11
11
11
11
1011
00
10011101100101
10100000
11
10
0111
01
0
00000
100
1101
10101
0111
000
11
11
00110
01
11
001
11
011
11
11
111011011
11011
010111011
11111
11011111
11111
11011110
11110111110
1111110010
11111
111100111
111111
01101110
111101100011
101101111
11101110
110111011110
011011000010000000010
11011011
011011111
11111
1111011010111
1111101
111101111011101001000
11101101110
111111111000
110101011011
1111010110
1101111
1010101111
11110111100
111001100011011
111011011
1111
1111
1111
101001111
110
111011
111101
1111101100110
1011111
1111
1111
11001110000
1111
1111011
10110011111101001
11110000000111
1111010
111010111010
1111010101
1111
01010
1011111
1101111
11111001
00
0111100101010101
1110111100110
1111001001111
1011011
0111111
11111
100111111
11111
1011111011
11111110
1001011010011
01011011011
11111
1110011
11111
11111
1011101100111
1110111
11111
111110000011
111101011
1101111
1011111
11111111010
100111111101
001
