1
1
11
10111
1
1111
11
0000101
111001
1101001111
0
01111
1110
01101101
1
11010101
0
110001
011111
1
11111
10011
0
11010
1
1
00
11101
1
10111
11
1
1
11
1
1
1
1
1
1001
11
11
11
1
1
1
11
1
11
1
111
0011
1
1
101
1
01
111
1
1
1
10111
111110
1011011
101
11
110
1010111
11
1
0
11
01
0000000111
1
01011
11
1
1
1
111010
11
0110000000000000000
011
01011
1
0111
10
1
1
1101
11
1
1111100
1
11
1101101
1
11
0111
1
1111100001
11
1
1
11
10
0111
00
100
1
1
00111
0
0111
1
1101
11000
1111000000000
1
0110
10011
11010
01011
1
01001
0111000000
0
111101000010
110001100
001000000
0111
0
11100000
1110100000
0
0
0
1
0
1
00000010
0
1
00
0
1
1101110000
1
0
0011111
1110
0
1
110011
11
1
1
0
1
1
0110
1100
0
0
11
0
001
1
0
11
11
00
1
1
1
11101
11
1
1
11
1
1
1
1
1
0011
11
11
11
1
1
1
11
1
11
1
111
1100
1
1
101
1
01
111
1
1
1
01111
110111
1011011
011
11
101
1111001
11
0
11
10
0100010001
1
00111
11
1
1
1
111100
11
0100000000000010000
011
10011
1
0111
01
1
1
1110
11
1
1011101
1
11
1110110
1
11
1011
1
1100011110
11
1
1
11
10
