11
11
1111
1111000101
11
100
1
0
1100010000
00111
100111100
00
0111011
11110
111011101100
11101100111
111100
0010111
110111101
101111101110
0
11100
0
00111
1
11
00
111110
11
0111
1
11
11
1
11
11
11
11
11
001
1
1
1110
10111
01111
11
1
11011
1
11
1100
0000100
11011
0000111
1
011000001
0101011
11
11
001111
0111
1000
011011
0111
1
1101
011010111
1011
11
001
1
101
111010100000000
10111
110101
0111
01111
11
11
00111
1
00001000000000000000
111011
0101
11
11011
0
11
11
10111
111001
11
1110100101
11
1
11110
11
1
11011
11
0011101101
1
11
11
1101
0
0111
00
010
1
1
111001
0
0111
1
0111
01100
1101001000000
1
1001
00111
10011
11010
1
00110
1100100000
0
111011000100
011010100
000000010
1101
0
00000111
0111100000
0
0
0
1
0
1
00000100
0
1
00
0
1
1110100001
1
0
1101111001
1
0
0001000
1110
010011
001
101010
01
0
1
1
0110
1100
0
000
0
100010
0
11001110001
1
0
01
101001
11
00000
1
11
10111100
11
11
1101
1
11
11
1
11
11
11
11
11
100
1
1
1011
11011
11101
11
1
10111
1
11
1001
0000100
11101
1100010
1
100001001
1110001
11
11
111001
0111
0001
011011
1110
1
1011
111110010
1011
010
1
101
110001000001010
11101
001111
1101
11101
11
11
11001
1
00100000000000000000
111110
0101
11
01111
0
11
11
10111
110110
11
0111011010
11
1
11110
11
1
11011
11
1101000111
1
11
11
1110
0
