01110111
1110111111
11
11010111
110111
111101
0111
11110110011011110
1001011
0
1111
11111111001101110100
0111111100
11011101
011101111101101
111111001000111101
1001110111011011101100
0000
111110011011101
110111110011110110000
111001101
10100
111101111101
1111100
01011101110
110111011011111011
1011001101
111000111100101
110001
1111111101
101101111
1111
111011111110111100
1001111
00
0001111
111101101001
100101111001110010111
0011111
01111111111010
11011101011111011
1111
00
1011111
10
0010000
10111110101111101
11111111
10111001001101110000
1110101101
111011
1111101011110101
011101110
10110110111111011
11011101
01110000000100000000000
111110100
1111001
011111
0111011000000000
1110001010100000000
111011
0000000000000000
01111110110
0001111011011000
00110001110001
111011
0110111001101
11011101
11101101
1111
1110
1011100111
111110
11111100001100010000
0110000010010011101
11100111
111101
11111001110000
1111
111011110
101111
111111001
1101001110
111101
1111011100011110000
111110
011111
01101110101
0111101
10111011
111011100
101111110101100
01110111
011110110110
1111001
1111
111011011011
1100001101000111
0011101010010001
00001000100000000111000
1110101101
011100000011110
111101
011111
111001110
1111
1110011001
011001101110
11101100000000110
111110
011111010010101101
11111000000
1110101011
011111
1110000
010111
1110111011
011111110111
111101
0011111
111101
11111
11111
1111101010
111110111
11111
1111111000
0
111110110
11111
11111110000
1111111010
11111
01111100010100
11111
011111
111101
11111
11110011
1011111
11110010011101
1111001
1111001000100
11111
111110000000
111110111000101
11111010
11110101
1111100111
111
1111011110111
0000001110
111101011
111
0001011011110
1011
00
11111
111100010010011010
111101
11100111001
11110011
1111
111110110
011111
1111001
001110111
111110
001111
1110111
01110111
1111
11101011000001
110111
1111
110111
1111
111011
1111
1101110
1111
1111
111110
1011111
111001111
01111110110
1111
111101
10101111
1111011
00011111
00
1111001
1111100000
0000011111
111101
011111
111101
101111
11110111001
110101000111001111101001
1111000
101111100
11
11
11
011111
011
000000000000000
011
0111
0
000111
00110110001
0
00
0
011111
0
0
110111
0
1011000
111101111011111
0110111001
1111101111101
011111
0
11110001000011001111011100
0
1111010
00
001101111001
1111110111011101111101
0111100010
00
111100
10
11
111001101101
1110100100
11111011101111001010001
101101011
11111111110
101101111111
11111011101111101
1011101
1111101101011111001
11111100101111101
111101
111110111101
11101111110
11111111001
010111111111010011111111110
11111111101
011111111110111
111110111101
11110111111
111101111110
0011111110111100111101
10011111001001111101
1101011
0
1111100011111100100
000000000000
011110001
1111000101
00111
11101011
0000
00
11
0111
0000
110
110
000000000011
0000000
0
0101
00
100011110101111011101100000100001010000000001010
0000000
1100111100
1111101111101011101111001101001001011100
1110100
11
1101
011111
0000000
00000
1110010
1101101
00111
0
111110
0011111
11011011
0111000
0010101
0111
11
1110
11
01
11
11
1110
11
11
00111
111101
0100110
000
0000000
011101110100
1111
1101
111011
11011101
111101
1110001101101
10111110
11100111
1111
1101
1010111110
011111
11010100011101000010
0110000101100010110
01111011
111101
10110111001100
1111
111011011
111011
111101110
0001111011
101111
111110
111110
11001110101
1110101
01111011
110011101
101101111110100
011110101101
1110101
1111
111101111100
1011000100100111
1110000001110100
00001001000000110100000
0101101111
010101010001110
011111
110111
110100111
1111
1010110101
111000011110
01110110000000110
111101
101100011110101101
1101101111
01101101110011
