0111
0
111
111001100
11101111
001110
1101
1
00110
00000
00111
1111
011
1101101
11
11
111
111
1111
1001111
0
11101001
101100
1100
0
11
110
00110
101110
0
11
1111
10
01
11
0011
11
0111
0001110
01100
101
111
110
00
111
01111
101111
1110
001010
01011111
011
011001101010
111110
00
11
0101
1111111
1100
110
11
1110111011010
10011
111010
01
1000
11
001101100000
011
11
0110000100
0111
01100
00
00011
00000
11
011
11100
0000000
11
01100
000
1100000
110001
0
001
0
10000110101
100
000000011
00
1111
010000
111111
001000111
00000010
000
000
1111001
0
10
0
10101011
01
001101111101
110011001011
0
11010
00
0
0
011
1101
11011
0000000
000
0000
1
0
00
00
000
00
0
010
101
01111
11011
10111
11111
1101
11111011110
00110111011
11111110
1110111
111111
0110111
11111
01101101
011111
10101011
111
110101
11011
110111
100011110
0011111111010
11111
10111
010110001110100
000111
111
10001
1110
1000100000
1
00001010
1011000
1001
110001101
101111001010
11111
1010101
00101111
01
11100000
000100111
01100010
01010
0100
110010010101
110001
0111
111101
1
111
011101
011110001
1111
101
11111001000
110001
1101
10011001010001
0011
111
001010
100101
0101
11101111111100
1111101
111
10110
111
101111101101
1110001100011
1111010111
11111
1100
1111
1101
1111111
0011111011
11111
111101
01111110
11111
01110111000111
1111110111
111111
11101001
0
0
0
10
01
0
10
1
10
1
01
00
10
11
001
0000
1
01
001
001
1
00
1
0011101010
1
11
00
00
11
0
00
0
110
0010
01
1
0010
01
1
000
0
1
1101
11
1
01
1
01
1
1
111
1001
01
11011
0000101010
000000
110111
000110
00011
11
010101
1
011
0100
011
011
11
0
1010100001
0
1
100
111
100
0101001011
001
01101100100
10
10
11
001011
01
00
100011000000
0
11110011011101
0
1
0
0
1
100
0
0
0
0000
00
0
0
11
010110
00
0
00
0111
1
1
00
00
10110
00
1100
01011001
000110
0
00
00
00
00
0
00
000
001
00
0
000
0
01
111
1
001
01000000
110110000
00
111110
00000000000000000000
000000000
10
000000
00
00000
1111
00000000
11
00
01101
11
0101
0
11
01
0
111
00
10
11
00111
0111
11
110
0111
10101
0111
110
00
11
110
11000
01100
101
011
11110101
0
111
11
11
1010
11
0
1111
0
0
0
1111
11
100
00
01110
1101
0
1
0
111
011
111
0
11
0
11110
0
0000
1011001
00
0
0
0
0111
1111
1101
1011
0
11
11
01
00110
1
0111
01011001
111111
0
1000
0
11110
100111
00
000
0000000
00000000
00000010
0000000
001010
00011
011000
00000
011
00001100000000000000
1000
0000
0000
001
0
000000
1
00
0101
10000
011
011
1110000
0
00
110
00
1
01
0
00
00
0
010
001
010
1
10
000
0
01
11011100
000
0
11101101
11
00
01111111000
011
011110
001
01010
010011
11111101
1111111
011100
01
111110111101000001
111000
0
1100
0000000000000000000000
001
1010
00010
1000
0
0001001
101000
001
00
00101
01
010
0000
01000000
0101
00000
000000
0100011
1100010
000
011
100
10
01001
00110110
00011
1111
00000
101
11011
001100101
0000
0000
10
1
00
01
000
10
0
0110
1
11
10
0100
010
0
1100
00000111
110000
00000
11
1111010
11001
00000
0000
0111
00000000000
11
0100011
000
0
11
110
000000000
1110
11
1110
010001
0000001
0
11
1100000
0111
00000000000000
0000
110
10111
11110
0
0
11
11
0
1
00111
00000000000
00000
11
11
01
0000
0
0
00000
0
0
11
11
000
01
11110
01111
11101
11111
0111
11111110110
01111001101
10111111
1111101
111111
1101110
11111
01111100
111011
01101101
111
101110
11101
111011
001010111
1111010011110
11111
0010000111
10101
1
10
0111
1000000
01000001
00
10
1101
1000100111
111
101101
0
10000011
1000
01100100
10010
000
1001
111
111011
1
11
101101
010011
1111
1
010110001
1001
011
00110111100
0011
11
100001
110
011
11101101111110
1111011
111
01101
111
110111110101
1000001111011
1011111110
11111
0011
1111
0111
1111111
1101001111
11111
111101
00111111
11111
10001111101101
1111110111
111111
