0000
010
11010
11111
111100111
1011001
1110
111111
1101001100
1011010
10011101111
11111
0010
011
01111
111101
11
10010010
0
11
11
11101
00101011
111101111011
0110
1
0111
101010101
11010
1111110
1111
1
1111
11111
1
0
00001101
01
11
11
11
11111
1
01111000000110
001111
0000010
110
111110011
0111
111
001
1111
1
111
0000000000011101011
111110010111
1
1111011
1110111
000
1101
111111
011
0
00101111110
0111
100011101
1111
1111111111
1101
0
11
0110
000001
01
0111
1101100101000
0111
0001101000
1101
011010
1111
0110
111
01010
11100
010011
10
011011
0
00111
0100010
11
1111110011111
0111011111101
11111100
1
11
1
001
11
0
00010011
101101
11111
111000000
10
1
01111
11
110000
1
10
0
0
0100000
0101
010
111
00100
1
1111111111111
1111111111100
111111111
111111011101
1111111011101
111011111111101
111111111101111111
11111111011
11111101111110111010
1111001
11111011011
11111111111111100
11011011010100010000111
111110111111
1111111110111
111111101011101
11111111111101
11111
111111011111
11011111
11111111
11110111
10
111
000011001110000000100000100111001
110010110000111010
011100111101110
111001111110111110
101100100111101
111111001111111001011110001
1100011000001110110101001001000011
000101111000000111
000100000011110011000000011001011111
011110011
10111111111111101
111111111011110011
11111111011110
101111101111110011111000
11010
111111110000110000100101
11111111101101011
11111111101101001
111011011100
1111010000110101111010010101011100
111111
111110111101000101
00111101011011010000001011110
111111110011101
11111000111
111111101111011111011
11111001
0111111101011010011
0111111111110101111
111111010
1111111010111101101110000
111101111101110111
001100100110011111001011010100000000
0111001110101
11111111010101110101
111111000010
1111101110111011111
10
11111111110111111010
000001000110011001000101100
1111000110111
111101111110010100011000000
11111110111110110111011
11111111
111111111
11111111111
1111011111011011
111101111
11111001000
1111100111
11111
1111101101
111101110100011
11111111010011
10111110
110011111
110001110
11111111
01111111111100
11111110111
1110110001110
01011111111101100100111111
11111111101101011
11
1111110111
11111
00111110011
11101
100111
1111100110
111
110
11011101110
1011
1110
001110
011111
101000010
1
111100
110
111111001
1001000
011
0111
11111
10000000
11111
11
1100101101
111
11
11101001
1111
11110000
1011
11111
00111
111110
01101111
01101
1110
1110111
1110000100001101000
111100
01000
111100101
111
1101
110000001000001
100110111
0101111
1101
1111110
1110111011
011011
1010111100
1101111011
11111011
1110110101101
111110
01111101100110
11101
1101111010011
11011010
1101111
11110011
1110111
1111
11011
0101111000010
11110
11110
111110011
10111
1111100
1101111010100
1110100111
11110010
00000000000
1111
111100
1110110101
1011111
101111101
01110000001110
11011101
101011010100
011000
00010
110000
0
1101
1
101
1
101
110101
11
1
0000010
1
11
1101
1
110
1
1
11100
11
10
0
0
1111111101
0000
1
000000
1
0000
0000
01000
00000
000000
000000
00000
110
000
00000
0
000
1
10
11110110011
000
10
00000
0
000000
0000
1
0010
000011000001
00000
01
11110111101
110111
11
111
10000001
00
000
0000
1
1
000
00000
000
000
1011001111
000000000
00
11
1
0000
11
1
0000
11
110
01111
111001110100100010
11100001000001011
00
011
0111001
11
1
001
110101
111
111
1
10
1111101
0
10
10
0
1111
10
1
10
01111010001110
0
00
1
1011
01011
1111
11
111
11
1
01
111
01
11010001
11011
11
1
001
1111011
100
00
0
1
0001
111101101111110
1111111
1111111
0
011111111100
011100111111
1111111
111100111
1111100010
1111111
1111111
1111111
1111111111101
111111110
111111101
111111101
111111101
1111111
1111111
0111111111
1111100101111
111111
1111111
1111111
1111111011
111111101
1111111
111101111101
1110111111
1111111
1111111
1111111
1111111011
1111111
1111111
100
10110111
0000011111
001101
1100
01
001000
11000100
11
1
1
0111001
111011100000100000110
000001010101
110011000101100
111111111111000010111001
111111100
111011
0010000010
11
00010011100000000000110000101
011100010000000
00000000
01
1000011
0
110011
110
10000110011010000101000
1
01
1
001
010111
000
00
10011
101
1100000
1
11
00
00001
10
110
0
1
1000110111
1010101001
11
1111111010101
0
1
111011
11
111
1100111
0111
11
11
1110000011
111110000000
1101
0
011
1
00110101
001101
0
1
0
1
111
1111100
0
100111100110001
0110
1100011
00101111
1110110101
0111
100110
11110110101100
00011101
0
1001110000000000010000
0000100
10111011
10
00010010000001000010110000000000100100
0110100110
11100
010
111111000110100
1000010
000000
000010110
0
000000
1011
1
01011
01001
011100
01011
0100011100
10100010010
01111000
0100101
11100111
1110011
0
0111
00000
00100
1011
1111111
1111111
1111111
011001111111
1111101111
1111111
100001
01000000
011111111
1111100001
1111111
1111111011
1111111
0101111111
110010101111110
1111111
1111111
111101111
1110111111
111111110
1011011
1001111
01111110
000
000001101
1001
01001
000000000
00000001000
111111101100
0111
1111
0
0000
00
0111
0
01
0
010
00
00000
000000
1
110101
111
01
11
11
1
11
00000000
11
1
11
11
11111
101000
111
111
1111111
11111
11111
1111
111
11
1
1
111
1
1
11
1
1
01
00
11
00
0
1110101
0110
11
110
01
1
11
101
1
11
11
11
1
011
1
11
11
1111111
1111111
11110010111111
111111101
111111
1111
101111111
1111111
111110111
01011
1111111
000000
1111111
11111111
1111111
0
1111111
1111111
111111101
1111110101
0100101111011
111011111
00010
0000000000
0000111110
1111111
11
000
11
1
001
011
011
0
0
101
11101111101
1111111111111
1110111011111
111111111
111111010111
0111111111011
111111111110101
011111111111111111
11011111111
10111011101111101111
1110101
11101101111
11111111110111101
01001000001011101110111
111111110111
1011111111111
111110111110101
11111111111110
11111
111110111111
11011111
11111111
11111101
111
10001011111100000001000000
10101000010101110
100011110101
1101110111
10110010111101
000011111111001
00011110100001101001000001111000
001100010111000011
10010000000000010010000101101111
1111100
111011
0111110111101
10101111
11111110111111100100101
0
1111111101010
1101110100
001101110111
10111000101011011010001111
111
101111101110000
100010111111110000100001
1110110
11011111101
11001
1111100100
111101110
011101
110011000111011
11011111
0001000011011110000010000000101111
0110110101101
01110101101101
11111000100
11001111
10
110111100111
11001011101010000000000000
011101110
01111111000000010100
10101111111101111110111
11111111
111111111
11111111111
1110110111110111
101111111
10010111100
1011011111
11111
1111100111
110111111010010
01111111110011
11011101
011110111
100001111
11111111
01111111110011
11101111111
1001010011111
11111111111110010000101111
11111111010011111
1
