1111
111
1110101101
11111111
01101
11
11
11
111111
11
111
1111
11
111
111
11
11
11
11
11
11
11
1111
111
1111
11
11
01111
11
011111
11
1111
111
11
11
11
11
11
111
11
11
11
11
111111
110111
11
111
111
1101
1111
1011
11
0
111
11011
11111011101
11
11
1
111
11
11
1
1111
11111
1111
0111
11
11
11
111111111111
11
1101
1
111
1111
11
0111
111
111
11
11
111
11
111
111
01111
110
111
111
1111
11111
111111
11111
1011
11
111011111111
1111
101111
11
0111
11111
11
0
01111111
1
11
1111111
0
11111101111
11011
11
11
11
1111
11111
1111
111011
0111111
11111
111111
01111
1111
1111
111
111
111111
011111111
1111111
111111
1111
111
1111
1111111
1111
111
11
111
11111111
0111101
01111
1111111
0111
111111111
111111
1110
101111
111111111
11111
111111
11111
111111111
101111011
111
11
01111
1111
11101110111
1111111
111111
111111
111
11101
111
11111011
01111
01111
1111
111111
01111
111111
111
111111101
0111
111111
111110
011111011
111111
1111
11
1111
111111
1111
111
11111
1111
1111
1111111
111111
11111111
10111
1111111
11111
111
11111
111111
11
11111
111
01111111
111
01
1
1
111
111
11
1
111
01
0
1101
11
11
0111
11
1101
11
10111
11
11
11
11
11
11
11
11
11
11
11
11
11
11
11
11
11
11
11
11
11
11
11
11
11
11
11
11
11
0111
01
11
11
1101
11
11
11
11
11
11
11
11
11
10111
11
11
11
11
11
11
0111
11
1110
11
11
11
11
11
00000
111111
0111
11
11
11
1
11
11
1
1
111
11
11
1
1
10001
111
1
111101
11
111
11
11
11
11
01111
11111
110
11
1111
101111
11
10
00
01
1
1
0
1111
00
11
111
1
0
0000000000000
0
11
11
11
11
11
11
11
1
11
11
11
11
11
11
11
11
11
11
11
11
11111
010
1111
00
00
0
1
01
1
0
01010
110
100111
01
111
11001
11
0011111111
11
11
0
1
01
0000000
1
11
0
11
0
0
11
011
01
110
11
1
01101
0
1
01
1
101
1111
11
011
110
1
1
100
0111
00
11
01110
11
000
111
011
0
11
011
111
11
111
1101000
11111
110
11
110000
111111
11
1111
11
0
0
1
1
1
1100
11
11
111111
110
1
111
0
1
111
1111
111
11
0
11
1
0
01
01
01
1
11
1
0
1
11
111
1
0
11
0111
1111
11
0111
11
0000
11
00000
11
00000
1101
11
00000
1
1
000
11
11
11
11
110
11
11
11
11
11
10111
11
11
11101
00000
00010
110
11
11
0
111
111
1111
11111
1111
111011
1011111
11111
111111
10111
1111
1111
111
111
111111
011111111
1111111
111111
1111
111
1111
1111111
1111
111
111
1111
11110
111
111
1101
111111
1111
1101
11011
11111
11
11111
11
1111
11
11
0111
111
1111011
111111
1111
111
1110
111
11110
1101
110
11
111
1101
1111
111
1110111
1101
111
111110
1101
111
1111
11
1111
111111
1111
111
11111
1111
1111
1111111
111111
11111111
11011
1111111
11111
111
11111
111111
11
11111
111
11111
