1
11111
000000
111
11
11
10111010
11001
1111
01
01101
11101
01011
101100110
111101011111110100
11110111110
111
11111
11111
1
11111
111
1110111100000001111
0111111
101100110110
1111
11111111001
111010
00111111
111101
1
111101111011001
1111
0111111111001
100011101
0111
1101
1
101001
0111
11101
1
11110110100
1
111111001
111100
111
000
1
10000101
111101000000
010
110010001
1101
00111110111
111
11
1101
1111011011011101
1111010001111
111100110111110
0111
1
1
001110
11111110111
111100111
1011001011
100
111110
1
11101010111
11110111
11101
1010111111
1111100
111001111
111
1
0
0111
1
1
10011
11
111
11
01110100010
1
0
01
1
0
011
1111
11
1
1
11101
1
110
0
1
1
0
1111
101
0
1
10011
1111
1111111100
101011101
111111
011111
101111100
010010
11
111
111111
11
111001111
110111001
111011001
1
10000000
1100101000
01111
11110101011
111111
101111
00111
1110
0110001101011100
11
11
11
000000000
11111
1
001
10
111
111
1
111
1
100
1110
1
10
11
1
100110
111
011
11
11
1101
01
1101
1111
1010111111110111111
11110111
1111111111
101101111111101111011011
111101111111
111110111111
11111111011010011
10101001100101111011
11111100111110100
1111111111
111111011110111111111001111
1111101011111110111
1111111110101
11111101001111100
0111110111111111
11
11110111
1111110011011011
1111111
1111111
1111111
1101011111111000101
1111111
111111
11111010111
1111111101
01111110111111
111101000110111101
1101110110
01111110111111
101111011011111
111111101
111111010111111000
1111111
1111111101
10011111111
11111111001
11011111
1110101
11
1111111
11
1101111
00111111
111011111101
1
01111111111100011101100111
01110010111101110000001011101011
111101111011110111011101
1110001
111111101
11111101000111111
1111111
11110111
11111011101101011
1111111
10000111
1111011110010100001110
111111111010010001
0111011110110000111100010
11110101111
01111111110111000
1111111101
011111100100110000111
1111111
111101111
010
1000011011111110100000101100010000
00111101111
11110111110
11101001010111111010000110010110100
1111111
111110110001111
1111101101100
111101111111100
111011011111001000
1111110
1110101
11111001011010111011
01110110111
010100101111111110001110000000010
111100110
111110101110111111
1111101000110011
1111111
1111101111011001
1111111011
1111111101
111110111011101
111111110101
11110111101100101
1111111
01111011111111111000
0111100111100101
11111011111
11110011101110001
1111111
1111110111111101001100
1111110111
1111111
111100111
11111111010
1111111101
111111010111000111
0
011110010100100000
11
01000101010110000111010100
1111111
11011
1
11111111010000
11111
011
011
1
1110
1
1
1
1
1
1111111
1
1
1
1
11100
01011
0
11101100
1
1
1
110000011100000000
11101010
11
1
0111
1110001
1
1
1
0111
1
0111
0111
1
1
1
1
1
0111
1101
1
0111
1
1
1
1
00111
1101100
0111
111100
1
11010011
1
1
1
11
11101111111101101001101
1111111110111
111110111111110111001
11110011010011010011
111111111011
111111111101
111111110011
11101111110101101001
1111111111
111011101111
1
11100110
01100101
0
10100
1101
1
0101000
0011111111010101111101010001
11
10
10010111
1
11
10
10100001101
00111011
111001111010111001
1010111100001111101011
11
0111111111011
111110
01011
1100100
01111111
111101111
0111010000000111
01110111
111111010100
111011001
011100011010
1110110001
1110001111
10110110011101011110010010101
001110010001100101110110
1011111
1110
111111
01011100111011101101000100
00
111110
0
11111101000
0
1111010101
0011110100
11000100
111011
101111100
011111
0
1111100110110000010010
0
1011
11111111110110111
111110111111
1111101101110111
011111110010010
111110111111011
111111011111110101
100111000111
11111101111010011101
0
111011
01011011100000000001
1
0
0110000001010
00
011101100
0001100
00111
111000
00
1
000111
0101010
000111
11
1100000
0
0
000
0000
1101011
111011
1100
111110
01011001101010
110110000110001000100101011010000000001000000000000010000
1110110000
111
1011111010
11110110
0001111
101100010011001000011000
1110000100100000001
11
0
11
000000001100000110
0011100
00100101110001101000000000110001000100000110001110001101010010011
1001111010
1
0
1
000001
1
1101
0111
1
1
01000100
00111
000111
1
0
0101100
1
1
11
11011
10
00001101010110100
11
10011
0110110
0101
1
1
00101111
10101
1
1111101010110001
1
11100
1101000010100
1
11000000
00000
11101101
111001
11
11
0
1
1
11100010100000
1
1
00110
0111
10101
111
11
10110
0
1111101010111100
11111
00111
1
0111000101
11001
1
1
001
1111100100110011110
111010
1
1011001001
1111011
011111
11110001
01100100
1
111
0111
1
1
11111
1101101010111010
1110110
01100
1
110101010110101
11
0111000000000
1
0111
1
100000111000000000
1100
000
0110111
1
11010001
0000000
1
1
0111
0
100100
1
1
1
1
00
10010100
1
11100
00
1
00000
1
1
0
0
0
01010010000000
1
11010100
1
10101
11111
01101111100110101111
11111111111011011010100001
01001000100011
000
00
0011100
1
10000000
010100
1
0110010
1100000
0
0
0111
0000000
0
0001101
11001
0111
1
110001
00111
1
1110110
111010
1
00000000000000
1101110111110100011000000011
0000000000
1111001000
01000011101100
0
1111100100
0000000010
00
011111111011100
0
0000000000
10000010
011001011100011111011111111010011011101
11111
0010110111
00
00
0100101000
1111110000110110101
0
00011001011100001111011
11110011
1111110001
0011111
011100001011010000000110
0
11010
0010111011
101100100100110001
11101
0
1
0
0
0
000000
1
1
0000000
1
000
1
1
101101
1
1
0
0101000
0100111
1
1000101
1
1
1
001001
00000
0
0
0
000
0
00
11100
0
00111
0101101
1
1
1
1
1
10101
0111
0000000
1
1
0
000011
101011
00
110001000100
010
11
11101
1
1
1
1
1
1
1
1
1
1
1
1
00
0001101100
11
11110111
0101111111011011
1111111
1111111
1111111
1111110101111000011
1111111
111111
11111101011
1111101111
11011111111110
010111001110110111
0110011111
11110111011111
111011011111101
111111110
111110101111010101
1111111
1111111101
11111011101
11111011011
11111110
1001111
11
11
11
11
10111011
11
1
11101110001100111
00101011110110001001110
11011101
1100101
11
11
11
11
1011011110
11
11110000
0111101110000
111100
11
111100
11101
11
11
10
01100100101000000001001100
1101
11
10011110101100010001
11
11
100111
11110
011101111101011000
01
10111
11110
11
01111
111000111
11
11001
1111111
1111101101110101
1111101111
1111111101
111011111010111
111111110110
11111111000001111
1111111
11001111111010111110
1111100010010111
11111111110
01111100111100011
1111111
1111011110100011111011
1111111011
1111111
111100111
11011111011
1111101111
111100111111101010
1111111
000110011
11
