0111
11
00
1
1
1
1
1
11
11
1
010111
11
11
1
11
11
1
10111
1
11
11
11
0111
11
1
1
11
11
11101
1
1
11
1
1
1
11
11101
11
1
1
1
1
11
1
1
11
11
11
1
00111
11
1
11
11
11
0111
11
11
11
111101100
11
11
111110110111001
111
110
11111
00
11111011
000000
11
111101
11111
11111
11111
11111
11110111
110011111
111101
1100100100
111110001
11111
11110110111011101100
1111111110
11111
111110011011100111
11111
11111
11111
11111
11110101
111101
11111
11111
11111
11111
11111
11111
11111
11111
11111
11111
11111
11111
11111
1111101100
11111
11111
11111
111011111
11111
011111
11111
11111
11110111
11111
11111
11111
0111101111000
11111
11111
111011111
1111111110
11111
11111
11111
101110
11111
11111
1111011
11111111000
11111
11111
11011111
11111
011111
11111
11111
11111
011111
111101
11111
111101
1111101111011
11111
11111
11111
1111111011
11111
111111011
11111
11111
1111101
11111
11111
11111
11111
11111
11110100101
11111
01111110101111
11111
11111
1111011
0111
11111
11
11111
111111110
0111011001
1111011111
1111111110
1110001011
11110110001
11111
01111
11111100
11111
11
111101
0010111
11111
11111
1
11111
1
111111
11111
1
1
101100011
11
111
111
111
11111
111
110111
11
1100010
1100111011110000110010
111
0
00001100000000
11
0
11
11111
11111
011
11100001
0111
0000100011111
11111
111111100
01111
10
11111
11111
1
11111
1101
0111
1
1100001010000
1
000000111
1
1
1
00
0000
1
1
1
1110010100000
0000000
1
111100111010101111101111011
1111011011110
1101
1
11111
0111
1110000
0100111
1
11111
11111
1101101
1
1
011011111
11111
011111
11111
1
1
101111111100000001110101
1
1
0001001
011111
11111
1
1
1
1
1
011111
1011111100000110001
01111100100001
11111000101101100
0000000000
10100110100111010110001000101111010001011000
0
111101101001
01011111
0000
10111110111111101000100001001000
11111
11110101
111111110
01000111000
10000000000
111111110000111
000
111
111101101
11111
11111
1000000110
111110
11111
111101000101101100110
0001000000000000000000000
1111111110
11110001
11101110110111101000011101
11111
0010110001
101110100100
1
1
111111
11111
11111
11111
11111
11110011
101111
11111
11111
11111
11111
11111
11111
11111
11111
11111
11111
11111
11111
11111
1011011101
11111
11111
1011111111101
11111
11111
11111
1101111111
11111
110111111
11111
11111
1101111
11111
11111
11111
11111
11111
10011010111
11111
11111101111100
11111
11111
1101111
