11
1
1
11
11
11
1
11
11
1
1
1
1
11
111
1
11
1
1
11
1
1
11
1
1
1
1
1
1
11
1
11
11
1
11
11
111
1
1
1
1
1
1
1
1
1
1
1
1
1
1
1
1
1
1
1
1
1
1
1
1
1
1
1
1
1
1110
1
1
1
1
1
1
1
1
1
1
1
1
1
1110
1
1
1
1
1
1
1
1
1
1
1
1
1
1
1101
1
1
1
1
1
1
1
0111
1
1
1
1
1
1
1
1
1
1
1
1
1
1
1
1
1
0111
1
1
0000
1
1
1
1
1
11
1
1
1
1
1
1
1
1
1
1
1
1
11010
1
1
1
1
1
1
1
1
1
1
1
1
1
1
1
1
1
1
1
1
1
1
1
1
1
1
1
1
1
1
1
1
1
1
1101
1
1
1
1
1
1
1
1
1
1
1
1
1
1
1
1
1
1
1
1
1
1
1
1
1
1
1
1101
1
1
1
1
1
1
1
0111
1
1
1
1
1
1
1
1
1
1
1
1
1
1
