0
111
111011101010000001
00001101011
001111101010111111
0111
1111100001
111001
11100111000010001
010
0010
10010111001
01110100001110011110001
1101
011110101011111100
0
0
01111011010100101011101111
011100110111001
0001111111011010000100
1011100
011111111101111110
0
111111111111
001000001111111111
00011001000101111111111111110101100001
1001111110110
0000000000
00111111111101
11110
11100101111111
1111
0
10101
111111110111
0101101010100101001111110010100110101111101010000001
111111111111
11110111110101
0111111111111
111111110111110011
101000101100001010011010000000
10101111
111111111111
11101101111111
0
1001111011111010011
111111111111
1111011011110110
00000011001001000000000000100001100111111101
000111000111
111111111111
11100111111111
111000000010000
11111
011111
0111111100001
000111011111100
111
000011001
11110101
111
111110
10101111
111101
111
111010
1101111001
011111
011111011101
011111111111000001000000
111
111
1110010010111010010001001010
01101110110111010
11100110
01100111110111110100
01111101101100000
111
111
11101010111010101
00011011111111101010000
1110101
110111
01111110011010
111100010101011
111101
111000000001000111010
1000
111
000011111
100111110101000101100100
011111111001011
1010111110100101000
11011001
111
1000000000
111
111
1111100111111
10100
0
11001
00100
00000
01001000000110011100
0001100100011111110111
0000000000
0
0
01100011110001010111011100011010101011011011010001
1000001010
01010
10010001001010110010101100100
111
1000011
0110111110001
111100100000010001
010
0000000001
00000
0001100000111
0010100000010000
0100010100
101101110000
11111
111101
1110001111100
111011010001110
111
100000011
11100111
111
111110
11011101
111110
111
101110
0111010111
110111
111011110011
111001001110000111110000
111
111
0010011001110100010110011100
01111110010011110
11010110
10111011011001101110
01100011010110011
111
111
11101101110100110
11001101101001110100101
1110101
111011
11001101111100
011100011101011
111110
011100000010000100111
0010
111
111010010
111101011010000000011101
111110111101001
0011110000111100011
11011010
111
111
