11000111110
001110111110101111111111100111100111110
1110111
11
1111111
1100
010000000110
11110111110
111
001111011
11111111111100011100000001110
101111010111101111
1111101111
111110101111101111
1010011111111011110111
100111111100111111110011111
11110111
1000101001111100000011110111000010000
101011111111
111110011
1010011111
1111010111011011101011101
0111
00110
111101011
1
1111111110
11111011110
10111111110111111011111110101111011
1
1
00100101111
11011111
01111111111110101
11111011111100111
011111011001111
111
1
1111111
11100111110
1111101101110110
1111101101111111
11011111111111101111
11101101
11111111111101011
111111
01111
111111
11
00001001100001000001001100011000000
1011111111011110111111111
1110111111111011111101110101
0010011111011111111110
11
11111111
11001111111111111110101
011111000111111111111100
00
1111111111101111111010
11110101
1
0111
11
11
11
11
01111
11
11
11
11
11
11
11
11
11
11
11
11
11
11
11
11
11
00
111111011111111110
111
111
10111
111
111
111100
10110111
111
0010110
111
111
111
0111
10010
111010
11
11
11
11
1011101110
11100110110101
11
11
11
11
01111
11
11
11
11
11
11
11
11
11
11
11
11
11
11
11
11111100
11011
11
11
10110101011001
11
11
0011111000000010111
11
11
11
11
11
11
11
11
11
11
11
10111
11011
111111111111111
111
110111
111
110100111
11
111
111110
11
111
11
111
111110
111
11
0000101110
111
111111
011111011100010
1
1001
111111
1011111
11011110000011
11110111011
1111110110011011101
111111
01111011100111
111111
11110011
111111
1111101
1111001111110
01001100
01011001
11110111
1011111
11110111
1001
11111001111010
001011100
111111
111111
11110101011
111111
111111
1111101110010
111111
111111
00001000
111111
111111
110111101111101001000000001100
111111
00101001000110010110
111111
1111111110
111111
11110111
11011111
111110010011
111111
111111
1
1111011
101110110
1111101
111111
1111101
111111
111111
111111
1111011
1111011111
111111
111111
1111
1111111110
1111011
111111
1111011
111110101111
11111010
1011111
111111
10111000
1111101
0111
111
11101011
111
111
110
111
1111101111111110111111
010101
1010111
1011100
111
00111
111
111
10000000111
1110
00000000111
1010111
111
111
11110111
0111
11
000
0001001
0100000
11111
1100001
1111101
10011
111111
1111
111111
11110111
00000000000001001001111110000000
11101110
110010000000010100010001011111100001100
1111
11
0111111110110
1111
1111010100101111
001011001000110011100101
0000001001011111011
1111
1111001
110110110111110110
1001010110
111101111111
111101111101
011111010100111110100
1111111110111
1111111111
1111101111011111
11111111010
1111111111
11111111101110
1111111111
111111111011
00
1111111111
1111111111
11111111101110
111110101111110
1111011110111011
1111111111
111110111111111
110110110111110
011111110110001111110
11111111101
111011
1111001111101
11111111111000010000
111110111111
111111111100
1111111111
111101111111
1111111111
111110111110
111111111011
11111111110
1111111111
11111100011111100
011111011111110011111101110
111001000111
00101111
11010010000111
0000000100111111111011
1111111111
011111011111010
111111111110
111111111101111
1111101111100
1111111111
1111111111
1111111111
11111111110
111110111111101
1111011111110
11111111101
1111111111
1111111111
11111111110
1111111111
1111111111
1111111111
1111111111
1111111111
10
1111111111
1111110110111101
1111111111
11111111101
1111111111
11100100111111011111
111111111011
111111010111
111111010111110
1111111111110
011
1111111111
11111111101
1111101011111011
11111111101
1111111111
111111111001111
1111111111
11101111001
1111111111
1111111111
0011111110011111111
01001111011010010110
1
1
1
1111111111
111111111101
1111111111
11110011
1
0111110010
1
1
1
01100
1
1
0111
1
1
1
1
0
1111111111
1
111111
1
1
1
11001
1
0111
1
1110
1
1
1
0111
1
1
1111
1
1
00111
1
1
1
1
1
1
00111
1
1
1
1
1
1101
1
1
1
1
1
1
1
1011
11
11
11
1011111010
11
11011
11
11
11
11
0111
11
11
11
11
11
11
1101110110
01011011111100
11
11
11
11
10111
11
11
11
11
11
11
11
11
11
11
11
11
11
11
11110101
11
11
01111011010001
11
11
1110010001011010100
11
11
11
11
11
11
11
11
11
11
11
10111
10111
11
