1010110001
1111
11111110
1
10
0000000101
0110110
111110110101011101
1110101111101
11
11001100011110
11111011
11111111110111110011000
0011
011
01110011011110110011001011001011011000
00
01111
0110110010011110110110010011111
1011
011010001011010
11
11
0000100000100000000100000
0011110111
1
01110001000
111
1110110110010001011110
01
11110010101
111010101010001
11
1111011
01110010011111001011111
11
0000010101
11
001100
11111
11101111100011111001101
1110
0
1111
11001111
11110011011011100101
1
1111
111
11111110
111110101110111111100101
1111011100011110111101110111011010011110
11
1
1
10011
00101000001001010001111011001010100
11111101110
01110011
111
11110101101111011011100111011101110111111011001
1111101000101
01101111111111111010011101111
1111001101010011000010
111111101111110000
110111110110100
10111111111111101111100
101011111001101000010011011100
11111111111000100001
000000001
11010110111
110111001011111001
111111101001
011110101111001010
010010011111111111011010111001101
111111
111
11111110001
1110000001111111
111111110000
111111110101000
1111110000
000
001101011110111111110110101101100010111
1110111111110111101101110111
101110010001000
1111101001
11101110110111110101100
111111
1111110110001
011111111111110111110011
11011110110011010011
111111
1111111100000111
111110
011111
1
1
1
1
11001
00110101011
1101111111011011
1111010000010101
10110011
1
1
111010000001000100
101111101011
111000
01
10111000
0110
0000010100111100010100101101110010
111111111111111
111111111111111
111111111111111
11110
001100100010
111111
00100
1
1
1001010001001000
1
01100
001
00000
1000000001000100
00
111111010110011000
01110111011011101
0111001000000001000101001100010000000010110
0011111101110101111001100100001
1
11
111
1
11111110101011
01111111011100001101010001100
10111011100110100101110
000111011
1111111
111
110
10110010001001
11
1101011100
10100101
111110010010
1
11
1111
11010101100010101
1111
1
010001
011110100110110001
111100000000
011
1011
1
11
1
1
1
1
10111
1110011111110110011001
0111101110001000
111
110111
11
11
10101110111
11010001
1111101010010
11110001
11000101
111
11
11
11
1110111001001
11
11
11111110
111
11011
1
1
1
1
01
1
1
1
11
011
1
111
1
1
1
1
011
1
1
1
1
11
11
11110
11
111
11
11110111
11
11
11
011111100101
111
101110110011
111010
111
1110
11
11
11
111111011
11111111101111010010010111
1
01
11
111110001000
1
0111
1111111110011011100111110
0
0
1
11
0000010100100101000
11
10111
1101
11
11101100100
0111
1
11001100001
1
1
110010000
000111
1
1
1
11010000
111000010010000001
111000
011011110100001000
1
111001000
110101111010010100100001
1110110
011101001010011
101011
111100
1
1
111101111110111110010011011001100111
10111
00
011101110000100
1001011010001001
11100110101101
11101100001
011010101001
01001000
1
00111
1110110
1
1
00
1101110010
00
011111011100001001010111000
1001100110011111110
0000
0111111111010110110110010000
1001111011100101
1
1
11111
000
111
1
0111
0
00010111
0000
11001
001100011
11
111101000
1001011
11
1
1
11100110
1
011000110101010
1110001000000
0100000101001000000
0111100000
00100111
1
10011
1
0111
1
000011
110110001
110011001100
1
1101
0110101
1
1
11001
000111
1110000
1101
000111
011111000001110
1101000
111001100100100010000
1
11100101
110100010000000
00000
11001
00101
111000
010111
1110000000
1101
1
01100
111000
111111111110
1011
1
1
000
1001000001
011101000100
000111
1110001
00111
011100100010100
111010
11111101100110
111100
0011111011111100111111011101001000111011011111100
11
00
111001001
01001
100001110
11001010011000100
10
0
101000
0111111111001100
101001
0010111
11100010
010010
0111010111010001
111111010010
0110111010000000011100
101001000111011010111000111
01100011
00000
00111
0111
0000010110000000000011001
01000
011011001011010111
001
0101
11
0111
1
1
111111111111111
0000
1
0011
11110011001010
1110000
0
1
1111
1
1111
1
1
001
11
000
111
10
110
1
00
0
01
11
01
1101
11
1
1
11
10
00011
10
10
1
011
1
111111111111111
0000010010000101100100000
1
11
00101001
000
00000
1
1
000000000
00000
0
00000
00000
1101
1101111000
000001101110010010010011101
0
01
11
1
011101111111100101101111111011111110011011
110101111100011111001
1110011111111010111111111000111111110100100100111101000
00100011111001111110111111
1101110111101111111010111001100110111
01111110001000010101000100011001100110100010001000100111110000100100100001000100
0111111101101011
11111101111111111
00111111111110111011011111111011001000100110010010110001001000010111111101011111110011011100011
11000
010001101011110
0
1100000
1010000011001
011
0
0
01
1
1
1
11
1
0
0
001
1
000
0000
110
01
000
000
1
1
0
0
1
1
01
1
00
10
0
1
1
1
0011
1
11001
1
0
01
1
01
1
1
01
011
00
0
1
1
11
1
0000
000
001
000
1
0
11
00
1
01
1
01011
1
00010
00100
00101
10100
1
00000
1
00000
10100
00
000
0111
00110
10010
1
0
0111
1
01
0000
00010
11
1
1
11111
1111
00000000000
01010111110110101100000
111
1
00000000100000000000011001100000000000
11010010
11010011000
11
1000101
0000000000000000000
000
110110101000000001
11010010
01011111
1
1
11
0
11
110
111
11
0111
0111
100
0
0
1
11110
1111100111110110100011
1110110011000010
111
111011
11
11
01111011110
11101000
1111101010100
01110110
10010110
111
11
11
11
1111010001011
11
11
11111101
111
10111
1
1
1
1
1
1
1
110
1
111
1
1
1
1
011
1
1
1
1
11
11
11101
11
111
11
11111110
11
11
11
111001011101
111
111101100011
111100
111
1110
11
11
11
111110111
101011001001
1101
