1000011
1010111101111110111100110100111110
11111
00
0010000000
0011111
0110
1111101111101100000000110
00111101111101
11110111
01111101111011
101011011110111101
00111111110011111001111
111101
010010001111100000011100100010000
01101111
0011111
1010110
111010011111001111001
000
1010111
11111011
0011111
111011110111111111011110111010
1000100
011111
111110110111101
1111101111001
111110110010
11111
1100101
1111111000
11111101011111
1111110101111111
1111111110101
11111
0
11111
00100001001010000001001000000
1111110110111111
11111111101111011010101
0100111110111
11111
100111111110110111
010111001011110
00
1111111110101101
1101
0
1111111110
111
111
11101
111
111
111100
10110111
111
0110100
111
111
111
0111
10010
101011
1111111111
1
0111
1
1100011
1
0111
1
1
1110
1
10010000
1
11111
11111010110000
001
11111
011111
1111100100010
1111111100
011111111101010
11111
0111101110110
11111
0011111
11111
111101
111110101110
0010001
1010100
1111101
111101
1101111
010
1111101010110
01100010
11111
11111
1111101010
11111
11111
111110010011
11111
11111
0000000
11111
11111
10111101111110100001100000000
11111
0000111000000101110
11111
111110111
11111
1111101
1111011
11110110001
11111
11111
011111
01100111
111101
11111
111101
11111
11111
11111
111101
111111110
11111
11111
111
111101111
111110
11111
111101
11110110111
1001111
111011
11111
0001101
101111
1101
111
11100111
111
111
101
111
0111111111101111
1010111
1010011
111
11001
111
111
11100000010
1110
11000100000
1101110
111
111
011111
1101
000
0101000
0010000
11111
1101000
1111110
00
11
11
11
0000000000000100000000000
00100100100001001000010000010
0
111011100010
0000001001
0000000100
1000
0100100001
0010000010
1101
011111110011111110
010011111011100000
1001111
11111
