11111111
11111111111111
1101
01101101101111111
1111111
1111101111
0111
111111
111111111101
111110111
1110101100110100011011101111101101
1
1111111
11111111111111
11111111111111
1111111
11111111111111
1011111111111010111011111
11111111111111
1111111111
0111011111111100010001001101
111111111111100111111
1111111
1111111
11111111111111
11111111
1111111
10
11111111
11111111
111111111011111101111
1
11111111111111111100
1111111
1111111
111010001000
1111111111110011111
1111111
00
1111111
1
11111101011011111000
0110010000010110011111
111110011
1111111
0111111011111111
111111111101111
111111
11110111
1011101
0001110101001100100110000110100
1101101111111111011111111101
0111011111111111111101111
01111111110010100111111111
111111011011
11111010111111
1111111111110111111
011111111111111111111111
11111
1111111111
11111111111111111101
1011111
0
011
1110111
111
11110010
110111111
1100011110101
1101111
0111110011101001100010
111011
00
111011001
111111
01110000011100
0
111110101001
11111111
11111111
011111111
11111111
1110111101111
11111111
11111111
11111111
1100111111
11111111
11111111
1101111111
11111
11111111
110111011001101
11111111
111011
1111111111
11111111110
1111101111110
1111111111
011111010111101111
11111111100101
011111111110110
1111111111
11111011111
11111101111110111
1111111111
1111111111
1111111111
1010111001
1111111111
1010001000
1111101
111111
111111
11111110111
11101101
01111101111111
11111
00001
111111110101110001
1111111111000100010
11011111
110111111101
1111111111
0111111
1111111111
00110011110100111111010110
00
111111
1111111111
1011001101111101
0000001000
111110111
1111111111
111111011111111001010000111
1111111111
1111101010010101
0100110010
1111111110111
1111011000011
11111010111101
1111111111
1111111111
10
11111111110
1110111
010000111101110011000100000101110011
11111111110110
11111111000
11111001
11111111100111
11111111
11111001
011111101010111
111111
111111
1101111
11111110011010
0111011111
1111111101
111101
111111111000001001
000111111100111100001011
111011111011111011100100
1111101
10
11111110011101
1111111101111111011
000
0011
11000100000010001000
100101
11110111
11111
1011111
01000111110
11111
11111
0111
1101000
11110111111100011
1
1
1
1
1
11111111110111101101
00
11111111101111111
1111111111
111111011
111010110110
111111
0
010110111100110011001
10010001111101
01011110000000001000
0111111111011110
111101101011010000000001
111111
11001100100110110
110001111011
11111101
010100011011011
1111100101
01111000111011101
010
1101111
0
00001100001010000100
0111
111111
111
111
111
111
111
111
111
111
111
111
111
111
111111
111
0111
111
011
0
111
111
111
0
111
1110101000
11011111
111111
111111
111111
111111
011111111
111111
111111
11111000100
011101101110001
111111001
111111
1000101000
1111111111111101
111111111011111
01111111111111
11111011111111
1111111111111
1111111111111
1111111111111
01111111111111
111101111111111
11111011111111
1111111111011111
1111111111111
1111111111111110
1111111110110111
1001111111111111111
11111011111101111
1111111111111
1111111111111
1111111111111
1111111111111
1111111111110111
1111111111111
0
11011111
011100000011000000001
111111
111001110
100111010000000000
111111
111001
11110111
1001111101011
111110101
111111
111010000100000000
111011111110
1111011001010100000001
110101
1111010
11010110
111101010011011110110
111100010
11101011
0111011011100001000101010010
111
111
111
111
11110111010001
111111001010100
111
111
011110000110100
111
10110011011
111
111
1101110
111
111
01111100101101
111111100
111110
10011111
11111001
11101111
111110111000
1111010110011100111
1111001100000010000
1111001
111111
111111000100
110111001000010
11100
010111
1100010100001
1110111001000
1111110001010
101011100
00110001101
11111011
10100001100110001011001111100010
111101
111
110111
11111
111
1000001010010011
111001000100111100
111101
111
111
0011111
111
11100111
111
11111111100111
110111
111110
1110000110
111
111
11101001011
1111111111111011
1111111111111
1111111111110111
1111111111110111
1111111111111
1111111111111011
1111111111111011
1111111111111
101111111101011111111111
1111111111111
1111111111110111
1111111111111
11101111111111111110111
1111111111111
1111111111111
1111111111111
1111111111111
1111111111111
1111111111111
11110111111111
00011111000000011000
101110111
1
1
1
0111
11010111111
111111
1111111111111
1110111
1111011101
111111
111111
11101010111010
111
101111111111111111
111
111
111
111111111
011111111111101110001
111111111101
111
00101111001100
111110001111110
1111100011111
1111111111
11111111110
111110111101
011001110111110101111010111110011100110100111011
0111110110111111
1111111111
1101111111011101111000111
0111001101010101111
11111
1111101011110
11111011101111111
01110101100101101111
11111101111100101
111101111111
11111111110
1111111111
01111101011010111111
1011100111111
11111111110
11110111111
1111101101110111111
1111111111
1010111100010
111
111111111
0011
0110100
111111111
0111010110101
111011111010011101
111
111
111
1111110111001
111111111011
0111111111110000111011011111
1111101111111
011101000000111110111
011111011100110101111101001
11111001111
011111000000000010
0111
111111
111111
111111
111111
111111
111111
11111011111
111111
011111111
111111
1010
111111
111110110
111111
111111
1111011
1
111111
111111
111111
111101011101
111111
0111110000000001110
11110111
111101111
111111
111111
111101111011111
111111
0111111100010
111111
111111
1111111110
111111
111111
110011111
111101
111
111
111
1011011001
1111111110
1111111111
1
1
1
111111
111111
1111100101
111111
011111111
10111111
111111
111111
11111
111111
111111
111111
111111
111111
111111
111111
111111
111111
111111
111111
111111
111111
111111
111111
111111
111111
111111
111111
110111111
111111
11111011
111111
01111111110
111111010111101101111101100011010111111100000110
11111111110
1111011111
00111111111
00000101001110100001111010000000
111111
111111
111111
1
1
11
1
0
110
1
1011101011110011111011100111110
1111111111
00101111110110001110111111
1111111111
111111
111111
1101101110001
1101101111
111111
11011111
111111
10101101111100110100010000
111111
111011
10111011
111011
111111
1111101101111110
111
101
111
111
111
111
111
111
101
111
1111111111
11111111110111111101
111001111111
11101
0101010100
01010011011011110111100001100100010001
1111011
1111101100111011
1111110011111011000
1111111
111111
1111111
00
1101
1110111
1
1
0111
1
0011
111111010111000
01
11111101
1111111
1110011011111
011111010
100
1100
0
11111111
1
0010110
11
01
10111
11
1011
11110010
10
11
0111
11
010000000
11
11
110101
1110000
00
10111
11
111111011111111011
00
111111
10001100110011000001
11010110011100
1111111110
0110010011101000111001000000
11110110101100
01110011111001
1100001011000
01000111
0111010011100
101110101011101000101
111111
111101010010100
10100101011100100
0
0000
0110110110
111111101100111
1111001
1111101011101011
1100001100111011011
1111111111
0011111
11111111101
00
11111
111110100111110010010101
11100111011
1101001
0100010000
1000010011000
110011111110100
1110111010001001
1
1101101100
1
00101110010110010000110101100101
101010111000111001111
1110111100
1111101111111
1111111111
1111011
1111111111
1111111111
1111111111
1111111111
11011010011110110111010011111011
1111101110111101
1111111111
1111111111011010
1111111111
111110011111101101001110011011
1111110110101101
1111111111
1111111111
1111101111111011
111110111101
1111111111
11111011100100001
11111101111001101000
101011101000001
111101111
1111011
10
00
1011111111111011110111011
11
11
111000
1111111
10
1
11
11111
1001101111
111111101
0
01100010011110111110100110001101101101010101
1111
111111
1111111
000
111111
1
1
00110
1
0
0
1
1
1
1
1
11111111011001
1
11111
010111011011
011110
111111
10111111
0101110011
1
11111
11111
11111
11111111101
111110111111
11111
111110
111111111111110111
1111101111
000011111
11111
111011111
1111011
11111
111111111111111
11111
111011111111
11111011111
11111
11111
11011110111111001110
111101
11111
11111011
11111
11111101111111
1111111110111
111101
1111101011111111
0001100111
1001111011111011
111101111111
01011111
111101
10111111111
11111
11101111
1111111111
11111
11011111110111111111
11111011111
11111
0011111
11111
11111
11111
111011
1111111111
11111
0011010110
111111110
11111
0111111100
11111010111
1111111111
11111
0001110100
1111111111
11111
11111
11111
111110111
111110110111111
11111
10111100
011111
111111011
111011111
11111
11111
11111
111111111011100
11110001
11111
0010000101
111011
1101111111111111
111111011111111
11110111111111
11110111111111
1111111111111
1111111111111
1111111111111
11111101111111
111101111111111
11110111111111
1111111110111111
1111111111111
1110111111111111
0111111111011111
1111001111111111111
01111111111111101
1111111111111
1111111111111
1111111111111
1111111111111
1111111101111111
1111111111111
1100111
11110001
111100010110111010111
111010010
11110110
1011111000010110000100010110
111
111
111
111
11111011000011
101111001101001
111
111
111100101100000
111
01111101001
111
111
111
111
01011101101011
111110101
111110
111101
111
11111
111
1000000100001111
111011110000010001
110111
111
111
1010111
111
00111111
111
11111111111001
011111
111101
1000001111
111
111
11110111000
1111111111110111
1111111111111
1111111111111110
1111111110111111
1111111111111
1111110111111111
1111111110111111
1111111111111
111111111011111101101111
1111111111111
1111111101111111
1111111111111
11110111111111111111011
1111111111111
1111111111111
1111111111111
1111111111111
1111111111111
1111111111111
11111101111111
1111111111111
111
111
