001000111
111111101
1
11111010
111101
00
1001111111100
1111100
001111
111110011
1111
11
111
11110011
1111110111010011100110
01010101
11110101
11101
11
110
1111
1
1
11
11
111
11111
1
11110
10000111
1011100
011111
1111101
11
1001010
11
11
10111101101001100010101
111111011000
1110101
11110110
011001011
1111
1
1
11
000000
11111
1110110001
11011111
11010111100
1111
1111
10111111
1111110100
0000111
1
1
000000010
011000
111111111
111
111
1
1
1
111
11
1
10
1
11
11
111
11
1
1
01
1
1
1
1
11
1
0
1
10
1
1
1
11
11
10111
11
1101
11
1
1
1
11
1
1
111
11
1
1
1
1
1
11001000100
1
1011111
011101101010011
00100011
11001
111
01011111010001111000
0110100001
1
101101110000000111011
0101110000011001110
00001000101
1110011000
1101111
000
1111
11
11
1
11111111
01
111010
11
011
0010
1
0
111
111
1100
1
1110
11111
1
1
11
01
1
10
111
111
11
11
01
1
001100010010010
1
11
11
1
1
1
11
11
11
11
1
11
11
1
11
0111110111
0001111
11
11
11
11
1
1001
11
10111
11
1
0111
1110001
11
11
1
11
11100011001100001
1100100
11
11
11
1
11
1100
11
00000111100100000101000
1
11
1
1
11
11
11
1011110010111
11
11
00
00110001111
01
1011
111100011010000
1
1
1011
11111000
1
110011100
0011111
1111010000
1111110010
11
1
11
11
11
1110011
011111
11
11
11
11
11
11
1
1
100
00011
1101
111001
11
11
11000
011
0011
11
11
011011
111
1
1
1
1
1
111011001100001
1
1
111001
11
110010010101100001
000
1
0000101
1101100
000
1110
0000101
1
11100100
1110001
011011001001
111001
1
111000
1
1
1
1
1
1
1011001100
000
1
111000
00110111
1
1
0111
1
1
001
111000
1
1
1
01100000000
1
1
111000
1
1111011000
1
1
1
1
1
1
1111111001
1111111010100111
101111101101101011111
1011110111001010
01001111101001
1101100011
011100
00
1100
11
001
1
1
1
1
011111
1
1
1
1
1
1
1
1
1
1
011111
1
1
1
1
1
1
1
1111111100
1
0111100100
1
1
1
0101001100
010111
0
1
01
11
1
00111100000
111
111110
0000
01001111
0101101101
1000
10
1001000
11111
1111
101000100001100111000100100
11100011101
100111100011110
11101010110
11111
1
1
11
101100
011
11
1
1001
1
111
0111
110111010001
0
1110010
11
000
0
11
1
0000
1
1101100111
0111
01011
010000
1
001
1
1011
1100
101
1010011
11
10101
10
0111
1
1
1011100
1101
11
011
11
10101
1
111001
11
1
00
1001111
1
00
000001
01011
01
0010
000
10010000000
11111001111
111110111111
1111110000000
111111001
11111110001110011010
011111000110100110011001000001011100110001010000100111001001010000011110000001000101010001010000001001000001000101101
11111101110101
1111111
0111011111011001100011011111011011010111011010011000000011001111011010011001001010011011
11
1111111110001
001
1
1001
11000
1
010101
1
1
1
100100
1
1
1
1
1
1
1
0
1
1111000
1
1
1
1
1
00000
1
1
0
0000000000
1
0001001000000000
1110010
00000000000000
0001001
00000000000001
000010
000000000000000000000000000000000000
0000000000000
1100000000000
000111
100001001
000000000000000
0
1
1
1
1
01101
1
1
1
10000
00010
00111
1101
000
0001
1
0
1
1
0
1
01
1
1
1
00
01100
11
1
1
01101
1
1
01011
011
00000000010
00000000000000100
10110
0000000000000000010000000
111110010
000111
10000000000000
000000000000000
11110000
101001001
00
000000000000000
0000000000
0000000000000
000
0101000
0101101000
000
000010
0000
0000000000000000
0
01
1110
011
1
1100000
1111
00
11
01101
000
111
1101000001000100000000000
111
11111010
00001110101011100100
1110111111
00000000000000000
111110001110
11110110
0010111
0011
010000010000011
11
1
111
111
101
0101000
1
11101
1101
111
0
010100
11
11
1
1
1
11
11
11
11
1
11
11
1
11
1110111110
1101001
11
11
11
11
1
1010
11
01111
11
1
1110
1100011
11
11
1
11
00110111010000101
0111000
11
11
11
1
11
0011
11
1
11
1
1
11
11
11
11
11
00
10011101100
10
0111
111100101010000
1
1
1110
10110110
1
111000101
1111010
1111001000
1111100110
11
1
11
11
11
0110111
011111
11
11
11
11
11
11
1
1
001
00011
0111
011101
11
11
00011
11
101011
11
