0
1111111111111101101
0
1
0
1
10111010100001
111111
01
1
1111111
1
11110011111011111111
0
11111111001
0
1
11111111011111
0
1010
11111101011111111111011
111100001101101111111001000
0
00100
11111111111111111111110101111111
0
000000
011
1111110111111101101011101011110111
00
1
0111110001
1
1
0100000110001000010100100
1
11101001
1
1
01101010011000100010000001
0000000101000000000
1
0111
00000111
1100100000
1
1
10100010001100000000000001000000
1
000111
110011000
1
001010111
1
100
001111
000
111000
1
1
1
011
0001110100110
1
0
0
0
1
1
1
00
11111110001111
110010111110011111111110111
111111101111101101
11111111111101100101100
1111101111111110100111011110111011
1111111111
1111110111111
11011111011110011101011111111111
111111111100011111011
11111111011111110
011111101101011
111110011111111101
1111111111111
1111111111011000101
110111011110110011111001111
1111111111110
111101011101111111111100100
1111111011101111
1101101111111111111101011101
110110111011111100111101011010111100
111111111110111100101
1111111111011
1111111
01011101101010000011111
1111110011111111001111001111100111110
1111101111101101111101010111101
111111111111111111000000010
1111111110111101111100110110111111111011
10111111111011111111111011110101001111101001111001111
1110111111110111111111100
11111111111111111110101010110101101
1110100110111111011111111111000101011101010110101111111101110111
001001111110111101111111111
111111010011111101111111110111111111
0111111111111111111111111111001
111111110111111111100110101011101001
1011010110101011111111111111010110110011011111011111101
1111110111111111110011111
1111111101010101011010
1101111101100111111000111000010011110010100
1110111111111010110011101110011111
11111111111110111111001000
101111111111111111101110101011111101
11111111111011111110000
011101101101111111111110110011110011111
11111100110000111101000011111110111111110
110001011111101111111011100111010011110001101
11110011111110111010111111111011100111101110
11111111110001011111111
1111111111011011111011111111
010110
011111111111111111011111000111100001
11001111111011010101111
01111111111111011111111011101011001100101101101001
00111000011111110111110111111101110100111110100000000000000101110110111110101110111110011
101110111111111111111010100010111011111010
111111111111111101001100111001111010
011111111110111111110
1100111111111111101111111110111
010011010111010111111100101000011111111111001111
111000001110111010000000110001111100000000000000000000000000000001010100001100001100000010100000000000000110000
111110111001111110111101101010010111110
000000001111111101010011110111110110000
0111110111100111111101111110101001111110111111110110110001
111011111111111111111111101001111
111110011110101
111111110101111
11111011111011111101011110111
1111110011111110101
1111111111
11111111111010000110
10110111110111111111101010011101111101101
11111111110111
1111101111110111
10101111010011100110111
1111110111111110
11101111011110110010111111
00111110011111110
11111111110101
11111111101001101
1011010111111111101010100100111111
1111010111110101
1111111111
11011111011111111101110011010111111
11111111111
11111110111111
10011111101
1111101011111110111
111111110101
011110010100001010011
1111111
11111101101
0001110
1111111
111111011111010011101011
101011111
1111100111111011
1
111110
000011111000111010000011100000000000000
00
1111111
0000010011001
011111001110011
0100111100
011011111
0000100
1000000110101001
1010101
111000
001
011
1
1
1
1
1
001
000
000
00
010000
1
1
1
010
000
1100
001
1
1
001
000100
0000000001000
0
0
0
00
0000010000
10101101001010111010000010000111011010
0001010
00
0010001011001000
000000
000
00
01
00
0
0
000
0
11111111
1000
1
0
0
00
0
0
0
0
00
1
0
0
0
0
00
0
00
0
0
0
0
00
1
1
0010000
0010100
0
0
111111111101110
0
0
0
0
0
001000000
1110000001001
010000000001001001100100
0000100000000
1
10100001
0
1
110100101
01100101001
0000000
0
0110001
0
1101000
1
1
0
1
0
1111111010100
111100011000
110111111
000000010
1
0000101
0
0
01
0
0
11111001100010
111110101
110
111011101111
00000100000000000100001000000
1
0
010101100011001011001100
011101100101011
0
0
1
0
0
0
0
0
0
0
0
0
000001
000000000000000000000000000000000000000000000000000000000000
0000000000000000000000000000000000000000000000000000000000000000000
000000000000000000000000000
1111111111100110
0000
0000000000000000000000000000000000000000000000000000000000000000000000000000100000000000000
00000000000000000000000000001000000000
0000000000000000000000000000000000000
0000000000000000000000000000000000000000000000000000000000000000000000000000000000
000001000000000
00000000000000000000
00000000000010100000010100
0000000000000000000000000000000000000000000000000000000000000000000000000000000000
0
1000000
000000000000000000000000
0000000000000000000000000000000000000
0
0
1
1
1
111111010011101011111110
1
0
0101000
0000
1
0
00
0
000000
1101
000000000
0000000000000000000001000000000000000000000000000000
000000000000000000000000000000000000
1111110111111110111
01
000000
0000001000000001100100000101000
0000000001000000100000100000000000000
0000000000
0000000000000000000000000000000000000000000000000000000000000000000000000000000000
00000000000000000000000000000000000000000000000000000
0010000100000000000000000010000000000000000100000000
0
1
0
1111111101110110011111111000111111
11111111111000
001001111111111111011110111
111111110111101101
11111111111010111101000
1111111011111111110111110111001001
1111111111
1111111011111
01111111001110110111111111011111
111110111101111110011
11111101110111111
111111101010101
111101111011111011
1111111111111
1101010110111110111
111101101100100111111101111
1111111101111
011110111111110011000111111
1111011101111111
0110111111111111111110111010
111100110111111011101110110001001111
010111011111110111111
1111111101111
1111111
01110110001101011000111
1111111111101111111110101001110110100
1011101111101111011010111110111
111111111111110001011101000
0111111000011111111111111110011111111111
11110111111110111101111111111110000111101101111110010
1111111111110101111110011
11111111111111111001100111110111001
1111111111110111111110100111101111111011101000100111001110100111
111111111111010111101110001
110011111011111111111110111101111111
1010111111111110111111111111111
111111110111111101110111100011110010
1111111110100101101111111011101101011011011011011111011
1011111111101111111110111
1111101100111110101010
0111100011111111101101011110111111
11111111111110000110011111
101111111001111111111111100111111110
11111111111101011010101
111011111101110111111101111100111001011
11101011101101110110010111011111010010111
101011101111111110101011110111001111000100101
01011111001111111111111
1110111111110111111011111111
010110
001110111111111011110111010011110111
11111111111011100001101
10100111111111110111111111101110100111001101100011
11111101100101100111111111011111100110100010110000000000011111010000001001111011111111111
111111110101111111111011010000011101111011
111111101111111110111101100101011010
111010111110111111111
1011111101111011011111111111111
100011000011001111111011111101111001111101110101
100000100000110011100000100001111111111000000000000000000000000010000010010011010100000110000100000000000000000
111111110111111111011000011011101010110
000000010000111100011011101111001111111
0111001011111100001111111111111010111111011111101111001011
111111111011111111111011011111011
111110110101011
111111111001111
11111111111011110101011101111
0111010111011111111
1111111111
11111111101101100001
11110111111111111001110110100011011111011
11111110111111
1111111111101110
00011111011011100111011
1111111111111001
11101101111101111101011110
01101011111101011
11111111001111
11111110111011001
1111010110011111111010110101011110
1111111111001100
1111111111
01111111111101111101000111110111111
11111111111
11111111111110
10101011111
000000100011111010101011000000000000001
