010000
111001
111100111111110111
010111011101100001000000
1110111101111011
1
1110111000
00111
11100
01110111
100
00000
11
010111101111111
111111101111001
11101
111101111111111
11111011001
010111
11111111110
01111
11100101110001110011100011000
11111110101
110111
01110100000
10111011111001001
1000111101
1101111000000
10111111100
11011111110100
1000111110101111110
1
0111
1111000110111
111101
1
111110011000
1011100010011101
1111001110101111
0010010101111
0000000110
0110110
111
11101000
00110
011110010011110011110110
111010100001
1
111110101
010111111110
00000
100111
1101
11101101111100000
11110001
1011101110
010110001101011111110001010111111111011
01110111
11111
0111111
00110
1
001101110101011110010111011
11110111111101
10110001110101111010101111010
10
00101101
111
10
111101111111100
111011011010110010
1
1110111111110111111111111010110111101011
00
1010
001
1111
111
11101
0000
110
11111111
11111
0000000000000000000000101100000000000
110000000001100
00000000
0000
111100001
1101111
111
01110
1111
0011
1110111111011111101
11000
0000
0
1
1
11
0
11
10
000
1
1
1111111011011
01101101
1101111111
0
11111110001
011111110
01011
0011001101011011011
11111111001111
011111011101111000
011100111111111110111101101111
111111100101011
11111110111110000
0011001
11111111
11111111111111111111111111111111111111111111111111
11111111111111111111111111111111111111111111111111
11111111111111111111111111111111111111111111111111
11111111111011000000001101111111111111111111111111
11111111111111111111111111111111111111111111111111
0000000000001000101111111111110000111111111111111111111111111111111111111110000000001111110100000000000000000011100000000000111100100111111111000010
000011111101100000000000000101111000000000000000011111100001
1111111111111111111111111111111111111111111111111111111111111111101000000000000000000000000000100000011000000000000100000000000000
111111111111111111111111111111111111111111111111111111111111111100010000000000000000000000000000011111000000000000000000000000
111111111111111111111111111111111111111111111111111111111111111111111111111111111111111111111111111111111111111111111111111111111111111111111111111110001000000000000000011111111111111111111111111011111111010111111111111111111111111111110111100000000000001000101111110000001
111111111111111111111111111111111111111111111111111111111111111111111111111111111111111111111111111111111111111111111111111111111111111
00000000000000000000011110100001111111110000000000000000000111111110000000010000000000000001111111111111111111111111111111111111111111111111111111111111111111111111111111111111111111111111111111111111111111111111111111111111111111111101111111111111110000000000000000000000000000000000000000000000000000000000000000001111111111111111111111111101111000000000000101111111111111110001111111111111111111111111111111100000000000000000001111111110111111111111111111000000000001011111111111111111111111111111111
111111111111111111111111111111111111111111111111111111111111111111111111111111111111111111111111111111111111111111111111111111111111111
111111111111111111111111111111111111111111111111111111111111111111111111111111111111111111111111111111111111111111111111111111111111111101000000000000000000000000000000000000000000010000000000000000000000000111111111111111110111111111111111100000000010000000011110111100001
111111111111111111111111111111111111111111111111111111111111111111111111111111111111111111111111111111111111111111111111111111111111111
111111111111111111111111111111111111111111111111111111111111111111111111111111111111111111111111111111111111111111111111111111111111111
111111111111111111111111111111111111111111111111111111111111111111111111111111111111111111111111111111111111111111111111111111111111111
11111111111111111111111111011111111111111111111111111111111111111111111111111111111111111111111
111111111111111111111111111111111111111111111111111111111111111111111000000000000000000000000000001000011111111111111111000000100011110111111111111100001000000000000000011111111111111111111111111011111111010111111111111111111011111111111111100000000010000001111111101000000
111111111111111111111111111111111111111111111111111111111111111111111111111111111111111111111111111111111111111111111111111111111111111
00000000000001000111111111000011111000000000000001000000001111111111111111111111111111111111111111111111111111111111111111111111111111111111111111111111111111111111111111111111111111111111111111111111111111111111111111111111111111111111111111111101000000000000000000000000000000111111111111111111111111111101001111111111111111111111111111011000000000000111111111111111111111111111111111111111111111111111111111111111111111111111111110000000000000111111111111111000000000000000000000000000000000
111111111111111111111111111111111111111111111111111111111111111111111111111111111111111111111111111111111111111111111111111111111111111
111111111111111111111111111111111111111111111111111111111111111111111111111111111111111111111111111111111111111111111111111111111111111
111111111111111111111111111111111111111111111111111111111111111111111111111111111111111111111111111111111111111111111111111111111111111
11111111111111111111111111111111111111111111111111111111111111111111111111111111111111111111
111111111111111111111111111111111111111111111111111111111111111111111111111111111111111111111111111111111111111111111111111111111111111
111111111111111111111111111111111111111111111111111111111111111111111111111111111111111111111111111111111111111111111111111111111111111
111111111111111111111111111111110111111111111111111111111111111111111111111111111111111111111101111111111111111111111111111111111101011111111111111111111111111111111101111111111111111111111111111111110000000000000000000000000001000001011111111111111101011001111011
0000000000000000000000000101011111111101111111000001000000000000000000000000110000000000000000000000000000011111111111111111111111111111111111111111111111111111111111111111111111111111111111111111111111111111111111111111111111111111111111111111111000000000000001111111111111111111111111111111111111111111111111110111111111111101011111111111111111111111111111111111111111111111011111110000000000000000000000010101111111111111111111111111
111111111111111111111111111111111111111111111111111111111111111111111111111111111111111111111111111111111111111111111111111111111111111
000000000000000000000000000000000000000000000001011111011111111111111110100000000000000000000000000111111111111111111001111111111111111111111111000000000000000000000000000000000000000000000000000111111111111111111111111111000111111111111111111111111111111111111111111110111111111111111111111111010111111111111111111111111011111111111111111111111100000000000000000001000001110111111010000000000
111111111111111111111111111111111111111111111111111111111111111111111111111111111111111111111111111111111111111111111111111111111111111111111111111110001000000000000000011111111111111111111111111011111111010111111111111111110111111111111111100000000010000000011110111000001
111111111111111111111111111111111111111111111111111111111111111111111111111111111111111111111111111111111111111111111111111111111111111
1111111111111111111111111111111111111111111111111111111111111111111111111111111111111111111101000000000000000000000001000000000000000000000111111111111111111011111111111111111111111111
111111111111111111111111111111111111111111111111111111111111111111111111111111111111111111111111111111111111111111111111111111111111111111001111111111000010000000000000000111111111111111111111111110111111110100000000000000000000000000000000000000000000000000000000000000000000
111111111111111111111111111111111111111111111111111111111111111111111111111111111111111111111111111111111111111111111111111111111111111111111111111110001000000000000000011111111111111111111111111011111111011111111111111111111111111111110111100000000000001000101111110000000
111111111111111111111111111111111111111111111111111111111111111111111111111111111111111111111111111111111111111111111111111111111111111
11111111111111111111111111111111111111111111111111111111111111111111111111111111111111111111
111111111111011111111111111111111111111111111111111111111111111111111111111111111111111111111
111111111111111111111111111111111111111111111111111111111111111111111111111111111111111111111111111111111111111111111111111111111111111
111111111111111111111111111111111111111111111111111111111111111111111111111111111111111111111111111111111111111111111111111111111111111
111111111111111111111111111111111111111111111111111111111111111111111111111111111111111111111111111111111111111111111111111111111111111111111111111100001000000000000000011111111111111111111111111011111111010111111111111111111111111111110111101000000000000000011111110101000
11111111111111111111111111111111111111111111111111111111111111111111111111111111111111111111111111111111111111111010000000000000000111111110000100000000000000000000000011011111111111111111111111111111111111111111111111111111111
111111111111111111111111111111111111111111111111111111111111111111111111111111111111111111111111111111111111111111111111111111111111111
111111111111111111111111111111111111111111111111111111111111111111111111111111111111111111111111111111111111111111111111111111111111111
111111111111111111111111111111111111111111111111111111111111111111111111111111111111111111111111111111111111111111111111111111111111111
101111000000000000100111011111111111111111111101011111111111111111111110000000000000000000000000111111111111111111111111111111111111111111111111111111111111111111111111111111111111111111111111111111111111111111111111111111000111111111111111111111111111111111111111111110111111111111111111111111010111111111111111111111111101111111111111111111111100000000000000000010000001110111111001000000000
111111111111111111111111111111110111111111111111111111111111111111111111111111111111111111111101111111111111111111111111111111111101011111111111111111111111111111111101111111111111111111111111111111110000000000000000000000000000100000111111111111111101111111100001
111111111111111111111111111111111111111111111111111111111111111111111111111111111111111111111111111111111111111111111111111111111111111
1111111111111111111111111111111111110100000000001000000001111111111111000111111111111111111111110111111111111111111111111111111111111111111111111111111101011111111111111111111111111111111111111111111111111110111111111111111111111111000000000000000000001000000000000000001000111101111110110100000000000000000
00000000000000000000000000000000000001011111111111111000000000000000000000001000000000000000000001111111010000000000000000000000000000000000000000000000011111111111111111111111111111111111111111111111111111111111111111111111111111111111110000000000011111111111011111111100000000000011111111100000000000000000001111111111111111111111111111111111111111111000000000000001111111111111111111110110000000000000000000100000000000000001001111111111111111111000000000111111110101111111111011111111111111111111111111111111111111111111111111111111111111111111000000001111111000000001001000000000101111111111111111111111111111111111111
111111111111111111111111111111111111111111111111111111111111111111111111111111111111111111111111111111111111111111111111111111111111111
111111111111111111111111111111111111111111111111111111111111111111111111111111111111111111111111111111111111111111111111111111111111111
110000000000000000100111011111111111111111111110101111111111111111111111111000000000000000000001101111111111111111111111111111111111111111111111111111111111111111111111111111111111111111111111111111110100000000000000000000000001111110000000000000000000111111111111111111111111100111111111111111111111111111111111111111111111111111111111111111111111111111111111111111111111111111111111111111111111111111
11111111111111111111111111111111111111111111111111111111111111111111111111111111111111111111
111111111111111111111111111111111111111111111111111111111111111111111111111111111111111111111111111111111111111111111111111111111111111
111111111111111111111111111111111111111111111111111111111111111111111111111111111111111111111111111111111111111111111111111111111111111
111111111111111111111111111111111111111111111111111111111111111111111111111111111111111111111111111111111111111111111111111111111111111111111111111100001000000000000000011111111111111111111111111011111111010111111111111111110111111111111111100000000010000000011110111100001
111111111111111111111111111111111111111111111111111111111111111111111111111111111111111111111111111111111111111111111111111111111111111
1111111111111111111111111111111111111101000000000100000000001111111111111111011111111111111111111111101111111111111111111111111111111111111111111111111111111111010111111111100000010111111111111111111100000000000000000000000000000000000000001111111111101111111110000000000001000000011011111111111111111111111111111111111111
0
111111111111111111111111111111111111111111111111111111111111100000000111110111111111011110100000000000000000000000000000
1111111111101100000001110100000000001000000000110010001111101111111111111001000000000000000000000000
1111111111111111111111111111111111111111111111111111111111111111111111111111110000000011010101111111000010000000000000
11101111011000000101010111111011110000010000000000101111111111001111111111111111111110100000000000000000101111111111111111111111011111111111111111111111111111111111111111
11111111111111111111111111111111111111110100000000000000000001111111111111111111
111111111111111111111111111111111111111111111111111111111111111111111111111111100011101000011111111000010000000000000
11111111111111111111111111111111111111111111111111111110100000000000000000000000100001011111111111001000000000
1111111111111111111111111111111111111111111111111111111111111111111110000000000000000000100111010100000000000000000000000000000000000000000
1000000100011101011000000000111111111111111111111111111111111111111111
11111111000000010111101111111111111111101111111111111111111111111111111111111111
00000000000000000000000
11110111111111101111100010000111111111101111111100001010111111111111111111111110111110000000000000111111111111
1111111111111111111111111111111111111111111111111111111111110000000000000000000111010110010101111111000010000000000000
111111111111111111111111111111111111111111111111111111111111111111111110000000000111111111011111111111111111001111000000000000000000000100000000000010111111001000000000000000000000
111111111111111111111111111111110000000000000010000011011111
0000000
11111111001000000100110111
10111011111101001111100
0001
0000
0001010
0
10
0001
111111111111111111111111111111111111111111111100000000001000000000101111111111111111111111
1111111111111111111111111111111111111111
11101
100100
0101001
10100001100011
01011000001110
111100001111100
000
100001110
1110101100
11110110111001
11010000100
000011111
01010
10001111100
01111010011100000
100001100
111110
00
111101000011000
0000000011100000000
0000010001100
11111011000000000000
000111000001010
00000000
0000000100000
001011111
01000011100
11101010111000001001
00000000100
0010000010
00000
0000
00000000
0000
11111111
111111111111111111111111111111111111111111111111111111111111111111111111111111111111111111111
11111111111111110100000010111111010100000000000000010011111101111110100000000000000000000000000000000000000000000000000000000000000000000000
111101111
111
001000100001000
1111
10110101
01111
00000000000100010001100
0011011101
011100110000
1110011110
01
00000000000000
1111111111111111110010000000000000000111111111111111111101111111111111111111111011000000000000000001111111111111111111100111111111111111110111111111111111111111
000011111101000000000100111011111111111111111111110100001111111111111111111100000000000000111111111100001011111111111111111111111111110000000000000000000111111111111111111111111111111001010111100000100000000000
111111111111101
111101011011101
11111101111111011011
101011111111110110
11111111111
1111110011001101111
01011111111111111010
111101100111
1111101110111011
11111111110111110
1101101111101111
11011111111111000010
1111111101110111000
11111111111011011101
1111011011111001
111010010111110011110
111110011111111
1111111110
11110101110
1111110110101111101111
11100111111001001011
111110111011101
01110101001010
1110000010101
0000000000001000011000011000001000000000001001000000000000000000
101
110010000011010010000010
1110101001
0000000000000110000000
111011
111011
00111000010110001001
1100
000100000000000000
110100101
1
111111100000000
0111
1
0101101111110110011001011100
11110011110110
100001100111101010111110111
1
1111010111111011
0001101111010111110110111001101011011111
111011011111111100010
110010110101011110110100110111101110101
111011010101111001101001000
111100100010101110111001010011
11111011111101110111
111111101111
111111111111011
1111101111111101
1111111110011
11111
111011110100110110110001110
111101011111101111
110111011101100111111001110010
00101000111100100101101111
111011111011110
011101010111110
1
0111
10000000
0110000000000000
1011
1101
11
0000110010000000000000
111110
111
00001010010
11
11110010100101
001001000100000000000000
000000000000
1110110111111100111100111110101
111111111101101010110101
1111111110111
111111111111011
1111111111110101110111111
000001111000
11001101111000011011001000011
11010001111111110100100110111011110000
10111111111011011111111
10000010000001110000110110001100001111
1011110111110111011111010
11111011101111111110110011001011110100111
1111011101111111110000000111000111110
0111110111111101
111111010111110111101
0101111111110111111011011
000
11110010110010111101010110111001
0001001011110
111111111111101
101100101011011110111011110011
111100101111011
111110111110111101
11111001110101111110
1111011010111011
111101111101
111101111100111
11110110111110010110001011111
111111110101001111
111011111111101011101101101
111001111111111001010010
1111101101001110
01101111101011111011
1110111111
1110111111010
1111011111111
111110110111101111
011101111011001011
1111111101011
11111001111111
0111011111101111111
00010
001
01010011
100000111010
100
010000010011
0101111011001
10111
11111110111
111001001000101
11
10
000011
10000001000000
1101
11101111111111011110101111
11111111111111111111111111111111111111111111111111
1
00011
1110110
1
0
1
0111
1
1111010
1001011011101111110011
1
0
0110100111
1110
0111
0111
11001
11111
011
1111
1000111
11100011001
111
11100
111010111
0001111100001
000111011010010
1111011
11001111
111
11100111100
011
11111
1110111
1111011
111011
0011110
11101101
11111
11111001000
111001
00111111111111
010111
1100
0001011
11111
1001110011
11100
11111
00101111
11011011
1110100000001
01111111000000000
00101111110011011011
000010001
10111111111001011100001010110
101100010
0
101111110110110110
000101
1010111101111
111110111111
111110001110010
1110100100111
0000
0000001100
111
011110111
111111101
1110111011
11111111110
10010011111101
111110101
101111111
1111111011
11111
111110111
1101101111110100
1111111
1111101011
11111
111111
1111111
01110111
010011111110
1101111101111
11101111
1111111
111111011
1110111
10100111101
1111
110111
011101111
100010110111011110111
1111111
11
1010111010
1101
011001111000
100110001011100
11010
0010000
011101
10111
1111000000
111001101110011011100
010011111010001110
100101011110100
111
11
1101
00000000000000000000100000000
11111111000
0111011000111000
1111111011
0000
1000
110000010011000010000
011
11
01110
01
0
011111010
0100001
1101010
0111011100111101
1011010100111111100010000011101
00000010100100
000000
001
1100111101010111111111001010100111001110111011
00
01
0
00
01000
000
0011
01
0
11110001010011
11101
11111111011001001011
000
10100011
00
0
1000010010001
0010
0000
0
10
010111
1011
00
01
0101101
0110
010100111000001111100
10111
01110
00001101
00000000
10100001111000001
1111011
1000000000
11100
00010001110000111
00000000000
00
11111000
00
0000000000
0000000000000
1100000001010111101110111
111
001011
0011010011100
11111
101001011011111001
010
1110001
11111111
0
11101111101110100001
11011111110111111101
111111100001
1
0
1000001
101101110010
1000011101
0
11101
0111
100000011100
11
111011110
00
0000000000
1111001
0
00000000001111000011001010111011001
00
000000000
011111
00
0
0
0
0101
000000
000000000000000000000
011111
00010101110111111
110111111
0
011111101
01111110001110000000000010
00
00
00000
1000111
0
0
0
011110
1000000000000
101110100100110000101
10000000100
00
0
111101111001
00000
11010
00
00111000
0011000
00111111100
010
01110001
0000000
01100111
111001011101
001
00
0000
110000
0
0000000
110
111
10110
00000
1101110
11111111
0000
00110000100000000000000000000000
000
11
00001
0110100
1110
10
11000000000010
00
01000
00010
11000
0000001000000000
10100
000100111110000000
1
1011
1
00100000000
0000000
11101011011011
01111000100000000
0011
111000
0000000
1
000011
1
1010100111011
0
01100100000
01
0
0
1
1
0
0000000
1101101101
10110
111110101
11111111011011100
1110
0
000110
00100
000000
011001111000
101000000
1111000011110
10
01100
011100
000000
11
0
111100
0111
11010
11101001001
0111001100
0000000
11
1010011
0
10101
11
000
0100001101000101101100
11100
11000011
11110
1001010000
011
0101
110
00011
0
00
0100
00000
0
10100
00
0
111
110111000
0001000010000
011
0
1
00000
0
000
11011010
0111
00111
1
00000000
10100
0
0000000
1000111
0000000
00000
11001
10101001100
1
0
00000
001011
001
0
100000000
00
0
1110
1
0111
10101
0
0111
0
1101
0111
00111
0
1101
0111
1
1101
1
1
0111
1011
1101
1
0111
0011
1
1
0110
01101
1101
0
0111
10000
00011
1011
1101
1
0111
10011
0
0
1
000
1101
1
11001
1
0111
1
0
1110
00111
01001
0111
1101
00111
1011
1
00000
00000
1101
00111
0
10101
1101
00100
00000
00111
11001
00011
0
1101
1
00111
0
1110
00111
0
11100
00111
1
1
11100
0111
01101
0101
1
1
0111
1
1101
1
01011
1
1
1101
1011
1
1110
0111
00111
1101
01101
11100
1
0111
11001
0111
1011
1100
1
0111
0
1
1
1
1
00000
1
1101
1
000
00110
10011
0
1
0111
11100
1
00111
0
1101
001011
1101
011
0011
1
10
1
1
00000
10011
1011
11101111
11100
00111
100001011000
000000010
00
00000
1
000000
0
0000
11
00000
100
00000
000000000000000
00100010
0010111
0
00000000000
111110110110110110
11101
01010
10101
0
1
00
1101
00
00
0000000
0111
00
00
0100000
0111
11100
0011010
1110
000111
1111100
000
0101000
0100111
1000011
0111
1110
0
0
11
1
00
1
1000000
1011
000000
00111
000000
0111
00
1
1110010
1
00000000
0000
000000
001
11100
1
0000000000000
00101111
0
00
0000000
0000000000000
00111
0
01011110
0
0000000000000
10011
0
0
11
11
11
111000
010111
01
0100
01101100
0
0
1
1
1111111111
01111111111
011111
10101
1110111000
0
1101
11111110
011111
0
1111001100
1111100111
11111111101
111110
11111111101
0
101111111
0
1111011111
0
1
010000
1011101110111
011111111111111
111101100111110
11111111101111101101
011110101111111011
11111111111
1111001110011110111
01111110111101111110
111111100011
1101111111101110
11101111110111111
1101110111110111
10111010111101010111
1101111010110011111
11101101111101111111
1110111111111000
011111111000001111101
111010111111111
1111111011
10110111110
0111001111111011111111
11101111100110110010
011011111111101
1011
1
11111111000000010110011101
11100110111110
11011110111110110
1
1101111111
11011101010011011111
01101011101111110
1110000010111101011111011101
110000011111000101111001011
11010111100100111110
111110110111
11111101
11111111110
1111011111
11110111110
11111
1111111011
00111010110110110111
01010011111101000011101
1111101011011
11101100011
111100110111011001111
111011001011011111
111111111
11111101111011111101
11100
111110001000001010010111101
101000111010110110000110111
111111110
001101000010001111000101110000
101110110111
1100100111111011111110100001
11101000111000000111
1111111100110
1111011111010111
1111011111110110
000
110111110011100110
0111101000010
1111101111
110101011011111
111110101110110
111011110111111101
11100111101111111001
1101011111110110
011111101111
111110111111001
10111111001110101111111110000
111110111001110111
101110111110111001111101111
111111010010111100111010
1011110011001111
01011111110110111110
1111101111
0111101101111
1111111111011
111100111111110111
010111100110011111
1011111111101
11101101111111
1110111111111101110
11110111111
110
11001
