1
1
0
1
1
1
1101
1
1011011
1101
001
0111
0
1
1
1
0
1
1
1
1
11
1101
01
0111
1
0
11
0
1
1
1
0111
11
1
0111
1
1
1
1
1
11
0111
1
1
1
1
1
0111
1
1
1
11101
01111000101
1
1
00001
1
1
1
10000
1110
1
0111
1101
11
1
10011
1110
00111
111100
110000
1110
0111
1
11101
11
111101110
10011
1
0
01111
00001110
1
1
11
11
1
1
1
1
0111
1
1101
10011
0111
1
1
1
1
1
1
1
1
1
11001110
1
1
1
1
11001
1
1
1
1
11
1
00
0
1
1
00
1
1
1001
000
1100
1100
01
1001011
1001101
1101
1
0110000
1011
001
001
010000
0111
1
11100
1
0
1
10110
1
0
0
1
0
1
11011001
0
0111
0
0
0000000
1
0
0
0000
1010101
1
1
0
1
00000
0000000
00
0000000
0
00010
0000000
0000100
000
0000000000000
1101100
11
1
1
0111
11
1
0111
1
1
1
1
1
11
0111
1
1
1
1
1
1101
1
1
1
10111
10110100011
1
1
10000
1
1
1
00001
1101
1
1110
1101
11
1
01011
1110
111100
110000
0111
0111
1
01111
11
00111
1
0
11011
00001011
1
1
11
11
1
1
1
1
1110
1
0111
11010
0111
1
1
1
1
1
1
1
1
1
01011011
1
1
1
1
01110
1
1
1
1
11
1
1
