1
1010111
11101
1
1
11
11
1110
01110111
1
10111
1
11100011
01011100111
1101
1
11
1101101
101011
1101
010111
11011
11011
1
1
01110111
11011100
1101001
001111
1
1
01111
11011101
1
1
11
1111100
10111011
1
1
1
10111
0111
1100111001
0
11110100
1
11
1
0
11100
0111
0
1
111100
1
1001
1
1
00011011
1
11001
1
100011
1
00111
1
1
1110
0111
1
1101
0111
1
11100000
1
10011
1
0
010111
1101
1
0111
1
1
1
1
1
1111111111
111111111111101101000
1111111111
111111011101
111111111101111111
11111111101
1111111111
1111111111
11111111101
1111111111
11111111101
1110
11111111
1111111111
1
1
1
1101
00111
1
1
10
1
1
1
00111
1
1
1
1
111100
0111
1
1
1110110
0
1
1
1
0
1
1
1
010111
1101
01111
0111111111111111111001111
1111111111
110111110100110101011111
1101
0
0000111
11001
00111
1
1
1110
0111
1
1101
0111
0111
1
1
0010101
1
1
