011110110111111
01101
0
0011100
0
00101
00
01000
1010011
111001100
00111
00
111010001
00111
1110100
00
10
0
00001111000010100100000111000001101110
11
11
0
11
1101111100001111110011001101100111000011011101100011101101
00
011111100100
00
00
0011
00
1001100000111011101100011011001
001011111001101011
01100100100010110011111010
01001101100000100010110100001000001000
1000111111011
100111101101111
1111100110111111
0000001001111010011101000111
11111111111
00000010101101011111111101001
1100110000010111111111011001110011
1101110011111111111
1110111110111
11110010010011111
01011011100101000100111111111110110000111000001001100100101
10100110001011100110100111011100111010011110
110100000101100010110110100101001
0111111110000011001111100000001001000
101000000001000110111010
1111011011111111
11111010111111111
000101110010000100111101101110110001
01011001111011111101001010
11000100110111111111111100
11
00000011100000000000110010001000
1110
001000111001
011010010000111110101110000011101110011000000011010
11001110100000011010010
010001010001011010010001000000
010000101000100010000000011110110110000001110000000100000001010
0001010111010
1101110010101111001000110010010011101010
11011111111111000100000
11011110111110
110101111010011110011001
0111001110101010101100000001111
010001100010011111110011011100101101011101
100000010110100
10101100111110111100101110010
00001001100001000110000111000011000000100001001010111100
1010000010101110110000010100110
000111111110111101100
00101100000111111110110010010100001
0111100001010001010010101101010100001101011
11010011111000000110101110
1101101011101110
1110111000001111
0000001001111100110
00011010100111011111000000010100
010000011011100111000000110001000000000
1011011000000010000001101011000101010010011100
0010110111001000011010100001
110011101100110100000111010010010
0111110110110000101011101
00110
10000001010110101110001100110000001110010
0010011111110001010100
01000001000100010110010000000000000010000000101000001000011001001000001000011000000
11100001011110101000001010100011000000001000011010100
000000000000000010101100010000001100000101010100001101010101000010010000
0011010111101011100111110100
01000010000110100110010110000
1111111111110
1011010110100110111001110101011
0011010011100111110100010101
101111101011001111
101100010111011110101101110
110110000011010011101111100011
111010001111101011000101110111
1111101000101110011110111
111000100111000111011101100100
00011010111110100111110110010
001111110110111111111010
1000010100001010000001011011110111110001110000110
01101100100111
100010110011111111100000010010
111111010111
00001100000111110010
011001110011011111011111101110
110101000110101011110011111000
10111011101111
11001111111111
110111010111101011111
000
00101000000001100001111001011010010001000101101110101000100011000110000000000
0
1111011
0
0
10
11
0101110010
1
100000000
0000000
0
1110
0
0
1111001111010001100
100111101010101000
111111110011001
0111110111110110110101
110111000
0110100011111110000110001011000
1111111111001001
1100011101111100010110110100
100100110001000010010011001101011
111111110110111100
1110110110
010000011100110111000001001110001011010
10011111100011000000001
1110011101001100
11100110000110101111100000000000
11011011010111000101111101100000
11111110
1110011110011101
1111110011101011100
0111111011
111010010111001
1110111101110110100
11111110000
11110111011101
10100111011011111001001101100000000111
001111110100111001001
001100100001111110000010111101010111
111111001011
110100110010101
110100111100111011101
011111001010111010010111
100011011011100000000100100000001110
11110111100000011011
1001100110111111010010000001111
1101010100100110
011111001101011010
1101111001011010101
0
0010111111011011010100001100010001
00000000011110
0000111010
00011
000000
11100
0000000
0
01010101000000
0000
1
111010
010
0010110100101
10
00010100011
100000001
11110110000011000
00010000000110
11
11
11
11
11
11
11
00111
11
11
11
11
11
11
11
11
11
11
11
11
11
11
11
11
11
11
11
11
11
11
01110
11
0
01110
10011101
011101000
11
0101011
1110110001001
00
0001
11010
010
00000
1011011100
0
00000010110010101111111011110100
1
1
00
0011
1110000100000000000
0
000
00001
10100010101111000001110001011010111101000010100111010101000
011100
100011111111111111001100100100010
1101010011110100001111001100
0
0000000000000100
111
10100
00
00
00
1
10000010000100001
0
1
1
00110000
0000000
01000
00
0001100
0001001110001100010011000100001100
000000
11
0
110100101
1101011011100111
001
110000110100110000000011011000
101000100
000111111111110001111000111110
0110101
0
01001010100010100000100011110101001011010101011111000011110
11111101111101110
100010111111010010111101011001110110011100001110011000000111111110011
111
0000000101010010100001
0101010010000011101100101110011011001110111111010000
111111101111001000100000100
00000011110001101101111011110100
0111100011110100100
111110111111110011110
00000011111101111111111011111110110011101011000010
11001111111011010111111001010011001
011110111
110111011110011001111111101110110111110110111111101011
100110111001
00000110
11111100101100110111
110000010000011100111111111011010110100111111100100110000101100101110001100110111010
0111111010011011111111011010110
011
11111111
00000000000
11
001000
00100100000
000000
010
0110100000000
0
1000100001
00000
000
110100
00
000010000000
00000000000000000000000000
1000100011
0000000000
11111
11110111
0000000000
0000010000
11111
1110110111
0100111011
0011000001
1101111001
111111110
1111011001
11110011
110
1011111110
000
000000110100101010100101
10010000000000000110010000100000010010000001101001
10100011101000001000000
010100100100011000001000100000000010
00000010010000001001000000
0
00010000000011000000000000010000
01110001
00001001000
010100101000
000010000000100001000000
0000000010110100010000000
100110000100010001000010001
001110100100
01
111100100
00
100010000100000100000010
110000000000100100010000
000100100000010010000
0
001000000100001010010000000
00010000
000
0000010001010100
1000000000111001010
100
0000010
00000
0
0000000001
1010100011000
0100
01100001
0
1000000000110100100000000
1
1
1
1101
000010110010111101001010101
11001111001100001110100010
00010000000110001111100000011000001100
1100110111110
101111101111001
1110111110011111
0101111101100100110001000100
11111111111
00011111111111010110001000010
1111101011110111011000111111000000
1111111111110011101
1111110111110
01110011011101101
10011101111000000010100000110100111110001000101111110011111
11111111011001011001001010110011011000011001
011101101111100000011000001010001
1100101010000000011101010001101011110
001100111010010000000110
1111111111001111
11111111101111110
011011111001110101110001000010010100
11101100011011110011010110
11111011111111100110010100
11
1000101000010100000000000000
1011
001110010010
00010000100010110010011001100110010101110
01101000011000010101011
000000010100000110000110101100
00000011101000100000000001001100110001001101000000001000101001
1110100011000
00001110100011011000011001011110110
11111011010000001110
111111111001
001011111010101101110110
0111100000011000111010001
01110011001011100100010101111001011101
010111100111001110100111001
1000011000000000100010011001000010101101101000000011
1011011011011000000100001100001
11100011011111000
01001110100000101001111001110000
001111100000010000001100011011110010110
100101011101000011010
0011101111110100
0001111110100000001
00100110001000011101100
10101100011100001010000001100100000000
0111010000000100100010101000011001001100111010
0001101001101111101000000010
01100101101110111001100001000
01011101101100101110
11000
110000100011101100010010100010010010
1011011100110000100101
01101101110000000000010000000010000100000000001010100000110000000000001010000100000
10000010111101001001000101100100010111100000000011000
010011110011101000010000000000000000001100000001010100001000000000101001
11111000100011010101011011
101010000010010100000010110
1110111111111
1011001111011011110001011100011
0111000001111101001101101001
111101011100111110
111011101100101011101101100
111111100111001111001001001000
110111110001101110001001110111
1111101001111100110010111
101100111001101110010000110101
01010011110000110101100111111
111011101111100110111110
1110000110111100011101001011110010000010001000100
10011111001001
011010101011111010000001110010
110111111110
10010001110100010001
011011011111010110111000111111
000010011011110111110001011011
01111111001111
11111110101111
111110101111100110111
000
