111
1111111
1101
10011100111
1
11110
110111
10
11
1111
0
111111
1111
1110
111
0
011111
111
1101
1
101011
111
11110111011
11011
1111
0111
1111
11
1
111111011111111111111
10111
10111
111111111
00
1
1011
11
001111
011011
11
1110111
11111
01111
0111
1110
111
11011
1011
1111
111111
1111001
1111
111
11101
11
10111
11
1111
11
111
110111
11110
10111
111
11
11110
01011
1111
111
1111
111
01
11
1
1
1
1
1
11
101
011
11
11
10111
101111111100111011111111
11
1111
1111
01111
11111
111111
11111
1111
11101111
1111
1111
110011111
10
11000111
111110
11111
111101111
1111111
1111111
10011
11111100
1111101111
111
1111110
1111101111
111111111
01011011111110111111111111101110111101111101
1111111111101111
11111111
111101111111111100
111111111111110
11111111101
111111
11111110101111
111111111111101010110111
11111111
1111111111111
111111111
111111110111
1111111111101010111101110
11101101101
1111111001111011001111111
11111111101
1111111111
111111111101
111111111
111111
0011011111101101101111111
1011011101
111111
111111110111
0111101011
1111110111111101
00101111111111101111101
1111111
1111101100111111111
111110111111
1111111111
11111111111011011011100
11111111111
111101111110
1111111
111110111001
111111110111011011111
10010111010111111111111110011111
110010111111100001110
1111101111111101
1111101111111101
111110111110111
11111111110
11110111
10000000111110111101
01111111111111101
1111110101111001
111111111
0000000110111110111
1111111111101110111001
111111011111
11111111111
011110110001111111111111
111101110111111
11110111111111
111111111111100000111
1111111100001000
1111101011111111
111111111111011101
111111111
1011111111111101
1111111111101
1111111
1111111111
11111111110011101
11111011110111110
1111111111110111
11111111111011111
110111111011111110111
111111110111110100111
11111111111111011
11111101
11111111101
11111111011101
1111101111111101111110010
11111111110111
1111111110
1111111110111111
11111
11111111111
10
1001111101
11
111
111011
1111111
1111
0111110101011
1111101110111
1111111
111111110
01111111111110111101111111111
11101111
00110110
010010111011
1
11
11
111111111110
1110111111
111111111
1111111110
11011111
111111011111
11111111
1111111111101101
11111111110
11111111
11111111
111111111101
11111110111
1111101110011
1111111111
11111111
1111111111
111111111
111111111101
111111111
11011100111111
11111111
111111011
111110101111
011111111
11111111101
0111111101111110
11111111
11111111101
111111111
11111111
11111111111
111111101
111101111011101
1111111111
0111111001111010
11111111
0111
1111111101011
111111
111111
11111000
111111
1111
110111111
01111110
111111100
0
111
10111
1110100
101110010110101001011100010
10
111
111111000010101101011111
11111110100
11011000111111101
111
111
111
111
11011
00111
11110
00011
11111
1111
111
011
111
111
11011
111
111
111
1111
111
0111
11
111
1111
111
0
11
111101
111
111
011111
11
1111
111011
1111
11
11
011
111
111
111
1111
11
111
111
11101011
111
111
111
0111
111
1101110
1111
11
1111
11
011111
111
11
01
1111111111111110111101
101111101111011111111100111011
1111
0
111
111
11
1
11
11
11
11
11
11
11
0111
11
11
11
11
11
11
11
11
11
11
11
11
11111
10111111
1111
111111111111111
111
1011
11
11011
111111111
011
1101
0001
101100
111
11
0100
11110111
1011011
10110
111
11110110011110111111101111110
11
11
1111
1111111011
00
00011
111110
01000000
111
11
0111
11
11
11
11
11
01101
11
11
11
11
11
011
0
11
1011
1101
11
0111
11
011000
10110
0111
11110
11
11
10111
11
11
11
11
11
11
0111
11
11101
0111
11
11
11
11
1101
0111
11
11
1101
11
11
11
11
11
01111
11
11
10011
11
11
11
11
11
11
11
1101
00
11
11
0111
11
11
10111
11
0111
110
0111
000111
11
11
11
11
11
11
11
0111
11
11
01
111
1
11
11
1011
11
11
01011
11
00
11111
1111111
011111110110
111000011010011100
11101
00111
111
11
11111
0
11
1111
110
11
110111
1111
1111
11
11111
0
00
1111101
1101101111011
1001011111
11111
01111
11111011111011101
11111
11111111111
11111
11110111111101111011100001110
0101010001
11
111010111
111111101100110000111
01111001101111001
1111101010110
111
111111110
11011111
111101
111110111101111111011
1111110110
111110110110011001
11001111111110101110111
1111111100
11111
1111011110111010111011110
0111011100
111101
111111111111011111011
111111110111101
0010
00000000
111101101111101101111111111111
1111
000000
110
01
010000
11011
010111
11111
1
01101
1100111100
11111
100111011
00000000000
00
0110111111110100110010000
0011100001100000011001
11111010111
000001010
01100001110000
00000000000000
0000000000
0000000000000000000000000000
00
0
1100111110100010110100
001100100010011101110
0000000000000000000010
0010111010111111011001000
01111010
00001000000000
11001
0011111
1110100000
111101
1111
11110001
1110011010
1011001
111110
110111
1110111
1111
11110011000101
1111010101
1111
1111
110111
1111
011111
1001110
111011
1111
111110
1111
1111
10111100
1111
011
111101
1111
110111
1111100
110111
1001111
1111011
11110110000010
10111001
1111
11111
0100010110
11111101
11
0000001001000
000
11
0110101110
0111101111
1111110111
000111
0111011110
11110100000
0111111001000
000011110110110100001000000000101000010001
01
0
011111
110111110
11111
111101111
011111
111101
1011101110
101110001
11111
11111
0000000000
11
11
0111
11
11
11
11
11
11111011
11111
11111
11111
1111101
11111
11111
11111
00
1000100101
11111
000000000000000000011010011100001
0100111101
1010101001
1111011011
11111
00000000000000
111100111
11111010
1110110010
0000000000
1111100011
1111111110
1010110101
1110111
1001001111
1011111110
00000000000000
01110100011100
0110011111
11111011010111101
000000000000000000
0000000000000000
1101101001
0000000000
11111
11101101111100
1010111001
11111
1110110111
1111111000000
1110011000
00000100111000010000000001010
11000000001000
00100010000100
1011111010
1010011110
100
01
11011
1100
01111100111111010
00
1101111
0011111
0000000000
1011
1111
00111
10
0111
1110
0
0010101011
111101
011
00
11110100
010000011101
1101001001
11111
111101
1110000011
1011011101
000000000000000000
1011000000
1111111110
1110100100
11111010
1101110010
01011010100011
000001111
0
1000
010
00010111
11100111100110
1111011100
000000000000
1010111011
11111
1
11111
11111
11111
0
0000000000
1111010111
1111111100111001100
0111111011110111010
000
0000000000000
1000
10
110
1111
1111
1111
0
10111011001100
010
00000000000000
1011101110
0100100001000
00000000000000000000000000
0011011011011010111
000000100000001000
11101011000011
0
1111010
1111110110
1111111110
001011
11111
111111
11111
10110
1000001110
0000000101
1011001110
111110
11000000111001
1011111
11111
11110001111001
11111
011010110001111
1111001101
1011111
111101
11111011101110
0111101000000
111110111
0100001
111101011110011001011100
00000100000
0010011
0000000000100
011111
1101111100110
1100111011
00011111
1011101101
0101110110
0100011101
01001111101101
1111010101
01111111101011110101
11110111
1101011001
1100110101
11011111
00010110010
00101011110000
1111010100
111111110
0
111111000
110111011
111111100
111101101
1
11110111
0
11111
1000111011
1111101101100111
1111001
1101111
111101
0110111111110100011010
0011000011011111
111111100
11111010110010111110011
1111111101
0010000110
111111011
11011111011100
11111
11111
010011101
0001111010
101001001
111110011101
11111
1111010110
11111011
011111
11111
0011111
111010111001101101110
10111101110010
1111101011
111101
0110010101
11111
001001001011011
0100101110
111101101
1101100101
1011111
1111001
1111011
01111100111000
1111101111
1011111111
111111111
11001111101101111111111111111001101111011111
0111111111111111
11111111
011111101111111101
111101111111111
11111111011
111111
11011011111111
101111111110011011111111
11111111
1111111111111
111111111
111111110111
0100111111011111111111101
11101111100
0111111101101011111101111
11111111101
1111111111
111111111011
111111111
111111
1111001111
1100101111
111111
110111111
1110110110
11101111110
111111001111
1111111
111111
111111
11111
10111010110011111
1111111
11111
110110110
1111101111101
11111
101110011001
111101111
1111101111
1110111
11111011
11111010111
1111110
11111100110
11111
11011111
001111111100
1111011
111111
11111111
11111
111111011
11000111010
1111111001100000
11111
1111011101
111111111
0111111111111101
1111111111101
1111111
1111111111
11111110111111010
11111011111011110
1111111111111110
11111101111111111
111111011011111101111
111011111101111110011
11111111111111101
11111101
11111111101
11111011111101
1111111100101010111111111
11111111110111
1111111101
1111111110111111
11111
11111111111
01
