00
10111001
111110111111111111111111011
0011011110
110111
10
1100
111000
111
111111111011011111111111
101111111111111111111111
11111111111
111111111111111111111111100
11101101111111111
1111010111101111110111111101111101111010111
0001
0110100101110111101011111101000011111100011001101010111100
111111111111111110110001111011
10111111111111110100011010
111111111011
01111111111111111111111
1101
01101101111101110111101
111010111111101111111010
111111110111110100110
1111111101111111111111111111
001
11011111011011011111111111
1
1111111111101
011
1111111101111100000011
10
1111111
11
11111
011111
11110111
11101001011111
1111011111
10101100111111111111110100010111011111
1111111111110
10
0
11111111100010101
11110001100100
1111111011010001
11111111111
0
11111100101110101111111111111010111111
101011110100110100110111
111111111
1111111
1111111
110110101111110000
011111011111011110111111111111111101
101111111111101101111111110
1001101101111010111001001111
1011111111
000001010
111011
1
11111
111110111111111111111111
1111010111111110111110111
111111111111111111111111111
00001001001100
00
0
0
101
0100
0111
1
1
1
1
1
1
1101
1
1
1
1
1
1
1
1
1011
1
1
1
1
1
1
1
1
1
1
1
1
1
1
1
1
1
1
1
1
1
1
110111111111
00
1
0
1
1
00
1
1
0011111111000110001
10111000000011000
11111111111101101110
11111111101
10011110000001010010010101110101
1011111111111110000010000010
111111111101010111
1111111110111
110100111010
0100110111000110110010111010001
110100000111110000010000010001
101010010011110000101001100001
11111111101101
1111111110100011110010101
1101111111111110111111110111
1111111110101101111111
100101011001111111101100110010
101101101111110000000101111101
1111111101010101
1111111101
00001011000
111101111111111011011110011111
0
0
111111111111101101111
111
00
11
00
1
1111
10
00
00000
00
101
000000
111011
000
111
11101
11111010000
11111011000
001111
11
00
0000000000
00
00
000
10
0000
00000
11111
0001
100000101010
0000
000
1111111110111111
111111111
1111111011111
111111111
1110110110111
1111101111
101111111011
111110111
11111110111111010
11111111
111111111
11111100111
1111111011
11111111
0101100111101111110111000101001011100101
11111101100111011
011110111011100110111
001011111110111110101011011011
11111110111011111110
111110111111
1111111
11111111
11111111111
000
11010111
11
11010110110100000100111101110010111100100010000110011
01111010111001
01111101100010111
111111111
1
11111110
1110111011011110111010010010000001000
0011111111000111011
10001110011
100101111001111101010001110000000100101
0100110011011110111010111000110000000
11111110111
111110111
111111100111100001
00101111100101111011100
00001100000010
11111111111
11111001111110
111111011110000111
0000010101011110000001101011110101
011101011000010110011111110111101010
111001101011011011100010000111101010011110011
10010111111011100110100100
111110100111111101
11000000101100001101111
111100111001111001
0011110111110011111001101
001010010110110101111001110010000010011
11110110110
000111111001001111100000110010010110010110
01010111100001011110101001000111110110000111011011
001111101110101010111
1101111111101000001100001
11111010110001110
11011011011101001101011
1011101111100
10110010111111111010100001110110000011
100011011101111110010000100100010010001011
11
111101111
111101110000100100
111110111111
11111100100010110
111111111
111111111
11111111
1111111101110110111
11111110111
11111101110
0111111111101101
111111111
110011110110111
011111110111000000
11111111111
1111011111
111111111
11111110010111111
111111111111
111111110110111011
1111111
111111111
111110111
01111111111111011
00
11111101110111
11110111
111110111111111111111111111
11
11011
01001111
01100110100110
01111
10000111110000
1011000101110100010000100011
00010011000001101010111
11
001111
11110110
1011010000
001100111
00000
11
100010
111111011
000011111011
11101111
111001111111
111101111111010
11111111100001
1111101110110010000000001
111111001
111111011111100100101
111011111010101
1111111
0111101111000100010000000110
011111111001
11110111101
11111110111
11111101111
1111111
10111101111011101
1111111
10000111111
1110111111
1111011011110111011111011101
0111111111
1111110101011011101
100011111111011001
1111111
1111111
0111111110100101101
01111111
1111110011
111011111001
11110111
11011011000111111
11111111101111
111110000101001
110010111010001
1111111111
1111111111
11111111
11111110
111111110110
0111111110111
11110111111
111111111101101110
11111101111011111101111011
11111111111
11001110111111
1111111110
0111111111
1111111101111
01111111111
1111111111
011111101
101101101
101111111
1111110110111
1111111101
011111101101
111111001111
11111111
011111111111
11111111
000000000000000000000100
11111101111101
11011111111011101011
1111111111
1111111
111101111011
111111111011011101111
101010
1
1000001110
1111111
0111
1
000001
11001010111000
010101010
110101
01
111
011100000
00
11111111110111111110110101101111111011
11111
11111
011111110111101010111001001
1
1
1
1
1101010
11
11
1
1011
11101
01100000000000
010110111
0
10000110111
111
1010001011110010110111011
011
00000
11111
111000111
011001010011011010011011100111
000110011000110
101111101111001010101111101101
111111111101000011010
1
011011011111111111100110110
11000110111101
11
0111
111100101
011010000000110100111110
11
000000000
00000001110100000000
11111111
0111100110
0100000000
11
00010101111101
01111
0
1011011100
11100011
110100010111
00100101101001011
1
00010001
0111010101011000000001100000100000000000010110010000100001110
1011100010010010110011111101101100111111011110101111
10000011010110101011100000010100001101
101100101001111100000001010010010000000000000000000000000100
0000000000000000000110110001000001
000000000100000000001000000100100100100100000000000000000
11100100000
10000010111111011111010110111101011111111100010
1011101011011111111110111101
110111011110011011111010111101000111011101011
1
0110111111101011000000
11100111101111111101111111111111
10010101110111111111111111111010111001
1110110011001011111101111111
10100111111011
000001010000000010000111111111111100
100001000001111101011100000000001111100
1111111111001101011011001
1111
1101000011111011101100101111111011010101
101110001100111110010101011111011101
0101011011000000111101111101
011011110111111001
1010000
100001110011001
0011000101000111
110111
0
0
100011
1110001111111101
01111111011111111
1111111111
1111101111101010100101111
111110111111100100100010
001110011011111100001001110
0011
0000010101000
00
1101
00
101000111010100101111101
00
1110101010100111010000001110
000111000001
010000000
000000000110001011111
001001111101111001
01000101111010101010011001010
1100101111101
1111110001
11000111011100001010
0010110011000100
0110000000111000111010100000001
11111111
11000001100001001
000001111111010111
011111001001001110111110
1111110001
11111111111
1111101110
11110111111
111111110100111
11
00100111001000
11
1101000101110011
11
10111
10010101
11
00
001111
001111
11
1101010
1011011
11
1
010110100
110110111101111011111111
11
0000000
1100000010100101111101
10100101110001010010
0011111011101111101100011
000111110110000111000000001010111111000
1101111010000000000010101
1111011110100000000000
1111001001111010111110
0110000011110100
010000111101
000000000000000100000001100001
01011001011011111111110111101010110111101111010101110001111000101111011100010
0000000
110111111011111011011
11111101011101000001
1111111011101111111111
1011101011110000011
01011111111111
001010000000101110001011110
100111111111111100
1001111101111100110111010100
0111101110101010011
010001001100111111110101111111001011
1001100101010000000101
01110101111110111101111
000
1
0011110010111001010
1
000000000000
10
0101111111111111111
0000000000100010000001000000000000000
001
1
01110110
00
1000
111
110111
10101011
1101
111100010110
1011
11100000
101010111
11011000
00000
1110000
111
111
111
001100111
1111010
010010010001011110000100001111010000
01111100000101001
00010
011100101
00000000
0111000011100
01000
11010
111010010001001000011110100
00011
0111
101110
00000
0111
1
1100
0000011
00
11
00000
00
11
10000
0
00
000
0
111
1
1
010000101000100011000000000000
00000001110000
00000000000000
0
00000000000101
111000
0000000
1110111010110
111111
01101110111
000000
11111111001
111110000011111111
1111111011011
1111001000100
0000000100
00
1111000000
111101
00000
011010010000
0001010001110010101001100
011111001010111010
001000010000000000000
00
1111100000
11111
1101010001
00110011100011110101101010011011
1100010001
00
00
00000
111110100111000110000111
11110111
1111010110
0111001101
0
0001000
10000
0
011111
11011
000
10000
1001110100001100010001
011010100
010111
111
1
1111
1111
1111
1111
0
1
1
1
100001
00
10001010010100
111010000
0
1110
11101
000001
1
1111
01111
00
101111
00000
001101
1110
00
10111
11100000000000000000
00001000000000
0000000000
1111101
111111111
1110111111111
111111111
1001110111111
1111101111
111111011101
111110111
10111111110111110
11111111
111111111
11001111111
1101111111
11111111
0100110111011111111001101101010101011000
10111111001110111
111011111010001111101
111111101011101101000111010111
11111111111001011111
111101111111
1111111
11111111
11111111111
10111110
11
11011001000010
01101010110111
0011101110
1111
1
11
0111101010010010111000010000
10101101110001
11111100000
0011000011001110101100100100001
11111
101111
11
110101010011
111011010
01100000000010
111111
11101000
110011111100
1111
1101101
1111000001
1111011
00111111001
1110110
000111000100110110
101001
1111111001
1111101
01111101
11011110010000100010
001011011100
11011
11010001
01110001010000011
11010010001110000110001100001
11
1011
110101000100111100
0111111
011011
111111111
111111111
11111111
1010111011111111111
11011111111
11110111011
1111011111111100
111111111
110111111011001
100011100001111110
11111111111
1011111111
111111111
11111111101011110
111111111111
101111101111011111
1111111
111111111
111111110
11011111111111011
11101111110111
110
11
