1
001111010111111111010101101010110
00
00000000
01101001111110011110110001111
1110011101001111011011111101001
00001
0011010111111011111101111001111000111
01101001111
10100010111011100110
001000001100000100000100110010
100010000
000
1110010000000101011101
101101000000101110000011010
1100110111111110101101100011
00100011011100110000111000011001000101110010000001000000011
011010001111011111011
11
00110111111101111110000000000110000001
110011000111101010000000011111111
1110101111
1110
11
110101
111111
11110111
1010111101
0
1100000010111011111000111011100
11
00010100010100100111
1111011110
11
110111111011011101111011110110000011111001011100
1000
100111010110101110111111000111011011001100111100
11001111110110111101110101110111001111000110
00
10100110010010111
0
11111010111011111101011111011111111
000
0011111110010111101011001111110010
10111111111110111111110
1000011111111011110001011110111110011111
1011011
1111101111110001111111110111011
00000
0111
110101111111111100
11111111111111101
000000000000
0000
011000000111100011110101110000000000011111101
101100111111111101101011001100010
1011000111111111110000001000100010101111
11011101111111100111011110111
111111101111111
11111111111111
11000111011010111100111101111
011111101111011101101101111
11000111101101111110111111010011001100100101
0111011110011011111111101
11111111100111111101011
001001101011001101010011101101101111000
10010111111110100111110100101
101011110111101101110011010111111
00001011111110110101101000001001111011111111011011
01011011101110111100101110111110101101011
101110011010111111011100
101011011111110111001111
111111011011110111111
111111110111011110111
01110111001111011110111101011011111
001100100111111110100101101010011001000100111011110011011100
011101110111101111101011110001011
100110000110010000110011011000001001111100000011000111011100
10011111000100000011100000100111
1110110111110011011100101111
0011
0001000011110110110010011110101011
0110000100111011011000000110010010000011110001010001011010000001
1000011111100000011001010010000100001101011000101
111111111111111
1100011011111110111110011101100000100100110
111111111101000100110000
000101101111110100101111111110001
1111000111111111001101010101011
111110110011111100111111
1110101011110111011101111001
100100000001111011100110110010001111000110
001011110111110101001111001101010
11111011111101111011110
110111111011101110010000111100
0101000110110111101111101111000001101001010111000000100011
11011000011111111101101101100011111101
01101011011111100110111001111011
1011011111110111111
00
1111110110110011100011010111
0001001100010010011011011100100010010001100000100000100101001101
10111100010011100011100111000101100011110110110
010000101010111100001010111001010011101
01110101111101011110101011110000100010100
0111000001111111111001011010
1111001100110111111101111011001011
011111111101001011101110101
1101011110001111101100101111100
1101
1101010111100110111101111110
1110100111011001111111001101001100000001110
111111101111011110011
101100110111110001011011100010111101100000000010110000001
1111011110110111111111101
11111101111010111111
101111100111011101111110111
0011111101101011101110010111
001111111101011110111101111011111
111110001011101101001110000100111111
101111111110100111001100111011100101010
111011111111111001011111001011
0111111111111100110111
011111011111110110111111110000
1111110111011111101110011
011101111110010010011110111110110
1011111111011110111011
01011111111111111101
011011101011100111101111100011111101101110
11111110011110100110111111011
100110111111100111111110
111101111101111111
1101111111011000001110111001110111
111100100111111111111110
1111010010100111101011110111100111011
11101111110
0
111111
00111
11011
10
10
0
0
0100011
1010110
11
00
001110
11
11110111100111101100001011011
1000111110
0111110
000
10
010011101111110011111111101111110110100001101000
011110
0
0
0110111
1100111011011
01110011110
1011101111100
10000001001100011101110101110101
10010000101001111100
11101000011
101010000110001001001
0000110
11101
1111101110111
00001000111101110
111110111101
0110010000000000000
000000000001
0110111001
11010101001101111
0
11100001111110100100000001110
0
11101
000000110001
01100011100
01101
110111
0000
0011
11010011
00010
1011
0000110
0
0111
0
00
01010011111000
0000001
1
0
110
000
0000010
001
111011
1001010001111110111110111001011011
100100011100111111111010100111110
0001110101000110100101011011101101101110
10111100111111101111011111110
111111011111111
11111111111111
00111001101011100110111111111
011101101111111110111110101
01001001001001101111101101111111011100011111
1001111111111001111111001
11111111111101001111011
101000100010010100001111111011001011111
11011101111110001110001101101
010011011110111111101111110101101
01011001101110011111001000011011111101001101011111
11100100111110101011011111011001011101111
001110011011011011111011
101100111011111111111001
111111011101111111011
101111111011110111111
00011111111101111110011111111000111
011001000111100111000001111000110011101110111111010111000001
111011110111011000101000111111111
100010000000110101111010011010011101010010000110110001010010
00100011011100100101011010001100
1110100111110110111011100111
1100
1001111101111000000111000001100111
1110110000001001011011100110100001110100000100000011000101100000
0101000001010111000110010111000000011011111000000
111111111111111
0100011111011111111110111000111101010000000
111111110100011010000101
010011011011111001011111101111000
1100101110111011110111010100111
010111011111111100111111
0101111011100111110011101111
101000100110011111110101010100111010000000
111100011001101011011011110010101
11011111111011011101111
111011101110100111011011000011
0101001001010111110100011110111010000110011010110011110000
00111111111010000111111101011011
1111111111111011001
00
1001101111111110001101111010
0000001000000110011001101010011111110101001000110000110000000100
10010000101011101110101101001100011110100101111
001101110011001111010101111100010000000
10110111100111110010111011100010001000101
1111011111101000110000101011
0110101010111111011111110110101011
100101011110100111111111110
1001010101011011101111011110110
1110
1111110011101111100111110001
1101110000101010001101101011011110010101101
111111110101101110111
101010010001111011001101101111110000101100100100100100000
1011101111111111011111101
01111111111110111011
101111110110111011110111011
1001111101001011111101011011
111101101111111001011101111101111
110000001011011101100111111111111000
010010100101010110111100111111101111110
110001110110111111010111111111
1110110110111110111111
000110110111111101011110111111
1101111111111101110110101
001010011111011011111100111101011
1101111011111011110111
11011111011110111111
111001110101001101110101011101011101111111
01010111111110111011111111100
110011110111011111111001
111111111111110110
0101101011111001011001111011101111
011011110101111111011111
1010010101011111000110111111101110111
