11
0
0
01
0
11001
1
100
0
1
0000110
0
1011110
00
01011
11
1
011
011
0
01
0000000
000000
00
00000
00
1
000
00
00
11
0001
1
00
001
00
1101
1
0
01000001
11010
111
011
00111
110000
01
000
01100
00000
1
00000
00110
0
1
00
000
1
11
1
110
01
1
0011
1
1
1
1
10
1
1
1
01
1
0
10
1
1
01
1
00010
011
1
1
1101111
00
1
10
0
0
1
0
11
10100
000011
11
001
01
0
0
0
01
00
0
0
1
011
11
1101
1
0
1
1
0
000
00000000000
0
00
1
00000000000
00
0100
00
0
01
000000
11
010
0000
00
11
0000000000000000
000
1
0
10
1
01
0001
00
01
1
1
001
0
1
0
11
00
10
00
010
101
1000
1
00
001
00
1101
1
0
00001010
01110
111
110
00111
01
000
10010
00000
1
00000
01001
0
1
00
000
