0
00
0000
0
100000
000
00
0
0
0000
0
000
01
0001
00
00
00
0000
000000000
000
0
0
00
0
0
0
0
0
0
0
001
0000
000
00
0001
000000
10010
0
0
0
000000
000
0000
00
000
0
000
100000
01
0
001
1
0
101
1
0
1
1
10
0
01
1
0
1
1100
000
11
0011000100
0
0
0
0
0
10
00
00000
00
0
0
00
00
0
0000
11001
0
001
001001
0000
0
000111
00
100
000
0
00
101
0
1
101
000
01
01
0000
0
00
00000000000
000
00
000000000101
0000
000
0
00
00
01
00000
000
00
0
0
0
0
1
0000000000000
00
0
00
010
000
000
0
00
0000
0001
0
000
0
0001
0
0
00
0000
00
0
010
0000
000
00
0010
000000
10100
0
0
0
000000
0000
00
000
0
000
000001
10
0
