11
111
1
11111101
1
11011
1
1
1000
1
111
111001
11
111
01111
1
111
11
1110111
11
111011
10000101
1111
1
11
11
10111
11
11110
111
1
1
1
11101110
1101
001100111
01111100
1
1
101110111
1
11
1
00010111
111
00
111
1101111011
11
11
1
011111
1011110100000
11101
01111
00001
0111
111
011101001101011
011
1111111111
11
1
11
111
11110110111101
11
1111111100
011110111
1111
1111
1110101110
1111
1010111
11101
111101110
1111
1110
1101111
01111
1111
01111
1111
1111110000100
1111
1111
1111
00101111
111010
1111
1111
1110111
1111
01111
1111
1111
01111
11011111
1111
1111
11101111
11011
1111
1111
0
111111
11
1
1111
011
110011
1
11
111001
0111110001001
1
1
11101
11
01111
1
01111011
0111
1
1
1
1
1101
1
1
1
1
1
0111
11101101001
1
0
1
1
1111111111011111110
11100
0
0111
01111111001
1111011100
111000101
11
1001011101000
000
11
11
0110
0010111
1110101111
1110101000000
11
000000000
011010100101100000100001
11
11
000111
11100
00111
11
111000100000000
0
0
01111010100
01000111
1
1
1
0000001
1110000000
0111
00111
1
1
1
0111
0111
0111
1101
1
0111
1
1111111111
1110011001
010
1101
1
1
0101111
0001
11100
1
1000011
11101110111011111111111111111111
00000
1
1
1
1
0
1
010111
1
1
0111
0000101
1
1
0111
0
0110100
1
1
1
0111
0111
1
1
1
0
1
1
1
1
0
