10110
11
11
111111101011
0111
111
1110
111
111
11
111101110
11
1
1
111
1111101
1111111
11
11
11111111
1111011111
11101111101
11111111
111111110
101111111
1111111
11111111
1111011111
11111111
11111111
11111111
11111111
11111111011
111111101
1111111
11111101
1111111
111111110
1111111
1111111
10111111
111
111101110101
111
1111111
1111111
1111111
01111111111101
1111111
1111000000
0111010011101
11111111
11111111
11111111
11110111111
1111111101
111
111110111
1111111
11111111
11111111
1111111101
11111111
1111111
11111111
11111111
1111111
11111111
1111111101
1111111100
11111111011
111101111
11111111
111101111111001
11111100
11111111
1111111110
1111111100
1
11111110111
01111
11111101
1111110101110
11111111
11111111
111111101111
11111111
11111111
1110111111
11111111
1111111
011111111
11111111
11111111
111011111
11111111
11111111
11111111
11111111
011111111101
11111111
11111111
11111111
1111111
11111111
111
0
1
1
1
11111
1
1
011111
011
011
1
0011
1
001
1
1
11
1
1
011
0010
1
1
1
10010
011
1
1
1
1
1011
1101
1
1
1
011
1
1
011
1001
1
1
1
1
0111
1
1
1
1
101
1
1
011
01
1
1
1011
11101
10100011
1110
0111
11
111010000
11
0111
11100
01
1010011
1
11101
0111
10111
111
1
0111
0000
000
1110
00
00000000
1111
010
110000
01111
1101111
00110000000
110111
101111
01001
11
11011
111011
1111
0111
11
11
11
101111
111
111
1
010111
11
1111
11
11
101111001
11
11
011110111
11010101
11
11
1111
111110
11
011011
1111
1111
1110001000001
1111
11
1111
11
1111111
101111
11
11
11
11
11
111101
011111
111110000
11111
0
11
11
11
0111
11
11
101101
1101
01011
11
11
11101
0111
10111
1101
11
11
0111
11
11
1110
0111
11
0111
111101
1
0111
11
11111111
1111111011
11101110111
11111111
111110111
111111110
1111111
11111111
1101111111
11111111
11111111
11111111
11111111
11110111111
111111011
1111111
11011111
1111111
111011111
1111111
1111111
11111110
111
110110
111
11
11
11
11111101
11
1011100000
111
111
111
111
111
10111
111
11
111
111
01111
111
11
111
11
111
11110
1110
111101
11
111
001111
11111010
111
111
1101
1
110111
11101
110
11
11111111
11111111
111110111111
11111111
11111111
1111110111
11111111
1111111
111111011
11111111
11111111
110111111
11111111
11111111
11111111
11111111
111101111011
11111111
11111111
11111111
1111111
111
