11011
1111111111
1111101111111
111110011
00
1011101001
11111
1111111111
111110111111011111
111101
111111011111011011
11111
1011111011111111
01
111110010100100
1111111111
011111
1010001110
0111110111111101
1111101010001
11110111
11111
1111011
11111011111111011000
1111111111
11111
11111
11011111
1111101
11111
11111
000
11111
11111
11111
011111
0110
11111
11011111
11111
11111
010111110111110
11111
111101
11111
111110101111
11111
11111
0001000011
11111111101
1011111
11111
11111
100011000000
11111111110
11011110011
11001111001111101000
111111110
10101111
1111101111
1111111111
1111111111
111111111001
1110111101
11111
11111
11111
00011111
111101
11111
11111
1111101101111
11110101
11111
11111
11111
111110111010111
111101011101
11111
11110101
111101
11111
11111
11111
11111
11111
11111
11111
11111
011111
11111
11111
11111
1111111111011111110
11111
01111111111
11111
11111
01111
11111011
11111
111101
1111011
11111
11111
00011111
1111011
0011111
11110101
0111110000111000
11111
1111111100
11111
11111
11111
110101
1111111010
111110110000001100
111111110
11111
111110011010
011111
111101
11111
111111000
11111
11110111
110101
11111
111101
010111000011110110111
11111
1000
11111
1111101100110
11111
1111100110011
11111
0
00
111101
1111111100
11111011
0
1111110110
0010111
11111
11111
11111
11111
1011111
11111
11111
11111011101111011
110
11111
011111
11111
111100111
11111
11111
011111
111110111
00
11111
11111011
11111
11111
11111
11110111011
11111
11111
11111
111110011011011
1111111110
011011111
11111
11011111
11111
011011111
11110110101
1
1
11100011
1
1110010000111
1
111010
0110111
1
1110100000
0
0010111
1
011100101101010110
1
11011001
000
1110
1
00110110000
11111111100111101
00
11111
11111
0
111000
000
1110101
01010110101111000000000000010000
11111
00111
010
1
00000
1
1
1
1
11111
11101001
000111
11
1101
11
11
0111
0111
110
000100001011
11
11
11
01111000101000000
1110
11
10011
0000000
00111
0111
111101001
010
0111101010
0000000000000000
1010100000010011
11110110
00
11111
11111
11111
101011111
11111
11111
11111
1110111
0111
1
10110110010100011
11
111110010100111101010
0111000101
111101101
0000010
1
11111
111010101101
1011111
0
0000000
0010010
