1
11
010
1100000110100
10000111
1
1111
0111
10000
1101
1
11101
1
1
000001
11
11
00
1
1
1
1
11
1
0
1
1
1000
111111
1
11
11011110111
111110001
111011111
0
11111011
0111
11111100110101101
111111011
1111110
111111
11110101100111
110011110
111111
01101101011000
11111000001
111111
10
0000111
01111
10111111
011101110011
00000000000
111111
111111
10111
1111100101
1111101
11110110110110
1111110111111
11111111
11111111
111111011001110
11111111
11111111
111110111110111
111111111110110
111111101
11111111
111111101
101010111101111011
1111111001
1111111011
101111110111110
111111
111111
11
111010011
11
01111
11
11011
11
101101111011010
11
11
11010
11
11
1100011
11
11
11
1
01110001101
10111
11
11101
1101110101
11
10111
11
111010
11
11
11
1011000011111
111100000
1011001110100
100011001010110100010000000100000110110110001001101
0111001000010000010
1100001100110000010001011000010
11
111100
110010
11
0
1100011000000110000110000000001001001
11
101011001101101101000101010
11101
1111010010011
11
11
11
111010
100001
0001
1
11
11010011000
11
11011100010
11
10
01111
11
11
11
11
11
110011
11101
10111
11
11
11
11
1100111010010
11
101110101
11
111000100110100
11
11
11
11101
11
11
11
11
11
11101
0
11
11
11
111100000100
1111
11111111
0
1111100010
111111
1101
00
1
01
0000101
00000
00000001001
00011
1
1011000
1
0000000
111000110000
0010000000000
0010000000000
0110110110100
0
010000000
00100
1
100100001
0001010000100
00000
0100
01010101
1
00000
00000
0
1
001
011101
1
00000010
00
11011
11100000
10000
0000
1
11
1
0000
100011100
11
11100
1
11
11
10111
11
11011
11
111001011010111
11
11
00111
11
11
1110100
11
11
11
1
10110100101
11011
11
11101
1111001110
11
01111
11
111001
11
11
11
1010111101001
111100000
0101011101100
111001100000100100001110000010010100010001101101010
1000011100100100000
1000101000111001001011010000000
11
011011
111000
11
0
11
110011101110001011100010100
11110
1110011110001
11
11
11
000011
0001
1
11
10010011001
11
00010110111
11
10
11011
11
11
11
11
11
101101
10111
11011
11
11
11
11
1110010110001
11
111101100
11
010110110100100
11
11
11
10111
11
11
11
11
11
11011
11
11
001110000101
