1001111101100001
10111110110101011011111101011111111101111110101100111110011111011111110
1111100001
111111110
1111111111
11110010
01000000010
01111101100111111101110001111010111
101111000111101011
11110101011
111111111011110111101111001111111010000001011111101001110111110111
1111011111101011110101110111111111111111110
111110111111111110111
1111111110101111111101101011111111110011111
00110010110011010010111111100111110110101101111111
101010110001111111111111111111100111110010011111110011001111111111
011111101
011100101100011111000110001110111010100000000
1101011111111110101100111111101000011101111
111111101011111001001
11110011111101101001011010000
1101011111101111011110111111101100111101111111011110110011
1101111011111000
01011110110111101011011111
111110111111111011110011
111111111111111001
11110111111101111101111111101101111111111101111111011101111011111111011100
101111111110111111001110111110011111011
111101
100
01111111111110011000111110
11111
1111111011111110101110111111110
1111101110111111011
11111
1111101101100111
0101
110111
11111
0000
1111101111111
110011111110110111110
1
101111111111100011110111111001111011101110101011110
1111111111111110000110011
111111
011111111111011
111111111101111110111
1111111111111111101111001101
0101111011100101111001011110000110
11111111110111111110
01111111111111011111111111011111111111111011111
1010111
1111110111111110010111111111111
111111111111110111111
011
1111111111111111111
10
00000101000000101000100100010001000101100
111111010111111011111111101111111111111111110101
111111111110111111111011011111111010111011111111101101011011111
0011111101101011111001111011111011101111110
10
1111111111
1111111110
111110001111011111111111010111111111111
01110111010110111100111111001011101110111111000111101
00
111111011111110111111111101101011011111111111
111111001011101
1110111111100111
11110111111011101
1111011111
11111111
01111011111101
11111100101
11111111
1110111111
01011111111011
110101111011110111
111101101111110
111111101
11111011
1111111011001
11111111
111100011111101011110
11111111
111111101111
11110111110111
11110111111100
11110111111
1111111011
01111111111
111111110
111101111111
11111110111
11111111
11111111
11111111
11111111
10111111
11111111
10111111
1111
0
11110111111
111011111
000
110111111011111111110001111111101
11111111111
11111111111
0111111111111
11111111000111
11111111111
11111101111110101111110010111
01110111011111111
111111111110111110
100011110110111111
11111111111
11111111100001111111
11111111111
1110111101111011
0010111111111
11101011110111111
01111111011110110
111101111111111111111111111111110111
1
111
011111001011
111
110110110110101
111110
111
101111011
111
01
101111
011101011001110
111
010001010100010000010010110010
111101
11111111110111111111
001101110111001011111111111111
11111111111111
1111111001100111110011111
11111111111111111101111
11101111111011111111111
000011011110111111111111111
110111111110111111110111111
1010111111101110111111101111111
1111111111111111111
101110111111010111011111111111
111111111111111111011110
1111101111110110111011111111
1111111111111111010111011011111
11111110111110111111101111111
11111111001111011111110111111110
11100010011111011111010110
111101000011111111111001
110111111111111111111
1111011111111110111111
111111011111111111110011111
1111110111100111111001011011010
11011110011111011111111011111111
1011100010111111111111
111111111111101111111
1111111111111111101111
111111010101111111111111
1111111111111001000010111111
0001111011111011
1111111111111111
0111
1111100111001111111111110111111
111111111111111111111110
011111111111111011101111101111
100000010111111111111
1111111111111111111
01
111111111111111111011110111
01110000111111101111100010110111111011101110000
1111111111111111111
110000010110000010111111111111111
11111111110
1111111111111111111
1111111111011111111111110
1111111110111111111111110
11111101111111110111111111
11111111101110111111111
0110011011111101111111111111
111111111011111111111
11111111111111111101
011111111111111
101111011111111101111101111
110101110111111111111110
1111011111111111100111
11111111111111111100101
11111011111111111111
1111111111111110111111
1111111111111101111111
11111111111101111111111
01111111111111111111
11111011111110111111111
11111111101111111111111
10111111111110111111111111
1111111111111111111
01111111111111110111
01111111011111111111111111011010111
101111101111111010111111111
1111111111111111111
11111011111111111111
111101101011111111111111100111100101110111
110111110111111111111
11101111111111111101111
111111111111101111111
11010101011110111111111
1111111111
0000
0
11111111110111111110101101110111001
1
1
1
0110100101
111100
1
1
0
1
1
11100000
0111
1
1
11111010
111
11111
00
1
1
1
1110111110101111
11111111
111101011101110
11111111111
1101111111111110
11111111111
1111111111111110
1011111111101110
11111111111
11111111110110111100111111111110111111101111111111111101
01101
11111
111111010
1
011110011111010011111
1011111110110100
1111
1
0001101001111110101110001100
11110111010111111101
111111011110
1111011110000000011
1
1101111111000
1100000111101010100011000001001101111
1111011011010111
11111010111111
11101011111111
1
0
1
011100000000010001000
111101
1
11010011110111101
000
1
000
10101000000001011
0010000
001111011111110
1111100111000011
1111011
0111101000000110100
10011111
111110111
1111
11
1111
1111
000001000000000000000000110
001001110000100001101
010010000001010100001111000010000
1101
11
1111010001111000100101
110001011000010101100011001
011111111100010111
000000000001001101
000000000011101001
11
0011100101101
11
100010010
001011000110
00001000101011111001101
1111110101111
111111100
111101
111
010010100000001
111011
01111
1000100110000101100
1111010
01111
11011
0111001100
111101100100100001000
111101100
00000011110000000000000
1110110
00101
111110
1100111011011
11101101111010111111111111111111
11000111100111111000110111111
111111011000111111101111111
11
0
1011111111
1111111110
0000000011000
11111
000000
111101
1010110111111111011101011
00110000000101110001
1111111111110111110111111
11
0
