111
11001100001
111011
0000
101100111
11
111
0
1
1
111
111110
0111
111
1
11100
10
111
111
10
0
1
111
1
0011010111
1011101001
111
111110
0110
111
111010
0000
110101
1
01
1000101011
111
0001
111
111
111
0
111111011011101
0
1101
1
010111
1011
1
0110000
1
111101100
1
1010011
1000100
1
111100
1
0000110
1
1
0000111
111000000
111110101111
0
0111111101
0
0010110110110110110
010101111
1101100011101111011111110011011
00
111111111111111
001111100111001111
111111111111111
001110001110011
11100001000101111
01001
00001011
11111111111111011001
10
0111
0
00111111111010011111
11000
1011111
0100110
11
11111110111
111111101011
11111111
11111111
111111101
11101111110111
11010111111011
11111110111
1111111101
11111111
011101111
111101011111
1101101111101
11101111111
0111111100111
11111111
1111011111
111111101
111111111011110
111101101111101100
1110101111111
101111111
11101
1111100011111001100111
1101011101101110
111101111111
101011011101100011111111110
11011010011
110011001111110101110111
11111110111
101111
1101111111111000110
01110111111111011
001111111101111101
1111110111010110111
11111111
1111101101111011110
0
1111111010110110100100
1111011
01111111111100000001
10101111111100000101
10110100000011101
10111111110110110011
1111111101011011101
0001111111001111011110111
011111110111111
10011111
111111011101
11
111101101110
01111111110110101011
11111101100011101
1111111110
111101111101
11111100111011100
01111110011
11111111101
111110111010111000011101110
11111111001011
11111011111
1011001000001011
01100111111011111101
01111110111101
111111101111
11111111
11111111
01110111111
11111111
11111111011
11111111001111010
01111111111
11111111
011111111110
111101111
111111110111101
1111111011
111101101100111
101111111
11111111
111111101
11111111
1111111001111
111111101011
11111111
11111101
111
01000
10
1101
01
11011111
11011
11
11
0
0101111
001
001
111
100101011011
11110111010
011111
111000
01111
1101
1111
1111
10111110100101
1110
11101
1111
1111
0101
110111100000001110
011100
0110111101110001011
110
10
1111
01110111101
11101110001
110011011
01
101
110111
111001
0
100
0111101111100
1000001
0
10111010000
0000000
01
1
11
1111
011111
1111010
00000
00101101
01110111
1
0111
0000000000000000000000000000000000000000000
000100100100
1011111
00000000
100
000000
101111
0010110000
11
0
0000000
0000000
111
0011110
1010
11100110
000111010000
0110001001
00101001100001
11111000
1111001100011
11111100
11111100101100
0110110100000000000
11101
1001100010000111001000000010001111100
11111001000001
101000000
0101000
101100
000000000000000
00
0
01101
0011
1010
1111
0
10110
0
1111
0111
0111
111100001
000
0111
0100101010
1101
0111
11011100100
1
01
0111
1011001110
00101011
1
1
01110111
1111011010
1
0101111
10110000
11010011
1
0110111001
110101001110010
010000101
1
000
0111
000100100
1111101100110111
1100110010
0000111
111101
1111011000
0011001111
0111101101
011111
1101111010
1111110110
111101111011101000100001
111110101
1111101010
00011111
0000000000000001110000000000001000000000000
111110000111110
0
11111
01111101100010
1111110011101110
1011101111
1111010110
1
000
0
1100
110
11001000
010110100000110000100
0111001010
111110001011
1010000000
111010110111011110110
1111011100
10
1001110110
0
111101
1000010111
111001
01011111
11111
0000000000
111101
11111
1110010100
0000000000
0011000010
01011
11100
11
010
00111
10100
10111
011
01100
11
0111
0111
01001
01011111
11
11100
0
0
111
1
010
000000000000
0
0
1
0
0
1111100
0
1011
11
111
11111101111
111110111110
11111111
11111111
101111111
11111111111010
11010111111011
11111110111
0111111111
11111111
111110101
111111100111
1101111011110
11111101111
1011111001111
11111111
1111011111
111011111
111111111011110
111010111001101111
1111101101111
111110111
11110
011101
0110110111
111
1111011010
111101001
1100111110
111011
011111
11011100
110111
11101
01111011010111
111
111101011
0
10
111110100000100
110010001110
0001011
111100101110
10111100101111
111110
11111
1101110
11
111
011011011010111
11001111100
111
111110
110100110101
100111
111011
11101011000011111
111000111
111
1111010000110000
111101
1001111
111111110111
11111111
11111111
11001111111
11111111
11111111110
11111110011101110
11111110111
11111111
111111101110
111011111
111111110011111
1110111111
111001111011110
110111111
11111111
111111011
11111111
1011111011111
111100111111
11111111
111
