01
11111111111011011
11
111
1111110111
111111
1
111
11010
11
1011
11
111101
11
10
11101
111
1110
11
0110000
11
1
10111111
11
101
11
001111011
10001000
1111111101101001
10101
1
11
111011
101111110
1
10
11
100
11011
11
10
11
11111
111
1101
1101111
111
111101
11111
0
01
1
1
1111
11011
11
11111
1111
1
1
111110111
111111111
1
1
11
11111111
11111
01111
1
010
11
1110011111
11111100001
1
011
111111011111111
1001
1
01001
1
1
1
1111101010111111111111
10101
011
11
1
11
11
0001000000
010
011001010111111001011
111
1011011
1111
111
11
11
001111010000
1
11111111111111111111111111
10111
000011
110111010
11111101111111011101110101110101
11
1
11
0
1
0
1
1
11
1
1
0111
01
01
1
010
101
0111
1
101
1
11
1
0
11
111
011
11
11
11
1
00001
11
1
1
1
1111100100
1
011
011
11000000000
0111
1
11000
1
11
11
111
1100
11
1
11
11
111
1
1
10011
1111111111
111111111111011
11111
10111111001
110111111
1011111011111
111111
11111
11111110111111110
1110111
11111111110
11111111101
11111110
1111111101
1111111110011111
111100001
1111110101111
11111111110
1010111111
111011
111
11
11
10
000000
11
0010011
1
01
110
111
001
1
01
1
1
0
11
1
111
11
11
1
111
11
10
11
1
111
111111
11
1110
1111110
1011
10111
11111
1111
111
011111111
11111111
111
11111
11101
111111111001
1
1
11
1
111111110001
1001011111001111011111111
0111111111011101
111111111110011000011
110111111101010111011111011
11111111
11111101111
1100111111111110111110111
1111111110010111
111111101111110
1111101110100
1111110111110
11111111111
1111111101
0111111110110
11111110111
1110111111001111011010101
11111101111
01101111111111110011111011
1110111011111101010010111010111010
1111111111101
11111101111
11111
11110001
11111010111111101101001111100111110
11111011111101011010101111101
1111111111111110100000010
01111111111111111111101001011
1101101111111111111111100111011101110
11011111111111111100011
111111111111111111010110000101111
10111101111111111111111111110101011110111101100
10001111010111011111111
111100101111111111101111111101
11111111111111011111111001111
1111101111111111110111101001001
00101011101111111111011111001101101111110110111
1111011111111110111111
11110101011011010101
11100110111110110111010000111110
111111111111001010111111001
1111111111111111100110000
1111111111110111111100101111111001
111111111010110101111
1101101101111111110110110011111110011
010010010011111011111111111011000111
0111111111111111001010100111000110100
11111111111011100100011110111011111110
111111111110001111110
11101111111101111111011111
0101
111111111111110111101011
01111001111111111
10111111111111111111111001001001010100011111
011101101001111111001111111110111101001110011110000000000000101011010011011111111001
111111111111111011110111
1111110111111111111001000111111000
0111111110101111111
011111111101111111111111010
110010111110111111000110001111111100111010
10100001101011111010000100001111100000000000000000000000000000000010011000010000000000001000100000000010
1000111111111101101011111
0000000111111110101001101111111000000
010101100111111011111111111101111101111111010101111
1111011111111111111101111001111
1111100011101
1111111101011
111101101111111101110101111
111101011111
11111111
111111111001010001
1111111111111000101001010111111
111111111011
11111011111011
010111111011111010000
11111110111110
110111111101010110011111
101011001111
111111110101
11111110110011
1111111110010101010
11111101110100
11111111
1111101111111011100101110111
111111111
11
111111111011
11
11
10011111
1
111111101101111111011
011
1
1
011
1
1
011
1
100111
1
1101
111
11111
111
111001
11
11011
11111
01111000110010010010
11111
1111
0
1
00001000000
1
111
101
01100
111001
01
111001111
1
1
1111
00101
11111
11111110000111011
10101111
11110101111101
11
00010010011110000000000000000000
11
11111
000000
11011011110001
010010
11
111000000
010
1
1
0
1
01
01
11
1
101010001
0
1
1111
001
101
1
1
1
1
1
001
000
000
1
1
0111111
11
1111
011
1111
10111
1
11
111
11
11
00001011
1
1
11100
1
11
1
11
11
0101
1100000
1
00110
11
11001
11
11
00111
000001
1
111
01
1
00
000
10111
111
1011001
11010010001
11111101000
1
11000011101
11
11
1011
11
11
1
110011
0101
1
0
110
1
01001
1111
1
1
1
1
11
1
1
01
1
1
1
11
010
000
010100
01
01
1
0110110110
0111
000000000
11
00011
111
01011
001
1110111
1111111
1111101
111101111
1011
101111
1111
1111111
111111
10111
111
111
11
111
0
11
11
111
1111001
1111
11
01111
11
11
101001111
1
111
11111111
111
0
11011
1111
1010111
01
0
1
1111010011
10110110
0011101
1
1
100
011
0
11
00000000
111
011
10
0
10010110
000
1
1111
111110
1111111
01
11001
001011
01
1
0111000
011
101
01100110
1111
011
0000
100
00
1
01010
1110100000
0
0000
0001
001
0
110
0
0
1
1
100
10
11111111110110
0000
1
1
011
100
1
0
11
01
1010
0
001
110
01
00101
0
011
0000111
1
0
11
000101
011
000
00
1
01
11
111
0
000100
1
01111
1
1
1
1
10
111
0
0001
011
1111111
1111000100011001
1
10111111
0001
11
0
101
00000111
0
1
100
1
01
1
1
1
11111111111
001000
1
01
0111110001001111
11000111010
10
11111000001
10
011111110111
0000000000000100000000000011010
0
10
01
0011011010011000100100101
1
11111010010101100
010
0001
11
1
1011
111
10
101000101
011
1
001
01
1
0
11000
000
0
00000110110000000100
1
11
11
11
0111
00
1
010111
1
10
1
11
1
110
011
0
0
011
1
0000
01
1
00001
011
00
00
000
111
010
1
1
1
11
1
1
0
1
1
011
0
001
10
0
01
1100
01
100010
01100010
000000000000000000000000000000000000000000000000000000000000
000000000000000000000000000000000000000000000000000000
00000000000000000000
1111111100111
000
000000000000000000000000000000000000000000000000000000000000000000000000000000
000000000000000000000010000000
000000000000000000000000000000
000000000000000000000000000000000000000000000000000000000000
00000000
00000000000000000
0100100
000000000000000000000000000000000000000000000000000000000000
11111100110001011111111111111
1
110
0
0
1
00
0
00000
1
1
1
00000000000000
000000000000000000000000
0
0
0111
100
1
0000000
00
110
1
0011
110000
1111011010110
0010
00
00001
1
1010
1
00010
0111
1
00
000110
0100
010
000000
1110
1
01100
0111
11100
1
1
0011
000110
0010000
1
011000
1
10110
0011
0101101
1
1
00111
0010011
10010
01100
1000
011
0100
00000
0000
0
01001
000
000000000000000000010000000000000000000000000000
000000000000000000000000000000000000
111111101111110111
01
1000000000010000100100000101000
100001000000000000000000000000
000000000
000000000000000000000000000000000000000000000000000000000000
000000000000000000000000000000
000001100000100010000000000000
11
000
00
01001
1011
1110
00
0101
0000
1001
1
01
101
11000
0111
1100
000001
11111111111110001011011110011111
111110111001
0010011111111111011110111
0111111111101101
111111111010001001111
011111111111011111101110010
11111111
11111111110
1100111110111111111111011
1111111100111110
111101110111111
1111100101011
1111111111010
11111111111
1111110111
1011110101111
11111101111
0111110111111001000111111
11110111111
10110111111110111111001111
1111111101001110011101111100100110
1111101111111
11111101111
11111
01101110
11111111110111111111001001010110101
11011111010111110010111111101
1111111111111001001110000
01101110111101101111111111111
1111110111011111111110111000111110111
11111111111110111110001
111111111111111110011010101011110
11111111111111100111110111110010111101101011111
11111111111010001110110
110101101111111101111111011111
10111111011011111111111111111
1111111011111111011001111000111
01111110100011011111111111110110101011110111110
1011111111111111101111
11110110101101000111
100010111111111111011011111
1111111111111100011001011
1111101101111101111111000111111111
111111111111111010100
1111111100111101111101110110111001011
111111111011001110001111101110001001
1101111111111010100101101111001010100
101111100011111111111
11110111111111111101111110
0101
111111111011110111101111
11111111111110001
11111111011110111110110110100110001011011111
111111101110100111111001110111011001101010000000000000000011101111011101110011111111
010111111111111111111111
1111111111111010111101001111001100
1011011111101111111
111101011111011111111110111
101000001101111111000111101111011111011101
00000000011101100110000000001111111110000000000100000000000000000000001100101000000001000011000000000000
1111110111111110011000111
0000000010001111001001101111100111111
110111011101001111101110011110111110111111111011111
1111111101111110111101111111110
1111010010111
1111111001111
110111110111111101101110111
101101111111
11111111
111111110110100001
1111011111111100111010011011110
111110111111
11111100111111
111000011111001110011
11111111111001
111011010111111010101111
010101101111
111111011110
11111101101101
0111111111001110100
11111111001001
11111111
1110111111101111000111110111
111111111
111110111111
01011111
00000000110011000000000000000101
