1
0
0
000
1
1
01
0000
101
011
1
0001000
110
1
00
001
1
000
000
1110
00111
101
0100
100
01010
0111
10
100
0
011
01
101
010001
010
00001
10
1100
00001
0001
0001010010000
100
11001
0
1110000
0
101000
00000
0011
01
10101
1
0001
01
1
1
101000
0000000000
0
1
0001
0011
1100
00000001
000001001000001
0
010
0001
0
000
0000
101
000000
01
001
00000
0000
000
0001
1
0
10
000
011
0010
100
01100
1011
10
001
0
110
01
011
001010
010
00001
10
1001
00100
0001
0100000100001
001
10110
0
1010001
0
000011
00000
1001
01101
1
0100
01
1
1
101000
0000000000
0
1
1000
1100
0110
01000000
010001000000010
0
001
0010
0
000
0000
101
000000
01
010
00000
