0111
11
0
1
11
11010101
0000000
0
1
100011
1
1
1
0
0110001000
011100000001
11100
01111
111100111
0
1
1
1
1111100100
0
1
000
10
1
000110
011
00000
0011
0000
0
01
0
1
10111
0
01101
11
11110
11
11
110110001
110100100101
01110
111110110
11
11
11
11011
0111
11101
001111
00000001101000
111100100
01111
1101
01111
111010
11
111010
01111
011111
011
01111
11110101
01110001
0001110111
111101
110100000111000
11101
011111
11111001
11
0000001100101010011001
10
001111
11
111011100
11
11
101101110
111011100101010010
11
011110
1101101
111110000
0
11
0111100000010
0111
11100001100
11101
011
01
11
1110
01111
1010001
1000000001000000000
1110111011001
1
11110110110100
11
11110110000
11
11
11
1110111100
101000111
1110011
110101011010001100101
1111
1110111
11
11110110000000
0111111
111011101
11111100000000
001111
101111
1100
111
01
0111
0
0
0
00
111001011000
000011
10100
0111
0111
011100000000
11100
00111
0
0
000000
0111
00000
0
0
0
0
00001
0
00000000
0
000001
11
1
01111
000
0000
0
1
0
101000000000000
10000
000000011
11001
000111
11101
0001
0
0
0
000000
1
0000
0
000
0
1
0
01
0
000000
0
000010
1001
00000
0
0
010
11
0
0111
0
0
0
0
11011
11
11011
11
11
111100001
010111100010
11100
111011101
11
11
11
11101
1101
11101
110011
10000000011000
101110010
11101
1110
10111
101110
11
100111
11101
111101
110
11101
11111100
11000101
1110100101
101111
100110010001010
11110
110111
11110101
11
0010111100000110000010
01
11
011110110
11
11
110011101
011010110001111010
11
0101111
010111001
0
11
1010010010001
0111
01100011100
10111
011
10
11
1011
11101
0110001
0000010100000000000
1111110101001
1
11100110011101
11
01110011100
11
11
11
1111001101
111110000
1101101
100101101110001100101
1111
1111011
11
01101010110000
1110111
111111001
11110001000001
111010
101111
0011
111
01
1101
