0111010
1101110111110111
11111111111
010111111111111110011100101101010111111
00
11111111111011111011111
111110011110
111110
1
11
0
1111101101
100111011001
01010111111111110101
11
1010110111111110
101011111
111111
1110
0111111011101
11110
111111110
011111110111111
111111
110111
1111111111
011001111111
111111
0
00
11011
1111
1111110011101
110001111
111010111011111011111111
0011010111
11
1111101011011
11101111
11101111111100
111111011
1111011111
11111111
11010
01111
101111
0110011011
111111
1111
1111
11110111
110111111101
1111101
111111100011
11110111110
111111
11111111
11111111
01111101
11111111
111
11111111
011111111
111111
01010
111101
1000000110110010011111110001
111110111
1111010111111111111111001101111011101000
111100111
11100111111
111011111110111
111011111
1111111
101
0
11111111011111111111101111
1110111
100011111111111111
111011
111111
111111
1101111
111110
11111111101011111110111111111011011111111
11111010111001101
11
0
01110111110111101
0
0111
11
11
00111
11
1011
11
0111
0111
11
11
0111
10111
11
11
11
11
11
11100
11
11
11
11
11
1110
11
0111
11
11
11
11
0111
11
11
11101
11
0
111111111101
10111010110101000100011001
111111110101
1000111101110100001
11111111100101
011111101101011101
111111111111
1001111001
11111111111
1101010101
1111011111110011100
110111111100101
1110011011011
011100000111111101
111101111
11001001111011111010
101110111000101
111111110111011
11
1110111111011101
111111101
111111
11111111
11111101
01111111
111111101
11111111
1111101101
11111101011011111
11111011
11111110111
1111111111011011
0101110
11111001110111101
11111111011101
1111111011
111110101111110111
11111111111111
11111110111111
1111111001
1111111011101
0
110011011111111100011111110111111011011110001
1111111111111111011001101111011001110
0
0001
011111100
000110111001111101
1101111
101
01
1
1
01
10
1
1111111101111110
111111111111
11111111111
111111111101
01110011111101110110111
111110111101110111
111101101001101110111111
1111111011111111011
001011111111101111
1111101111101111
11111111100111
1111111110111
11111011101111111110
0111111100111111111
11111111101111101
1110111111111110
011001111111110101111110
11111011101110011
10101111111111
1111111111
11111101111111
1111111111101
11111111111
0111111
1110111100111
01001111000001110000110110111000001010
1111111000111111
1000101010111101101111
1111101111111
1111111101101
01101110111110111011100011111
00100011110101111110011110010011010100
0111111111011110010000100010011100
111100011111011101011101100010
111111101111
10111111111100101111101
1011010010110111010110111011010011
01111110111111101
1111110101111
11
001100001100101111110110011010101001010110111
011101101100011111001101111
1101111110111001
11111001111111
1111100011101111010001111
11111111111100
11101110001110111
1110000111111111101100110010000011
011011000011111110
111111111
0011111011101111
1100
11111111101110011100110
011011011111111100
1111110101111
00111010111111110110
0101111111100001111111
110011001111001110100111001
1110111111011100
1111110111010111
111111010010110
111111111111
01
1010101111101111011111110
00000011011101100001110000010000
011111111011111
11111111100011010000110001
1111101111111101
1110111111111100
11111111111
1111101111111
11111110111101111
10011111111111001111
111111011100011
110111111111
11111101111110
111111101110110
1100111111111110010101
1111110111111
111111101111
11111010111111011
11111111111
111011111111101
011111011001111111001110
11111111111
101111110111111
11101110011111
11001111111011011011111
00000011011
0101111111111
111
1111
11010011
1111
1
11100
0111
01100
00010
10111
11
11
1101
11
11
11
11
110
11
11
11
11
1011
11
11
11
11
11
11
11101
11
11
010111
11
11
0110111
11
11
11
11
11
11
11110
11
000111
11
1
1101
11
11
1000
11
11101
10
11
0
1111
1
001
0111
1010
101
0010
10011
1
0111111001111
01111
1111110111110
01100011111001
1110011
11110111101
1111011111
01110000011010011101
111111011101
1111011
1011101110100110001011
1111010111100
1111110111
1111110
1111111
11110110
11110111100110
1111111
0111101110111
111110011111
11110111
1111101110
11111
111000011000011111
111110111
1101000
1111111
1111111
11
1111110111
11001000011111001100000000
11110110111
011110111
1111111
111110111
111111010110011
1101111111010110
111111101
011111
1110011011111
11111110110011
11110111101
111001001111
1111111
1111101111
111101101100110
1111101001111
111110111100110
11111101110
1111111
11111011
1001111100111101
1111111
1111111
111111100111
11100111011011
11110101111
1111101011
111011111
01111101110011
1100001001011101
1111111
1111111
11111110101
1101101111110111
11110111001010
10000010010000
11111111
1101010001
0111001100
1101111
10000
1111101110
11
11
1000000
1100111011010100
1111
1111
10111
11100000000
111
0
000
11
001
011001000000
1101111111111111111111000110010010111011110
0
11111
111011110111
10111001
11110
1111010100001
11111100
01111110111110
00
1111111011
1111
111111
11111111
01110000011
110
1
11
1
1
0
00
1
1
01
1
10
11
0111
1111111000001
11111111
1
1
010
11111111000
111111110
10100010000100
11111111
00000
11
00000000
110
00
0111
111111
0101
01111
11
01
0
111011
00
11110011
11
0011
1011
11
11
0111
11111110
0111
11
00
11
11
111111
01001
101
011
1111010100
0
11
10111
1101011
1010
111111
011
11
0
0
0
1111
111111
001
00
11101
1101
0
1
0
11
11
1111111
0
11
101
1110110101
0
1111
11100
00
0
0
0
11
1111111
11
1111
1100
0
0
11
11
01
11
0111111110
11111011111
0110000
110011111110111110
111011
0111010
0
01
11111111
1111111
11
11
11100
101011110111111101
11
1
1
1
110
1111
1
1
01110111001011111101
11010111111
00000000000000000000000
11111111
01111110110
11
111011000001
1111100001
000000000000
1111
011111110011
1111001
000000000
0000
111101
0000000000000000000000
11111
0100011
000000000000000
101
011100011
11110111
0000000
00000000000000
11
110000000
01111
0000100
00
0
11
0110000
1011
00000000000
00
11110111100
1111
111100
1111101
10111
11011
1101111
11111110011
11
1100
11
10
11111101011111111011100
00000000000
0000000000
1111
1111
11111100
0000000000000000
0
0
00000
0
01000
11
11
11
0011
11
000
1111011110111110
111111111111
11111111111
111111011111
11101111111101011111000
111111111111101010
011111111110001111011011
1111111101111110111
111111111001101011
1110111110111111
11111111001111
1111101111111
11111011110111011111
0111111110111111101
11101111111111011
1111110111101111
110111011111010110111101
10101111111011011
10101111111111
1111111111
11111111111011
1111110111111
11111111111
0111100111111
01111001100111110001100001000001101000
1111111101011101
0000101111010111011111
111110111111
1111111111100
1000111011011111001111110111
11111101111110110000001000001011001011
1110001011101100111010001101010011
011110101111111110000000110111
111111111101
11111101001101101111
11000011011110001000111111110011
011101110111111
1111111001111
11
110101101110001101100111111
1111001111101
11111011111110
11111111111101000101
11111111011110
11101111110110001
1111100001111111100000100011111100
111111111
1111111110111
1100
1111101111101000110
10111010010111111
0111111111101
01111110011111011
01010111111001111110
111111011101110100000101001
0110111111101101
0111111111101101
111111110000101
1111111111
10
01011111010011101111111
01101100100110110000010000000001
101111111011111
11111101110100010000001
0111111111111101
1011110110111111
11111111111
0111111111111
11011111101111111
10111111110111111010
111011011001111
011111111111
11011011111111
111111100111110
1111111101100101111100
1111011111111
111111101111
11001111101111111
11111111111
110111110111111
111110011101110011110011
11111111111
111111101101111
11111110011110
11111111110110111110010
00000111100
