1
11
0101
0
000
0
0
11
00
0
0001
1
1
011
00
01
1111000
1
01
0
000000000
000000000010
0
1
1
0
110
0
0011
1
100
00
11
01
1
1
01
1
01
0011
1
1
1
1
01110
00111
1
1
111000
1
00
1
1
111
101101
111
01
1110
01
1
00
10
011
1
1
1
1
1
1
1
1
1
1
1100
1
1
1
0
1
0
10001110110100
1
1
011
1
0011
0
11
11
0
0100
11
1
01
11
1
011
111
00
111
11
1011
00
0101
1
1001
1011
111
1
0000
01
1
1
1
01000
00
11
0010
010
000000000000
1100001
1
000000
0000000
0000
1
0
1
0
1
1110
1010000
1000
0100
0
0
1001
0000000000
00
000
1
11
011
1
01
0
0001
001
1
1
1
0
00
0
001
0
1
011
101
1
1
0010
0
11
1
01
1100
1
010
00
11
10
1
1
01
1
10
0011
1
1
1
1
01110
1
1
011001
1
00
1
1
111
011101
111
01
