0
11110111
0
1
011
011
1
11
11111011110101100
11
011
110011110
100011010000101100001
1111
1
0000100010000100
01111111010010
11
010
1110010100111
110
1000110
0111
11
101100101001101
0
0001011
010
0000100011
0
11
01110111
11101110
0
000
100
1000010
10111
11111
01
01
01100111
0101
1
0110011101
11
010
111101110001001000000101
1111010
0000
11
10111
101111111001010
111110
0000001010110100
01
1
11
10110100001111
10
11111
001100011
11110110000001001001010
0000000000000000000000001110000000001010000100
001010101
1101010
10111
000101110
1001101011100011000
00000000000010
0000011100
01110110111001000000000
000000000000
01001111
000
11111101
0
001011101
11
0110110011001101
10000001110011110011011100001100110010
010001101001100000100010
000110110101011101
110011010
00100111100
0000000
1110100001011
0000100
11001011101001
11011100110000010000000000
001110000
1
1
0111
0111
111000
0
1
111
11111010100
0111
0
1101
1
1
1
1
1
1
1
0111
01110001
1
0111
11110
0100000
11
01111
10
1110001110100000000
000010
0000000001001
11100000000000010
1001110111010000001001
01110100100001010
110110000000011100
0000000000000000001000
0
01000010111
0
1
000000111
11100000
01110000000000
1
11100110
00101001011101000100000000000
1
111000101
0101
1
0111000011000
010111
1101
011
0
0111
11100
100
1
00
00100000000010
111010010
100
0100000
0011000100000
11100001000000
0000000000011100
111000010010
110001
0
010111
111011110000
1111010010000
1
011
00010001
0
110100
1
1100100001
1101
010111
0
1101
1
00111
0
1111000
0111
0
110
1
11001
1101101001
00111
1
1101
1101
1
1
001000111
1
1
1
1
1
0111
0
1110100111
1
111100
1
0111100000000
11101
0111
101001000000010
11100
10000000101000000101010000010000000000000000
11
1
100100000010000000111110000011100000000000000
011
11101111
010
0000
01000
0101
0
0
111000
0111011000000011000
1
0
00011100
00101
0000
00
00000
110
011
11
1101001
0110100011
11
11
01011001
1000011
100010011010100
10010101
11
01
1111001100000
100100
00001
011
01
11101
01
0011
1001
1100010
110110000000
10100010
1011001
101100
1101001110001
10100100
00
011100010001
10111100
10111
1110001
11011101
1000000011
1101
01111
11
01
11
11010001
11011000011100
11
01
11
11000
001111
1111000
0101111
11101
11
10101
11
1
01
11
01
01110111
11
01111
11
11
110000
11
11
0101
110000
110011
11
010
000
10011000
0111
01100000011000
0
1110001000001
1110000000
1100101010000010
10011100000010
11
10000010
1101111100100000
00000000000000100000000000
10
11101
10001101
1110110
10000001000001111010010100001011111000
0101000001001000
111101111
00000011100
00
0
010
00
0
1110000010
1
00
11100
00010
1
111
010
000000000
1
0111000001011100
0
0
100110111
00
00
00
0111
11
11
11001
00
00000
0
000100
000001101
1010000001
110
0
0
111010010001011
101
00000
01110001011000001
00000010000001110
000000000000010
100000
101010
000
010
1
0111001
01
0
000111000000
000000000000100000
1
111000
0001000
10011
11
1
0
0101111
001001
00000
0
0
100100
0101110
010
010000
001
00000000
00000
0
0
0
00000
1
0
0000000001000110000
101
10
000000101110
0111
1
11
0000000
11
00
0000100
0000000
1110
1
0000000
00
1
1
1
0111
1
11100
0111
1
1
1
1
11100
1
1
01
1
1
1
1101
0110101
1
1
1101
10
00
1
1
0111
1
1
1
1
1
1110
1
1
0111
1101101
1
1
1
1
1
0001000
1
1
1
1
0111
0000000
0000110
0
1
1
1
1
1
0110
1
1101
10001
0111
0111
1
0010110
0111
11001
1
1
1
1
1
1
1
1
1
1
1
0
0
0
0111
1
1
1
0
010111
1
1101
0111
1
1
0
1
1
1
1101
000
1
0111
0100000
0
1
1
0
1
1
1
1
1101
0111
1
1011
1110
1
0001
1
0000000
1
1110011
0
0000000
0
0000
0000000000000
11110100
1
1
1011
0111
110001
0
1
111
10111100110
0111
0
1101
1
1
1
1
1
1
1
0111
11110000
1
0
00001011101
0
1
110010000
11010000
01101000000000
1
11110010
01100001111000001001000000000
1
101101001
1001
1
1010001010001
110110
0111
0
0111
10011
010
1
100111
110001110101
1
110
00011000
0
111000
1
0111000001
1110
011101
0
0111
1
10011
0
1000111
0111
0
011
1
10011
1101111000
10101
1
1110
1110
1
1
110101000
1
1
1
1
1
1110
0
1110110011
1
111001
1011
011
0111100000000010101
