000111
111110
1
0
1
1011011
100
1
000
0111
11110
11
0111
1110110
10110110011100
1
11110
1
0011100001100100101001000001010000100000011
1111011001
11
010011011
11101
1
1
10011101
11
100001
11001
1
11
1110101100
0100000000
0
11
1
11
1111100
0111
1
1
1101
01
0111011100
1
11100
01100101110010010110001000110100101010
1110011
011100111100000110
1
0110
1
10110111
111001
010001100010000110000011010101
1
11
11
0111011100
1
00111111
0000000
0
00111
0000000
111
0
1
1101
1
1
00111
1
1
0111
1
11001
1
1
1
1
00111
11100001
1
1011
1
0111
1101101
0111
0011
011101000
0111
1
1
1
1
11101001100010010
11100
0110111
11110010101
11101010001
1
1
11010100
1
1
1
101000
1
0
1
1
1011011
111100011
10111
10000
011101100
0111
1010101
1
0
1111000000000
011
11100
1
0111
110100000
11110001101
1
0
1
1
1011
1
1
0010111
11101001
1
1
111000
1
1
1
1
1
1
1101
1
1
1
0111
1
01
110000
01111
10000100
1
0
00
1
1
0111
1
1
000
1
0111
1
00111
11001
1
1
0
000111
11001
010001
100101000
010011000
1
000010110000100000000
1010001
1
101000
0111
1010100
01110000000
1
10000000000
1
1000
1
011011
1
111100
1
1
1
1
1
1
1
1
010111
1
00001
1
0011001
1
10010
001011
1
1
0111
1011000000000
1011
1
110100
1
1101011010100
10111
0000000
0000001
0
01000111
11000001
01001
11010
000001
1110000111
000
1
1
0110010001
1
0
1
00
1
000000000
1
000
1
1
1101
00
1
1
0110101
11001
1
1
0
0100000001
011
0010
1
0110
00000
1
0101100
00000010000100000001000100
1101
1
0
1
0
0
1110
1
1
01
0101001
00
1
000000
00111
0
1
1101
1
1
01011
1
1
1101
1
10011
1
1
1
1
01011
11100100
1
0111
1
1101
0110111
1011
1001
001110001
0111
1
1
1
1
01100111010100010
11001
0110111
10111110010
01001110110
1
1
10010011
1
1
000011
1
0
1
1
0110111
11011
10000
101010101
0111
1001011
1
0
0111000000001
110
10011
1
0111
101100000
11011101100
1
0
1
1
1101
1
1
1110100
11011010
1
1
100101
1
1
1
1
1
1
1011
1
1
1
1
000011
01100000
