111101011111
1110111101000101000100001100
10111110110111111111111011
11111101
11110111110111
11101
11111111011
0
1101
00011111010
111101
00111
11101110011111100110
011010010011011101111
1111110111101111010
0000
1111110
11101111001011101001101
110
01111111111101
1111
1111
0111011101
01111111
111110
11
11
1
1110111110111111111101011111111101
01110
1001
100111001
10100101110110101
011111111001
11110111110100
011111011011110101111001
1111111111111111111111111111111111111111111111111111111111101100000000000100000000000001101111111111111111111111111111
111111111111111111111111111111111111111111111111111111111111111111
111111111111111111111111111111111111111111111111111111111111111111
1111111111111111111111111111111111111111111111111111111111111000000000000000000000000011101111111111111111111111111111
111111111111111111111111111111111111111111111111111111111111111111
11111111111111111111111111111111111111111111111000010000000010101111111111111111111110100011111111111111000010000000100000000001010000000000011111100001011111101000000000
1111111111111111111111111111111111111111111111111111111111111000000000000100000000000001101111111111111111111111111111
111111111111111111111111111111111111111111111111111111111111111111
111111111111111000000000000001111111111111111111111111111111111111
111111111111111111111111111111111111111111111111111111111111111111111111111111111111111111111111111111111111111111111111111111111111111
11111111111111111111111111111111111111111111111111111111111111111111111111111111111111111111111111111111111111111110000000000000000011111111010010000000000000000000000000101111111111111111111111111111111111111111111111111111111
111111111111111111111111111111111111111111111111111111111111111111111111111111111111111111111111111111111111111111111111111111111111111
111111111111111111111111111111111111111111111111111111111111111111111111111111111111111111111111111111111111111111111111111111111111111
111111111111111111111111111111111101111111111111111111111111111111111111111111111111111111111111110111111111111111111111111111111101011111111111111111111111111111111101111111111111111111111111111111110000000000000000000000000000100000111111111111111101111111110000
111111111111111111111111111111111111111111111111111111111111111111111111111111111111111111111111111111111111111111111111111111111111111
111111111111111111111111111111111111111111111111111111111111111111111111111111111111111111111111111111111111111111111111111111111111111
111111111111111111111111111111111111111111111111111111111111111111111111111111111111111111111111111111111111111111111111111111111111111
11111111111111111111111111111111111111111111111111111111111111111111111111111111111111111111110000000000000000000000000000000000000000000000111111111111111111111111111111111111111111111
111111111111111111111111111111111111111111111111111111111111111111111111111111111111111111111111111111111111111111111111111111111111111
111111111111111111111111111111111111111111111111111111111111111111111111111111111111111111111111111111111111111111111111111111111111111
111111111111111111111111111111111111111111111111111111111111111111111111111111111111111111111111111111111111111111111111111111111111111
111111111111111111111111111111111111111111111111111111111111111111111111111111111111111111111111111111111111111111111111111111111111111
111111111111111111111111111111111111111111111111111111111111111111111111111111111111111111111111111111111111111111111111111111111111111
1111111111111111111111111111111111110100000000001000000001111111111111000111111111111111111111110111111111111111111111111111111111111111111111111111111100011111111111111111111111111111111111111111111111111110111111111111111111111111000000000000000000010000000000000000000011111101111110110100000000000000000
1111111111111111111111111111111111111111111111111111111111111111111111111111111111111111111110000000000000000000000010000000000000000000000111111111111111111110111111111111111111111111
111111111111111111111111111111111111111111111111111111111111111111111111111111111111111111111111111111111111111111111111111111111111111
111111111111111111111111111111111111111111111111111111111111111111111111111111111111111111111111111111111111111111111111111111111111111
111111111111111111111111111111111111111111111111111111111111111111111111111111111111111111111111111111111111111111111111111111111111111
11111111111111111111111111111111111111111111111111111111111111111111111111111111111111111111111111111111111111111110000000000000000011111110000100000000000000000000000011011111111111111111111111111111111111111111111111111111111
1111111111111111111111111111111111111111111111111111111111111111111111111111111111111111111111111111111111111111111111111111111111111111111111111111111111111110111111111110000001011111111111111111111000000000000000000000001000000000000000111000000000000000001111111111111111111100100000011011111110101000000000000000000
111111111111111111111111111111111111111111111111111111111111111111111111111111111111111111111111111111111111111111111111111111111111111
111111111111111111111111111111111111111111111111111111111111111111111111111111111111111111111111111111111111111111111111111111111111111
111111111111111111111111111111111111111111111111111111111111111111111111111111111111111111111111111111111111111111111111111111111111111
11111111111111111111111111111111111111111111111111111111111111111111111111111111111111111111111111111111111111111111111111111111111111111111111111111111111111111111111111111111111110000000000000000000000000000000000000000000000000000000000000000000000000000000000000000000001000000000000000000000000000000000000000000010111111111111111111111110111111111111111111111
11111111111111111111111111111111111111111111111111111111111111111111111111111111111111111111
11111111111111111111111111111111111111111111000000000000000000000000000000000010000000001011111111111111111111111111011111111111111111111111111111111111111111111111111111111111111111100100000000000000000000100000000000000000000000111111111111111111111111111111111111111111111011111111111111111111111111011111111111111111111111111111111111111111111111111111111111111111
100001001000000000000011110111111111111111111110101111111111111111111111111000000000000000000001101111111111111111111111111111111111111111111111111111111111111111111111111111111111111111111111111111111100000000000000000000000001111100000000000000000000111111111111111111111111101111111111111111111111111111111111111111111111111111111111111111111111111111111111111111111111111111111111111111111111111111
11111111111111111111111111111111111111111111111111111111111111111111111111111111111111111111111111111111111111111110000000000000000011111110000100000000000000000000000011011111111111111111111111111111111111111111111111111111111
111111111111111111111111111111111111111111111111111111111111111111111111111111111111111111111111111111111111111111111111111111111111111
111111111111111111111111111111111111111111111111111111111111111111111111111111111111111111111
111111111111111111111111111111111111111111111111111111111111111111111111111111111111111111111111111111111111111111111111111111111111111
111111111111111111111111111111111111111111111111111111111111111111111111111111111111111111111111111111111111111111111111111111111111111
111111111111111111111111111111111111111111111111111111111111111111111111111111111111111111111111111111111111111111111111111111111111111
111111111111111111111111111111111111111111111111111111111111111111111111111111111111111111111111111111111111111111111111111111111111111101111111111110001000000000000000011111111111111111111111111011111111010111111111111111111011111111111111111000000000000000001111111000001
111111111111111111111111111111111111111111111111111111111111111111111111111111111111111111111111111111111111111111111111111111111111111
111111111111111111111111111111111111111111111111111111111111111111111111111111111111111111111111111111111111111111111111111111111111111
111111111111111111111111111111111111111111111111111111111111111111111111111111111111111111111111111111111111111111111111111111111111111
0000000000000000001001111110111000001000000000000010000000000000000000000000001111111111111111111111111111111111111111111111111111111111111111111110111111111110000000000000000000000000000000000000000000000000000000000000000000000000000000000000011111101111111111000000000000000000010111111110000000010110111111111111111111
111111111111111111111111111111111111111111111111111111111111111111111111111111111111111111111111111111111111111111111111111111111111111111111111111110001000000000000000011111111111111111111111111011111111010111111111111111111011111111111111110000000000001000000111111000001
111111111111111111111111111111111111111111111111111111111111111111111111111111111111111111111111111111111111111111111111111111111111111111111111111110001000000000000000011111111111111111111111111011111111010111111111111111111011111111111111100100000000000000010111111000001
111111111111111111111111111111111111111111111111111111111111111111111111111111111111111111111111111111111111111111111111111111111111111
11111111111111111111111111111111111111111111111111111111111111111111111111111111111111111111111111111111111111111110000000000000000111111110000000000000000000000000000011011111111111111111111111111111111111111111111111111111111
111111111111111111111111111111111111111111111111111111111111111111111111111111111111111111111111111111111111111111111111111111111111111
111111111111111111111111111111111111111111111111111111111111111111111111111111111111111111111111111111111111111111111111111111111111111
111111111111111111111111111111111111111111111111111111111111111111111111111111111111111111111111111111111111111111111111111111111111111
11111111111111111111111111111111111111111111111111111111111111111111111111111111111111111111
111111111111111111111111111111111111111111111111111111111111111111111111111111111111111111111111111111111111111111111111111111111111111
0001000000000000010011111111000000000010111111111111111111110000000000000000101111111111111111111111111111111111111111111111111111111111111111111111111111111111111000000000001111101000000000000000000011111111111111111111111111111111111111110010111111111111111111111111101111111111111111111001000000010101111111111111111111
111111111111111111111111111111111111111111111111111111111111111111111111111111111111111111111111111111111111111111111111111111111111111
111111111111111111111111111111111111111111111111111111111111111111111111111111111111111111111111111111111111111111111111111111111111111
11111111111111111111111111111111111111111111111111111111111111111111111111111111111111111111
1111111111111111111111111111111111111111111111111111
11111111111111111111111100000111111111111111111111111111111111111111101111111111111111111111111101010000000010000000000011111111111111111111111100001110000001000000000001010001111111111111111111
1111111111111111111111111111111111111111111111111111111111111111
00000000010000111100010111111111110000000001111111111111111111111111111111111111111111111111111100000000000000001011111111111111111111110001111111111110111111111110000111110111111111
1111111111111111111111111111111111111111111111111111111111111111
0000001000001011111111111111111111111111111111111111111111111111111111111111111111111111111111111111111100000010000111010111111111111111
1111111111111111111111111111111111111111111111111111111111111111
111111111111111111111111111111111111111111111111111111111111111111111111111111111111100000000000000000000000000000000000000000000000000100001111000000000000000000000000
1111111111000000000010011111111111111111111111111111111111111111111111111111111111111111111111111111
1111111111110111110000101111011111111111111111111111110101111111111111111111111110111110011111111111111111111111
1101111111000000000100111111111111111111111111111111111111111111111111111111111111111111111111111111
11111111111111111111111111111111111111111111111111111111111100000000000010000000000000101111111111111111111111111111
1111111111111111111111111111111111111111111111111111111111111111
1111111111111111111111111111111111111111111111111111111111111111111111111111111110000010111111111111111110101111111111111011010000000000000000
11110010110110
1110111111111101111000111101011100
0000
111111111111111111111111111111111111111111111111111111111111111111111111111111111100000010111111111111111110101111111111011111110000000000000000
1111111111111111111111111111111111111111111111111111
0001011000001000011111111
100100101011111101
00010011111111110001
001101011110
000111111111
101011101101001
1111110110111111
011100110011100
111101111011011
11110100011111111101
1011111110111
11100
111110101110101111
00000111110101101111
001000010101110111001
000111110111000011111110000
1001110001111111101
100000111011111
00000001101110101111
1111110110110101111
0000100110111110011111
01110101110111011110
1000001101111110001
11010010101001011101
10000111111100
10011111111
11111110111110000100100
1011111111011
111111111111111111111111111111111111111111111111111111111111111111111111111111111111111111111
00000000000000000000000111111110110000000010101111111111111111111101100000000000000000111111000000000000000000000001000000000000000000000011111111111111111101111010000111101111111111
111111111111111111111111111111111111111111111111111111111111111111111111111111111100000001111111111111111110010111111111111101110100000000000000
111111111111111111111111111111111111111111111111111111111111111111111111111111111100000011111111111111111100001111011111111111111000000000000000
111111111
1110111111011
111111111
1111101011101000110111
11111101111
11111001111011
1111110001111111
111111011111
1111101111011
11111110111
1101101110111
111110111111
1111111111001
111111110110110101
11110111111011
110001111101111
1111010110111110
111111111
1111001111110
1111110111011011
11100111111011
11111101111101
11111111111111111111111111111111111111111111111111110000000001000000000000000001111111111111111111111111
110100111110111010111
11111
1110011001000111111
11111001111110100111
011110111101110011
11110111111
001101111011111111010110
11111100011110111100
011111110011011101111
01101111011111101100001001011
0111100111011101110
11011111111010
11101111111
1111110111011101
111111111110
111110101111101
111111111101
01110011101011010111111001
1110111111011
111001101110101111
111011101101011110111
111111011111
10111110111
11111001111011
111110111100111101011100001111010010
01111111111101
111111111101
00000101111111111000101000010101111110
001
00100001100011111110010100110011
01011110111001111
11110111111
000110001111110101000011001110010
01111111110111100011110110
111110110111110
11111000110101111
11111111110101
1111101111110101101
11110110111111
0110111
0110110111011111001111
11111111111100
11110111111
1101111111110100010011
11110111001111101
11110111111
0111110011111111010110
1110111011111
111111011101011
111110111101110000010
1111101010111111
011111111110101101110
111101110110011111110
0111110111111001
1110111111101011101011
11111010101101111
11111011110011
11101111111101
01111111111
111110011110111
11011111111101
11111111101
1111100101011111
11110111111
111111111101
10111001111
0
11111111011
111111111111111111111111111111111111111111111111111111111111111111
11111111111111111111111111111111111111111111111111111111111111111111111111111111111111000000000000000000000000000000000000000000000000000000011111000100000000000000000000
111011
011011101
1101011101
0111001111
1101101
1000111011
11011011
0111011
0111010011
1111
11101101
111110
011111
01110
10111110
011111
01110111
1111
110011101
10111011
01000
11001011
1110101
111001110
101110011
1111
1111
1101101
110101011101
1111
11100111
11100111
0110110111
1110101
0011111
111101
011111
0111
111101
011111
11100111
11011011
011111
11101101
111011
011111
1111
01111110
1111
01101111
1111011
111101
1111
11100111
011111
101111
111011
101111
11011101
1111
1011110
11111101100
1
111001011111000111000
11101111
1111001100011
0111000010010
11101011110011001
111101111001
11000
0111000011111010
11110111110001001
1111011100
11101111101
111110110
1101000001
01111111000
10111011111110111
011111101110011
11000111111111
10101111110111101111
100111101101110011111011111
0000001011011010111111
0001110100001110000
1110111001101010001001111
101100011
100110
101
111101000
111100110101
111
000110001
110101
01101110110
10000
10111
0
000110
001110011
000000000
0000000000000
000
0
0101110
00000
00000
000000000000
011110000
00
11110
0111
11010111
110
1010000
111011
010011110
00000000
000000000000
0000
0110100
000000000000
10000
001
111
1111111010
00000
11110111
011
111
110
1111001
011
000000
10111
0000
111110
011101001010100
11011
100111
00111
1101001
00111
00111
11001
11
00100000111
11
0010100
0010
000100
00011011101010000000000000
01000000111111100
1110111000011000010111111
0000000
001100011111101
00
11111010111101
010111
1111001
000111
1
111001101
1110100111111101111001
110111111
1111111111001
1101
0100111111
011111110011
111
0111
11010001
111
1010001111
111001101
10111
0111
1101
11000111
0111
111000
1101001100
0111
111110
1110110
0
01100000
111110
0001101101
0010
11010111
1101011
111000
010010
110000
111011
01000010
11010101
1110001000
111100
0111
1100101110
111
1110
0111
0000000000
111
001110111
0111
1110
111
110100
1101101
1100000000000
00111110000
000
1
1110110101011
11
11
11
11
11
111
1
00000
111100111011101011011011
111111111
0011111111111
111111111
1110101111101100111001
11111110111
11001111111101
1110110111111110
111111110111
1101111111011
11111111011
1101101111011
101111111111
1111110011111
111111001111011101
10111110111111
111101001101111
1101011100111111
111111111
0110101111111
1011111111011101
11110011110111
11101110111111
11111
1111000011001111011
00111100111111111110
100111111101111001
10111111111
101110100111100101111111
11010101011111111100
101101011110111110111
01110000111100111011111100110
1010111000101111111
11011110111101
11111111011
1111010111111101
110111111111
110010111111111
111011111111
1111111111001
110101111010111101
111111000111111001111
111111011111
11110101111
11100111111011
101111101011100011100110110110011101
111111011111
10111011011000111111000000011110100101
010
11000110010001010000011111111001
11010111101011110
11011111111
100011000110110101000111111000001
11111101100010111111101101
011111011111110
10110111010011111
11011111111110
1110111110110110111
11110101111111
0111110
1011101100010111111111
01111101111111
11111011111
1010110111001111101011
11101101101011111
11111011111
1011011100111110101111
0111011111111
111111111010110
111111110000110110010
1111001111111110
110111101111011111010
111011110111110110011
1100111111110101
0111111101011111011110
11011011111100111
11110111111001
11110111111101
11111111110
111001111110111
11011101111111
11111111101
1101101101111110
11101111111
111011111111
11111011100
