01111
0
0
0
110110001
1
1011
0
00000000
01
0
1
001
100
0
00
10
00011101
11111111111111111111111111111111111111111111111111111111111111111111111111000000000000000000010000000000000000000000001111111110000000000000000000
0000000000000000000000
100000111111110111110000000000000000000010001111111111111111111110111111111111111111111111101000000000000000000000000000000000000000000000000000000000000000000000000000000000000000000000
11111111111111111111111111111111111111111111111111111111111111111111111111111111111111111111111111111111
11111111111111111111111111111111111111111111111111111111111111
1111111111111111111111111111111111111111111111111111111111111111111111111111111111111111111111111111111111111111111111111111
000011111111111110110001000000000000000000001111111111111111111110111111111111111111111111100000000000000000000000000000000000000000000000000000000000000000000000000000000000000000000000
1111111111111111111111
0000000000000000111111100101111111111101111111111001111111111111111111111111111111111111111111111111111111
1111111111111111111111111111111111111111111111111111111111111111111111111111111111111111110111111111111111111111111111111111111111111110000000000000000000000000000000000000000000
111111111111111111111111111111111111111111111111111111111111111111111111111111111111111111111
11111111111111111111111111111111111111111111110000000000000000000000000000000000000000000000
1111111111111111111111111111111111111111111111111111111111111111111111111111111111111111111111111111111111111111111111111111111111111111111
00000000000000000000000000000000000000000000
111111111111111111111111111111111111111111111111111111111111111111111111111111111111111111111
111111111111111111111111111111111111111111111111111111111111111111111111111111111111111111111111111111111111111111111111111111111111111111111111111111111111111111111111111111111111111111
111111111111111111111111111111111111111111111111111111111111111111111111111111111111111111111
111111111111111111111111111111111111111111111111111111111111111111111111111111111111111111111000000000000000000000000000000000000000000000000000000000000000000000000000000000000000000000
000000000000000000000000000000000000000000000000000000000000000000000000000000000000000000000000000000000000000000000000000000000000000000000000000000000000000000000000000000000000000000000000000000000000000000000000000000000000000000000000000000000000000000000000000000000000000
11111111111111111111111111111111111111111111
000000000000000000000000000000000000000000000000000000000000000000000000000000000000000000000000000000000000000000000000000000000000000000000000000000000000000000000000000000000000000
111111111111111111111111111111111111111111111111111111111111111111111111111111111111111111111000000000000000000000000000000000000000000000000000000000000000000000000000000000000000000000
000000100000000000000000000000000000000000000000000000000000000000000000000000001011111111111111111111011111111111111111011000000000000000000001111000000000000010000000000000000000000000000000000000000000000000000000000000000000000000000000000000000000000000000000000000000000000000000000000000000000000000000000000000000000
000000000000000100000111111010000000100000000000000000010000000000000000000000101111111111111111111111111111111111111111111111111111111111111111111111111111111101000000000000000000000000000000000000000000000000000000000000000000000000000000000000000000000000000000000000000000000000000000000000000000000000000000000000000000
111111111111111111111111111111111111111111111111111111111111111111111111111111111111111111111
0011111111101100010000000000000011101111111111111111111111111111111010111111111111111111111111111110111100000000000010000010111111110000
111111111111111111111111111111111111111111111111111111111111111111111111111111111111111111
111111111111111111111111111111111111111111111111111111111111111111111111111111111111111111111000000000000000000000000000000000000000000000000000000000000000000000000000000000000000000000
1111111111111111111111111111111111111111111111111111111111111111111111111111111111111111111111111111111111111111111111111111111111111111111
1111111111111111111111111111111111111111111111
111011011111111111101100000000000000001000000000111111111111111111111111111111111111011111111111111100011111111111111111111111111111111111111111111111110111111111111110000000000011111111111111111111111111101000000000000000000000000011111110000000000000000000000000000000000000000101000000000000000000000000010111111111111111111111111111111111111111111111111111111111111111111111111111111111111111111111111111111
1111111111111111111111111111111111111111111111
1111111111111111111111111111111111111111111111111111111111111111111111111111111111111111111111111111111111111111111111111111111111111111111
000000000000000000000000000000000000000000001111111111111111111111111111111111111111111111111111111111111111111111111111111111111111111111111111111111111111111111111111111111111111111
111111111111111111111111111111111111111111111111111111111111111111111111111111111111111111111111111111111111111111111111111111111111111111111111111111111111111111111111111111111111111111110000000000000000000000000000000000000000000000000000000000000000100000000000000000000000000001111111111111111111111101111111111111111111111111111111111111111111111111111111111111111111
111111111111111111111111111111111111111111111111111111111111111111111111111111111111111111111000000000000000000000000000000000000000000000000000000000000000000000000000000000000000000000
000000000000000000000000000000000000000000011111111111111111111111110111111111111111111111111111111111111111111111111111111111111111111111111111111111111111111111111111111111111111111
00000000000000000000000000000000000000000000
11111111111111111111111111111111111111111111
11111111111111111111111111111111111111111111111111111111111111111111111111111111111111111111111111111111111111111111111111111111111111111
111111111111111111111111111111111111111111111111111111111111111111111111111111111111111111111
00000000000000000000000000000000000000100111111111111111101100000001000011110000111111111111111111111111111111111111111100000000000000000000111111000000000010101111111111111111111111111111111111111111111111111111111111111111111111111111111111111111111111111111111111111111111111111111111111111111111111111111111111111111
11111111111111111111111111111111111111111111111111111111111111111111111111111111111111111111111111111111111111111111111111111111111111111111111111111111111111111010000000000000000000000000000000000000000000000000000000100000000000000000000000001111111111111111111011111111111111111111111111100000000010110111111111111111111
111111111111111111111111111111111111111111111111111111111111111111111111111111111111111111
1111111111111111111111111111111111111111111111111111111111111111111111111111111111111111111100000000000000000000000000000000000000000000000000000000000000000000000000000000000000000000
1000111111101100001000000000000011111111111111110111111111111111111100000000000000000000000000000000000000000000000000000000000000000000000
0000000000000000000001000000000000000000000011111111111111111111110111111111111111111111111111111111111111111111111111111111111111111111111111111111111111111111111111111111111111111
1111111111111111111111111111111111111111111111
111111111111111111111111111111111111111111111111111111111111111111111111111111111111111111
11111111111111111111111111111111111111010000000000000000010011111111111111100111100000000000000000000000000000000000000100111111111111111111010001111111111111100000000000000000000000000000000000000000000000000000000000000000000000000000000000000000000000000000000000000000000000000000000000000000000000000000000000000000000
0111100000001001101111111111111100000000000000001000000000000000000011111111111111111111111111111111111111111111111111111111111111111111111
1000111111110100010000000000000011111111111111110111111111111111111100000000000000000000000000000000000000000000000000000000000000000000000
1111111111111111111111111111111111111111111111111111111111111111111111111111111111111111111111111111111111111111111111111111111111111111111
111100000000101111111111111111100000000000000001000000000000000000011111111111111111111011111111111111111111111111111111111111111111111111000000000000000000000000000000000000000000000000000000000000000000000000000000000000000000000000000000000000000000000000000000000000000000000
00100111111010001000000000000001111111111111111011111111111111111110000000000000000000000000000000000000000000000000000000000000000000000
111111111111111111111111111111111111111111111111111111111111111111111111111111111111111111111111111111111111111111111111111111111111111111111111111111111111111111111111111111111111111111
000000000000000000000000000000000000000000000000000000001011111111111110111111111111111000000000011011111111111111010111111111111111111111111111111111111111111111111111111111111111000000000000000000001111111111111111011111111111111101000000000000000000000000000000000000000000000000000000000000000000000000000000000010000000000000000000000000000000000111111111111111000000000010110111111111111111111111111100000000100000000000000000000000000000000000000000000000000
1111111111111111111
00000000000000011111100000000000000000000000010011111111111111111111111011111111111111111111111111100000000000000000000000000000000000000000000000000000000000000000000000000000000000000000000000000000
1111111111111111111111111111111111111111111111111111111111111111111111111111111111111111111111111111111111111111111111111111
11111111111111111111111111111111111111111111111111111111111111111111111111111111111111111111111111111
10100111110100000000000000101111111111111111111111111111111101111111111111111111111111111111111111111111111111111111111111
1111111111111111111111111111111111111111111111111111111111111111111111111111111111
111111111111111111111111111111111111111111111111111111111111111111111111111111111111111111111010000000000000000000000010000000000000000000000011111111111111111011111110000000000001111001
111111111111111111111111111111111111111111111111111111111111111111111111111111111
111111111111111111111111111111111111111111111111111111111111111111111111111111111111111111111111111111111111111111111111111111111111111111111
0000000000000000000000000000000000000000000000000000000000000000000000000000
11111111111111111111111111111111111111111111111111111111111111
11111111111111111110000000000000000000
1111111111111111110001000000111111111111111111111111111011111110100000000000111111111111111111100000000001111111111111111110000001110000000000000000000000000000000001000000000000000000000000000000000000000000000000000100001111000000000000000000000000000000000000
1111111111111111111111111111111111111111111111111111111111111111111111111111111111
11111111111111111111111111111111111111111111111111111111111111
1111111111111111111111111111111111111111111111111111111111111100000000000000000000000000000000000000000000000000000000000000
00000000000000000000000000000000000000000000000000000000000011111111111111111111111111110111111111111111111111111111111111011000000000010000000000000000000000000000000000000000000000000001111111111111111111111110111111111111111111111111111111111111
1111111111111111111111
00000000000000000000000000000000000000000000000000000000000000
0000000000000000000000001011111111111011111100000000000000000000000000000010000000000000000000000000000101000000000000000000000000001000000000000000000000000001111111111111111111111111110000000011011111111111
0000000000010000000000000000000000000000000000000001001111111110111111111101000000000000000000000000000000000000000000000000000000000000000000000000000000000000000000000000000000000000000000000000000000000000
111111111111111111111111111111111111000000000000000010111111000001
000000000000000000000000000000000000000000000000000000000000000000000000000000000000000000000111111111111111111111111111111111111111111111111111111111111111111111111111111111111111111111
0000000000000000000000000000000000000000000000000000000000000000000000000000000001111111111111000000000001000000000101000000000000001000001111001000000000
111111111111111111111111111111111111111111111111111111111111111111111111111111111111
111111111111111111111111111111111111111111111111111111111111111111111111111111111111111111111010000000000000000000000000001000000000000000000011111111111111111110111100000010000000111101
1111111111111111111111
1011
1100
00111
01
1101
10111
1101
11
0111
11
1
111001
10110000000
111100
1101
11100001
0111
111010101
11
01111
111000
0101110
00000000000000000000000000000000000000000000000000000000000000000000000000000000000000000000000000000000000000000000000000000000000000000000000000000000000000000000000000000000000000000000000000000000000000000000000000000000000000000000000000000000
11100110101
11100011000100
11001
01111011010
0111
0111
1
00010
01101001001111000011000
0111
11
1
1
11011101
00111
0
1111000
1
0111
1
0111
01111
1
01111
11101
111
1010000000011
0111
111100
1101001000000
11010110101
1
111111000
11101
0011
01
0111
1001
0
0011101
000001100010001000001
1001011
1101
1
01111
01110
01110
11011010
1001
0111
11
01001111
0110111100010
0001
1
11001101010
1011
1101
110101111010000
1101
01111
1
1
01101
11111111111111111111111111111111111111111111111111111111111111
0
00000000000000000000000000000000000000000000
0
0000000
0
000
0
0000000000
000
0000100
00
0
0
0001
000
0
0000
1
100
00
000
1000
00111
1
0
0
000
000
10010011
1101
1100
01101
01
0111
10111
1101
11
1011
11
1
011101
11100000000
001111
0111
01101100
1011
011101110
11
11011
101010
0001111
11011011001
01101010101000
11100
11110001011
1011
1101
1
01000
01101100010010100110100
1110
11
1
1
11011011
11010
0
1
1110
1
0111
11110
1
11110
111
0001100000110
0111
100111
1110100000000
11101001101
1
111001011
11011
0101
10
1011
0011
0
0111010
000000101000011010000
1101001
1101
1
11110
01101
11100
10011101
0011
1110
11
10100111
1101000111001
1000
1
11001100110
1011
1011
100110111000101
1110
11101
1
1
10101
0
