1
010
1110111011110101101
1110110
01100
00
1
101001011101111101110010011001100
110111001001
11111010000
1
0110111
1
10111100110
11111010110111010010111
11111011011111011110101
1
1
1
0111111
01101101011101011001001
1111001
01111110010100010101101111
0011111
1001
00110011111011101101010101011011110
1
1111000
111111011100
1
1
1
0010111111001101011010001101
11101111101110001101001011
1
111101110000
1011011
1
011101111001110011001
000011
1111000
00000100
1
0111010
1
1
1
0011
1110101
1
1101100
111010110110011001101100110110011001
1
1
0111101111110011001111
111101001111101
1111011110100
10001001101110001101100000010010
0111
1101100
1010010
1111100
111
1
1
1110
0111111
110011
110111111011010100011
1010011
111
000
10101011111
1000000010101100000111100000001000001101010110101001
1110010
1
10111000111
0111111
1111001
1
1010110101100111111110110111001101100110011
1001111111001001010101
11111101101
1
1110001
1110101011011
110110101110011
1110110
1
1101101
1
11111001100
0111111101001100
1
1
1
1
0110
0
101011110
1110110
1
01110011011
11111110101010010101111
11010111110101011111111
1
1
1
1110111
01011101101110010011001
0111011
10010111101110011010110011
0111101
0101
11001101111011101110001011110101100
1
1110001
110011110111
1
1
1
1101100101101101110001010110
11111111101010000101110011
1
110101110001
1111100
1
111101100100100111110
110000
1110001
00000100
1
1011010
1
1
1
0101
0110111
1
111001011100110011011100111001110010
1
1
1110111110001010111111
111000111011111
1111110010101
00000010011110000101110110010001
1110100
0101100
0101111
111
1
1
1101
1111011
101011
111111111010011011000
0011011
111
000
11111001101
1000001001000000000111101001110100100100010011001001
0111010
1
10101101011
1111110
1110101
1
1011110100011001111111010001111110011011101
1010111111100101100100
11111100111
1
1100101
1111100111010
111101010100111
1011110
1
1111001
1
11001101101
1110101011011010
1
1
1
1
