111111
1
01110101
01
111111
111110111111111101
111111
1
1111011
1111001111011
1111111111111
011
111111
1
111000
110011000
1
100101011
1
001
001111
000
000111
1
1
1
1
1
1
1
1101111
1111
1111
1111
111101111
111110
1111
11111011
10111
1111
1111
1111
111111
11011
1111111011001
1111
1111
1111
1111
1111
1111
1111
111111
111110111100011010011
111111
1111011
1101111
111111111011101
1111101111100
111111110
111111110
111110101
111111011
11111111
111111
111111
1011111
111111
1
11110101
111111
0011111
1111011
111111
1110011111101
1111101
111111101
111111111011011
1110111
1011111
0
10111101101
111011111
1111011
1011111
111111
11111
1111011
11111111
111111010101
111111
10111111
111111
11111110010
1101111
1111
1111
11011
1111
1111
1111
11101110111101
1111
1111
1111
1111
1111
1111
1111
1111
11101111110110011
1111
1111
111111101
1111
1111
1111101010101
1
1
1
111011
1
111110111
1
11
111101
011111
111101
111111110
0
000000000000000
000000000000000
1111011110
000000000000000
000000000000000
000000000000000
111111
1011111
1111
1111
1111
111101111
111011
1111
01111111
10111
1111
1111
1111
111111
11011
1111110100111
1111
1111
1111
1111
1111
1111
1111
111111
101001111010110101111
111111
1110111
1011111
111111110111110
1110111011110
111111011
111111101
111110101
110111111
11111111
111111
111111
1111101
111111
1
111111
0111110
1110111
111111
1110011101111
1110111
111111011
0111111
1101111
0
10110011111
011111111
1110111
1111101
111111
11111
1111011
11111111
011011111110
111111
01111111
111111
11111010011
1111110
1111
1111
11110
1111
1111
1111
10111001111111
1111
1111
1111
1111
1111
1111
1111
1111
01111110110101111
1111
1111
111111110
1111
1111
1111100011011
111110111
