0111011010011101
0000
000010000000
110001001
1
10110011000011010000111010011011000
0100
1
00100100010
11001101001001000111111001100110110010100100101000000101100000110011001
1111101101000
0001011111001111001101000
1111001
1111001110110000101000
0111111010011100
1
1111101
0
111111111000
0000100000000
111110011011
11101101011001100100
110110
1011000100001
10011011100101110100011011100010010
11001100
1001111
0000000000
00
100000000000000000100000
111100
01110000000000000000000
110110
111110001001101001000
11111010
111
111
0011111
0100
1101001010001000000000001001010
1111101100011
111
1111110100110001000
111011101001100010001001
1110000
111111101110010011
11110110
1
1
1
1
1
1
111001
11
101110011111110010011111010010
1
111000111001111011001101110110101100
11011111010111011011011110
1100111001
1
1110010011100111110111011100100110110011000
111100100011011111111100111101110001100111
1
1
0111011011110001101110011111001
111111001011000
1
1
11010111100111101
111000101001101001
1
1101011001
001111011100100001000110110
1
1
1
011001011011101101110100001001111010
101000101111000000001011110010100010000001000000111000101001
0100
111001000010000
010010001110100001110010111111000010011001100001010110011000
100001101001111101001001001010010001000
1
11110011010001000011
11111001101110101100
0
11011011110000000000000
1
001001011000
110001
11111011100111001
1100111110111001110001011001111
01011001100111101011011000111110100101100110
1000011111010001100
001100110011111110000001011110001111
0000
0000
111111001100
0011
1100000001001
101100010111001111001111000110001001100010100111000000000001110011101000110011
01111011000
011011101110000100
01000110
111010101011000000
0000000000000000000000011100001110000000000000100001000110001000100000000000000000100
011101001001101
110111111111000100110101110110
0100
11010011001011100010011000
1
1
111
1
1
111001
0111001101111000
111011011101
1
011111001100001
111000
1
111100
11011011100110111100010011000
1
1
1
111001111001100011110110011
1
1
00100000010000000100
1111100110100
0000000011110111110
1000
11100111111100101101110011000
0100
111100100110110001111
001011
10101110111001001
111100011011110100000000110011
001110011011110010111000
100111111101110000001110100110011
110111011000100
0010100
000000
111100010111011101111111001001000000100011001000111
0
0010
1100
00001000
0000100
0000
000
000011101110011000
111001110000101001111001100100011001100110001001
0100
10001000100100000000
00
0000
0010
0
10000111101100011011110000100100100010001001100000
01110111000111000100011111101001001100111100100111111
1100
1
00
000000000000
1011100110111001
00001011010000100001000
111110010010100001
00
11010010111100010001111010010
00
11110011100
11001100010000000010
1001001000010000011100100000000000000000010000
01110010101001
00
0
11100111011100
0001
1101000101000111001001
11110011010
11000
111
1111111010001000000
111011111000
10010111000011001000000010
0100100010000000
000000011011011100110011011011
111100111101100
000100000001000000000000010000001100010010001101000010001000100010001000010000000000000000001000101
00
000000000000000
1111011011011001
00
1101101101111000
00
001
0000010011000000100
111111001001011010011110
00
111010
00000000000000000000
111001011110000001100101110111000
011011001001110101110100110101100110100110011010001000000111000100110110010
100100000010000001010011001100010011101010000000000000000000000000000000000000000000
110011100110111101111101100110111011100
111100
1111101100100100001
111010
00101000100110010010110101000110100000000101
11100
00000010
00
01000000000000
01100110110100001010000100011101100110
111001
11101001101
000000000000
111110011110101110
100010
000100110000011100000110000000100110
1111111000
111101010010
11110111010011101111
111110011011001
00110100001001
000000000000000011000
00000011001
0011111011111010100000110011101
00
011100100111111111110101111011101001111111111111110011111110100010011111011110011100000010011100110011100010000100000001000110010110011011101111111000011001101000000001
00111110000101
1010011100111101001000110010011011000100010011001100111100110001100110011001100110011001100111001001100110011001100110110011001111001111001101110101100110111000110110010000100100010000111011101100110011001001100111001110010000011000110011001000001100010111010
010001
00
111100111
00011000
0100000001000000000
0100010000000
00
0010100000
000
010010011110010000001001110
11111110110011111101
11100
001110010110111011001
1111110
1
1
1
1
011011
11
010110111011110000111111110001
1
111100101100111111011111100100101000
11101010111111011111101100
0011111100
1
1000010000111100111111111100101001010111011
011110011011001111110111110111011000011101
1
1
0110110111111010110110001110101
101111100010101
1
1
10110111110010111
111010110010101000
1
1111100100
101111110100000001010011010
1
1
1
100010110011111011001100101010011110
001100001010000110001110111100100001100000000100000011110100
1000
101011000000100
000010101110001110010011001111000100001011110000100011111000
011101001001111100000010001100100100001
1
11100111011100001000
11111010011011010110
0
1
010010110000
101100
11101110001111110
0111110010101111011001110100111
11111011101001000110110110101011001100110100
0001001001100011111
0000
0000
011101011101
1100
0100100000011
101011101010111000101100010010110100101100001011010000000001100101110100110110
11010110001
101110010101010001
00110100
010011100001100110
0000000000000000000000100000110011000010100100000101010000000010100000000000000000000
110110001101001
111011110101110110110011001011
0010
11010010010011001110010001
1
1
111
1
1
110110
0111001110001101
111001111101
1
111100110001010
111000
1
011101
10100111011110011000101001110
1
1
1
111110111100100110010110101
1
1
1111101000011
0000000011111001111
0001
