1
0000101
00
00
1
100000
00
1
1
001
0111
0
1
11
0111
0111
0
0
1
1
1101
1
1
1
1
1
1
1
011
1
00111
1
0100111
010110111
1
1
1
0111
1
111
1
111011000000
00111
1
1
1101
101100111011100010010011001000
1
000000001110000000000000000
0111
0111
1
1101
1
1
111011000000000000
1
11110001000
110110101
1
0111
1
1111010110110
1
101
11101110100
1
011100000000
00111
11110100
1
1
1
1011
11100010
10110111
1111100
1
1
1
0111
1
1
1
1
1
1
1
1
0111
1
0
1
1
1
1
1
1
1
1
0111
0111
00
00100
1
0111
1
00111
1
00
00
000
1
1011
0111111000101000000
110101110000
1101
1001100110111111001010010010100001
000
1110100
0
0
000010100101010010100001000111101
0
0111111010
0
0101001
000
0
0000000000
01111011011111111100101001000111
001100110101000
011011110111010010000111000000000110100011010000
0001
000
00
0
00000
0111
0
1
1
1101
1
1
1
1
1
1
1
101
1
10101
1
0110011
101011110
1
1
1
1101
1
111
1
000001111100
01101
1
1
0111
111001011111000100010000110010
1
000000101100000000000000000
1110
1110
1
1101
1
1
1
10111000100
110110011
1
0111
1
1110111011010
110
10110100111
1
000001010010
11001
11101010
1
1
1
1011
11011000
10111110
1110110
1
1
1
1110
1
1
1
1
1
1
1
1
0111
1
0
1
1
1
1
1
1
1
1
1011
1011
10110
