101111
0
0111
1110110
0
11111
10110110010
111011111100
111011100100011
111
00
00011
1111101
1
11111
1010011010
1110010111
11111001100
111111
1111111101
1111111
111
111111
100101111111
11111
0
000
1111100
11110111
11011
1110111100
100110011
111
11111001
111
010111111
111101011011
11110100010
110011011111
1111001110111011
110111001111
11110111
111
1111111101
11111
0110111111010011100
110010011101
001
10111011
001
0101101100110010001111
011011100010
1111001101100
11111101
111111110010
0110111011
1101011
0010100111010011110000
100111111010
1111
111011
11111111001110100
1111001
011
1111
111011111
1111101100
11111
001111
1111
11101011010101
1111111111
111101
111111110010
1111111011110111110
111111
110101001
11111
1
11111
0100000000100000010
111111
111111
11111101111
11111011
1111
111
110100101100110100000110101
001111110110
0111
111011
1110101111
11111
1111101100011101011101
11111110100
1
0
1010
111
1
11111
11110111111110111111100010
0100
11111101
1101
0000010000100101011011100010
1111001101010011101011100
0111110111011111001101
1100111011
1101011001010111111
1111111111111101110000
01111011010111111
1110
111111001001010000
1111
011110011011
11111101111001
111111111111
1010111111111110001110111010011111111
11001111111011101110111
111101111
01
1111101111111010011
1111111011110111010111111011
1110110101101111100011
11
01111110110
01111
110101110011
1111010111
1111101111010111111101011
111101110111100111001011101011101
11110111
11011110101111010000001101111011
11011111111110000000
10001110
0001101010101100
111
001010001111111101100111100110111000
11111
111
11111110110
101111010000111100110000010110101010
111111
1111
00100
11111
1111
0
0100
11111
11111101
11111111101
011101110011000101110
011111100101101101110011001100
11100011011111111111110000000100000001110
0011101110001
10011111111111110101110101100
01001111101111011110000010110111
11000100111011100110011101111
1100111111100001100110
11001111110011011011
00
11101
01111111
11111111
0100001110111
1111101110111111110011101000111000
01100001
011000000000
1000010111010100101000001001010
0111111000000
111111101010
01101111111011
00011011
11111
1110011011110011101011000001
0
111
0000000
11110111
1111011101
0111111111111011
10111110110
100011111110111
0110111101111
1111101
1111111111
111
1111100011001
1111111
111111
110111111
11111010101111
11110110111010000
00111111101001111011
101
010110101010001011
1111111
1
1111110
0011
1111
11111
11111
1111011110111010
11111110
000000
1
1111101
0111111
111111
1
111
1
001
1111111
111111
1111011
111
11111
1111011110
0111111
1111
111111
1101111
1
1
111110011111110
001111
0100011111
0
0
0
00101101111110001
0111
110011
111
1111
11101
1
1111111
11111
11111
0
1
000
11111
101
1111
111100010110001
1111111
11111
1
111111
11100110101011
111111001101
0
111
1111
111
1
011111001
1111111
1111
11111
100110
11111
1111011
1
111011111011010101
1010110101101011111101111100011101111
00
010000
1111
1111
111111
1
111111
111
11111
1111
111011
110111100101
111111
11111
111111111
11111
111
11111
11111
111
1101
1111
1111
11
1111011111
0111111011011
11111
111111
1111
1111
1111111
1101
0000000011100010
1
11111
0
11111
1111
111100
11111
00111101110011
011
111
110111110110
111101111110111011001111110
11111010111010111111101011101010100111
11000
011101
101111110001110001
10111001101110111001101
10000
10011100001000010011100
011
0101001110111101111000010001100011
11111111001100011111101
10001101001011011010
1111000100001111110100011101100100101
1110101101111001110111010010110101010000
11110010
1111
111101111110101
01111111011101
1110111111
11101101010111111100011
1000010110011100110
1000111001100111010
1111111100111110101
1011111001100110100011
00011110011111110111110001110011
100101011011111100111010011010010100110000
1110010111
11110111
11111111
10111111001111
0100110011
00011
011111010110011101
110011111100010101011101010
111100100110
11111111111
001111101011111000011111111000100100000000010001111101
1000111001001100010000000000000
111000110001001
100010101111011000100011111000
111100110000000110
10111000111011010000
0111110111111110100
111111
11000111111101011
0001111110111110000
1110111111
111111111
11111110110110000
1111111000011010000001
11111111111
11111110110001011
111011111111101
01111111111111110001011011111100
11011001
010111
11111
0100
11111110010111001
1111101111
111011111101010110111111001
1100101101110
1111111111100111111001
110111110010011111
11111111111111
101110111101101110000101101101011
1111011111001010001111
1111011110111111110
11111111110001
1101111100111111101110
01000010101
111010011101101101010110000110111
110011
0101010000001011111111011
11111110111111111
1101101111111011101111
111101101111111
1111111111111111
10110000
10011110110110111010000111
110111110
0
0111
111101100111111110111001011
1101111111000011101
1
111011111010111001
0001111101111111111
11011011111111
1110111111111
01111011110100011011111
0011111010101110110101010011010
1111001101111110111101
0111111101111101011001
111011110000000
111
11111001011
1001001
11
111101011110111111
110110011011110000011111
11111111111111
1110101111001
1111101101111110111101
11111
1111111000000111100101
1111001
1111111111100
1111110
10110101111010010101011111
100101111100
11111111111111
10110111111111111
11101111
101111111111101111
111011101010111101111110
1111110
011110100011101
111111000111001
11111111
1111111101110001011110
111111
11111011101
1111111
111101111
01011
011111
1
1000
0101
010110011010110101111
111000101
1111011
10100101010
111101111110
00001101
1101101101110100011111111
010001111111001101110
110111111100101
0111011111100
1000000
11111111001011111111110
1111011111111111
011000000
0101000001
1111111111111111
1101110100101111
10000001001111100010010
11100001100
0001010101011010000
11011111111111101111
1110110001001
11111001111111011111
111111111110101
11111111110011011111111111
1110
1100011111000101111
1011101110100100011101100101111011
1100111110110110111011110101
11011101111110111111111110
11111111110010111
111
11101111111111111111
0
1
1
1
1
0011110
001111101111110110100111001101100
010010110101111000101111
00000001001001010010100
01
1
1
1
0000000
1111111110111111001001101
1111011
11111011111
11111111101
1111
101111
111111101010100101
11110
1111111101100100110101101
0111
011110
111110111111
0111
1111100
11110
11111
111100111110
1
1
1
0111
1
111
000
1
01101
1
1
1
1
011100111
010
111000
11
1
11110
0
001101001101
1
1110111
1
11
111
1111
0111
11110
11
0011
1
11
1111
101000111
10111111
01011
100111
1111110111
111
10111
111
111101011
01111101100000
1
10011
111
11
1101011
11
1111
1111
11
1111
1101
11
1100111
011
1111001
001
01011101
111
1011
101
101
1111
1111010
1111
1111
1
10111
1111011
011
0011
111100
0111
11
1
11100100011000
011
1111
1100
1101011111010101
110
0
1
100101
111111
1
0111
111111
1
1111
1111
0
010
100
0
1
10001
01
0001
01100
1
0
0
1
1
1
1
000
1
1
1
1
1
0
1010
1
0
00
0
0
111
1
1
1
1
01111
1
1000
1101
0
000000
1
001111
0
1
0
111111001111000
11011111110000101111011
1101101111111100000010000110011011
1011001001110
10101
1111111110011110000000
001111001101010001000110111
111101111111000011101100
11111110011001
1111001111111110
1
1
1
000
11111
11111
11
11
1
00
01110100110110
1110111
111111111
11
11111
10010111
1111
1111
010011
1
1110010
110001111
11101
111
111
1
11
11101
10111
10111
011
111001
00001011
111110
111
1000011
1111
11
111
1111100
1110101101
11
111111
111
0
11101100
01101000111
01011101
000000000
1111
111101
11111001010010011100011
01
1111011010110101000001
1
11111
1
1
11111
1
1
1
111111
11111
11111
0
110
1
010
1
11010011
11110
011
00111110110000101100101111
11
1
11001100011
111001
010000001011
1100
000
111
0111
001
11110
11011
1101
111
01
11
1
11
111
11
111
01111
1
111
0
1
01
1110
00011011
11
11010110
0111
11
111
01011110011
1011011
00111
1011
11
1
11
0
0000000
011
0110
11
11
0111
100110010010
1110
0
11
011
111
11100
110111
1100
10101
1
00100111
00111
111000
110011
11
1011
1
0001010010000
111100
110001101010
111
111
11
0101110110
0011
1
0
0
1110
1101000
000
1
1110
011000
11
0010111000000001
001110000
11
111
1010000
111
11000110110
111
111
111
1011110
01011
01110011
0
1
01101
110010
11
0001101110
111110111
001010
11110111101
11
110100
111
10
111
001110111101010
111
0011
101001
1011
11
101011
111111111111111
01
1101111111
11001000101
111111100011001
1
111
1111
111111110011001111
011
111101
111
11111111111011111110
1100011010
111
11
111
11111
1
011110110101111
1110101111111
1
111
111011
1111
111
00110000001110
11
0010110
1110101111
111
11
111
01110100000
001110
1
1110101
0
1
1110101011
0
1100111
1111
101
11111
11111010
1111
10100
111001
111
101111
111111
0111
111010
1111
11
1
11
000101011
1110101
11
011
1110010000
1
0010111
101110001010
01111
11
111011
010011100110000
1110101
111000
01
1
00010001010000001
100011100011000100000
11100110
0111
00111
11
11
11000111
1110101110
0111
1
11100010000
1011
11011
11
111
111
11
111
11111
1111
1
111
10101100
1111
11
1111
111
11111
1111
1111
00011
11
1
10001001
0
1
11
111111
111111
11
111
111111
11110111
111
11
11
1
111011111110110101101010011111000
1
111
111
111
10
01011
01011
11
111
0
001111001111
11101
1100111110010111111010101
11
1101
0011
10000111
0000
111011100111
1111
11111
1
11
10
1100
11
10101
11
101
111000
11111
01
011
11000
111
11011
11010000
000111011111
11
11
11011
0111
1110101111
1111
11110110101
111011101111000001101
011111000001
1111111111
1111
1111
1111
1111
1111111
11101001011111101
1111111
011111011010
1111
1111
11111
010000011001
11111100000110
1111
011001
111
011
1110
0111001111111011110110101
0110011101111110001
000111
11100001
11010000000000
111010
11
1
01
110
11010110001111000011110001000
1
11001000
1110000001
01111010010010110101
01
0111
1110101011
111110110
0010011
111000
11
11
001011011111
10
11
111
011
00
11011011
11
1110
11
11
11
1
111
10111
111
11001000
111
1010
11
1101
1010001
00111
0101011
11
111
001
11
1011
01
11111
11
0010111
11
010
111
10100111
11
11001
011
010011
11
111
111
111011111001
101
0110111
01011
1001010111
10001
10
111
100111
0111
11
101
11
0101
111001010111
111
10111
1
111
1
1
11
11
111110011
11
0010111
11011
1001101011
11
11
0111
11
01111
11101111
10011110111010101100000010
1111
11110110111
1
1
111011111
111101110111
1000
1111
11
111110110100
011011
111100
1110111
110
111
111
1110
11
1011
1
101
11
1000101
0111
01
11
1
1111
111
11
11011011
10
010111
0
01100100100
011
00010
1
11111111
0000111
10011
1110
11
111
00111
11000
0001111
00101
10110000011
111
110000
11
0011
101011
110001
111
111
1001100
00111
1000100
101
111
1
0100
0
111
01011111110
111
1010101001
01100111
11
1110
100111
11
1101001
11
1011
0111
10110000
0011
11
111
1101
1
1
111110
1
11
1
1
1
1
0111
1
0
1
0111
1
0
01
1
111110101111111
111
00101000110111111001011001110111
1111
1
0
1
1
1
11
11000
0
1
1
1
1
11001
1
1
101
1110
10111
1000
1
1011
110001111110010101111
1011
011
00000
01
1
1
111
1
0
1001011100011010101
000
11
11
1
111
0
1
1
1
0
011
11
1
111
0
1
11011
1
1
1
1
0
1
0
1
1
1
101
1
1
11
1
1
1
0
1
1
1
1
1110
1
1
11011
1
1
1110
1
110
1000
1
0001
01
111
1
1
0
11
1
11111
1
1
1
10110
1
11
00110
010101011010
0101
100001
1101000011
0
01011
111110110001
0
0
0
1
0
0
0
0
1111
1
11100
1101011
0010
0101111011000101
0111
101000
0001000
011111111111001001101
11001000
00110101000
011100
1
111
111
10111
1100011100
001
1
11
011
11
1
0
00000111
11
111
110
101
1
01101111011110000
11001
0011
111
11
00011
0111
1000011011001000000111110
011111
1110011111110100
11110100110
1111111
111011111
1111101001110
11110100001001100001
11001011111
111010000101111010
110011111001
11100111110
0110111111
1
00011110011110101111111000111
11
1110110
111
1100
011
0011
1100011
111
11
1101101
0111
111
1
11110010
111110001111100001001011
11
1
1
101
1101011111
1011000110001
1011111000110001
1
11
111
1
011
11
1
1
11
11
111
111
1
11
11
11
1
1
1
1
11
01
11
11
11
11
01
1
1
1
111
11
11
101
001
1
1111
100
01101101
1
11
000
0000011
100
0
0
110
00000001101001101100010100011001000000001010010
0011
00011111
111
1
11
001100100010
0110100001
1111
110100
111000
1011
111001000101100
1111
100000000010000000010000110
11011010
11
1111011110
1
1111
111111011
111
1
1001001001010
1100010
1111101011010111
11011101011
111111111
1110110111100
101111111111011
111011011101
01111100111011101
000111111011
0110111111111
111110111111
011110011000000
1
0100101101
11110110011110
101
1001111
10111
1111101
110011111
011000110
1001011100
1
00101
11100
0101000100001
1
00100010111101101
0101001001110110111
111011101101011001111111
11101000010110
0011001011010
1011100111011100010
1111100001
1111011110011100
000000000
01001111100001001000110
010111111011100
010011101111101101111111000110000111010000111011
1111100001000000111111010101111111101101100110
000
11111
01111011010101111100101
0011000110011010001110010110011
111101111001110110101101100010100101100101
10
1011110111101000
1110110011
1110000110
111
11111010111
110111
111
11
111
011111
11011
111101
111111
1111
111110
11011
1
01111011110001
1010111
011101001001111011
111
1111
10000111111
111
110100001
11
111010111100000
11
110
1110000001
110101100011111000
1111110111101010
011101
11111
01
1
101100111
1
01001
011
01101110011
111011000011111
1111
011111110001101101111
10110011
111101101110
10110111111
110110
0101100010
00100110011
111110100111
11001111011000110111
11110110101
10101110001011
01111011111100101011000110
1111111
100100111111110110101
111111100011001
10101110110
011111111011110000110
1110010111000
110001111101010110010001
11111
1111101000
1111011000100000
011011111
11101011111011111
1101111111101
111001000111010
10001110000010
111111101100111000
11110110110100
100010101001100010110
101000110011011
111100111110
1001111111
111010
10100110110101
111110
11111
10111110110011000010110011000001000001101
101011111101111000000000011
111111100
01111101
11100001010
011100000010110110011
11110111
0111111011
0
1101
1111111001
11110010
110101010111
1001010011100111101101011010011101010
0011000
110010111
1111011
1101111
1011111
101111111010100000101101010
11111
11011101111000101
11101101001101111011
1111000111001101
011111000111110
111011
1
0
0111100010
11100010101
11
110111
1101110000000010000010
01
11110011000
010111001
11
1011111111110011
111110011
01111
111101
1101101100010
1011010101010111101000011100001010
1101011111
1011101111
10000101101010
11111111101
1100100011
111101111110001111
011001000011
101111111101
11111111111111
1111101111111110
100111110101111110
101111011
10111111001101
1001110100
01110101111111
0111101010
11101111101
11111111000011
011111011111
11
010011111111
11001110011
1100111100
1
111101
1100011101101
110111
0111
01111110101
1110100110111
11101110101101001010
11101001100111001
11001
1110111011110
00101101011110101110100110110
01111011
11011101
0000
1011111111011101110011000100110101
0110110000000001100000000110
100110101111001000110000100100
1110101110011
1000100101100
0101010100110011111
0000
101111101000100101
0001011000
010010010001011011001000101011001100000010
1111100100100001010010111100000100
00000000000001111000000000000000000
00000000000000000000000100101010000110100000
1111
00000100100010100000
010010110100000000011101000001100
11011100
0111
0001011111111110000000110101001000001
1111111111
111
0
1
1111
1
0
1
1
1
1
1
0
0
0
0
0
0
101111111011110010
00111111010010000110011000
00100101001101001100000
11111111
0
011100110
11
1
111
10
1
11
11
11
0
0
0
11
10011010
1111
11
0001000001
01
1
1
1
1
1
1
111
11
1
1
0
0
0
1
11
1
0
0
110111101111
101111011111010
11111011001001
10111100001
0000110001000001
11111111
11101111110010101111111110
111111001111
111
11
11
11
11110001
1
01
000011001101111
1011111
11010110000010
11111110
11111
1101111001111
011111100
111
01111111
101110111
011
111111110111110
11
00011
1100111001
11
111
001111
101111111011111010001011011001100011
1
0
0000000010010111110000110010000011010100011
010011110110001101101
001110000000
01
11
10000000001101100011001100001010001001
111
101
1
0111111
1111001
11100111
111101111
0011000111000100010
111111
1000111111
11110
111111
11111110
1111
1011111111010110101
11010000000
1111011
11111
1110011100
011011110010
11111110001
111111
11111111011
1111011110101
111011010111
111111
11011101100
111100111
111111010010111100
1110111
011111111
0111111010111100100110
111101
11111111
1011000101110
11010101010101
111111111
1110
1110100111000
11111
111101111
110110
0011
110011
111101000101
1101110
111
10111101011
1101101
0011100
01111011
110011110100100
111100101
1111
11
110011
0101
1011111
1111001
100100101010100100
101001011111011101
111001101
11010111111001100010
1111011
110100101
11111
000110100111111011010
101111011000000011111
011110011
1111111
111011111
10111011
1110010
111011
11111110000101
111111110011111001
011001110101111010101100111000010
101011101111
111110110
1011110111110000
111110110101011001
1101110000001100001
11111101
01101000001011110000
111111000011101111010
11110010101011111100
111011111
01001101001010
11100110011000
11
1110
11111110111001100
1111
00111
1111100011011011
111
0010
1111
11000010000010101111
100100101011101
1111
00
01
110
0011
001
111
1
111
11
01
1000
0
00
11
11
110
101
111
0
00
11111
01111110
0
11011
0010101
11
1111
0111
00111
111
0101111
111
101111101101111
1110011111
111111111101111
1111001111
110110100001
1000111
1111
111111111110
00111111011111
110
11
11
0101111111111
101111
1101111010001100
1111101011
11111100
110011110
1110011
111111111111
111101010111
111
101
1111101111
11
111111
101001111
111
00001
010
110111110
011100101010101110
0111
11111111
10111011111
111
11
001
0
00100110
11
1110111111111
010111110
1111
1110111101111
1111
0110011001001
111
011
111
11011
111111110111
1111
111110111101001010111100010100000001010111100010
111101111
11
111011111010111
1111
111001111
011011111101
11111
111
00111000
1111111111
1111101
1101100011
111111111
00110101111
11100
11100110011001111
11
011111111111111
1101001101010
110010100001
0
0
11111111101111
11110011111
00011011111111111111
010000110011001
11100111111111111
01
11001111111110111111110
1011101111011111
111110011111
011111111111
10111011100000110
11110111111101111111
10
1111111111111
11111111
01
1
1
11101
11
1111101
111010100
11
111010011
1111110001
1111011001
11100011
1101
1
011
0111001110001
1
1
0
0
1
1
1011
11011111
1
1
1111
110111
1
1
11
110111000011
1111
0101111111
11100
111011110111100000000000
1111011111111
1111100111001
1101
0
1
00110110111111010000110010101010111
0111101000100000000000011100000010000000110100100000
0111001011001100011011100111100100101010010000011000101010110
01111010111
1111100000101111100110101100001010011000
0101
111101001110
100111011111110111010101011
1001001101001101
1101011
01110110101011100
000
0010001
01011
1001111
111
11110
1111101001001
11110111111
1111101
1101
100
111111001100
0000101010111110
101
1101110
11010
0000111011001
1110101
00110
011010110
0111010101000000011
0100110000000
01111
011
01
1101100
00101
1111001
0101011011
1111
100000
0001111
11
0010001100
10010
10
1011
10
11000101
101
1011
0
10010010
0
1101100000
0010010
0
1110011100010
1000000000001001100000
101001
01000010
111011
000000110
111011110
1000000000
01111
1101111111100100101
11111101011
11100111111001001
00011111110101010001
11010101011110
1110000
00010
010111
0111011011010011
11110110
111010101001101
110101
1111101
11111
110111111
10110001010101001111001
10101010011
0
01
11
0
11000
00
011
01
1111000
1100000
000011011000101
11
11011010111000101
000
0111111011101111000000001010110100
11111111010101011100
10111001010
111011010
01001111111100
100101010100010
1111110100101110
1
01
1011
1
11000010101010001100000000011000011010000
11101
01111
0001
100000010010011
110010101101
111101
1110100110010110101
11001101
11111100111
1
00000101000000001
101110001000101100010000
01001110111
000100000000010001100
000010001111111100110111100
0011000000010100
0000000000010000
101001100
00110100
000
0101011001110110
1
1
00011110000001100110001
111
11111
1000
0100100000000000
0010000001110100
111000
10
01111110101
111001011001010
000
0110001111000000001011010100000000111010000001100100
001000101
11101111011
0110
001100101101000
00100
000
10101110101
0111
1
1
111011110
100101000001111001100110000110
11100111001011110000011001111111
1011101101101011100011
01001110110011000001100001101110
011111101101
1101011011000001010000
1111011101011001110111100
1111110
10
1
01010
0000001110100010010
1110101011010111
11101101101
11111101
11100111101
1
1111111111
01110011
1111
1111111
1101111
1
111
10100111011
0011100100
111
0011011100000
1111101
00
011111010110110111001001
101011110001001111100101010000100110001
00100111001
110101100011
1000111
11111010011
1
11111
111011111
110000000101
1100001011001100
0001110111
100111
0101111
101101110
001
0010010010000000010100100
11101110
01000000010100111101100001110
0001010011
111
1110111010
00000011111
11111
100000
1011011
010
10
0011111
11111
10101
0111
111111001
1000
0
0111111
100
11101
00011001
101100001
1
101110
001
010010110000
111
0111011100100
01
1110111
110111
10101000
111111
1111
11
1111
0101111
011
111
111
0011
11
11011
11
110
111
0001111
1110
10011
000111
1110
01
111
0010
1111
1111
01011
111
1111
111111
0111
0111
111
101101
100100100
0
100101010001000100
111110
11100111
111010011
01111
11111
0011011100
101111111
11111
01000011111
11110000
1011101
0001110101101
11111
101110010
00111011
11111
111
1101
10101111011001100
110111000101
1111001
1101
1110001111
111
101001
000
1110
11000001
101011
01101101111110100110
011110100
1101010110000
01
11100110000000000
1101
010110011
0010011011011100110
110011101110
011
10000000000
00101101111110011101011111100100
011
10
0000011
1111110111
111100111
11000011001000100
11
010101
11111011
11111
0111
1111
111111
111111
111111
111111
00000000000110
1100111
1101011000011
100111
111110111
101110111
111111000100
111
11111
1110111
11111
1111
1
111
1011111111
1111
111
111011111
111
111
011
1
111
111111
11111111
11111
001111110101
111
111
01001001001110010110101
11111
11111111101101010
1101111
11011011
1110111011
11011
10110111
1101111101010
1101111
1011111110
1111
111110100100010010000010
0101111010011000
1111
11
1111011
01010110
111
01111
110110010101
1110110101
0001100
0000001
00100
1100000
1
0
0
011101010
0
1110
0000
111111111
00
1100111011
11111101101100010101110
11
11
00110100101110001010001001010
000
0110011101000000010
0101
11
111111
11111
01
1101000100
11111011000001
010111110001
11111
11
1
000
1000000000011
110
1101
0011000
10010011
111
00
101101
111
1101110101
0100000
101000
11
1100001
1111101110
1110011011000001100110
1111101101000010
1111010101100
1100010
110010101
11111001101000101111110
01011
000000
111001110000000111000110
00000
01000011000100
000101011101001100110000000
101101101100110111101110
11111010110101101110110
1011111001100
0111111001101
111110001100111100011010
001110
1100001101001001010
011111011011101110101000
1001000111111001101101100
10111101010110111
100
010110111110111100101
1101110011100
11010100110011001
010111010101010
111111110110101111001
001110111000001110
01100111000110000101
00001
00010101101
1000000110010001
01
111001000
1111101100
1110
00011111100
0100011101111010011101
11001100000001
111110
0011101111010111001
001100101
011100011110101
00
00
01
0
0
01011
1111101101
11011111110010000010010001
0
001110010110111010111001000000100110010111011100
111100100
00101
0001000001010101110011000000110000010000000
011
11111010010
1111111
011001
10011000110100011001010111
110111
0010011000100001011001
11111101111111001111
0000111101011110100110
1
111100001001011001101
1110001111100
011
001000000001011010
111000011111
110110001010101001011100110001100
1111001010110111101
1111101011000
11001110
11111110111000
11110001010011
111111001
0101111
1010011101010000000000
1011010111
1111001
11
1
11011
1111001
100011
10101111
1111
1
01110110011001
11110001100
1100001111111110100101001
011111
001100100111111000001011100
0110101001
10011101
0111110011011110100110010
000110011101111111111001
111110
0
01111000100111001000
0
11
0100000010000100001
11001
0111
1111
1010101010000110100100100010001
11
1010010
0
0
1
11101101101
11100
11
11110100101
111111
111
1011
01111011011
10111
110111110
0011000
011110010
01
11111110
11
10
001101000001
0
1
110110
111111
1100010110100
11100011
111010
110110101
000
1110111111101
1111001
010101000011
11
11101110100
1111
111
1
110010
1101100
0011
1111001
011
01111
101010
00000
11
000
0
111
0000010000
1110101
100001
0111100001
1111101000010
111
011100
11
001111
1110
1
0000111
1
11
1
11
00
00100011001100110000000
011
11111
101
1
111
0111010
11
0010010100110110
1
1101
11
11
1
110010
1
011
111001
0001111111
11001
1111
111
1011
111001100110
0
011110001001101110011110011111011001010011000100010010101000
111101011
110111110011001111101
10000001100010111110110000000010010111
101000110001111001
0110111111111
111110001001110101100011100010011
1111001011011
1101110010010110111000110001100110
111110001110
111111000110101101111
110101101001001100
110111011110011101
011111101000111111
101111110111110101101
00000000001110
1100
11110101100
11101111
111
011001
1111
0101
1111
1110
11111
00111001
1111
1110111
111
11
10001100011000001
10110
011111
0011001110001100111
0111111011111111101011
0111111110101101
1011111111011111111000110001
01101101001011110010110101111110111
010110011001110101011111110110011100001101100100111100111
111111111001110
1111011111111000011001101011
111111111110110101111000010
111111110011101111
1111011111101100111010100
101100110101111100010111110111000
1110101111111010010111011
11110000001111111110111
11111111011111011
111111111111100111010
1111111101111011110110001010
0100101011011111101111111101111111000101
1111101001111
01101110000111
1110111100
010011111
010110000111
1111101110
01110111
00101110
11011100101101111100
00110111011
111
010000000000
000101010110001
111001101111001
1111011101
11111100100111001
0010111000111
0011
11111101110
11111100011110101101
1111010
10
111
111
111
01111101111
110100111
01111110111
1111111
00000100
1101011111
0110111101110010000
01001111
11111111111110
011101011
110011000101111
010
111000111001101110
1110101110
0010010111
1011101100000100
1110
01111
011
111101010000
11111011
00001010000
00001
11010
110111
1110110010100
1111010011001
110111
1111101001111101
1101111101000
110111
1000000011111110
011100000010110010
00101011111111110001111101001000000101
0111110001111111011
1101111101111
10111110111011011111110011111010110
11111011
011100001110101111
1101111111111111111
011111101110110110011100000
1111011111001010111
00011111111001110101011111110111
010010010111110111010111100011011101110000
11110
1111011111110000100101110101
11100
1111111
1100100111100
111011001011011101001
1
111000
10111011
111111
11
11011010101111100
1111001110011
011
101111110101
11
11101
001101101
111001100
10011
111010
11
11011
101
111
11
11
11
1101111
10001
011001
11
1011
1
11
01
1
11
00111011
11011111
101010101
111010111001
0111111110011100
1101011110
111
111
10
1101110
0111
11111
0111100
1111
000
10111
10010110
111111
11111
111111
000000000000100010000
01100001110001011
111001000100000
000011011011011111000100011011
11011110100001000
1001111001100
0100010000000111100
000011010111
00
1101111100111001101111
0000111
0110111100111110000110100111
0100011111111111101001000110
0000010010010010100
111110011101011
101110110101011111
0101
11111001110100001111
11
00000000000001010101100011100
111111011111
011011100
110011
010
10111
1101011
100111010110100101000
00000101110
00001000111110
000011000
010
111
10
10111100
00010010110011000100010111101
111011111110111
111001111000011110
0111111001110100001
1101011010011111101101101110001100
10111011
1110111
1111111
11111011111000101111000010101
001101010101011
11111011010011
101101111111
111111111
11111010
1111100110
1110010110
101
011001110110111
100011101101010010010111000101010011010101110110
0111001111100
11101111010
101101101110010101100111110
011110101101011
11111100110100000
1001111101011
111110011100
11101011101110011000111
111111111010101
011011101011101011101101010001
111101010100001
0000000
01
111101010110011111001001101001010110001
111111
11010110111101001110111001001111001001001111
1110100111
1111010
0
11
1
1101001
11111011110
111
101
1
0111
101111
1001101101011111100
1101111010011001101
11111001
11111011101101
11110010001111110
111111
11
111101011000011
11101010000010000
00010110010011011110101101001101000011000
0100110111010101001010
011010101001000010010
111011111011000111111
00111001011100011101110
111110111101101001110
11011111111
111001100100010110
011001110111001011101001000
1
0011111001111010
110011011
1111011111100110001
1101011111111
11110011100
11110001111111
00010011111111111101110001
001111001101000011
111
101
00111
1101011010010110
11010111110110
0
110101111
110101
111
111110111
110101111101001
111100001100110100
1001111111001000001
01011
11110111
01110011111100110101
011111010111011000000
011111111111100
01110010010001010111111011111010000001010010
1110111
11111100010
011010011011100100001
110111111110000
11101110
11101101
011111
1111101011
111111
1111101
11111
11111110
1101111110001
111101
1111011110100010001
111111101
111110001
1111111011
11110010100111101
111111110101
10101
1001111
111011
111
111011011
1100
11111
111111
1111
1111
1111
111
10011111
11
111
110
011
1
11
1
1
1
1
1
111
10
0001
1
1
1
10
1
1
1
1
111
1
1111
11
1
0
011110
1
1
1
1
1
11
0
11
111
1
1
1111
11
1
11
11
11
111
1
111
1
01001001111010101010001011
1
1
1
11111
1
111
0
11
1
1
1
11
1
1
1110011000000111100011110111101101111
1001100000000001
0110100011000010111
001011
00111
1100
11
01
0110101100001001
1
1
001000
101
101
1
1
111
11
0110011
0101011001
1
011
11
111100
0010010
001011
11
1101
0011
11000111
11
11
011
11
101
0
111
011
11
11011100
101
1001
11001001
11
101
111
111
10
11001
11
1
111
11111
110101
0111
1
100
111
1011
11
11
11100
111
11
111
0111101
1
1
11
0010110
111
0111
100111
11
11
111
01
1101011
111
111
01
11
111
011011
010111111000010100101
1
1
1111101011100001000
1111111111
1101111101
11110001111101
1101111000001
111011110001
111000000
111000110111111001
111011101101111001110
1110110111101
110001010111011000
111011111101
11110110000100
111100010111
1110001111111111
11111001
0110111111
111
1011001111011011
0111
110
11
10111
01111
11
1111
0111
00011011
01101
01111
01
11
111
111
111
100010011
11
010111
1010100001011
1011
111
101
111
11
011
111
11
11
0111111110100
1100
0111
11101011
00101
11
0
1010
000111
01
011
1111000
0111
10111101111010110
11
1
1
1
1
00
111
11
1
0
1
1
1
011011001101
111100111111111110
11111
001110111
100110010001000
001101
1111
10000100
010111
00011
1101
1
111001
011
111
110110
011001
11
11110000111
111
11100110010
01111
1
1101000
1
11
111
11
10111
11001
111
11100111110111111101
011111111110000111101010101110001100011100
10111001001111010011011011010100011111111111001100110000111000
101011010111101100010111000111101011
011110111101111111011000101010011110011111
111
1000000000
0111
1111
01111
11
111
11111
110011
01
110101111111
011011111
1110100
1110011111
110100
11101010110100011
11101
0011
1100101
1
10111
11011
1101111110
11111011
111000
1
11001010111
100010011111
1111011100011010
1111111
111111110
0111111111
101011110
01111010
111
110111
1
11111111
1110100
1111
1
1011
1101000
01110100
111
1111100110
111110
01110111111001
111111011111
11101111000011
111
0101101110001
111111
11
11011110111
1101111
111
110111000111
00111001
1101100000
0101011001
00
0100100110010000100110100000001111000000100010
1101000000
0
0
110
0
0
0001011
000000011
0
11111101001
010111010110101110010101110001110110111
0
111111
11111
110
1
11011111
00
0000000000
100001010001
0
00001
11
011
0001
0
000
1
1100
101100101
11
01001101011100001
1000000
0111
0010011
1000
1
001
000111
111011
1101
111111001011
100111100001101101111
11101111
1100110
1110101100111
00110
0010100
10110
1110110101000
11110011110001110
1100101111
1
11
000101100000001010110000001001000000000000010000000000001100000000000
11100000111
1101101110
110111111111100101100000110111101110011100
11110110111100
1111000101001111
111101111010111100
100001110111001101110111100000101011010101001111011000010010010110000
011110111101000101
11101110
1111011101111111111000101
11111011100
1111001010111101110000111011000
1101
10011
1000001
01
111
110
100
001100
1
11
101110
1101
01111
1
00
1110001010110111001
0000110
10000
101
0110
1100111
1011
1111
1111011
111111011
111
11111
11
11011111
0
101
111
00111
0
01
000
111
0111
111
11
111
01111
111
110
11
11
11
1
1
1101111010100
1111
11
01111111001
011
10011001
11
111001110
1101
01
11
1111
111101
11111
011
11111011100
11100111111111110
010011110101110110000100111
1011111100
001110111110110000111001100
111
111
11
1011
0011
111
1101100
11
111
11
0011
1101
11
11101011
1101001111111111001000110111
0001010110110111000100011100
1011000101001111101010010010000010
000000110000
1111
0110110100110011100000010001000010110
10111
11
11001000100
1110100001001000100
10111
111010001
11
1111
0
11101
000010000
11100
11011
11
101111
110
11
0111
111111
111
001011
0111
111
1
10
0101100010
11
111
1
110101
101101
1111110010
01110
11101011100
11
000011
1
110
100111
1
0011
01001000
0011
11010001
101
101
1001011
1110
11001
0001011
010111000010011
111
0
1111001
011
01
100
1100
0100111
101
00000000010000
1
000
11011
01011010
1011
11
111
00000
11
0
111100
1
11
011111
110
11
100111
00000
10000
000011
1110101101
1111111
010010
0100000
0010
110
011
0111010001101
10
1101
0
11
00
1001000001101010
0
01011
11101110
1011101
100101010000001000
0100101
0111
110000
11
0
111
1
0
11011
101
111010
00111
10000000000000001000
1
1
11
000
00000
1111
111011101111
111
11
00001
1111
011
000100
0000100
101000
01001010
1
10100000
00000000
0100001
11101
1000101
000000001
011
1100
1
010111
000000000
11001101000111
0001
010100000
1100001
100110010
00000010
1100100001
1110011
0000000
000
00000000
11
0
00000
000010
111
11
1101
111
01101111
11
11
1011110
011
010101
1101
11000111
11
111111
11101011111000001100101
1101100101
11111111
1111
11
01110111
11111010
1111
1
1
11010110
111
1
111010010000
10
11
11
010011
1
111111
11111001
011
00
1
11011111
111
1111
1111
110
11
11111
1111
11
11
1
111
11110101
1111
1111
1111
1111
111
1111
1
111
11
1111
11
111
1
11111
111
111
111
111
111
1111
1101
1111
1111
11111
1111
11
1
11111
111
11101
11
111
111
1
1111
11111
11
1111
1111
1
1010111
1111
11
11111
1111
1
111
111
11
11
111
111111
1
100000
11
111
111
1
1111
11
11
1111
11
11
11111
111
0
0
11111
11
11
1
111
11111
1111
010100
101111
1111
1111111
10111
111
11011000011
11111
111011000
010
11000100110110
11111
11
111
1111
1011111
1
01
000000001000
0
0000000100
111101100
11
11110100
111011
111110
0100111111
111011
011
11
11
01011
111
0
11
01111
1001
111
111
11
1
1
1010
01100
111
100111
1
0101001
01
111
1111
111
11
1
011
010
111011
11
1101
101001
111
11
1101
111
11
0111
11001
1110111
1
11
1
11
11
1110
111100101
100
111
11
11111
0
011111
101
0000
000000001000
01111010111
1
1011
1
1
0
1
1
1
1
1
00011
011
100
10
1111001100111
1110010
110011
0101010001
00110
01101111001011
0110111000010
000000000
010001
0001010
00000
1101
0011
0010011
110
111110
00011
1
0
1
0
0
1
1
1
1
1
1
0
0
1
1
0
1
1
1
0
0
0
1
0
0111
0
1111111111011101
1111110111101
1
0001001000
1
1101001011101111111111010100000111110
0100100110001001
111111011
011001000
001000000
1011
11110
01111111000
000000011
10
1010
1
11
1
1
1
00010001001011010
01110110
0111
1000
01110110000101000
11
1111
0110111
1
1
1110
110101101011
11101110
010111000101
110
110
111
111
111
11100111
011111011100000010
1011000
11111
11000101
01000010
100
1111
111001
111
1011
1
111
111111
10
1000011
101000
111
11
11
11111
1000110011
1
11
111
111
00
1
01100000000011
111
001100110
1101011
1001000000
1101
11
0111
1110100
11
011100110100
11
0
1
1
0
1
01111
0
0111
1
0
0
01101
01
1
010
001001
0
0
0
11
1000111
111
1100
111
11
110101101
10
11
111
1
111
10111110001110011000
111
110
11011
11
11
111
0111
1011
111
1111
1
11011
111
011
11
1
0
1111
1111010
11010101011
010111
1101
1111
111
01
01
111000011
1011
11
111
101
0
111
000010011
11
1
1
11
111
1
111
11001
01111010
1111
111
101101100
0010111
01
11
0
001010000111
011
11
11
11
1010001111
11
111
00110111
111
111
11
11
0111
1111
111
11
1
101
111
11
111
111
1111
001001011
111
10111
1001
1101
11010
1
111
111
11
11
1
00101
100011
110
110
1110
1
01
10111
11010000
011
11
11
11
111
111
11
111
11
111
1111011011
10101
11011
11
11
11
11
11
1
111
11
111
111
110011100100011
111
111101110010
11
111
01110101000
1
11
111
11
111
101111
1011
11
11000
000001100111
11001
00111
100001
11
000
01101011
11110
1
111
111
00111
11110
0111
11
0101
1
101
1001
1111
11
11111110001
0111
011
111
0111
111011
0
11
1100
011
111
0011
11
111
001
1
1001
01101
0111001
101
0011
0111
111
0001
011
1
1
111
11
111
011
0111
11
111
11
1110
11
1111
1111
1
011
1011011
011101
011
01
111
001
1111011
11
11
1011
1100
11
11
1
110101101100
11110
010001100110101000
111
011
111110
111
1
11
1
11
11
11
11
111
11
111
11
111
111
111
111
1101
1
11
11
0111
10111
1
111
1
11
11
1
111
1100
011101111
1101
11
111
111
11
1
011100111000
11
111
1
11101
11
111
1
1110
11
1010
111
111
111
11011000100111
1
11
11
1101
11
11
111
00101
111
111
111
11
0011
111
11
111
11
11
111
001
1111100010
010111
01
1
1
11
110
111
11
1
11
1
11011
11
10111
11
01111
11
11010
0
11
11
0
0
0
0
0
0
0
0
1111011101111
11
1
0
0
0
0
0
0
11
1111
01011
10
0
0
0
0
0
0
0
11
0
110110010000
001
01
0
11000
111
001
111
11
1
0
0000010011
11
111
111
11
11
11
011
0111110001
11
1
011
1111
11
11
11
1
101110001
111
1
11
111
111
011
111
00111
11
10111
11001001
11
011
1100110001
1
11
1110
11
111
111
11101
1
011
11
11
11
001
111
10000
1
11
1011
11
11101101
11
011
11011
11101
11
0110111100000101
111
001011
011101
111
1
101
11101011
110011
1
1
111
0
111
11
111
1
110011
111
001111
11
11
11
000
010111
11110
0101
111
1011001
10111
11
0
1110011
11
110111
11
11
111
111
111001
111
1
1
11
1110
111
10110111
1
110
1111
1
000011
00000
11
01
11
11
1011
111
111
01101
111
101011
011
1110001000000101100001
01
10101
11100111
11
11
1001
11
1
0001010110
111110
0011
11
101001
11
1
10110011
11000000
111
1111011011001010
111
111
111
11
10
110101111
111
11
11
1
11
11
111
10
11011
11
