0
0
0
01
0010
11
11100010
01
1
1
0
0000100
10
101
1
000
11
111
1
1
1
1
111
11
1111
1
11
1
1
1
110001110111110010100011010000
01101101001010110
11111
00001101011011
101100000011100100011001011101
101001111011101110010101111011100
1011011101111101110001110101100110011001111101101011101
111111111000
1000111110010100011001001101
10010001101011101011011011111110100011
10110101010110011
11110001011101
101111111111101000011
011011101110011101110110111010000111110111
0011111111101110111101010
000010010110101100110010000011
1111101111111
1110011101101111100111100000011111101
0111111111110
11011101111010101101011111110
010111011101010111111110011100111100111111
1100010001111110001100011111011
11111111011101010010011
011101111
11111011110101001
101111111010011101011
01111010011110011111
11011111111101001001
1111001000001001001101110110011010010
00000011010000101101000100010010
0110111101100010111001001111101001111100111011001011111010101
10110111001111111111
110101101111111111100110111110
1111011
100100101111101100110101111001011100
1110011111111110
11110001
111011111111111100010
011110110101111011101011011011
100110100111110111111000010010110110000111100111
0111111011010100000001100001000
011100001010001101110010010101111001111110011
1111111010001111100
010000
11111010001111111111101101
001111111101111111110011110
0100100101011111111111101
01101101101
000010
01011010101110100101110001101101
110110001
01111111000011001111111101011111111111001101
1101111101111101111111110
0
0
11
11
101001111111111001000011111110011001
1101111111111111110100001
1101111101100010100111111111
1011111111111011011100110
0
00
110100
111100
11
0000
010
111100010100
1100111
1
11111
0
1
1
1
11
1
111
1111
0111
0
10011
00110
1
001
010
0
1
0111
1
0111
0
0
0001
1
0
11
111
1
0
1
111
1
11
11110
1
010
1
0111
11
010
0
1
1
0101100111
1111
111
11
000
11
100
101111111
10
11
1111
0
11
1100
0111010
0011
111
0
011001111
001100
0
0111
1
1111011000
10
0
00
1
1
111000
101
1100
101
10
0111111
11
0111
11
1
000010
11
111
010111
1111
11
1
11
1
1
1
1
1
1
0
1111101101
0
1
1
111
0
0
11
1111
1111
111
1
1
11
110100
01110
11
1
1
0111
1
11
01001
1
11
1101
1
1
0
0
101
1
0
1
0
1
1
10
11
110
11
1
1
000
1
1100
11
001
0
0
1
1
1
1
1
1011
0001
111
00100
110
11
1
111
1
101
11
0
0
111
1111100
111
11
01
111
1110
11001
1
0
1
1
1
1111001
1
001
1110
1
0
011
10
11
1
1
1
1
1
0
1
1
1010
011100101
1
0
1
0011
0
0
0001
101
11
0
11
0001
111
0000
11
0
1
111
1010000
011
0
111
111110111
1
11
1
11
0
1
1
01
1
1
1
1
00011
00011110
11111
0
1
1
0
1
1
1
1
1
0
1
1
11011010
1
1
1111
00
111011111
11111110011
0
0
001
1
1
000
010
10011011
00001
1
10
1111
1
0
1
1
0
10
1
0100001
1
1
100011
1111
0000100
1
0
1
1
0
1
1
100
1
0000
1
111
1
10
11
11
110
11
1110
1011
1
0
1111111011001011
1
1
0
1
1
1
1
1
1
1
1
1
1
1
1
0
1
1
1
11001
1
1
1
1
01
1
1
1000000
00
101
11
011
111
0110
1111
101
101
101
1101
0101
10111
010111
00110
0
0
01
1
1
11
1
11
1
0
10101
1
1
1
1
01
1
001
1
0
0
0
1
01
0
0
1
01
01
11
1
1
1
1
1
1
1
0
0
1
1
11
1
01
0
11
1
0
0
1
00
10
1
01
11
1
1
01
01
0
10
1
0
11
0
1
01
1
0
00
1
1
1
01
1
1
1
11
0
1
1
0
1
1
1
1
0
01
11
00
1
11
0
0
00
11
1
11
1
1
11
01
10
1
1
10
1
1
1
01
01
00
0
01
1
1
11
0
11
11
0
0
11
1
1
1
1
1
11
11
100
11
10
101
111
011
01
0000001
100000
1
01000011011
0111
01
110011
11
11111111
111
111
1
11
01
1
11
11
111
111
101101
11
11
11
0
1
0
1
1
00
1
0
0
0
1
0
1
1
1
0000001000
0110111000001
1100100111
000111
1100101111
0
0
1
1
1
1
1110
01110111
0
0
1
0110111
1
11100101
011
01
11
10
001
1
00000
0
1
11
1
0010101
11
1
1
1
11111
11
1011
1100001
1101
111
101
10
0
000
01
0
0
0
1111
11
101101
11
1
01
11
11
0
1
0000
11100000110101011111001110010011
11
1
111010
1
000010
10100
0010111
111110
1111
1111
01
1
111
1
1
1
11110001110
01
0
11
1
0111100
10111
1101100
111
0
1
11
1
0000011
111
11
0
111100
101
00
0001
001
1
0
100101011
11
11
100
0100011100
110
11
1
1
11
1
1
1
0111111
01
000
000
11111011
1
001
1
01
00111
10
10
1
1
111
1
1
111101
00
0
1
1111101111101111111
0
111
111
1
1
00
1
110
1
0
1
1
110011
1
1
11
010
11
1
0
111
1
0
1
0
0
0
0
1
1
1
1
1
1
1111
1
01
01
0
11
11
11
01
01
11011
00
1
1
1
0
0
1
1
0
1
1
1
0
1
0
1
1
1
0
1
1
1
1
1
1
1
1
1
1111110
110010101
11101011
110010010
0111111
0101101
111110110
0111111101
0101000
11111111111
111111
111110
0
1
0000
0
1
1
1
1
1
1
0
1
1
1111100010
011
111
101
0
1
1100001
101
100
1
1
011
10
01010110110000
0
0001
100
11
11
11
11
10
01
000010100
1
0
00
1010101
001
1
1
1
1
0
11
1
0
111011111111
011111111111
1110
1111010111111
11110100110
11011010110
110111111
010101111111
111011111
1111101111111
011011001111
111101011111
1
0
0
0
0
0
0
1
1
1
1
0
1
1
1
1
01
1
1111
010000
110
000011
00
01
101
11
1
1
111110
1010101
1
10
1
0
0
1
0
1
1
0
0
1110
1
1
0
1
1
1
0000000
11111100
1
1
10
1
1
1101
11
11
1100010
01
1
1
1
10
0
1
0
1
1
10
11
1
0
11
0
0
00
10
11
1
1
1000001100
00101
011111010
01
011100
1
1
100101
1
0
10
1
1
1
01
1
10
1
1
11011010
1
0110111
00
10110110111
0
01
110
0001
00
11
01
0011
1
1
0
1111010111
0
1
11
11010100
0
0
10110
0000
000100
100110
0110110
0011
1
1
10
000
01
1
0
0
0
0
0
1
0
0
0
0
0
0
0
1
0
0
0
1
1011000111
01000
0011000
0
1
100111
1
110010001
11
0
00
1
0
1
0
0
1
10
0
1
0
1
1
1
0
1
1
0
0
1
0
0
0
0
0
0
0
11
0
0
0
0
11
1
01
0001
0
1
011011000110
0
010
0
10
110011
1
10
1
0
1
1
01
10
110001
101
01010111
11
0
1
11
0
100
11
1
11
0
1
10
00110
0100
11
011
10
010
00
1
1
0
0
0
0
0
1
0
0
0
0
0
0
0
0
0
0
0
1
1000
1
1
00
0
0
0
1
0
0
0
0
0
0
1
1
0
1
11
11
1
0010
100001
0110101
1000
1
001
100000
1111
0
0
0
10
0
11
1
00
1
1111
1
1
0
0
00
0
1
11
1
1
00
11101000
11
101011
1
0
0
1
0
0
0
1
0
1
0
1
1
0
111000100000010
11
000000001000
1
011
1111011010000
11
111
0
1
1
0111
01
0
1
1
1
0
0
0
00
00
11
1
0
00
0000000
10111
1
1
0
1
100101010
010010
1
00
1
1
1
0
01
10
0
10
00100
11
01
11
1
01
1
11
1
0
1
01
1
11
1
11
11
11
11
11
1
1
10
11
10
10
1
1
11
1
1
11
1
11
11
1
10
1
1
1
1
11
00
11
1
11
11
01
01
1
01
0
01
11
1
010011
11
11
10
0001100111
01
11
1
11
11
11
1
1
1
10
1
1
110111
0
1
0
1
0
1
1
1
0
1
0
1
1
1
011
00
1
1
1
100
11
111
10
1
111
1
1
1
1
1
10
10001
1
1
0
1
1
0
0
0
0
0
1
1
11
10
1
1
0
0
0
0
0
011
11
1
1
11
01
0
11
1
1
1100
1
1
1
1
1
0
1
10
1
1
1
111
0
11
0
1
1
1
1
0
00
01
0
0
01
1
1
1
0
1
11
1
1
101
00
1
111
11
1
1
011
1
1
1
1
1011
0
111
1
11111
1110
10
111
101
11
1
1100011
11
1111
10
00
1
1
11
1
1
01
1
10
1
1
1
1
11
1
10
11
1
111
1
111
11
1
1
1
011
11
1
0000
00
01
1
1
0
1
00
1
0
1
11
11
1
1
1
0
01011
1
11111010
1
11
11
1
11
11
1
0
01
1
1
111
11
1
1
1
1
0
1
1
1
1
0001
111
111
1111
11
11
1111
1111
110
1111
111
111
11
111
111
1111
110
111
111
111
101
1101
111
0110
11
110
111
1
1
0
111
010
11
11
11
1111
1011
01
111
110
1
00
11111
01
11
0
1111
1
11
11
11
10
1001
0110
11
111
011
111
011
111
1111
11
1
01
111
0011
101
011
111
0
0001
010
1111
1
111
0
11
100
111
1
0
1
1101
101
1111
010
111
001
0001
100
1011
00
10
00
010110011
1111
11
1010
111
11
11
01
01
10
01
11
0
1
10
10
11
1
10
1
1
10
10
1
11
0
1
10
11
1
0
10
111
00
0
000
0
0
00
0
000
0
0
000000000100000010000
111000101
000
1000
0
001
111
0
0
01011111000001
1
01
000
0010
0100111
111
1
011
11
01
10
11
111
11
1
111
11
1
11
1110
01
11
0
111
01
011
010001101
0
11
01
1
01
1
111
101
0
111
1
1
0001
1
1
0
1
0
0
1
1
1
1
1
1
0
0
1
0
0
1
011
100
000001
11011
01111
11110
010010
1110001
1
111111
1
1
01100
110
1
1010
010
11
110
0110
10011110110101000000
1110011000111111101100001011110
100011010000000110010001
1111111101101011
10001110001
111000011101111100010100011000101101011
11101100101111000011110000111
101011000000100110001111010111010000100100110010110001
000011101
10010011110111001001100011111000001110001101000100010101001110
1010001101101100100111010111010000
0111011011000001111101000111011000
011
0001011111011110010100000110
110111111111001100111110100101
111111001110010011110101100101100000
1001111100101110010100011101100110
101111111111100100010001010011100
111111111100111011111010000
1
0
11111001110111110101111111
0
1
0
0000000
11
1
0
00
1110
1
00
10
10
0
10
11
00
1
1
11
0
11
1
1101
0
011001011001111110101011100111000
00000100000000001010000
111111100011110111100011101100
1111000111001000110111100010111111111010101
110011101111111101010101
111011110100000011010011111011010111
10101100100010101110011011100001000001001100110111110011000111
1111
010111111011111110111000010101101100111101000
111101011010110100011001011
01110001111011010011110
0000110111101101100111010100111
01111100000110010100101
0000000000000010
01110011101111110010101111011110101
11010111111011110111001001100
000100
011100110001011101110000010100110010100
000010010100000000000
10
0001
000
00
1
1
011
1
111100101001001110
00010000111101110000001010101
1110101011100101
100110111111001111110001001111
1110111101
011110011111101001101100110011101
011011101100111111100011001111011000000111
0110110111000000000111
1101010110111011100010101110111
10100100011111110111011011101111010001011
0110111101
1101110101101011101
00110110010001001001110011110010
10110101011001111101
010111011100111001011001111100011101100000000111000001100101100110
110101101011111010011011011011
1
01011011101001100110011101101110000011011001110111011011
0011010011100011100001111001100110
10111011010111011
1111111010111001101100110010111
101011111111000011
0011010101010001111101100100
001111111100111101101010010000000001100110
0011111010110000000011100
1110101100001101001
010111001111010101101010111010011000010011001110111000
0011100011001101110
011111011101111010000111001011110
10011011111011111011011110110010101110100
101001000100001011011011111110011011110
11001000101001010001000111000100101010001111101001111110101
010011111111011001001111
1101111000110011
000
001001000010100001011100001000001011110001000111001111
1011110011111000111
1111111111001
101111111
1100111111010111011
111111101111111100110
1101111111101101
0111111101101010111101
111000100100000111011100111001101110101111111010101111010101
10110010111111110001101111000
1000100101101110011000010010111100110010
1100111111100111011000101101110111111110011
1011110110000111010111010111110010111
0110001110111101111011
101001001
0011110111111
00111110111111101110011101
010111000101111110110110011111101111101
11101011111101101101000110101100111110100
00110110101110001101001110101100010001100100110111011010010100101101111100000000
00101101101011010110111111011101
00001111011100110011101110011111
0100111010111000111011
011011111001000011000000111110001100110010011010000001101100100
1011000010101101110001
11
1
1011100
1
11
110001
0
000111101101110011110111100101001000011001110
01011
1110010
111
00
011
11111
1111
11
0000001
110
00101010
10110001
1011111
111110101
110000
111001
111
0110011111100
111111000
0011
10011
11110
110011111
1101
01100011
01101110
1011111
101001
0101111010
11100000
1101110
11110010011
1110010
11111
0111
01111001
0111
11001000
1011011000
111
11101
1110
111100000
000110
1011001001000
1111010100
11101
11101001
010010000
11
111
101110011
1101111
011
0111
11
11111
111
011
1011
011011001010010
111100
1000010010110
111
10
1100111
11011000
011011111
001100
101
10010101110001110100111000110000010100001001100011011
1011
0001001110
01110110
0101
0
0100
1
1
0000101
10
0
1
1
1
110
1
01
0
0110100011111010110110010111000101100101
1
0
1
110
1111
0
1
1
11000
000
1
1
0
1
011
1
0
1101101
1
000000
11
1
0
0110
001
0011111000011
1
1
0
11
0
1
1
1
00
11
1
10
0
1111
0111
01
00
1
0
10101
0
0
011101010
1101100
01011110
1010
11111
0
10111
1
1
0
0
1
0011
1
11
0
0
1
1
1
0
0
01
0
1
1
0
1110111
1111111
11110000110
11011011001110
1111
1011111
01110
01001
1101
00000010000
101110110
1110111001110
110111
110110110
011100011
1111011011010
01000111100
00
1001011
11111000
011
1100000
0
00
1
1
1
0001110110011010101111100101011001000010110011100111
011111111111110111
11011111010101
110111111011101110111011111011
01111000111001111
01000100111011101000000111110010
1111111010010
1001101110010111010100111001000011010
111010110010000011
01001110110111101100111000100010001010100
0111010011111
1111101001
11111
0110011110101101000010111111
01100111111111000011001100
11111
1010111000100111111000001011110011101011011
1000001010010111001110101110001100110
11110101100011111111100110110101011000
1
10
1
0
101101001
1
111
1
011001011
1111000
100001
0
1100
101001011
0101
10
1001
1
0
0
1
1
1
0
1
00000
000000
00000000
000110
000
0
0
0111
00000011
1111110
0000
10000110001000
0000000000000
0
1111
100
111011
01001
11000
0
0
0
011
01
1
11
0
1
1
1
11
1
1011
111
1
1000111000
111
11001
110101111010110111
101011101010111
1010001
11
10111
111
1100
0001000
1
1
100
1
0
1
0
11
0
01
1
0000
1
0101
1
1011001001
01
11
000
01
1
00
0011
1
0
0
00101
11
1110
11
1
1
0
1
110
000
01
1
11
110
11
1
00
11
1
1
001000101
000
00
1
1
1
11111
111
1
0010
0
1
1
111
1
0
0
00
0
0
0100001111011
0000
10011101
01
0
000
0
0
1
00
00
11
00
11
1
1
1
0
1
11
1
0
11
0
0
0
10
01010000101101100
0000000
1
11100
10001110011
100000111100
000011111110000010111001
00101
0110101100001101110
11010100100011010000
11001
0100011000
01011001001
011111
0011
1
1
11
0
00
11
0
11
1
10
1
1
00
11
10010
0111101
10000
11111
1
1
0
0
1011
11
11
11
011
11111
011010
11111
1111100111
111111
0111
1
111
111
111
1111
11111
1110
11111
10
00
000110
0001
1
101111
11010
011111
1111
1111
10011
1
1111
11
111
11111111111
11
11
1011
00110011111011
111110
11
11111
0111
111
111
0010
1101
11111
0111100
01100011000
11111
1111111
111
001001110
101
1
1111
10
10
111
111
111
11
011011101
111111
10111
11
1111
1111
111
01111
01111
1
011111
11111
1111111
111
1111
11111
1011
11111111
01111
1111011
01001
11111
1
001
1111
110
01
111
00
1111
1111
1111
1
1010
1110011111
010000
1111
00
101
00
0111111100
111111
0111
01000
0
1111100110010
11
11
1111
1101
01
1
01
1
0
0
11
1
1
1111
0
0
1
1
0
0001
0
0
11
0
10
0
0
0
1
01
010111101000011111
111111
111
1
0
1
1
01
0
10
1
0
1
1
1
0
1
1
1
0
1
0
1
0111111
111100000110000111011010000000011110000
111111001110101101111101010000011010
11111
111101111100010110011100
01111011001100110101001110011
0111100000110110110
1111111111011111110
1110011011110000000100001111
0
01101111111110111000
1111101100111111101000001110101
1111
000
1
1
1
0000000
10100
111
110
00100
11
1
11
10
10
1
10
11
1
11
0
11
0
10
1
1
11
1
10
01
001
11
101
001
1
11
001
11
11
0
1
1
0011110011
0000110111100011000
1000000
0
1111011000101
00
1
0100000
001
1
01
000
00
1
1111
0
01001000
0
1
010
1001
111011010
0001
11
01111
111
101
0
1
1
0
1
1101001
1
10
00
0
0
0
0
0
11
100000100
0
1
1
0
1100100
0
1
1
0011
1
111
0
1
01
00
010
11110
001
0010010
10
110
110
0000111
1
010
0
11111
10
100
0
0100010
1
0
1
000
1
01
110110010
00001
0
00
1
000111100
1110111100
0
11
0000001111
11
1
1
0
1
0
1
1
1
1
1
1
1101
1
1
1
1
101
00
00
01
1
00
11
00
0
1
000110100
111
1
110110
0
00000000
11000
0
110001
1110110
0
1
1
1
111111000
00
1
11
0
11
1
01
11
11
0
11011
11
00000
0
111111
0
01
111
0
000
1
00
001
11
0
000
010
100
00
0011
10
100
011
000
1010
01
11
0000
0011
010
0
1000
0000
01
11
00
1
10
1
0001
0
11
001
01
011
01
1
01
0100
000
001
1101
000
0000
1
101
10
1100
0000
00
111
11
1
100
011
10
1
1
1
0
100
01
10
000
0
0
11
001
01
00
11
1100
01
10000
01
10001011
0000
001
100
1
000
0
00000
0000
00000
01
00000
0000
011101010101000
111010
01010000111
111
11100
1
10011
0
11111
0000
101111
000
1
1111
11
00100
00101
11
00
01
110
00010
11011101
1
1100111
11
0
000
0
0
1110
00
1101000000
1010
01
0
11
0
11
1
111
1
111
0
1
00
0110111
011
1
1
01
0110010
110
1
1
1
0
01
01
1010111
1
00111
1
010100111
0
1
1
01010
0010101
111
111111
1
11
0
0
0
010000
1
11011
1
0111
1
1
1
1
0
1
0
11
0
0
11
1
1
1
101
1
11110
011
01
000100110
101001001
110
11111
1101
1101
0101111
01010100000
010111110000
0000
1
1
1
1
1
1
1
11
01
11010
1000010
10
01
01
1
11
1110
0000111100
1000
1
111101
00
10101
110001
00111
111
111
001
1
0
1
1
101
00000
11
001
01
000
1
10
00
1
001
01
11
1100
00
0
1
1
11100
1
00001000000
1101100
0001
0000
1
0000011
1
11
1
0100111
1
001
100001
0
1
1
1
01
1111
1
1
00
000
1
0000
0100
100
110
11
1
0
10
00001
01
10
10
00
1
0
1
101
01
0101100000
0
10
0
011
111
100001
1101001
1
00101
0
0010000
01
10000
000111
000001000010
1101000011
1
100001000
110001
11
001
01
1
101
1
1
0
011
0111
11
0
1101
0011
01
110
10011011000001
01
110
00
01100
0
010
11
10011
0
1
0
111000
1
1000
0
0
1111
0000
10000
101
11001
00100
011
0
101000
0
0
00001
01001
1
011
000
10101
1
0
0
1111
101
10
0011
1
0110001
0
1
0011
1001
111
11
0100
0
0
0
111
0
000
10
100111
0
0
0
1
1
00000000000
1
1
0
1
1100
0
1
0
0
11
1
001
1
1
11000
1
01
101
1011
0101
1
111
1
0001
1
0
000000001
1001
111
10
1
101
0111
0000000
11
1
111
00
011
1
11
00011
101
110000
011
1
0
10
1
110101
1
11
1
001010
100
00
01110
0
11000
0
10
000
0
11000
0
0
11
01
11
0
11
0101
010
1110
0
10100000011100000000100
10010001
011
111111
1
000001
1
011
11
01
1
11
11
111
11
10011
1
00100
00001
110111
0
0
101110
00011
01
100111
1
1
101
10
0100
1
000000
011
10
111
01111
000
111110
1
0
1101100
0100
1
10
111
001
1
1
11
001111
111
1
10111
011001
001
011
1001
001
11
0
101
1
1
100
1
1
011011
011
0110
1
0
1
1
0
0
0
00
0
101
0
1
1
1
1
1
1
1
0
1101
1
0
1
0000000
1
11
110
1
1
1
1
0
1
01111111
0
0
000
11111
101011
00
1
1
11100110
1
0
11
11
110
0
1
1
1
111
1
00001
00
11
1
1
1
010
1
0
10101
0
1
011
11
0
1
11
1
1
111
01
1011010
1
1011
1
0
11
1
0011
1
01000011011001000000000
000
101
1
1
1
11
0
1
0
1
1
11
1
0
101
1
0110110
1
1
1
000
1
1
1
0010
111
1
0000
1
1
111
1
0
1
0
1
1
10011
001
11
0
1
0
1111
1
1
11
1
01
1
1
0110
00001
1
1
11101
1
1
1
0
0
1
1
1101
100
11
1
1
1
1
10110
1
1
1
0
011
00
0
1
0
1
0
1
1
1
1
1
1
0
1
1
1
1
1
0
1
1
0
1
1
11
01
1100
11
101
1
000
1
0
1
1
1
1
1
1
1
0
1
10
1
0
1
10
1
0
1001
1
1
001
1
1
1
1
1
10000111
1
1
110111
1
1
1
00
0
111011
0
011
11
1
1
1
1
10000
0
0011
1
0
1
1
0000
1
00000
110
1
0
1
0
1
1
1
0
00001
11
1
1
1
1
0
11
11
1
01
1
1
10
1
1
11
1
1
1
1
1
1
01
1
1
1
0
1
00
1
1
1
11
1
1
0
1
11000011
1
110
0
1
1
0111
1
1
1
1
0100
11
11001
1
1
1001
1
110
1
1101
1
0
10100
111011
1
0000010
1100
00
01
11
000
1
1
0
1
1
0
1
1
1
1
11
1
0
1
1
11
01011
1
1
1
0
11011
1
1001
101
01
0
0
1
