01
1
1
1
1
1
1
1
0
1
1
0
1
0
1
1
1
11
1
1
1
1
1
1
1
1
0
0
1
1
1
1
0
1
1
1
0
0
1
0
1
1
1
1
1
1
1
1
1
11
1
1
0
1
1
0
0
1
0
1
0
0
1
0
0
1
0
0
1
1
1
1
1
1
1
0
1
1
1
1
1
1
0
1
0
1
0
0
0
0
0
11
1
1
1
0
0
1
1
1
1
0
0
1
0
0
0
1
1
0
0
1
1
0
1
1
1
0
0
1
0
0
1
1
0
1
0
1
1
1
0
1
1
1
0
0
0
1
0
0
0
0
1
0
0
0
1
1
011
10
1
1
100
00
101
1
011
0
000
00
1
0
01
110
1
0
001
1
101
1
01
110
010
1
1
11
0
1
10
01
01
01
11
001
00
1
11
01
10
10
1
111
01
0
010
01
01
010
11
101
0
11
101
110
001
111
11
110
001
11
01
11
0
11
1
01
10
010
101
01
01
101
10
01
001
01
10
111
0
101
1
11
101
111
1
01
0
1
0
01
11
01
0
010
01
0
01
100
111
01
01
100
00
100
0
01
1
11
1
01
111
011
1
10
01
1
00
11
01
00
01
011
001
0
111
111
1
010
1
10
01
1
001
01
00
1
1
11
11
10
010
0
01
1
0
1
001
010
0
10
00
10
0
10
01
0
11
111
111
01
101
1
1
0
0
0
0
1
1
1
1
1
0
0
1
1
1
1
1
0
1
00
1
1
1
1
0
1
1
1
1
1
1
1
0
0
0
1
0
1
0
1
0
1
1
1
0
1
1
0
0
1
1
0
0
0
0
0
000
0
0
1
0
0
1
1
0
1
1
0
1
0
0
0
1
1
0
1
0
1
1
1
0
0
1
1
0
11
0
00
00
1
0
1
0
0
0
1
0
1
0
0
0
0
0
0
0
1
1
1
1
0
1
1
1
1
1
0
1
0
1
1
1
1
0
1
0
1
1
0
1
0
1
1
1
1
1
1
1
1
0
0
0
1
1
0
0
0
0
1
1
0
0
1
1
1
1
0
0
1
0
0
0
1
0
1
1
1
0
0
1
1
1
0
0
0
0
1
11
0
1
1
1
11
0
1
