1111
110101010
1111110111
11010
101110010
1101
1
101
111
0
11
001
010
1111
111111
11
10111
11
1000110
11
1111
1
100111
1
11
110010
111
11011100
1
1101111
00111
11
111
00
111011
1
111111
11
0
111
111
11101
111111
11
111
100000111
1101
1
1101
111
1111111
11101011010
01011100
11111011
111
1000110
1
11
111
00111
1
1111101
111011
1111
11
1111
1111
1101
11110
0
11
1111
11
110111111
111011111
00000000
1111111
11111011
0111101
11111111
11
00000
1111
111
111
111
11101
0
1111101111111110
111
0101
10
1011
1
01111
11101
110111
1
0111
11
1110100011110101
1011111111011
00011110000000110000000000000011100
1111100111101111
0100000111111111000
11
11
111111111111111
1111
11111010000101
01100111111
1011
1
1111111101111
0111100111111011111111
11111011111111
001
1
11101100111111010111110
10011011111
11
11011001
111111
1
01
0100011
10111111010111
00110111111101101111110111
0111101101101
1111111
111
11
110111101011011
001
000011
111110001
11111111111
000001010111101100111100000
10110101
10110001110010100
11101111010
11010100010001010
00111
1011
110000000001100
100010
111011011
1111
1
1111
11
10111
1101110010000010011
11111111111111011111
001
01
111010
1111
1111110111111111111011
011101111111
11
101101111101
1100011010
11
0000011
1011101101
11
1111011000
101110111
1111111011111
0110111111110111110
10111011
1110111111
0011011101011111
01110101001100011
01001010
1010000
0000001000000
11110
11111
011001
1111101
10111000
11
1111
0000000
101010
11
10000001
001
0000000
11100101
1011000
100100
0000
0011111
1111
000000
0000
111
111
111111
100010
0000000
111
100000
000000
011111
11001
0
0
011
11
11
11
1
111
111
101
111
00000
11111
1
1
1010101
1111
111
111
0101
0
100101
0000000
1
101011111
01
0000
000110100111000101000001000
00100000
111
1
11
01111
1011111
1101111
111110
111111
00
1
011
11111
111111
000000
0111
01111011110101111111011
1111111111001111
1011011
111111011
11
01010010110110000111000
11111
1010001
1111000110110001
11110111111110
001010011011
01000110001
0
11
11
111110110011111111101
11111
10111
0011111
111111
111111111111101
1111000101
1111111111100101111
01111101111
11100001101
00101110
011111111101011111111
11111000101000000
111
1111001111111110
1111010
1111
1100111011011111
0001100
11101100001
1111001110111111
11111
010111
111111111111
10000100111101011
00000000
01
01000010000000000100000000
110
110111111111001001
110011111101011111100001
011101011110111011111111111
111
11111001111111111
00
001
111
0000010111111111011101
1111011111110
11111011001
111111101111
11111111111
101111011100000000
10101
00
0111011
00
0111
1
0001
11
11
11
11111111010010100111
100111111111010111111
0111111110111111
10010101111111001111
111111111111101111
1111111000101
1111111111101111
1110111111
11111111
111011111111
11101101
111111011101
0100111
11111
11111111
1111100111
1111111101101101
1111111111111111
111111111101101111
011111111111101111101
1111111111111
11
11111111011011
111111
000
01011
11101101111011100011
01
111111111111011111111111100
111111111101111111011
10111111101101110011101110111
1010100111110011111111100111
110001111010
1111111111111101
111101010111011
1111110
11111111111111
011111111111010001011101011
1111
1111111111
1
11111111111101111
11111111110111110111000110
1111111111010111111
1111010111
11
1
11111111111111
111110110111
1101011000111101111
1111111111
011011110100
11
1111111111010111110
011111101110011111
11111111111111
1111111111110111
111111011111111
111110110111111101
110111111111111111110
111111111111
111111101
111111
1111111011111111111
111011111101110001011111
1111101010111110111
01111111001110
111111110111100010
1111111111111
0111111
11111111101111111
1111111111111110111
1111
1
111111111111111110
1110111111110110111110
11111110101111
1011111111111111111101001011
111111111101111111
1101110111111111
0
110111111011101
11111111110111111111
111111111111011111
111011111111111011101011
11101111001
111111111111111
1101110011111010
1101111111111011101001100110
1111110111111101
11
1101111100011111100
01111101
111111111000
111111111
1111010010
111111
111101011101101
11
0
1011011
1110101
11100111100
0101110101
0111
111
1111111
110111011
10001011110
110111
110011
111111110101
1110111011
000001000
111111
1
10
000
0
11
1
011
1111
111111100111011
111111
1111
111101110
011111
0
1
011
00000
1
1000
1
0
011
00
1
111
1
111
000
11011111010
111
10
0111
111
00001111
11
11111
11101
111
1
1111
1110110
01
111
11111110
11
1
11
11111
11
00010111001011011101
111110111
111111
11011111
111100111101
0111
111110
111
100110100110001
0011
00000
01
11100
0000111011101000000001000111
11
111
111
11111
111
100011
100
1
1
11
111
10101100
10111
111101101
01
100
01
1000
1
11111111111101101110
11
1
10000
11
1
11
00101
11011
01
11
101
111
0010
1100
1000
11
0
0011
110
111100
1000
1111
110
1
1
10
011
011011
100
10101
00111
111100
1001
111
1
001
10101
1011
1001
011110
0111
111
11011
1
1
010010
111
101000
10
11011
1110
011
011101
00011
111
111
11011
11011
10100
111
10011
00011
010
111110
0
101
11
11000
001
1
111
11000
111
1
1101
00111
1000001
10111
0000
10111
10100
000101
10111
10000
1
011
1
1
1
000110
0001001
1
111
11
00001
111100
111
111001
11
11011
11
11001
110010
1011
0100
11111
01
11101
00001
1000
11
0011
11101
10111
1101
011
000
111
111
001
0001
1
00001
11010
1010
110
00001
1010
10
11
0011
11010
1111
1100
110
111
111100
011
11101
0
001
001110
01010
001
11000
1010
1000
111011
1101
10111
01
10010
0001
11
000
1
111
11000
00011
101010
011
101
10000
10
1111111111011
100
0
111111111101110
1110110011
1
0001100
01011
11111111111
111
0
0
111
101
00
0
000
0
0
0
0
00
0
0
0
0
0
1
0
1010
1
11
01111
11101111
1110101100
11111
11111111111
11111111111
111
1111111111111111
110110111111111111111111111111101111111111111111111111111111111111111111111101111111111
1011
0000001111
1111
11101
101011111111111111011
111100
1
101
111
11
1
0101
1
111
1
0
1
0
0011
11
1111
01111110
11111111
01101
111110000
1101110
00101110
111111111
011110
11111111
111
111111110
1
1
1
1
1
1
011011010111111
1111111011111
111111111000
1101101111111101
0110111110111111
110111
11
11110001
111001
11110011101101
01001110000
1111110011111
1110
1001
11
111
111101000
11011
11
1
01
11111
01110011011
111
110
11010
101
10
0111
1111
1011111111101011101
11111
1100
110111111
11
11
1
10
0011
11111
10111001
1111
1111000
1011
11
1111
1111
110
0111001010
111111
1
11011011
11
11111
0
1
111
11111111101
111
111111
1
1111111
0
11
0111111011001
11
111
1001111
0111
001111000
11
111111111
111111
1111111
111111101101
1111111
1111
01111111110111110111111
111
1001
000000
11001011
10
1101111011110100110011
111
111111111111111
1101
10111
01111
1111
111111
1110
1100
01111
0100
1111
11
101001
11111
010
11
111111
011111
011
0001
10101
111
10000
011
0100
0101
11111
010
1111
0110
11
10
11111
11
1000010
111
10111
11110
11
1111
1000
0111011001000110
10101000
100111
00000010001
10111
111001111
11111
11100111111100
101110011111
110011
1101100100000010
101
11
11110
111111111111
1110111
1111110011
0000000
1111110011111111
11100111111101110101111101
111111111111
11011011111011111
11111011111111
1011111110111111
111111011100111
110110111111111
11111111111
1110111
11111011111111
111100011110
0011011101
1000110010101
111111111
111111
111
1111
11100
1111
101
111111
111111
1111
11111
1101
111111
11
11100
0000
110
1111
11011
111
1000
01001
1101
111111
11111
100111111101100
10101
1010000111
00
11
101111
1001
11111
1
111101010001
10
1110
011
01000000000001000
00
10
10011
11001
111010
011
011011100
1111111111101
11011101111110011
1111111111
01110111111
011110010011111110
00011
1110111
1111111111111
11
11
11111
101
10
01001000111
0111
110111
1111
11
111
11
111
11111
11110
111
1101
1
11111
111111
111
11111
011
000
11
1111
11111
11111
1010
111110
11111
1111
111111
01111
10111
11101
11110100111011010000
11111110001
11101111
1111001011111110111100110111
11111111111
10
111111111
10111
111111
1111
1
1110011
1011
11111
11
11111
010111
11111
0111
00110
11
00111
011
111
0111
110
0101
1111
11011
00000
1
11
1101
1111
110
111110110111111
1110001110
11111011
1110
1
111
100
1110
110
0111
00
001
01110011
11111
1111
0
001111
11011
0
111
101010001
1111
0
1111110101011011
1111111111101
111111110111
111111
01
11
11111101111
111111110101110001
001011
0101
0100111011110111
11
111101010111110
11111110111
11100111111101110001
110000101101000110000011000101111100
1111111011000101100
00000
1111111111111
0
11111101111011101011
110100000000
00
0
0
1110
110111
11111111
11101111
11111011
1111
1001100
0110
1010110111010111
111111
111111
0111111001
1011110
11111111
0111111110111
110110111101
100010111111
00000
11111
110101011111
11100111110
111
0110001
11101111110111
000
1111
11110111
11
1
1
1
1
1
1
1
1
1
1
011
1
111111
011100
01111
0000000
1111111
0
1101111111111101
11110110100
111111111011011
0111
011111110110010111010
11111011011001
0110111111111
111111
111000
101011110011100111001100
1
11111111
1111111
10111111
1
001
01011010
110111
11111111
11111
11011
1111111
111111
101111
11101
111110111110
111111
001101
1111
1001
0000
1111011111110
0
0000011000011010
00000
1010001
111011
1101111
00000
00000
000000
111011
00100
000000001
001
0100
0000
0
0100
011
01
11
10001
000
11111
1001
11
000000
10010
0000
111010
11011
100010
11111
1110
01111
11001
11111
1000
0000000
10
11100
111111111010
0010000
111111111111100000001110
011010000001
101011100001
1111111111
11111111101
011111111101
11111110101110101
10000000
111111111
111
111010100111000000101
010100010
00
01111111011111111
0001111111
0011
01101110
1001100000110
00001
0
0
1
1
1
1
0101010
1
1
1
1
1
1
1
1
00
101111
01110
11111
11101001111111110
000001001111000
11011001101
11111111
1110111
11111111
0110100000011010001
00000000100
000000
001111111
1111011111001
11010001
11111011010
1111111111011111
10111110
111111111111
10000
011000101
100111011
1100111111
1
11011001111
11011
111
111
11011
1111
1110110
111111
11111
111111
11
0011
11111
11111
1000
10111
00
100111
1000
0000
101
11101
101111
1111
10111
11001
10010
1
10
1110
0
11
11011
01
00000
10
11
01
1111
1111
1
100011
000001
1011111
1111
11011
1101110
0000
0111111
1111
0000010
11111010
101001111111111
110100
11111111
10000
11111
101111
110101
00110110111011011111
11010010101101
01100
111111110
110011111111
1111111111000
011111
010111011
010101101111
11000011111001
01001011101
10110110111
111001110111
1110010011
111111111
11111111
0111111111
0000111
11111010101
1111101101
11111
1111111
011101
1111111
111100
11111111
11111
11001
101101
1111
111011
10011
111111
0000000
1011
11011111
1111011
11111111
0000011
1111
1000000
1
111
11111
11110010001
0101111
11111111111
1111110111111
00
110
010
11
111
101111
0000010
000
1011100101
111
1
1
1
1
0
1
1
1
0
11
1
1
1
1
1
1
1
1
1
1
0
1
0
1
1
1
1
1
0
0
0
0
011111001
00111
001111011111100
000000
0000000
1110
00
110001
0010
01010101111010111111111
000000
10111011110
11
11011111
11111101111
1111110001110100
1
1
1
1
1
1
1011
1111101
110001101
101
001000010
1
111110110110
111111101011
11101111111
10100111111111111
111110101
1111111111
111111110111
1
1101
1101
110011
000111
1011100
00110101
1
1
0
1
0
1
1
010010000
1011
111
111010111011
00000111001001
0100000000101
0001000000
111
11100001111010
11111
1111
1110
111111
10100
0
0101
1111
0011
111100
1110
1100
1100
0000
0100
000000
0100
1110
0
0
1
1
1
1
1
1
1
1
1
1
0
1
0
1
0
1
0
0
1
1
1
0
0
0
1
0
110011010
1100
0101
1
1111
1101
1010011
11101
10
101101
0
1
0
1
0
1
0
111
1
1
0011
0
0
010
1000
10000
11110
11110
10110
0110
01000
11110
101111
10
1
1
0
0
0
0
1
1
1
0
0
1
1100000
1011001
110
1100001001
000
0001
00011
1111
001011
10111
11001
11000
111011
101001
001101
10000
10111
11100
10111
111
1111
11111
001001
10
1010
0010
111
1
0
0
0
1
1
1
1110
11111
0
1111101111011011
00001110000010011000
11
111111
0101111110111
11110111111
111111
011
1
1
1
1111
010100
1100
1011100
11
1110
011
1110111011100100100000001100110010001
111
100
0110
11101
1110
101111111110
011111101101
011
1111
1
1111
111
111
1
1111
111
011
1111
11
111
11
10
11
11
10100
1
00000
0011
1100001100
00101
011
11111110
010110
1011001000
0
0
1
0
1
1
1
0
0
1
1
1
1
1
0
1
1
1
1
1
1
1
1
1
111
1011
11
000101110
0111111
110110100
10111
11101
100
11000001
0
110
000000
11111110
111110
0000000
1
0
1
0
0
0111110101101
1101
111110111010001
0111111100111000100
10011110110011010100011010100000
01111111100111
11111111001
11111101011
111111111001
000110111111
1
1111111111
1
1
1
1
1
1
11111
1
1
011
101
11110100100
11100011
111101010101
11001111
110011010110
1111101
11111010001011
10110111
111111001110
11011110111
11111110100
1111001
0111110110101100101
1110110111
111111001
11110101010
101111
111111001
1110011
0111111
0111
111111111111
1
1
1
1
1
1
1
1
1
1
1
1
1111
1
11111011111001111
0010001
1
11
0111
1000
1010
011
11111
1
1
1
0
111
11
1
101
0
1
0
11
000
1
0
0
1
111
101
1
0
110000000111000000
0000000
11
1010
1101
1111010001011
11
00100
1111
111111111111110
1111111111
1011011011
111100
11101111110
111110110
10011
110111
001000
0011010100
1
111111101101
11101
001000100
111111011101
111111111111
01111111
10
111011111
110010000
101111
00
011101111010
1
1
1
011
111
1
1110
1110111110
111
1
1
111
110
000
1
11
1
101111111111111111111111111111111111101
1111111111111111111
11111011001111111111111
111111111110110111111110000111101111111111111
01111111111111111011110101
1111111111111111111110111111111111111
11111010101111111100011
11111111111111111111111011110111111111101111
111111011111111111
11111111111111100100111
00111011011111111
1111111111111111111110111111111111111111
1111111111111110101011101
11111001111111011111111111110111111
111111111111111111111111
11111111111111101
01
1
10011101110
010111
11101
00011110000000001111000110001100001101
000111100000011110
1111111110
01111111011
1011
1111010011110
11111
0
11
011
1100
00000001
00
0
1100000
00
1101100000000111001101111
1011100
00
10
10
0000100100110
1
0
11
1
10
01
1
0
11
11111
101110001001111010011
111111111101111100
1111
11110011
111111
000000000101010000010100100000000101010000
1011111101011101101111
110110
11011010111110
11111111110100
010010111010011111101
101011
111
1001
1
110
1
0
00
0011
1
11
0
1
1
1
10
000
1111111011110
00
11
11
11
1
11
11
11
1
11
1
11
11
1
11
11
11
11
1
1
11
11
11
1
11
001
0
1
11
0000
00
1
11
101
1
10
11
0
011
00011110010
1
1
111
11
101
011
1
01
1
1101100
11
0111
1111
1111111
01000000
01111
1
0000
10
00
01
1010011
10
1
010
11
1
10
101
01
0111
011
111
11
1111
1
00011
11
111
1
11
11
10111
11111
11110111
1
1111110
11111
111110
11
011010
11
0
01
11
011
1
01
11
0
1
11
11111111111
111011110011111100
1111111111
11101111111111
111111111
11011111101
111111101101
1101010111001111
11101011111111
1101111011011001110100000
1011111100110110110
11111011111
1111111111
101111111
111111011111011111
1111111001101
11111111111
1111011100111111
1
0
1111111111
11110111
10
0010
11010010111101111100111
0110111111111111
1111110111111
1111111111101011
111010110111101111
1001
1011111100
11111111111101
1111111101101110
11111111001
01010011111110010000
11101001111111111110
110111110011111
0110101011111011
000111110100
01
0
111111111
111011
1
1
11
1011
11
111
0
110
1000100
1
0
11100
1
1
00111111110
111110
1100110111
11
11111111000
011011
0000
1111
111111
111
1111010000000000
11111
1111
111111
1110
00
00
111
111111
00
11
10
11
110010111111111111110
111110
10011011
0110110
0
10011
00
110
1
111
11
001
10
0
100111
11
1111
11100110111
110
10111
0101100011001001010
1111101
01001101100110101
01111010110
10100111
011
00000110
1111
0
1
11
11
1
1
1
11
11
11
11
1
1
1
1
1
11
1
11
00000100011
1010011011111
0
1
11
1
11
1
1
1
0
11
0
11
00
100111100101011100011100
1
1
111
11
00
110
1
1
01
00
01
10010
01
11
10
1
11
11
1
1
1
1
11
11
00
0
1
11
1
11
00
01
0
0
1
1
0
0
00
00
0
11
1
00
0
00
00
0
00
0011
1
0
1
00
1
00
1
11
00
00
11
00
1
11
11
11
00
1
00
1
11
11
11
11
00
01
0
00
1
1
11
1
11
11
11
11
00
11
00
11
1
11
1
11
11
00
0
11
00
1
00
00
00
11
11
11
1
1
00
00
11
1
0
01
10
00
0
111111110011110
11
11
11
10
11
1
11
11
11
1
1
1111
110111
000
00000000000000
0000000
00
111111
000001100
1000000000
011
000
00
01110001
1000010
1
000010
0000000001
000
10
0100010011
0001001000010
01111110100100100100101101100
011
0
00
0000000010100
011
10
000001000000000000
11011
011
00001000000000
01000101000001000000010010000000
111001000010000010
111
1000100110111010001110011000001
111
010
00111
101
1
1
111
11
11111101
11
11
011
111111
11
111
1111
1111
110110
11
11111011011
1111000
1110001
111
11
11001
1
010001110111
01111
00110111
11111000011
110
01000111
111011
011111001
11111
111111001
111
1011
11
1011
00
11111
00111
1111110110110
111111
11
11
1
111
110111
1
1111
111000
110000000
11011101111
111101
110111
111
111
11000011100001000011101
001
110100011000111011111111
10111001010111100001
1
111
1111
11
0
111
1
1
111111
110111
1110
1
1111111
1111
111
00
0
0
1101010110000
0
1111111
111
1
1111101
1111
11011
1111
11111
1111
1
111111
11111
00
00011001000010000010000000
000
001
1
11101111100111
111110
1
1
1
0
1
1
1
1
1
1
1
1111011
111101110100101101010110
00100110100111000
001
1010000000001010000
0011100000001
1
1
1
0
1
1
1
1
1
1
1
1
1
1
1
1
1
1
1
1
0
0
1
1
1
1
1
1
1
1
1
1
1
1
1
1
1
1
1
1
1
0
1
1
1
1
1
1
1
1
1
1
1
1
0
1
1
1
00
1110001010
0
0
1
101
00001110000011
01000
00
11111101010001
0
11110
10
001
01
01
11111111
01
0
111111111111
01111
1111111101
1111011
111111111
11000
11111111
110011101
0
110
11
11011
11111
1
11001
11111111
11110
00000110
011111110100
1101011
111011111
111111
1
0000
111
10111
110
1010
1111111
111101111
111111101
11001100101
0000
1
11101
001
11
1111
111110111
111011001110011110011000001
01110010111110111
111111000101
1111101111001111
100000011110010101101111
110011011100000111101010
111101
10111
11111
100101
11
0101
001111
101111
100
1111
11101110
01001
0
0100
0011011
01111101
00
011111
0
111
11
111
0
111
01111111
100100
11111101
11110111100
101111111011011
1111111
1111011
11011111
111011111
1111100001
111111011111
111010101
1111110111
111
011101111011111110010111001011011
1111
001
1110010111
11001110110101110011
111
111010
1111101111100010
111111
111
111101011111
101110
101011111001
11111110000
11100111
1111111
1
10
1110101111001011111
111010101
1111
111
1011
1111
010000
000
11111000
00001
000
00000
1
01
1
010
0
1
1111
011
11
1
101
1111
011
1
111
110
11
1111
111
1
111
1
0100
0111
11
11
1
111
1111
111011111
1111111
0
1111
11101110101011
11111111
01010010
0000010
110111000
0101001
11101
0
1
111000111110001110011100000
1000
1
0
01
111001100010100110000000
010011111100111110010
100101100011100000100000
11111
01110111101010111001
01111110110
111010110
11
1011
11
01111111111000110
0
1
110
1111
01101111011
1
11
0
0
00000011111111100
0
01000110
01
00
0
0001
0
1
0
00010
00
111
0
00
111
0
0001011110110101101101
000010100101
0
01
0
011
1001011110110011
0
0
001
0
1100
01
0
11
00
00
1111011001111110010111101
1
10001
1
0
11111011011111
0
10010111
0
000000000000
1
11
0
000
001
01
11111
111111
11111
11111101
1111101
100111
111
11111
11111111
101
0
11111101
111
111111
10111111011
11
11
0111000010110111011011110
1110101
11111100101111
011
1111
11
1101
111101111110
10111
1110
111111
1
1
0
1111
1110101110111
1111111
011111110110111111
11110000000110010
11101
111101111111
10011111011
1111
101101110
10111
11110011110010101011110
11101111111101
110101001111110100101100001
11111111111
0101
011111
10111111101
1111110
111111101110
1111
11011111
11
111111
111010110111
111111
0111111011010
11110111
11111101
1111
1111110010001
1111111
1111111110111101
1111111111111
0111111
111111
11101111
1101111110
111011111
1011111
1100111
111111111
11111111111
0111101
1101111101001001111111
111111
1111
00
100111111
11010011101
111111011
00010000000001000110
11
1111101111111
11101111111
0111101110
11111
111111
01111
111111
1111
111111111
111111
1111
01111110001111
110111111
111011011101001101000011011
0111110110
101001001
101
1111111
011011100011000
111
111100111111
1101111111
0100101
1111111
11110
10010010111101101
1111011111
110111111
1111
10
101
111
111
111110001111110
11
11
100
1110
110
111
111
111
111
01
111
001
11
111
111
0
1111
100
1
1010101110101
101
11
111
1001
11
10
111
1101
1010
1111
111
11
10
111
00
111
101
1
11
0010
1110
0111
111
101
111
111111100111
011
10110001
000001111000101
0100100010
00000000000000000000000
11110101100000
1111100110
011
11
111
1011
11
001
11
111
111
1001
0011
1101
1011
111
1110
11
01
1111
11
0111
110
1111
000
011
111
1111
11111101111101
111111
111
1110
111
0100
1111
1111
1111
1100
1
010
0
01
111
010
1101
1
111
110
1011
11
01
101
11
1111111111
001
0111
1111
11111
110110111
1001
1110
1011
10000101100
011111
000
0111010
1101110
11110
101
01
0001
10
1011
000
110
01
1
0
001
11
1100
10
0
1111
11111
111
01
0
1
110
101
11
00
111110
11111110011
11111111
11111111
111
1110111011101
0000000100001000000
00
010101
0111100000001
11
0110111
010000001000
101
001
11
1
11111
011
11
0111
110
0
1
1111
01
11011
000
111
11
010
10
11
00
011
11
0
000
10111
10
01
011
100
0
011
10
11010
01
101
00
01
00
10
1
110
1001
1000
11
110
11000
1
101
11011
10111
1111
010
1111
01
101
11
11
0
00
10
010
10
0
11
0010
111
101
11
001111
00
1100
0
111
10
100
01
101
01
01
01
0
1
111
0
11
0
00
0
1
0
0
0
1
0
11111111
0
0
001
10111111111
111010111
1011101001
0
11001111101001
11101100100110
01011111111011
111111
01101011111101
0000111101111110
0
11101111
0
0
1
1011
01
0000
0
0001
01000
01010011000011110001100111110
00000100
11111101111111101
1
0
1
0
0
01101111111
1100111011111
111110
11101111
111111
000
00001111
1111111
00111001111101
1111111
1001
01111
1111101100
000001111
1101111
000000000110101101101
1010111111
0101010111110101
11111
111101111
11
000111
11
1110111101101
11101110110110
0111010110101110
11111111
011111011
0111
0
0
11
1111011011
1001001111110
110
000000
1
110100110
11
011
11
111
00100
0110100000
1110110001010
100000
000111
100001001
1
000111
01000
100
111000111
11100
100001001
11
1101
100
111
0011
1011
1011
111
1011
11
1
1101100111
111
001
11
011
1110110
11
1100
1111
1011001011
1110
111011
100111
10011011
01
11
111010000
011
1101
1
1100110111
11101011
11
010011101010
0101
1110101
11
1100111
1000001110011
010111
11101010111001111
0
11111111110
01
011011011111111111111011111011111111101111
1000110111001111011111111110111111111111111011
11111111111111111111001011011
110101011
11111111111111111010111101111111111101110
1111010111111
111
11100
001
110110100101
1111111111111
01
10000
011
1110
100001111111101110101111101001101010
110101101001111111111110110101111111110011101010111111
10110101111010100111011001111010110110
1
000111
11
100000100
11
1
010000001
0
0101111101101110111111011111111111111111
0
0
11
0000111
1
101
1000010110
100
1
1000110110
1
0
0000010
1110000
00001
00000
111
1100010
00000010
0000000
10
00111
0000000
0000
1111
0
01010011100
011
10
101000
11111
0000
11011110
11
10001
11
1111010110010
0101111011011011100111111011110110111110100011111100010101101011111111101011101101
11011010111111011001111111111011111
11111
11101111111
111001111
11110101
1111101011101
111
111000
111111
00001
010111100
1
0
11111111111
111
0101
0010111
011
011
110000
0110
1110000101011
0111010
1111
010011
111
111111111
1
01111110011101111100011110111
1
011111011111111111111111101110011
111111
1
1111
11110
1111111
11111111111101110100010
0
110111111
010
111
111101111000
011
1111
0001111
11111011010
11
111
1
001
101
1
11
10111
0000000
11
00011
0
011
1011
111
111011010
111
111
110
0
101
0
0
011
0
101
1
000
1100
10
0
0100
000
11
101
10
01
00
1
11
0000
0
10
1
1
1
11
1
1001
001
1
1
11
0
1
1
100
00
0
11
0
0
0111
010
1
11
00
0
1
000
0
000
00
10
110100011010
0
0000
0
000
1110
1111
00
0011
1
001
110
0
00
000
1
0001
0
001
0010
000
0010
011
111
010
0000
000
00
111
1
11
111
11
111
1
1
010
00
0
11
0
001
0
1
1
100
1
111
1100
1001110111
0111000
00
1
010
1111
0
111
110
000
111
10011
111
1110111111
11
0010
1
011
0011
000
00
111
1
000101100
111000
0000000
1
1110
1110001
11
11
1
1
1
111
11
1
1101010
11
0100
11
10
01
11
10
11
011
111
11100000
0010000
01111
10111
0111
01100010
10101
11101
111
10
101
1
01
1
000
00
1
10101
1
1110
0
11111
111
001
0111010000
11
1
010
0111
111
1
1
1101
11
11
11
11
0
00
1110
1010
11
111
011
0000000011
111
10011
1011
10111
00
1
011
11
110110
1
11
1
11
11
1
1
0
0
00
00
0
0
1
00
01
0
01
110
01
0001
110
00
1
1011
10111
111110
110100000
1
1
1101
0
11
0
000000
0011
1011100100
1
1
01
0
11
00
111
1
1100
01
100
110
11
11
011
000
1
01
01000
1011
110110010100
11
1101
1
011
1
1110
1
111
