11
1
0
1
1
1
0
1
1
1
1
1
1
1
1
0
1
1
1
1
1
0
1
1
0
1
1
1
1
1
0
111
1111
11011111001
011
1111
10111
111
110
111
101
111
1
11
11111
000
1
1
1
0
1
1
0
1
1
1
1
1
1
1
1
0
1
1
1
1
1
1
1
1
0
11111
0101
0001
111
111111001
1
11
11
111
101
0
110
11
11
1
1
1
1101
11
101
0100
1
1
1
00
11
11
1
11
1
11
111
00
011
11
1
0
111001
0
0
10
011
11
10
11
1
11
0011
0
01
0111
11
10
00
111
1111
11
10
0
11
11
00
1
0
1
1
1
11
011
11
0
11
00
1
11
1
1
01
11
1
0
111
000
111
0
001
01
11
0
11111
011
1
11
01
1
11110011
1
0111
111
111
100
00
11
11
0
1
0011
11
11
0
1001
00011
1
1
00
1
1
1
01
10
1
11
11
00
0
0
11
111
0111
1
11
1
101
0
0
1
00
00
01011
11
0
0
111001
1101011
11
11
1
1
1
11
0
1
1111111110111111111111111111111110111110111111011111111111101
1
110
1111111
0
0
001
10
0
0
0
1
0
0
1
0
0
1
1
1
1
1
1
0
1
1100000
0
1
1
1011
000
1111100
011
0111
111
110000
111
001
10011
1
1110
01
111
0
011
10011
11111
0011
11
10011
110
0111110
0111
00
0
11111111
01
1111111110101
110
11
100011
1101
100001010
0011
111001000
1
1
0
1
1
1
0
1
1
1
1
0
1
1
1
1
1
11111
111001011111100
0111111000
00110011
1111111111
10
1101101111
111111110
101000
0110111
0101111101000111111
10100110111
0000000
111000
00111
101
0
0
1
0
1
1
1
1
1
1
1
1
1
1
1
1
1
1
1
1
1
1
1
0
1
0
0
1
0
0
1
0
0
0
1
1
1
1
1
0
0
1
1
1
1
1
1
1
1
1
1
0
1
1
1
1
0
1
0
1
0
0
1
1
1
1
0
1
0
0
0
1
0
0
1
1
0
0
0
0
1
0
1
1
1111
101011111
001
1001011111101
00110001011
1
1
1
0
11
1
1
110111
0
00
0
101
1
0
0
11
1
0111
11111011
1101111
11001000111
1101
0111101
1011110111
110111111
111101101
0
0111111
00111001
11
00000
0
1
1
1
0
1
1
0
0
0
0
1
0
1
1
0
1
11111111
0101000011
0110111
011100000
110111
111
0101
011111
1111110
101100
01110
1011011
1100000
1
1
0
1
0
1
1
1
0
0
0
11011
1111011
11101
100011
111101
1101111
01001
1101011
10111
1111
101111
1010
1110101
111
1
101011
11101
00001110
111
111111
111100
1011
1
1
0
1
0
0
1
0
1
0
10011
11001
101110011
1011
1110110
101111011
100
11111
1001
1111110
1110
1110111111
1010100000
1
0
111111
110101101101
0
0
1
1
0
10
010
111
100
0
1111
1011
1111
1011
101
00
111
1110
111
1001
0
1
1
100
111
11
1
11
1011
1111
1111
00
111
0
11
0
0
111111111
1
0
100111111011111011
111111001001
1110111
1
111111011
11111110111
111111
0001101
01111
0
10101110111001
00
1
0
1
1
0
0
1
0
0
1100111110011110001
0
1
1
1
01011111
0
1
11111011010111100111
111
1
1
111
0
1
0
0
0
00011
1
1
0
0
0
0
1
10101
1
000001
1
11110011
11
1
1111111
111000001011111111011
001000010000100010110
1111
1110100
1111111
11001010
01
1
1
0
1
11
0
1
11
11
001100000
0
1
1
11
0
11
10
1
0
0
101001
111000100
1
1
1
1
1
0
001000
1111111111
111101
1111111111110111001
1110000
1100111111110110011111010000110
111111101
01
111110010110011101
00011
111
111110000
11111111101001
11111101111110000110010000
1111111100011110
01001101010
101101011111111110111101
010
1011100000
11111111
0
11
00001
01
1110001011
1
0
10111111
011111111
1
0010011
110111
1111
11011011
1
11010011
0100
111111111110
1100011
00
1111100111111
111111111100
11100
1111
01
01101000
11111110001
1111
11010100011000010
1
1100
1
001
01101
1
111111101
11
0111000011100000001110
011111
1
111
1001
1
1101
1111111
1
11
1
1
1
1
1
1
1
1
1
1
1
1
1
1
1
1
10
1010101101101
1111
111
1
1
01
11
111
1111
110
0011
010011
01
11
11
101
01
11
10111
1
1
1
1
010
1
1
1
1110111111111010000
1111010
000010
10
1
111111111111
10111111111101
10111111111111111011111100
111
01011
0
1111
1
01101111
111
01001
111
1
1010001
01111
11
11
11
11
111
1011
00111101
1001
1
111
1
11111
01111
1101
11
11110
11
11111111111
11
011111101
1111
11
110111
101111
011111111
11111
11
11111010
11
11
111111
111
1111
1011
01
11
11
1
101
1
11
00
01
01
10111
00010101100101
1
110
110
111
111
1
011
11
1
110
111
11
011
11
111
101
1
1
011
1
10111
11
110
111
10011111
00001110100001000100
01
0
1100
11
0111
011
10101
111
111
1101
11
1
1110
00011
1
100111
11
011
1
111
0111
1
0
1
1
1
1
1
1
1
1
1
1
1
1
1111111011111101
1
11011101011110111
11111001011011
1
10111
111001
01111111000000000100
101111
111
1
1
10111111
1111111111001
0001
111
011
11
111001
1001
001
111101111111
011
11
011
0011000111
01
11001
111
0
1
1111
1
1
1100100
11100
000111
01111
11
1000
1111011
10
11111
1101
1101000110001
1
11101
111101
0101
1111
1111111111
1101
011111111101
111111111
111111111111
1111111111
1111111111
111111
01011
000
0111
11101
1
1101
111
0
11111111111
0111
001
1111111111111
1111111111
11111111111
1110100010
01
000110111010
1111111110
1011011111
11111111111011
01110001
1011
11
1111
11
111
011
111
11
111
10111
11
1
111
11
111
1
11
11011
1
111
10111110
11
1110111
01101010
01
01111
0011
1
1101
11
11
111
11
1
10
010011
111
01
1
1
11
00
111
10
1
01
111
011
1
11010
1011100
0101
0111111
10101
11111
011111101111111111
1101110111111111101111
011111011
01011111111110110001101001
11101010111111
0110110111111111111111
111110110011111111111111
001110100000011100110
11111111111101111111111
1111111011111101
11111111111111101111
1011111111111111110110110
11111111111111111111111100
0111110010111
1110111111111111101111111
1110111111100111110111
01110011111111111
111001111110111101110
1111100101011111
010111001111111111111
1101101010010011111111
1111
1111111
1111
01111
1110
1011111
0110111
0
111
11111111011111111111
011
11
111
00000
01
10111
11
11
00101
000
0
0
111
1111
11
001011110
0110000
010
01
0
01001
11
111
1
111
11
11
11
111111101111111011101
10
1111010101
101
110
0111
011
11110
1
0
0101
1111111
11
111
1
0
0
1
111
11
11
011
1
11
1010
11111
1
0011111
001
01
11
0
0
11
1
0
0
1
011
01
0
10011
11
1
1
1
1
1
11
1
11
1
11
11
1
11
1
11
1
11
11
11
1
11
11
1
1
1
1
1
1
11
1
111
