1
1
1
0
0
0
0
1
0
0
1
1
0
0
0
1
1
1
1
1
000
0
1
1
1
10
100
1
1
000
1
1
1
01
10
0
1
1
1
001
0
011
100
1
1
0
0
000
0
00
0
1
1
01
0
1
1
0
1
11
0
1
0
1
1
11
11
10
00
01
1
11
11
11
0
1
111
111
111
11
1
1
1
10
00
101
11
0
1
0
0
0
1
0
0
0
0
0
0
1
0
1
0
1
1
1
01
1
0
0
1
1
1
1
001
1
1
10
00
000
00
0
10
11
100
0
0
100
0
1
11
01
0
1
0
0
1
100
1
011
00
0
11
00
00
01
11
11
110
11
1
111
110
011
011
11
10
01
1
1
0
0
1
0
1
1
010
1
1
011
000
1
1
0
1
1
1
0
0
1
0
1
1
0
0
1
0
1
0
0
1
1
1
1
0
1
1
1
0
1
0
1
1
1
1
0
0
1
1
1
0
1
0
1
0
0
0
0
1
0
1
0
1
0
0
0
1
0
0
1
1
1
0
1
0
0
1
0
101
01
011
010
1
1
00
1
1
1
0
010
10
1
11
00
1
111
11
00
11
0
000
