1
1100
1011
100
1001
11
11011
101
111
111111
1111
0111
10111
1111011000
11011110
1101
1111
1011111
0011110
1111
0000010
1001
111010
0
000
1
0101
1000011
111111
111
00101110
00000000
11
10111
11011110
11011
00100010
01111
011110011
11101
1
1100
1010
1111
1111
1111
101100111
11110110
1110111
1000111
111110
10010
1111100
1011
110
111
011111
10111
010111
0010
111
001
1
101
1100
11
0100
1100100
11100110
111
111111
111111111
11001111
1111011
11110101
1
1
1
0
1
0
0
0
1
0
0
1110
000
11
01
00
10
110
1111
1100
1111
1111
0111
1111
11
011
1101
111
110
0
1010
111
00000
10
100
11111
101
111
111
1111
11111
010010
100
1100111
1111010
1111
1110
0110
100
111
111
1
1
0
1
0
1
0
0
0
0
1
1
1
0
