0000101111
111110101
0101000100010
11
010111
1
1111
10010111
10110110
0
0
1
1
0
111111
10
0
0
1
011
11
0011
11100
1
111
11010010
11101010011
010
1
11001
0111101111010001111
011101100001101
0011111
1111011111010
1
11101
011
0
0
1011
01
0
11
0
1
0
1
11
0010
0
101
0
10111011
111
011101110111
1
001000
0010111
111110101
111
1
100011
0
10
1
011101111101110
1
111
0
0
1011000
111
111
0
1
1101
00011011
111
11101
0000111
0
1
11001
1
0111
010111111
101
0
0
11
01011
101
11
1
0
0
1
0
0101
1
00
111
1
0100
11
00
011
00
10
11
0
0
0
11
0111
0
0
10
1101111
11101101001
101100101
101
1
01
1
111
111110
001
111011
1
1111
1101
0
0
0
0
0
000
1101
0
11110011110
010000
111
011101111
1
1100101011111
10
010
11
0000
0110
1110
00110
0011
1
0
0
01
1000
000000
1110000
0110110
1111101
0
0
1
1
0
0
00
0
0
1
1110110000011000
1
1
0011100000001
000
1110101101
0000000
11101
100
1
0
0
111
011111
10000
000
11011
11111110
111111001
11110101
11101
11111111
1111101101100011
1110111
0
0
010001110
111
1111001010011
0
1110
011
1110101
1
0
000
111011111
0
01111
0111
0
00
0
111
1111011111
111001
0111
00
001
1
11
000110
1
1
0
00000
010
1010100100001
0
111110
0
000
0
110
10111
1
0111
0
1100
0
110
0
0
0
0
1011101
0
1
0
0
011011010001
1
111
10100
01101
0
0
111
1101
11
1111000
11
000
101
1
1
011
010
1
0
1
0
0
0
1
11110001111
101110011110
0
111
0101111
01100111111
11
0
1
01110
00
1110111001
1
11101111
1110110000
0
0
00000
11101100
111
11111010011
11
111111
101
11
1110110
01
11111111
1110
11
01
01
1
01
110
0
0
0
0
0
111
1101
0
0
0
11
0
1111
010
100
00
1111111001
111
01111
0
0111100001110010100111100100
111
111
1111111111
00
11
001
1
1011
111
1
1
0
0
111
011
0
0
0
0
000
1
00
11
0
10
1
0
0
0
10
1
1
1
101
1
11
1
01
01
0
11
11
1101
1111
001
1
1
00
000
1
11
1110101111
1
1
111101
110
0000
11101101
10111
11
11111
10011
11101
110
11
11
111
110111111
00
011
0
1
0
111
11
0
0
001
11
110
11
10
110
1
00
1
0
0011000
1100
00000000
0
1
0
01110
0
0
000000
1111
11011
11110111
0111011110
10010
01
11111
111
111
0111
1
10
1001
00
000001
11
00001110111
1100
110010000
1
0111100010
0011
11
101
00000000000101
01001001
000000000
0000000000
1110
010010111
11110
000111
10010000
1100100110
000
101
11010
00
1
01011
110110000001
000
00
100011
0000
01000
0111
0
01111011000110
00101
0011
010100000000
1
01011111
10
011101110
011001010011000000000010
11
1111101111
111
0
01
1110110
1
0000000
1
11110
11101
0
0010
00000000000000000
000000000
11
0111
0
1101
000001
001100
1
000
11011
011
11011
10
0011000
00
0
1
11
011
0111
1110010001111001
0
11101010000
001
11100
1011011
0
11
1111
10
11111
0011
00
1
110
111
0100
10011
1
01
0100010
0101
111
1000111
00001101011111000000
01
0011
11000000000000
1000
1011
0111
00111
0
0
1
10
11011
101
111
11
11000101
011
101011000
111
111
0011111
10000010
111
00
0111
11
0100100111
01100000
11
00100111
11001
00011010001
10010
011
000000
1
11
1
11
000
00
010
10
1
111
11
11
00
01
11
111
0
111
00
10
0111
1010
0
111
0
01
11
111111
1
10101
11
0
01
0
1
01
1
00
1
1
1
0
0101
01
1
1
1
0010111
11000
001000111
110100
11001111
1101
0110111
1100
0011
10001
11
111
1100
10101100
11000100100
011
11111
01
1011
11
01
1
1001111
11
00110000101
101
1101
0
0010011
00011
1100
111
1101000101101010
11101100
0011
10111
1
1001110010010
010101011
000
000000
0111
1100
0001101010
110
100010
1100
1
1
00010001101010
10100
0111
11100000010
1
011
111
101
11
10011
011
11010000
00000
110001111010
000000100010100100000000000
0000000000000001110
000000
0000011011
1111
0
11
0000
11
0
1111111000101
11100110100011000
111111
00001101100111000001000000
0011000001000
100110111101101
00
10
0
1
0
0
0
0
0
0
0
0
0
1
0
0
0
0
0
0
0
0
0
0
1101110
0
1010000100
000
01001
11101010
111
001000100111000111010001000
110110000
000000
0001100110011100
111110
0
000101001111
11001
01110
0011001
010101110100
00000110000001
0101000
0101
1110111101100
1
1000
111101
00
111
00
11
0
0
0
1
0
0
0
0
0
0
0
0
0
0
00
10111
000
0
110001
0
10000110111
11111100000111
0110010100
0111
1001
000101000
0001001
111
0
1000000
0010001110100111010101110000
0
0
00
0
0
0
0
1
1
0
0
0
0
0
000000111100
0
1
0
0
0
0
01100010
1
00
00
111
1000
0
01110111011
111
0000
011
11
1
11101
00001
000000000000000000000111101100101010101001
1000111001000110101
10000110010111111010001010010100011001010000111
0
0
0
1
0
1
0
11010010011
10101
00
101
11000
0001101000111001100000
011001
00000000
01
000000
01101000001
1101
0101
1
00000000
1
111011010000
0111
1110
1
0011
110101
0001
0
00011
111011
00
000100110001100100
0111
111010
0000
01
01
011000101
1011
011
111010
11011
10
1
0
011
0001011010
1100
0110111
1
1101000
0101000000000000
0000000001
11101110010
0
11
0000000
00000000000
000000000000000001000000000000
0
0000000
1001010
110100100
11
0111
0101
11000
01011
10011
00000000
111
0011
1100
1
11
1
011
111010100
00
010000
00
11
11010011
1
1
0001
0
0
100101000001
11
