1011011
00
011111
011001
001000
101011
011101
1010010
000
101001
10111
1111
1111111
111111
1111111
0
01001010
11111
11111
11011
011010
11011011
111111
111111
1111001
1001
100111
00100
111110
01010
11111101
101101
1
0111011
1110
111111
01010
101111
011011
00110
0111110
1010111
1111
110111
1010000
10100
111011
01000
11011
0010011
11001
1110110
110
011110
1
01000
01010
00000
011001
101110
1110
00111
11111011
111
11110
11110111
11111
100001
110
101111
1111111
111111
1111
110001
1110000
0111
01111
11111011
10000001
1010
011
1001
1011011
1001
110000
110100
01101
10100
010
1111
