111
011
00000
1111
011
11100
010
011
010
11
11101
1001
1100
00
11
0111
101
0111
111
01
0010
0110
00000
0100
00110
001
1111
111
01000
111
01110
11010
00010
0000
0
100
1111
01111
00001
00
0111
10100
11
1111
0111
1111
1111
011
1110
1001
00
110
111
0101
1110
0001
0100
1101
11
00
0111
1000
00001
110
1011
10111
0000
00000
0
10
0
0
1
0
00
0
0
1
11
0
00
1
1
01
0
0
01
0
0
0
0
1
1
1
0
0
0
1
1
0
1
0
0
1
11
0
1
0
1
11
10
0
01
0
1
0
1
1
0
1
0
0
0
00
01
0
0
1
0
0
00
1
1
1
1
1
01
1
1
00
0
0
0
0
0
1
0
1
0
1
1
1
1
0000
000
010
000
0011
00
1001
0110
100
00
11
11
00011
1
100
0100
1000
1111
0110
001
10
110
010
00110
0001
01110
10
10
001
0
00000
100
0110
1011
10
000
0100
1
11001
11110
0
0000
111
00
0
1
1
0010
11001
1
1
0010
000
0
011
0101
1100
1
0
10
10
1
00
0
00
00
0110
000
1110
00
0111
00
0110
01010
0010
00
00
0110
011
1100
0101
000
1011
1000
0
0
1101
110
0101
0010
01110
001
1111
01000
110
000
001
0110
1
1101
00
00111
111
1011
100
011
0
0101
110
1111
11
11
1
011
00
00
010
0010
0000
10
0111
0000
0
010
0010
010
1000
111
00100
1011
00
