1
11
11
01
1
0
1
1
1
1
1
1
1
1
1
1
1
1
1
1
1
1
1
0
1
11
1
1
1
0
1
10
0
0
1
1
1
1
1
1
1
1
1
1
1
1
11
1
1
0
1
1
11
1
1
1
0
1
10
1
1
11
11
1
1
1
1
0
1
1
0
1
1
1
1
10
0
1
1
1
1
01
0
00
1
0
10
1
1
10
1
1
1
1
0
1
1
1
0
1
1
1
1
0
1
1
10
11
1
11
00
1
1
1
0
1
1
11
1
0
111
11
1
10
11
11
00
1
111
111
110
111
11
01
11
110
00
0
011
00
01
1
1
11
110
010
111
00
11
11
11
110
1
11
110
1
111
100
01
011
11
111
0
1
11
01
1
11
011
00
1
01
1
11
011
01
1
11
11
01
110
1
1
0
111
11
01
110
1
11
11
11
111
00
0
00
0
00
1
1
1
1
1
0
0
1
1
1
1
1
1
1
1
1
10
00
0
0
1
0
0
1
1
0
10
1
0
0
0
0
00
0
1
1
1
0
1
0
1
00
00
00
111
0
0
0
0
0
0
10
1
10
00
00
00
0
00
10
1
0
1
11
