000101000
0
0
110011
10111
0111
11010
0111
1
0
1
101000
01
100111
10011
1
0111
11
0
1
0
0
1
0
0
1
1
11
11
000000
101
1101
111
0001
11
1111000010
1
100110001111
11
10111000
010001
10111
11100
001
0111
1011
0
11
111
11
1001110011000
111
11100101
10
1001
000101100
0
1111
110100
111011101110010
00
0111
01
11001
1111
11
111
11
11
10
00
11
11
11
1
11000
11001
11
001
001
11
11
1
111
1
110111
110
11110001
111
11111100
101011
1
11
11
00
1
11
11
11
11
11
110111
101
1110
01111
01101
10
10100111
1101001
01100111
111010
1
1
1
0111
1
1000
0111
01111
111
000000011
11
11001
110111
10010000000000
00001
001
0101
11101001000
11
0101
111
0110000101110
11
00111
111000
11101
1010011
1101
011
11
11111
11011
1
01011010
110
0111
00111
110100
0110111
111
001
0111
111
11110
01011
10111
11001
1100011
111110
11
0
11011
1
1101
11
1010000
111
11
011
111
1100101
000110
01
111010
01
11101101100
111
1001
000101
11
111
10
0
0
111100
011
00001
00
1
00
1
110001
111010011
01
11
11101
0
111001
011
111
0011
1110100000
111
1110100111
11001011
11101111100100
11
1111110
000011111
101101100
0010
101110101
1111
10110100001
010111
111100
111
111
11000
010100110
11101110111
1
1111110
111
0011
111
0
0000
1
00111
011111000001
01111
1110
10111
11
1101
010111
11000
0111011101
0111
1111011101110
111010011
101
11110000
00111
1011
111010
1011
11
1
0
0
0
0
1
1
0
0
1
0
1
1
0
0
1
1
0
0
0
0
1
0
0
0
0
0
1
1
1
1
0
1
0
0
1
0
0
0
0
0
0
0
0
1
0
1
0
0
0
1
0
1
0
0
1
1
1
1
1
1
0
0
1
0
0
1
0
0
0
0
1
1
0
0
0
0
1
0
1
0
1
0
0
1
1
1
1
0
1
0
1
1
0
1
0
1
0
0
1
0
1
1
1
0
0
1
0
111
11
0111
10
1
1
1
0
01011
1111111111111111
110
1111
111
10111
1
01111
00
1111
1
11
000111
0
11011101
11
10
11
0
101
11
1
010
11
11
11
1
1
1
11
1
101
11
1
11
1
11
111
1
11
1101000
1111
1111
010100111
11001
000111
11111
1111
1101
11
1010111
111
11011
111
01010111
111010011
011011100
01
011
1011000
1011
1
11
01
11
00
1111
100111
1
11100
1
10101011
11
01
010101
011000010000
1
11
11100010
111
110011
11
1
10
1
1
10
1
1
1
11
01
01
101101
111
11
1
00011
0
0
01
1101
000001
01011
0011
11
110000101
1010001
0011111
1
010111
111110111010
110011
000
11
1
0000
0
111110
011110110110001110001
011001
111001100
0110011100010
000
111001011011
0
0000001100101001001
1000111
000
000000
0000
11
00010
11100111001
1000
100
010111011110001011110000
0
1111
00
001
11
101110
0
1
0011
11
110
00
00110100
000
1000111
111
100001
0
001101000001
1100
0011
00100
1110
00110
00111
1111
110
11101
01100
0100
1
0
101
0101
100001
1100011
1
1
111
1
11
111
111
111
111
111
1
011
10101
111
1
11
0011
10111
111
101011001
111010
1001
11
11
11110101100011
1110011
111
10110
111
11
0
10011011110
1111110001
11
111001110101110001000111010
10111
11
111110
111
11101011001
1011101110011100
10111
1101011
1
11
011
11100110
0010111
10001
0011110100111
11
01110101110111010111
11111100
0000
1101100101
1110001
10
0
1110001
101000000001
11
1110
000111001000011
111100
00
1
1
111
11
011110
0
1100100000
00
111
0111
01
100111
110
1111110111000101
1101110100111101
111000111
0111011001010100101101
111000
111
110111
01111
111101
11
1
111
1
11
111
011
011
11110
1
11101101
1
11010010000001110110101
1110
111100
0111
1111
111
0110111
111
1010
0011111
01110111101
111101100101110
101110101101100001110110
0111111101011000
0111110111
11111110
0111
0101100110
1101
011
111
110001
111
11
11
111
111
1111
01
111
110111
1101
1111
0111
111011100
010
1101001100001
010111111011100
10
1101
110110000
10101111000100000
1111010101
01111100110111
111101
111111
11111
1000
011111
1110111101
01011101111011110111010
1110
010111111
111111010100000101
00
101111011110011110
10111
111
01111111111
111111
1111110110100001
011111001011111
11111011
11111
111111
11010011110111
111011
1111001011
1000010
111110101
1100001011011101001111001
11101110
11111001011110
001000000
110001101101
11111
1011110
111111
1110110010000
1111101111110110
00111
1111111
111111
1111110111011
111111
00011011111001101
11101000
1110101010111110001101101110100
11111111
001
01
101
1111
1111
111
10
101
0
111101
11111
11101
110111
110111001
1111011
1110011011100011
01101100
1101101010010000
1011010011
011111
1111110001010101111
1111011
111011101111111110000011111000
11
01
111111
10
1111
011101
11111
11100011
11101100111
10000110100
01111
0110100101
11011110
111001
110
01111
11111
111
11111
1111111
11110010
11111111001010
01011111
11101010
01111
0
11111011000000
0111
1100011101110001110001
1111
0
011
100
111
11
11
101
110
11
01
11
1100
1
111
01
10
1
110
0111000101111
01101110001001010111011
001111010
11110100011111110000110001100
01
001101
1110
11
0111
00111
1111
1111
1111
1110
0111
11100
10
0111
0011
11111
1110
111
01
11110
0110
10
1111
10
1111
1110
0011
11
110
1110
011
11
1010
11110
0010
110
11111
111
00
111
11110
01
110
00100
11
0011
10100
11110
111
100011011
01001011
110
011
111
001110001
1101
11110
11
1
11
1110110
11
1011
1101
11
111
1111001010100110010111
000111010
1100110
110110
111
11
011
11100
01011101011
01000
111
11
1101
1010111
111010111
111
1101
1110
11000011
11010101001
0111
11111
10
011
10111
111
111
11111
000
11
111
111
10111
1101
101
110
00111000
1110100011000111100110
000001
0001101
11110110
000000
1101
11
111
111
0
0
11000110
1
11
1
11
11
11
11
0000
11
1
11
011
101
1
1
00011
101
1
0110
01101
0110
0101
11110
1101
11
0111011
11011
00011
01
11
100
01
01
1
1
1
1
0
11
10
1
001
00
01
1
0
0
0
1
1
01
1
1
11
11
00
11
1
1101
1111
111
01
1110011
0011
0110010
11
010111
111101
110111
1
1
11110100
1111
1111
1110000001001
0101110111
101
111
0111
111
1111
11111
111001
111
101000
11
10
111
111
10
1110110011101
1011110
001111
111
11100111
11
1111011
00111
11
111
110010
11
110001111
1111
11111
101
1111
11001
011011
110
111
111
1110111
1110
111
1
1
1111
011001110000100
11
11
11100101
010111
110001
11
1010001
00
1110
1111
01111
1101
1
1
110010
111011011
001111100010101
01110
11
001
111000
11
11110110000011101011010
01
0101000
10111
001000
011101
111111
1
111001
01101
1101111101110
10100
000
0111010
010110
111101111
011
11
11
1110111
001111
1101
011111101
11110000
11110000111000110011
11001
0111
10111111000101
111011101
11011
111
00011011
111
111000
00111
11
111101
1010111
1011101110001
1111
1111
0111
1110111011
0111
111000001
1111
11
11110101
111100101101
11
1
11
10
11000
011011111
0010010001
1111110000
11
11111
111
1100
111
1010
11
111
111
00011
1001
1111
11010011
11100110
000111
111011
10011
0001
11100
10111
0
0111
1101
01
01111
0
01011
11010100
110110011101100
101
11010111
111010
11
11
110
111
1
11
1111
11011
110
1111
111
1011
10100
01011
111
01100
010111
111
11100
110101001
1110
011
111110111100
11
10111
111
110101
0101
10111
111
001110
0
11
11110
11
11
11
1111
011111110011
1110
011100011110
11100
0111
00110100010000
011
111
111000
11
10110
1000011
0
11101
1110011
011
111
11
1
1000111
11101
001
11
01110
11
0110111
111
11
111
01
111
101011
11100011
11
101011
1
11
11
1011
101111
11111011
11111101101011
01011110100011
1101111111100001001
101011011011001
0111110101101
11101
110
11
0001011
1111
111
00011
1011
110011
11011
011
100
1
0010000
11000000
11
1010001
100110011
000000000
10111
1110
111
011
10
0111010001
00111
01111
11110
101111
1101
011
1100010000110
0011
11111110110110
10110
110011
1
111111
1101111110011111
0
110
11110
0010110111
111
100
101
10
10
011
01
011
100
11
0
100
0010
011100001
00
01111
010110000
11111000001000111000
110111100
0111
11
10000000000000
010111
101
111
0111
111
11
111
11
11
111
11
11
111
0111
11011
101
111
1111
101
11100
111
111
011100
0000010
00011010110001
0111011
11
11
111100
111
101
0111
11
1101
111
111
10111
111
11
00111
011111100
011
011
1101
11
11
011
011
01
1
11101
111
11
1111110
11
10111
111
11000111
1
10111
1
111
11
11
111
11
11
1
11
111
1101111010
111
11000
111
111
10111
101
111111
1
1011
1011
101
1100111
1111
111
101100110
011110011011001001
111
111
0111101010000100010
0011
10
0111
011
1110110111010
1111011110
01
11
110001
0110001
1111001
01111111101000
0011
10
000
011
111
1111110
111
110010101
010011
1011110010
11110
011111111001111
1111111101
111011
1111011
111
111
11100011
10111100111
111
11110011
110
1111110111
111
1001011110110101
11
11
011
0111111
101100101100000000
0100000000
11010111
01
010111
10000
000011
1100111001101101011111100101110011
01
10011100110001010110111
11100
111110
011100
0111
101111
1111110
1101100011
1101
1110111
00
101
1000
1111001101011
0000100
11111
01111
1001100100
010011
010100
0111
0
11
1110
0
10111
11111
110
1011
101011110111
00000
0110
11000
11
1001
101
1110
1011
11
11
10100
1000010111
1110
000011
0111
110000
00111
0111
11101011
010111
111111
110001100011
1
101
1011
