1
001
1
110110
0
1
000
1
1
1
1
1
0
0
0
01
1
1
1
1
1
1
01
011
1
0
1
0
1100
1
010001
111
011
11
0
1
1
1
11
1
11
11
00110
1
0
11
1
11
11
1
101
1
1
1
1
0
01
1
00
000
001
1
0
01
11
00
1100
11
01001011
00
101011
1101
1
010
011
01
11010010
0101100
011
0
00
01
111000
0
000000
0110111
000111
0101101
0000
0
010
1101
1
1
111
11110
110000
1011
111
0011011
0
11000
01011
110
010000
0
10010
11
01
11100
0
00
010111
1111001
000111
111
0
01111
1110100
00111
0111101000
11110
0
00
0010
1
000010000
00
0
111
1
11
11100
11
11
1
1
11
00
0
0
11
1
1
00
11
1
1
1
11
11
11
1
11
0
1
1
1
1
11
1
1
1
11
1
1
1
1
1
11
1
00
11
11
1
0
01
10
1
1
01
1
11
0
1
1
11
1
11
1
1
1
11
0
1
0
1
1
11
1
1
1
1
01
11
0
0
0
11
1
1
10
1
1
01
1
1
1
1
0
1
11
1
1
1
11
1
1
01
0
1
0
1
1
11
0
1
1
1
1
01
1
11
1
0
11
1
1
1
01
01
1
0
10
11
0
10
1
0
11
1
1
1
11
1
01
11
1
1
1
11
1
1
1
0
1
01
11
1
11
11
010
1
11
01
00
01
1
0
11
0
0
10
10
11
11
0
0
1
0
11
0
01
1
1
10
1
01
10
1
1
11
1
00
11
0
1
1
10
01
11
1
11
11
0
01
11
1
11
1
1
1
01
0
0
0
0
1
0
10
1101
011
110
11
001
10
111
11
11
0
0
10
00
1
01
1
11
10
111
11
0
0
001
0
0101
0
0
0
11
00
101
0
001
1110
111
111
11
01
0
0
1
1
0
1
0
1
1
1
1
1
111111011111111111
00
1
0
11
1
11
00
11
1110
11
0
1
11
1
0
1
0
0
00
01
10
0
01
1
0
0
00
00
10
10
0
0
00
00
00
0
00
0
00
0
00
00
0
00
1
1
00
00
00
0
01
10
111
0
0
1
1010011001010
1
11
0
1
11
001
01
1
1
1
10
101
11
1
1
1
00
11
00
00
1
0
10
0
0
00
0
00
00
10
00
0
0
0
1
1
011
11
0
00
10
01
1
11
00
10
0
00
01
00
0
00
0
00
00
00
00
1101
11001
01
11
10
0
1
01
10
1
01
1
1
11
10
1
1
0011
111
101
1
1
1
0
1
11
1
1
01
1
0
00
01
0
0
00
0
00
10
00
0
1
0
00
0
1
11
0
1
101
10
1
101
1
00
00
101011
10
00
00
00
01
00
00
0
10
00
01
1
00
1
0
0
00
00
1
00
1
1101
00110000
0
10
0
01
011
01
1
1
1
11
0
0
1
1
011
011
01011
111
1
11
0000
10001
111
10
00111
110
11
0010
00
1
11110
0
1
1
1
0
1
0
11001
0
0
1
10
1101
00
1
0
0000001
0
1
1
1100
1100111
0
11101
00
1010000110111000100001
011
1
1101
1100
001
1111111000
10100
1000
0011
111011000000
1011100
111
01
10
00
110
1
11
01
010
11
111
01
11
1
0
0
0
0
1
01
0
010
0
1
0
0
1
0
0
1
1
0
1
1
1
1
1
1
1
0
0
1
1
1
11
1
1
0
0
0
1
1
0
1
0
0
01
0
111
0
00
0
1
1
0
1
11
0
1110
0
0
011
0
0
0
0
11
1
1100
000000
00000000
0
00
0
0
1
0
0
11
1
0
0
0
1
1
1
0
000
0110101
1
111
1
000
1
11
00
11
10
11
11
01
11
0
01
10
0
1
1
11
00
01
001
1
11
0
0
00
00
0
0
000
01
00
1011
00
01110
10110
0
10
00
0
1
00
01
0
0
00
0
11
0
11
11
10
1
1
0
0
0000
001
00
00
000
00
00
10
0
1
0
0
010
11
00
0
111001
100
0000000000000001
01
11
00
0100000
0001
01
1
0101
0
00
1000
00
1
0
1
0
10010
1
01
11
1010
1
10
011
101
1
111
1
1
11001
0
1
0
11
0110011
1
10
100
01
1
0
00010000
0
0
1
0
00101
01
0
001000
0
01
1
111
1
1
00
110
00
100
0
00
111
01
1
1
1
1
0
1
1
1
0
0
0
0
1
1
0
1
1
0
0
1
0
1
0
0
1
1
10
101
11
01
1
10
0
11
1
1
10
11
11
10
1
0
11
1
10
1
10
0
11
0
0
10
1
1
0
10
0
0
10
00
1010000000000
110101
10111
000001000010
01
111000
1011
0110001110001
000010001000101
111000
11100100111
10111
11001
11
10000110
001010100
000
11
101
11
0011
001
111101
00000111
111010100
0101111
1
0011
01011110010110110111
11010001
1
1
0
1
1
1
1
0
1
1
0
0
0
0
00
11
0
01
001
011
11
00
111
01
011
1
0
110
111
1
101
110010
01
011
111
1110011010
11
00
1
01111010
0
010100
00100100
0
1
00
10
01001000100001
1
00
01
00100011
11100100
01
11
00
1
111
111
11
001
1
0
111
0
01
110
01
01
111
110
01
0
111
11
11
11
101
00
0
01
1
00
00
1
0
011
01
1
0
0
1
0
0
0
0
0
1110
1
1
01
0
0
0
0
0
0
0
01
1
101101001
01
0011
10110
11
10110101
011
011
11
00
1111
11100001
111
111101000
010111
0110000
10011
101
0111
01
000
10
0
0
0
0
1
0
0
0
0
0
0
0
0
0
0
0
0
0
0
0
000
11
1
001
10
10
0
00101
10
1
0
0
1
0
0
0
0
0
0
1
1
1
0
0
0
0
0
0
0
1
0
0
0
1
0
1
1
1
1
1
1
1
0
0
0
0
0
1
0
0
0
1
0
1
0
0
0
10
00
101
1
001
111
01
1
1
1
11
001
001
01
1
010
0010
10111
1011
1111
1
0
101
011
001
10
1
1
1
11
1
1
1
1
1
10
110
1111
1
101
110
10001
010
10
1
011
0
010
1
1110101
1
1
1
110
1
11
1
10
0
000
110001
11
110
00
0
01
1
1
00
1
110
01000
1
11
10000
11
1
0
1
00
0
1111
011
10
10
101
1010
101
110
101
11
001
01001
01
011
111
01
1111
101
111
111
111
1111
00101
001
110
0111
00
11111
1111
11
10
1111
11
111
1
1101
00
0
111
111
11
001
010
10
1
111
111
101
100
0
111
0100
101
111
11
1111
1101
011
111
0111
00
11011
11
11
01110
1
11
11111
1100
0111
110
111
11
111
001
11
11
100
110
1111
11
011
011
1011
11
10
111
1
0
0111
11
1001
111
1
001
1101
1
00
0
011
0000000100000
11
10
0
0
11
11
111
11110
011
0
111
11
1010
0
101
10
10
00
0
001
100
1
0
00
111
00
01
01
111
11
110
01
10
1011
1110
100
111
111
11
001
00
1
101
111
11
0001
110
11
10
11
01
0
1
010
11
111
1011111
1101
110111
11
00
101011101
000
01
11011
110
011
0
0
0000
11
11101
11100
1111
1101
0
1
111
01111
11110001
11
0111111011101
111110
1111
11110011
1010011000
0111
1
110111
110
10
111
011111
011
011
0100
1111100101
0
01
10
110101
000
0
1
1001
11
11111
111
1
1
1
1
1
0
0
10010010
10
00
11111
000001010100010
11
0100
01
1010
0100
01
10110
0100
0001
01
11
11
00
01
01
11
1
10
1
01
0
0
1
0
01
10
01
00
01
01
111000
001
001
110011
1101
1
1
111
011
0011
00
111
111
01
0
111
11
01
101
1
100
0
1
00
00
1
10
00
000
101
011
1111
111
100
0
10
1
111011
010011
1111
10
111
1111
111
101011
001
11
111
1110101
0
0
1111
1
101
1
1
011111
01101
000000000011
100101
000
1
0000
11
00
1
1
10
00101
0
0
01
1
0010
01
11
0
110
00
111
10
00
0
110
1
1
1
011
1
11
1
1
1
100
010
11111110
1100111
1
0
1
001
001
00
10000
1010
10
00
0000
1
0
0
01
111001
100100
0
011001
001010011
1
0
111
0
0
0
0
00011
11
000
110
10111
1011
0
0
0
001011
0
0101000
011
1000000000
10101
11
111
0
00111
10000000000
00110111
1
011
0
0
01
1
01101
10
001
1
0
11111
10
11
0101
11
0
11
1111
10
110
0
111
1
101
0
00
11
000
000
00
1
11
11
1
11
1
1
11
1
11
11
1
1
11
11
11
1
11
1
0
01
1
11
11
11
1
11
10
1
11
1
11
1
11
11
1
11
11
10
11
11
11
1
11
1
1
11
1
10
1
1
0101
1101
11
11
11
1
10
11
1
1
1111
11
1
0
1
11
1
0
1
10
1
11
1
11
11
1
1
11
1
1
1
1
11
11
11
0
11
1
11
1
01
1
1
0101
000
10
0000
0100
111
01
00
1
0
0
0111
0
011
111
111
000
10
0
01
1
11
00
1
01
01
0
1
00
0
0
01
1
11
01
1
01
0
01
0
10
1
0
01
11
1
01
00
0
1
0
11
11
01
00
0
11
01
00
11
00
10
00
0
01
11
10001
010
1
100
00
111
1001
011
0001
110
0111
10
1110
11
0100
00
1
1111
10
0110111101110101
0
00
101
11
01
10
0011
00
11
0100
101
100
1
10
1101
0001
11
10
1
00
01
00000
11
11
000
001
100
111
10
01
0
11
10
11
00
10
00
1110011101
1
0100101
00000000
1110
1
101
1
10
011
01
0
1
1110
010
001
0
10
11
00010
0111
0
00111101
1111100
1
0101
1011001110
110
111
0
1
110
11111001
011001000
01011
0
001000110011000
1111
1110100001
11111
111
111
000
11000
000
11010101
011010100001
0011111
11100
0000
1111001
0111
111
1100
0
0111
100110
00
111111000
11011
11111001
111110110010
10111000
00000011
111001
1101110000
1
10111
0
111
0111
101111011
00111
01010100
01
1
0
0
01000000110
10
00
1011
00
0011011
11
00
01
1
01
1
1
111
11
1
1
1
11
1
01
101
110010
0
11
1
01
1
01
000
1
101011
1
011
0
110
0
0
01
010
10
0
00
0
0
00
00
01
0
1
1
01
00
01
00010
101
01000111
11
0
1
1101
1110110110
11
010
1100
011
1
1
1
1
1
1
0
1
00
01
1
00
0
01
1
1
1
10
0
11
110
11
1110111
11
01
01
110
00
100
11
11
011
1
1
1
0
0
00
010
0
10
00
01
0
01
10
0
1110
11
1100
1
0
1011
1
011
11
1
101
1100111
01
001
1111
0
11000010
001
0
110
0
1
1
00
0001
11
1
01
10
0
10
0
11
01
01
11
1
11
01
1
0
1
1
1
11
1
01
1
0
0
11
1
11
11
10
0
01
11
11
1
0
0
00
0
00
1
1
0
1
1
10
11
1
11
1
1
11
1
1
0
1
01
00
0
10
11
1
00
10
1
0
1
1
1
1
0
11
01
01
1
1
01
0
1
11
0
11
11
11
1
1
1
1
1
1
0
10
1
10
0
1
11
11
1
11
0
11
11
11
1
1
01
1
1
0
1
1
11
1
11
0
01
1
0
1
1
1
11
1
1
11
11
1
1
1
01
1
0
11
1
1
1
00
01
11
1
0
11
01
11
1
1
11
11
11
11
11
0
01
1
0
1
1
11
11
1
11
11
0
1
1
1
11
1
11
11
11
0
0
00
11
1
0
1
00
1
11
0
11
0
0
1
0
11
11
1
1
11
0
1
1
11
11
1
11
1
00
0
00
0
00
0
1
1
11
1
0
11
0
11
10
1
1
0
11
1
01
11
1
1
1
1
1100
01
11
0
11
10
01
1
11
00
11
1
1
11
1
1
1
1
1
00
1
11
11
1
0
1
11
1
1
0
1
0
0
1
1
0
1
10
1
11
1
1
1
000
1
11
0
0
1
1
1
1
0
0
10
1
1
01
01
11
1
0
1
11
00
1
1
10
1
11
01
1
1
0
1
1
1
11
100
00
10
11
1
0
0
0
0
0
11
1
1
01
10
1
1
1
0
1
1
11
11
0
1
0
1
1
1
1
1
0
0
1
1
0
1
11
1
1
1
1
1
00
1
1
0
1
1
1
0
11
1
1
100
101
0
1
1
1
0
1
1
1
11
1
0
11
1
110
000
11
11
10
1
1
0
1
11
1
1
011
0
1
1
000
0
1
1
0
1
1
10
1
00
1
0
00
11
1
0
0
0
11
1101
0
0
1
1
11
10
1
0
1
0
0
1
1
0
0
1
1
11
11
1
1
0
0
00
1
1
00
10
1
0
01
1
0
0
0
0
1
1
0
0
0
0
1
011
1
1
111
1
1
111110
10
101
1
1
100
111
111
011
00
10
1
1
1
1
11
10
110
011
1
1
0
1
100
11
0
1
1011001
11
00
1
