1111111
1
011
011
111
00000010000
111110111111111
1101
1
0000100101
1111111
0111111100101101
11111
1110011
10
011
111
111
110
1111
111
01010011
111111
11111010111
1111
111101111
111111001110011
11101100010000
111
1111
0111100111001
01100000
110
11110110
111011100011010101
111100
1110100
11
11101
1111
11110111
001
111
1110111001100
011110111010101
10111111
111
11111011
11101101110110010000
1110110
1111111
011101
1111110110
111011111
11001111
1101
01101111
10110101111
0
10111
0111
111111
111001100111
111111
111101011
0111101100111110101
111
0111
11111
111
11111
1111001011111
111111
111111000001111
11111101
01111110011101111000
101101
111111
111111110011
1111101
10111
11111100110
111111
1111111001
11111
111111
1111
11001001110
1111
111010110
11
111
11111
10110
1
111111
1111111011
11110
1111
101111
111111
11111
11111
11
11101101111111
111111
011111111010011
11101
111011111111111
11111111
111111110111111
111111
11111101
111011
1101
0000000100100
111
111111111111111
1111111101
11111
1111100101
0101111
1111
01111
01011
11
11111
110011
11111
11
11
11111110111
101011
111111
1011
111
11111
111111011
0111111
1111101
1111
10111
0111
111101
11111
11
11
11
1100
11110110010
1101
11
11
0111
111
111
11
11
11
1
111
01
01111
0111
11
11
0011100101
011
11111
1110111
111111
111111101111
1111111
111111
111
1
001
11000001
11010001
1110011
10010010010100100000110011001
11110010
111
11
11
01
111
1110
111
111
111
10100
0000
101
111010
1
01110100
01
111
11111
11
11
111001001001
11
101
11
01111
1
111111101
000000001000000010
1
0000000000
111
111111
1
1101111
111111111
1111
11101111
10000000010110001001
1110
1111
111
00000000110100
111010
00
11111
11111111
00101110000
111111
11111
100001011001
01011010110000
1011
0111111
0000101
00000000100001001
1011110111111111111
11110110111111111
0000000
000000110000
1000001000000100
111111
1111110111011111111
1111111111111111
10001
11111
11111111111111
1011110001
11111011
1111011
1001
101111
1111
11
00111010111001
00000
000000000000000
10110111111111110101
11111111
111
1111110111
11111
11
1111111
1111
1111
111111
11110111
1111111100
11010110
11110111
1111
0
011
111
11011
101
111
1111
1111
1011110001
0001
11110111111
101101111101
11111
1111
1111
1111
11
111111
111010100
11111
1111111
10001
1111101111
11101110001101
11111
111
1111011011111
111
11111
1110111110
111111
111101111
0110010100011
111
111110111
111
110001000111
111
010
00000100011110111
000000001000
010100
1
111111
11
111110101
1110111111
111111
111
11111111000
11111
111101011010
111111
1111
11111
110111
1111
00010100100100000
0111101101
00011
111111
11111
0000
111111
11011111
1
1000011110100001
11111
11111
01
1111110111100
1111100111
11111101111
1101101
111
1101111000101
11110111001
111111
00110110110100
111101
11111010101110111
1111
10111100111101111
11111001111
11
111
111
00111
111111111101111111
010111111
00111101101111111010
011010101
11
1111
111111111111111111
10
01110011111111
001000011111
000001
000000000000
111111011111
00000011110
10001
011
110100
0000110
11
000011
11
111
11
001111
11
1101
00000
00
011010
0111
0011
111101
1101111
01111100
11
01
111011
11
11110110101
0111
11110000111010
11
111
110
110
1010111
001
111
01100101110100
01100110101
11
011
11
01011
111
111000000
1111
0111
1111111
1111001111
101111110111111100010011011110011
111
11111
11011
111
10001
001100
11101111
11111
1000101
011
111
1011
111
111
1011
1011
11
0000
111
11
110110001011100
111
1001
1
101101110000101001
11
1101111011101
11011111011011
11111110111
11001101
11101111111101
111011100
11010111111
1111111111
0111110111001101
111111111
10111101101101
1111111011
01100
000
1111
10111110110
110111111111
0111101001101111001
111111
000
01111010001
1111010101000010111001
1111111111
0111
111111
11110111
1110111111111
0111111
11111010
01001
000011
00010
10000010111001011
101110
01111111111
11011111110
111111
1111111110110
1111111
110111011
1111111
11111111110111010
11110000
1111111
110111111101
00
11011
11111
101
10111
1111
0100000
110011011101
11
1111101
11111
1111111111
111111101011
111111101
11011101
1111111110
111111101101
111111
11
01110110111101
1011101110110000011101
1111001111001
11111111
1111
1111111110111
1110110111101
101101111100000
110111111
11101011
1111
1111
111111
0011111
111111
11
1111111
1000
10111111111
1111
1111111
111101111
1111111
11111111101
1111111
1111111111
1111111
1101111111111
11111
11111111111
11111110111111000
100000011101
1101101
1111101000101100000
11111110101111
111101010100000
11010111111
1111111111
1111111111
10000010000
110011101111101110
11110110
110111101111
11111111
1110001101100101
111111
111111111
1110
1001010010011111101
1110100111001111
011
1101
11111
111110101
1111
01110111111
11111
11111
110001111
01101111111011
11
101
111
10111
1101
1011
1101001000101
0111011101101
1111
01011
1
111
0101111
11110111110101011
1111110100101
1
000
111
001110
01000000
11100111011010100001
1100
001
11111
0
11111
110
11
11111
000
11011111
1111110100010
1111111
1111
1111111010
111011111
111
001110000110000101001110101
1
1111110101100
11011
011100
11111110011
111111
11
11111
1110001
111
11111111
11111
111111
111110101001111
111
1111
111101101
1111111
111111
1111
10111
1111111
111
1111
11111
11111111
11111011101
1111
1101
1110111
11111
11
1101110011110
111011001
11111
11111
1011111
1111111110
1111011
11111
1111011101001
11
1111
11101111
11
0111
111111
1
01101011111
1110
0111
111000011000111011100
1111111
1111
111111
111101111
11
110010
1100
1111111111
1
111
1111
11111
11111110111010100
11111111
11
1
11
1001
1
1111
11
11011
11
11
11
11
1110111
1
11111
101100
11
111111
1
110111
10001
11
01
1
1
11
1
1
11
11
0
1
111001
10
00100
11
10
11
1
1
0
10
11
11
1
11
1
11
1
01
11
1
11
1
11
11
11
1
1
11111
11
11
1
1
1
00000
1
0010011011111100111
110101011111101
111
111111
111
11111
1
11111
111111
1111
1111111
1101111011
111
11111
111111
0
111111
11
0000
1010010
11101
11
11111111
11101
11
111111
111001101100
11
1101
1111111111
1111
1
101111
1111000100
1101111000011
11101110
111111
111
111011
1111001
1010111
11111101110110001
01011000010010011010
11111
11
011111100111
111
11011
11110
111
1101111111
11111110000
1111
11111
1
1
111111101110
1111
111110111101
111
11111111
10
11111111
111111111
111101
11
1
101011111
101110
00
1111011
11111111111
11111101111
11111
1111
1111
111110011
1011111111
111101100110
101110010
0000000000000000000
1101100111
0000001
10111110
111100111
1111110101
1111100100
0000011
0000
11111
111
11
111
111111
01
11
11
1111
11110111
11
01011
00
01
111
111111
11101
11100101
111011
111
1
11111
11
0000000100000
11111111
1
0
01110111
111
11100
01111101111101101100
11111
1111
11
01001
00011
10111
011
01010101
11001
11111
000
11111111
0111001
111
11111
00000
111100
11111110
10110101100100000
1110111
111
111110110
011
1111
11001
111111110
0110111
111101110
1111010000110000010
11111010
1101110
11111
111
11011
1101111
1111
1111
1111
111100
10000100010111100110011000000110011100
1111011
1111111
111
0111
1111
1111
11000011000
1111100100
1111
11
111
110111
11
111
111
111
1111101
1111
10111
111
11
11
101
111
11111
0101010110
111
111
1111111
11
1
11
111
1
1
111111
11101
110
11
11111111
11
1101010
011
011110
000110100
11
101
01111
111
1111
110111
1111
111
010011
0
111
1001111
1
11
11111
111
11111
101
1111
1111
011
10
011
111
110
1111
111
11100
0111
111011
11
011111
001
11
1101
011
111
11100
11
0011
011
111
11
1011
11000
0111
1111
111
0111
111
11110
111
1111
0111
1111
111
11
1101
111
1111
011
00111
100
011
111
111
111
11
101
0
1111111110
11
11
101111
1100
11111111
111111
11111
1111
111
11111011111111
1111100101
1111010101
11
1111101101
111111
11111111
111
011100001011011000111111111
11111
111
11011111111000011111
10
1111
01111
1111111
10111111000111101
1111
1
11011111
1011
1
111111001100
1111111
11101111
0011111
1100011101111101
111
1111101111000
0
1111
1111
11111
111110111
011
11111100
000111111
11
11111
11111101011111000
101
111
011
1110111010110101100
111010
101
11
111
11
01011111
111110011111100
1100
01010
11
11111111
1
110000000001
01
111111
111101001
011111011001
1010011
1
01
111
1000000111
101
00000111
111
011
011
10
1100
101
110
10111100000
111
101
1111
111
011
111
110
11111
11111
11111110
1111001111
11001111000011001111000100100
0011100001
11101011111
11111
111
111
11111
11111
1111
111111
11111
111111
1111
111011011111
0011111101
111111011
111110111011010
0111111
11
1
0000000011
11
010111
1101
111
11
1
111
1
111
11111
1110000000
011
11101
11
11110
101111
01011100000001011010
111
110011
111
1101
11
11011
0100000
1101111110001
01
11001
1111110010
11
10011
111
1111100100
0010
11
11110
1101
0011
11
111
111
111
01111100010011000001
11
10011
111
11011
011
11
111
0111
1111111111111100
1
1
10001
0010000000000
111111
11111110101
011101
111
01001
11
1011
1101
0111
11
111
1
11
111
1111
1
11001
011
0111
1111
101
101
1111111111
1101
11111011
111111
1010111
011111111
11111111
111111
10101011
111111
111011111
1111111
1111
11111111111
10111
1000
11011
11111110
11111
10100011
111111
11101101
111111
1111111
11111111101
00000011
001010010110011000101000000
1110011011110111011100001010
0101110110001010
111110100
1110001111
11101
1100001
1111
1111110
01011111101110
011010001
11110111
110001000010000
1111111110100
1111110111100101011101101
11111
111111
1101111
11011110
1100011
10111
1111111
11101
11111
11111
1100101
1111111
011101111
1111011
11111101
110110110
110111
111111
11111
1111111
111111
111111
111111
101011111
1111111011
11111101
000011000
11110111
11011111
0
0011
1
11
1
0010011
111100111000
111
1111111
111
111
1100
0011
11
111
111
111
10011
11
01
11
1111
1110
111
1001011
11
011
11110011111110
111111111111
1101110101
111110
111111101101
011111111101100
10000001
0111
11111000111010
011010
11111100111111
11111111111010
111110111111
10
111
1011
11110110110
011111110111111
11111
1111
0000000000000000
0000000
1
1
1
1
11
1
11
11
111
1
1
11
11
11
01
11
1
1
1
0
01
11
0
1
1
00
011111
01
1100111001101
111110
101111011
11
01
0
01
01011
1
10000
110
10
111
1
001000111
1
11
11
01
1
1
0
1
01
1
11
11
1
11
000000111101
11
11
11
11
1111111011
10
10
01111111
1101
1010111
100
10
0101
00
10000
0
00001001110111000000000
10
11
1
01
1
1
111110
000000000000011000
000000
1
0
1111101
11
1
11
1
111111111110
000
111
11
11
1
11
11
11
11
0
11
1
0
10
0
0
11
111
11
1
10111
11111000101111
1011
111111111
01001001
00000000
111111
01111011011
011101
011011111110
1110101111
10111
111111
01101010
1111111111
11111
0011
1
111
1
11
11
0111
11101010111
1000
11
11
0111
1
11001111
1111110111111
111
10111111
111111111
01011
11111111
110000111111111
1010111111
110000
11111111111111
111111
0011
0111111111110111111
11111111110
110110
1111110011101101011011
111111
01000000001110
1111111111111
111
11111
1111101
0111101
10111110101
01000
1100
1100
0111111111111111
01101111111111
1111000
111111001101100
00101111111101
11100111111
1
1001100111110011111100
1
1
1
1
10101
111
11
11111011
1111111101
1111111
111
111111
1111111
1011111111
1011111101111100
1111
1111
1111100100101001100111
10110
01
0101
111
11
101010
111
000100101
111
10001
111
111
0
11101
000011000000
11
01011
0000111101
00101
1
1010000
11
11
1111
1
0
0000
111
111
1101
111
11
1
11011
11011011
10110101
1111
111111
11111110011101
011111
11111110110001100
1010001010010010101
1110111
0000011111110
1111
111111101111001
111110110001
111011011
01
11011
11011011000010
11
1
11101
0011
010
1011011
100001
1111
10100
100011111111
0100
011010
11101
111111111
000000
1111
101111
1
1
1
1
1
1
1
1
1
1
0
1
1
1
111111111111111111111110
10011
1110
11111110100
11000
01
1111
001
111111111111
10101
10001111111
000011
110
11111
11111
1111
0000010
11111111111111111101
11
111111
1000010001
10111111
0110001
01111111
10011
111111111
1111111101
11111101
11111101
1101111
11011
11111
111111
1111111
1110111
11111
1101111
11
1
1111
1111
1011
011
111
11100111
11011011100011
11001111
11110111
110111
11111
10111101101111
11101
111011
101111
101
0111
11011111
00
10011101101010
0000000
00010
1111110
111101011
110011
1
0
1
1
1
1
1
0
1
1
1
1
1
0
1
1
1
1110111111
1
11
1
11
0101
11
1
1
1
1
1
1
1
1
1
1
1
1
1
1
1
1
1111
11
11
11111011
11110001001
1111
01111
111110
1100
1111010
11111111
1110
11110
1111
11
1
111
11111101
111111111101
111
011101111
11111
11
0011
1110111
11101101011111101100
11111111011
111111
01111111
1111011
0111
11101110011110111111
1
000
10000001
111
10111
1110111
10011111
11
111
1
011111
11111
011
0001
111111
111
110
0011001
111
11
0111
1
11
1010111
011
111
111
111
0
11110011
00
011001101000
111
111
10
111110111
00000001
111
110110000
111
01
010001
00011111
111100
11
111
111
01010001
111
11100100100
0111
110111
111
10111
111111001010
1011100111110101010111000110
01110111001101
1100011100011110100111010000000000011000010
11110101000
00
11
111011011111
110101111
1111
1111110011000
1001100111111100000100110001
100
00
000000
011100
101110111011
1111
01111
01110
01111000111100111
1111101111
1111110111101
01110111
1110
1111
1011100
111
111010
11
11011
111011
01111
100000011
011011
1110
1110
11111100111110
11111010
01011101010
1111
101111
1111111111
11
11
111
11
11
1
11
01001101
0111000
010111
111110
111111
11111110
11111
11111111
111001100110101011
1
11001
1
11
111
11110111000
11
1111111
111
1110111
11110
11
11111001111101011111000100
11101
11100111010
01111100101100000011
0110111010000110
01111010
11111101101101000
11
100
011
10100000000
111
111
11111
111110111111111
1
11
1111
10110111
11111100110111
111
0101111
111011
110111111
0010111
11
01111111110101101011
1111101
111111
00001111011000001010000
1010111
10101
1110
111011110
11101101
11111001111100101
1111111011
11
10111
101011
10011
0011
11
10
1
1011
0111
11
011
1010110
01100
1111111011110
11100111010
10100
1111
0111111111111
0110
000000000000000000
00101011
1111111110
10010
1
00001100
010001101
1011010
110
111
11
1
000011
111
11
11
11
111
1101
111111
0100101001
0
011
11
101
111
11
111
0000
11
0111
10100
111
11
011
100000111
1011
111
111
111
111
1011
11
01111
111010
11
00011011
1111111110
11011
1111110000
111100
10100111
11110
111
11100011000001101
111011
1111001101
111111110000
111111001010110111001
1010111
01110
111111111110110
1100011101111
1110111001
111111010111110
111101
101111110000000010
11100
111111110000
1111
11111
111
00111
0111
111
11001
1
11
111
111
010110
11
111100
01110101
111
011
1100100000
01111111
1111
10111111
11000011101
111101
111111111
11111111
111111
111111111
01111
111111101
11100111
11
11111
01111
011111111
11111111111
111
1111111100111110101
1101111
011001
001011
10111
1110
11
011
111
011
11
11
11
011
111
11
0111
01111
1101
11
111
111
1
11101
011011110000101101
11100
000100011101110110110111100010011010001101010011101
000010
1111111101011110010000010
011110110111
1111100101000
11110
1101
11111011110110100
011
10
1111
11
101
111
111
111
111
11
11
11
1
11
01
111
10111
111
111
111
1
1011010
1111
011
111
110111
1
101100
11
11
11
011
11
1101
1111
11
111
11010
111
11
111001001111111111010010110111
011010001011011111101000
111111
111111110010110
1101101110110000100111
10110101111011011010001000110
10000010000011111
1
11011100010011001
11111111011110110
1110110110011111
1011101100
1111111011
1101111
111
0000011
1111
011
0111
111
111
01000111
0111101101000110111011
111
10111
000
1111111
11110111111011
1111110000000
11
110110
011110
1111011000110
011111110011111111
11101011
11
11111111
0111111001001001
111111111111
1101
10
11
1111
111
11
111
11101
11111
1111
1100110111
1011
111111
11111
11111
11111011001111
1101111
0110111
11111
11111011
111111
111111
110111
11011
1
011011101
11
0011111000
0001101111001
111
1111
11111
01111
11011
10111
1111
110010111
11111
111111
10111
11111
1101111
11110011
11111
11001
11
1111
11111
1111
11100
11
111
1111
111
1
111
1
110
00111
1
111
111
01011
11
11
111
11
11101111
111
11
11
111
011
111
11
1
111
11
1
11
11
1
11
111
1
1011
100
111
1111
111
1110
11
111001010
1
0111
01
111
111
111
111101111111
1111
11
11111
11
11111
111
101
111111
11100
1111
11
11
1001101
11010
1
11
011
0111
0
1111
01
1
111110011101
011
111
1
1111
0011
111
11
111110
11
101100
11
11011111
1111
1101
01101
111
000111
111
11111110
1111
01
011
11111000110010001110111
11
1111111
111
1
101
01011
11
11
111
111
11011
111
1111
11
1
11
11
111
0111
011
111
111
1
0111
1
111
1110011
11
111
111
111
1
101
11
111
1011011
00000000000
1111011
00011
1111100111000
01
1110001101110
11111101
001000110000
110110101001101
001110011
1000110100010111011
111111100011101
0111101010101000
1111110
1011010111001
11111
11100011100001010
01111110101101
0000000000000000
1111101111111
1111
011011100
01110111000010111010
011111011011110001
11001111
11101110111
11100001
11100
1111111
111111
1101001
111010
100011011
01111
1111111
0011
01000010001101101111
11111
1111110001
1011111011
11110111111
011000100101
010100100000
11111
11111100011
1111111
11011110
01101011111001
01110111100
100000000101110111000001010000000010000010
11
1011
11
10111
111
111
11
11
11
11
11
11
101
11
111
0111
111
1111110
11111101111110
11
111010011101
11001101
0010110110011
11011011111011011
11
1101110
010001011100
00011
00001010011
10101111111
11101101
111111
111111
1110111
00001
110111
1
1111100110
1101111111011011100110101110
0111101010
11101011000111111001011
110111101
10111
0111111
110111011101
0111
111111
0101111011111
1111111
00000111100000000000000
1111111
1
11
100
011
1
011
111
1110011
11
1101
110101
11
11111001
1
111
101100011011
111
1
1111
11
011
11111
1011
01
11
11
1111
11
00001
11000001
011111
11111101
111000101
1111
1111
110001011
1111111
110111
11011110
101101
011111
01011
11101101101
111
111
10011111000
11111001
1101101100110111010
1111
111
111
00
1
11111
11
10111
1110111001
11111
1111111
11111
11011111011110
1111
111111
1111
1110111
1111
01111
111
11111101111
1111
1111
111111
111111
010011
1111111
1111
111
1111
11111
1111111
100111
111111
1111
1111010101111
011
111
11111
0101011
1
011101
111
1110111001111101
11111
110101
11
1111111
111110111001
0111011110100
111111
111001111
1111
1111
010100110101
11111
0000000011111
1
10111
1111
01111101111101
111101111
111
11111
00
111101111
111
111110
111
1111
11111
101111010110110011100111011010001101
11
111
11
1011111
11111111
000100000
00000111
111
11111
01101010001010000001
1111
1
0011100
1111011100101101001001100111
101
111
1110101110
0
11
1
111110
0110110101
10100111
1
101
0010110100101001001100001011
00110011
1
11
0010111
0011
1101
110100010000000000010
011
11
1110
11
110
111
111
11
01
0111
11
111
11
01011
111
11001
111
100
000
111
00111
000
11
101
0100101
11
11
0
111
11
111
101
011
11
011
11
110
111
0111
11
10
111
111
1
0000000
111
111
11
111
111
01111
1111
101010011
11011
00110
11011
1011
11
1
1111
11110
01111
11000
011111
111111
11111
1111
011
11011
1101
11110
11111
1
000011000
111111
1011
110
1110
111111
11
10111
1111
10111
101111
11111
11111
01110
011111
11100
111
11111
11111
0011
11111
111
1110
111101
11111
1101
1110
00111
111
11110
11111
1111
1101
1
111
1
111
11001
10101
1
111
111010
111
11
1
1101
11
11
0011
1110
011
011
1
11
11001
101
111010
111
111
11
111
11010
11
1
11
11
1110
111
11
1
111
11
111
1
11
111
11100
1
1
11
111
01
1
111
111
11
11
11
111
0
11
1
11
110
111
1
11
111
11
111
0111
11
1
1101
1011
11
111
111
000110
11
11
11011
111
11
1
1110
11
11
11
11
11
11
11
1
00111
11111
1
1
0111
11
111110
01
0111
111
111
0111
0001011
1101
1101
111
1
1
1101
11
01
11
11
0
1
11
0
11
1
1
11
10
1
1
01
1
1
1
1
011010110100100
1
1111
1111111
11111100010111000
11001111001
111111
11111100010
1
111111
11101011010010011111
111011110101101
11011110101111111
1111111001101111
11111
111
110101101010
00000111000111100
11111
11
11
1001100
111111
1011
11001000111001000
1111
11111110010
1111110111
11111
11111
11110111
01110111
111111111100
10111
11110111
111111110110
1111
111110010011000101111100100111000010000010101100010100101100000100
1011111101
1111111
11100101111
1111
11110111
1111
10111
111111
0111101001110010001011010
11
1111111011
10001011110111
1111111011
1111111
111101111110
1111011010110011
10
1111
11101111
11111
111110111100000100
11111
011111
1111
11110111
1011
01000
111
0111
110
011
11
1
111111111
0110100
011
1100
111
0011
111
11
0111
101110
1101010
111
1101
1001011
1
1101101110001001110
1101
011
0111
1111011101
111
1101011
11110
1111100101
111110111010
1111110011101
111110111
1111101
1111
001011
01111
1111111010111
111
1110110011
1111
111111
0111
111111
111111
11010
111011001100
00000010
1100011011011001
11111
110
1111
111101
1111
11111
111
111111
1111
1100101
10101111
10011
11111
1111
11111
011111111010
001000
111101011
110
11101111
11
0111
11
01110
00101111
10110000
11110101
111
11111
111
11110
011111100
11111
1111111000011
01111
1110110011
11110111
11
11111010
11111
11100
111
001
11001
011001000001100011010110
11110101110
011100111010111101101
1011111
111100101
111110111111
111
111
1110111
111111
11
1111
11
11111110
011111
111111110
111111001101
11010100
1111101111
011111100110010
11111
101011111110110000111000111
110100101101
000000
11
11
11
111011011100
11
001101111111000000110110010
00001100
1
1011100
011
1
1
111100001000000000
111
111
1
11110111
001111
1111
1110011110
1111
01111001
011111
10111
111100111
111111
1101
1111
11111
0111111
1111111
1011111
011111
11111110
011111
11101
11101
11
10011
11101011
11111
1111
11101
01111
110000110
1111
1101111
11111
111101
110111011
110011011
111011110101100
11111
1110
01111
111111011110
111
1111101100
110110
111
1101110101
101111
110
1111
11111
101110
0001011011
1111101
1110101100101100
111
010111
0111101
110011
11111
111
01111111
110011
010101111
1111
011111
110111
101
010000
1100
111
01110000010000
1
11
111
11
1100111100100
0
1111111
11
01011
1011
111101001
1010111001100100
110101
11
11
11111011
00111
101111
111111
11
111
11111
0011
111
000010
11
10111001
111
11111
1101
000
0000011
10
11
001111
11
1111
11
11
11
111110
1
1111
1111
101000
011111
11111011
10111
1
11
1
01001
1111
110111
11
111111
01100100
1111
0111
10111
111
110011
111111
11
10111
0110
10
10111
11
011
1111
11111
111
111
1
1111
11
01101
11111111001
1011111
101
111111110101
01
1110
111111
11111
1111
1111011010111
111110011
11111
111111
11111
11101
111
11111
11
11111111110001
1111
111
0111111
011001
111
1110111
011111
101000001
111111
000001000010
11111000001
11111
11101111011
11100111
111111101
11111
1110001
1111111
11101
001111
1111111
1
1110
11110101111
1111011
1111111011
11100
01111
1111110
10
11101110110000
11
11010
010111
11
1110
11
11
1
11
111001
111
1
1101
11
1011
1001
11
1111
1011
110
111
11
111
1
1
11101
0111
111
01
101111
11001
11110
11
1
111
1
101
1111
1111010
011
0
1
111
1111010
111111
11101
11111
1100111011111111100
1111111
11
1
1111111
11100
1101
11111
0001
101011011
1111111
0001
101111
111001
1011
0010100000
111111
11111
101111
11110111
11111111
111111
1001001
011111
111
111010101
110
1111
11
111
101
11
110
010
111000
111
111110110
1
11
11
0111111011
1011101
1111111
00
010010
1111111
1111001
0000
0101111
11111
1111111
11111111
11110110010011010
11111111
1111111111
11111000
11101111
111001101
010101
111
11
11
111
11110111
10111
1111111
111111
11111
11111111
11111101
000
1111
111
111010
10010
11111
11
101
011101
111111111
011111
010111110001
110111
00
111
01111101
0010010
11111
0110101100000000000000101100
110010110010
11101111
110110
111
00010
000
01001011
10
1
111111
11101
101111
1
10111010
111110111
1000010
1010011111
011110
00001100100001010110110
11001111111100000000100010000
111011100011
1000010001001011010000000010100000000000
00000000
0111
1001
11
10
0111
11111
111
111
1101001110101
110
01001011010001
010111001000
01011000000100000010
11
111001
11
11
10101
111
11011
11100000
1110010
100000000
011011101100100
100000000100100
1011111110
111111111111101
11101111
01111111110111
1111101111100101
01010010010000000000
100111
1101000
0
111
111010101001100
1
101
111
0011010001
100011
1
110
11
01
11
11101010010101
111000010010000
101
111
10111
011001111110
1011
1
1011100001011
0111
11
11111
0111010100000011
11100
0011
1110101100
1
1
11
01
11100101
1101001
01100110011
111
100010
11
11111100100110
11100000100000
1
11
001
100000011
1110000
1100000
11100101011
0101001001101
11
101
110001
101011
000011001
000
011010
00100000
111010
01100100
111111111
010111101
1101000
11011111111101
01
011111111
1110000
001
1101111111111111
11
1101000
1101110
00
111111
1111
1110
11110111
11111
111111
111111
1111111
111101
10111111
11
110111
0110101100100
11101100111
111010
111
1110011
010111
001000010
0011000000
011111
01
0
0011
110
111
11111
111111
11111
1101
010
0
101
1
11
11
111
10110
01111
111
1
11
1
11
1
0011
11010
11
111
111
111
0111
00000000100
1
11
11101
00101
11110
11
1011111
000
0100101
0110010010000
0100001
111111101001
0111101000000
0000001
01110101
111010111000111
11100000
1
000111
0011101
111101010100011
1001101010011000
111100101
1111100
0111
11110010001
11111111000100010
111111
1000
0101
11111
000111
0100011100000101010000100000010
110
11
11011
10
00111
111
1101
1000111
111100
11101011
111
111
011
01101
110
1
111
00110010100
00101010
1110111011
11
100011111111010001101010110100000
0110111100011
1010101101
00000100001
0
00010
11110101
11001
111
1
1
1
0
0
0
1
11
00
0
10
0
1
0
0
111
1
1
0
0
0
1
1
0
1
0
0
0
00
1
1
1
1
11
0
0
0
10
1
0
0
1
00
0
0
0
00
0
1
01
11
1
1
0
1
1
1
0
1
1
1
0
1
111
11
1101
1
0
01
11
111101111
111111
0011111
11111
01100100000000111101100101
11011111111
1011111111
11111111
101111
11111111
111101111
101011
10101101001011101
1111110011
1110110111111
11011111
111111011
10111111
10111111
11111
1110101111
111
1111
0
111
1
011
111
11001
1011
1
11
111
11
1011
101000
101
11
10001
111
11
011
11011101111101110
11
111
111
10
11
111
11
111
11
00111
1
1101
001
1111111
1000
11
10011
111
1101
010010
0001011
1001
111011
011
010101
1
111
11
01
11
11
11
1111
111011
1101
111
11
11011
111
111
111
11
0
1
110
111
11011010
01
11
101
0101000
0110111
1101100
11
1
111000
111
111
10111
111
10111
1
0001100
00000011
111011111
0
11
1101011
11
11
1
1011
11011011
11
10111010
0
0
0
1100110000
01
0111
111110111
1110
110111
10011100111010010100111010
1101011001000
1
11011101101
11101011
10
111
111111111
1111111111011
11
11111011
011111
111110110100
10111
11
1110
00111
11
11100000111
0111011111
111111111
111110110111101
11101111
111111111
1111111111
1110110
11101111101
1111111111
111111111
11101111
111111110
1111111111
1111
11110111
1111111
111111
111111
11011111
11111111
010011111110
1111111
111111
0111111
1111111
1110110101101001
1001
11011
11110
111100
110100
11110111010111011
1010111111
11111111
11110001111
111
00111
011011001100001
11101011111000011101110
111101011111
110001110110111
11111111
1111011
1110000000010
111111011
1100111111111
1111111
1111111111
1111100111111
1111111101
111011011
111111
111111
11110111010111011
101111
11111
11101111
1111111
1100101000101111011011
101011111
11101111
1101111
111
1111111
1101111
1111111
11011001001110111101000111
1111111001
01111100111
111
111
110111111011111101
111101
111111
111101110
01001
011010
11
1000111
11000
111111
111111101110
1101
01110000
111
0
111
1
11
11101000000000
00000000100010100
00111100
10011
01110001
1
111000110110010000
000
1011001111
011110
111000
1
1110111011111010
0
111
111010111
1111
11
1
1011101
011101111011111
11
101110011101101
01110
1111
11100010100
0
10101
0
1
11
1
1111
10011111100011101010110
0101111110011
0111111
11101
011
011100011000101101
111000
11
111111110
01110111
0011
0111010011
1000001
01111
1111001110
00
1
11111100
1110011111000
110
0
1111
11
11
11011010101100
11011
11
111
11
0
0111100011
11
111
0111101
1111011
1111
11
0000010
00011
111001
111111
111101111
111101001111110
1011
1111
1
11
11111000000110
1111
11111111
1011001
01000001
11011
11110
11
11100100101
111
111
11
111111
0110111
11101000
10101111
1011
01
0
01111110010101111
11111
111
00101
11110111
0000
00010
0
11
111
101110
011
10111
1110011
11111001000101010101
11110110111
0
11111101001
111110
111101010110010100010110000
111000000101
10000001000
1101011011
100110001
11101101111
11011111
1
111
01011
1110110000000
11111011111110
0
110101001
1111110
00011
111
0
1111111
10111111000
1111100110110110
111110
111
0111
1111
0
1111
1111011
0
11111101111
111
0
11100110110001000000001000
1111111
11110111110
111111
11
0101011011111010010
111111
1111011101111
110111111
11110111011
1111111
1
111
11011111111011
10010011100000101110
1111101101
11111
0111011100100
1100
10001110101
1010111
1111111111111000111010
11
110001
0111
0
111111
11011100
0011001
1111111
111
01000010000000000000
1111010001100
0
11
111
11001
1
11
1110
1
11111111001110010
1111110
011011110001111
1100100001111110
010111100100111001011
10011
10010
0
01100001111001101100100001100000101011
1111101
111101000111000000
011
11
11
1111
1100
111
0011100100
10
111
111
1111
111100
0
1011000000
01111111010
1110111
0101011101110110
11
1
1110
01001111001101100
00
111
11101
1110111000111101
111111
111
011110011000001110
11
11111011101
101
1110100
111100110011100
100110
0
01111001
0000101000000010100001000001001110100110000000000000011000000000010111010000000001000
11111
011
111
11001
10011
1
011
110111
111111110011
010
1110
11111100
11
111111101111
111000
0001110110101
11
1
1111101101
111111
111100011
00010111110000101000001
1110111101
1111
10110
110101100111011011011000
0
111
111111
111
01000010100001111
1111111
111011011111
11
11001
1111
11
01001000101111010
00010
00001000
11
01111111
1111111
00010110110110
11111
0011011011111011110011
1110010010
111111
00111101010
1
1101111
1111
010111111
111
11111
11
0111
111
11111111
111
11111
111111
1011
101101010
111101100111
1
111110010111101100001
11101011110001010
1110011
0
11111
1111101
11111111
111111
1
1
0
11
11
1111
1101100
01
111011
11
1110111
10110100010111111
110010000
00
1101111
1
0100111
1
010110100
111
111101
10111
111
110
1100111
1110
10000000
11
111
111
101111
110
11111011
1
1
0
1000000
11101100111111
111111100011
1111100
0111
111010000001010
0111011
0
11
111
111
11
11
01000010
1011
1111110011
1
111111
011010111100111011000
0
0
111
