01111110110111011100011
0110111110100000001100
0
10010000011111101010
01010011111011
0111101111000
011111
110111101
110100111001101011
111111110101111
0100
1101110010110
0011111
101111101001
10111111
101
11111101010101
111010100101110001
111001010011
11111011111
101110000111011000010000111
11010
011010111110
011111
10001101011
10011110111101010
00111011111011101001111110100
11101110110
1101000110110
111101111011111110
1111011000110100
0111101101
00010011
01000110
00100
0100
1001101
00110
01110
01101110
00111
11001
10011101101110100
1101110
1111011110111100
111101000101001001
111110
111011110100011001001110001000000001
100100
000000
1011101111111011100100010011
011101111100
11011001
00101
1
1110111011
11101110
101110110101000111
00
110111011
101101
1110100011110101
1111110011110
000101110111001110110
0011011111000
1110010000010001111100
000110
00
001111
01011
1111111000
1101110
110110111101
110101100110101
110010111111101000011111
11
11111
11100010001100
1011
0
1
01100111111010100
111101011110110011010000000
000
010100110001010110011000101011
10
0
001
10
00
1
1
01
0
101
011
000
11111111
10
110
11
11111111101111
00
111
1001101101011111111101
0011111111111011011000111111
111101101110111011
111111110111
00
10
1
001101100101000010000010
101110111
10
0010110
10
10
0
010
00
110
01
1
100
10
00
1
0
110
10
1
01110111010
0
111111000110
010111101001101
111111001101
11111
1110111101110111111
11011101111110000111010111000001000011
1110011101110
1011111011011111111111101110101110111
1111101001
01101011111111011110111000011011
0111110111111011110101101
1111110111111110011010
11111111010101001100111111
0101111111011111111111
1111111110000000111110
1110101
11011110111110111
11111111111111111
11101111111
111110111111111111
11111011111
101110100011
111111
1101011110101000000011
11111
1111111010010010110011101110
111111111
1111001110110001110111011
111101100111111011
0
1111111111101111111110111
00000000000011100010000
1010101010
111111111011110001101111101111000111001100111110100000110
1111101101110110
11101111111
11101111101111001111011
11110
111111111101101101111111
100000101100101
011
11111110111010000111111
10001
01010001110001
101111
1110011100111101011111111
10111010111110110001110111101
0111011111
011
01111111000
11100111000000111001
010100100111101101
10001111
0000001110000000
1110000101
1111100
100110
111000001100010
11100011111
000001101111011
1100101101011001
1111
110111101001
0010110101
00
00111010010
111100
0001
0101011100111010000001110101000001
00001011001101011100
1111110010011101
1101
100011011100
1000000001110000000000000
10110000000
11011001011111001
0110111111
1101101111
10111111
111111111110010110111
010111110
111
0100110
00000000110011010001000
0000101000000000
0001010111000001100100101000010000
1101
00
0
1
110011010101100111010011
11
11001010000000001
111010010101110101
0
0010001
011110111101101110
0011101001
01110101000
11110111010001011000001
1
110
010
011
1
01
010
110
00
110
001001110111111111111111110
0
1
01
0
0
10
10
10
0
110
10
101
0110101010001001111000
10100111110011011111111
1101000000101101010111111111011100111010100
10000001000000000
011110
10
1011110110000110111111110111
00
111000111001110
001100111011101100101001111011111101001
111
0000000
010000
10111111111110110
11001111101111
11110110010111101
001111000101111100100110111100000000101010
110001100011110001001101110100001
0110111111011111111
1010111111101101101111
110111011011101010
1101001
1111
11110111001111
1111
111111
110111
1111
1111111
111001111110
1101011111111
101000
11
1111101000001111
11001000001010010
10101100101100101100
11111011
1111111111
111110101111
111101011110
1011111
111
1101111
111110011100
111111
111
000011
0111
110
101
1100001
0011
10100
111
111
01
101100100
11
111110
0011101
011000100
110100
01100110111
11110110010011100000
11
1111011
11101100100
11101111000111101
001111111001100100000001
111
111111
101101001
110000101011001
111
0010111110100110111
1110110
01011110001101
111100001111110
1011
0111111010001
1011001
00
100
11100
00
11
01110
10
11011
00111
1
110
100011111
0100101
0001
101010101
0000
10111110
0
0100
10
1011
10
11111000
0111
010
0011
0001
01011
001
110
1
10
001101
10
011110
0011000
10010
11
1
0100
111
00001
001000110
00
10
100
0111010
10
101011
100
0110
01
1100
11
110
11001
011
0001
1100
00
10100001000110
01111
000
11
1100
0
11
0010
0000111110101101010
1011
0011
1111110
1111111
01101111111000000000111
1010100010
01111
111111
1111111
11111
0010111
111101111
11011
101101110111111001101100
1011011
1000
0
11011
11111111101
1111111101010010
100111110
110
0011
11101
11101110110111001101
11111101
1101001111
111111
1100100100010
10011100111
11011011001
111011111
11101110011
1111110
01110100111001101
111
111
01001101010
00011
111
1101101
1110101010
1101011111
0
011111111111
1101111100110110111110111110111011111111010111101101110111
0011
11110111111
11000001
1
111
1111101
0001101101011000
0110000000110
011
101110011
111
0111101110111
11000
1111010
0010111101
00100100100
1
010000000111011011101
11010110111111101010010001101
111
11
111000111101110111101111101
000000100100001
0
110111011101111110111011101111011
000111
011
1100
111101110111
10111
1101
111111110
100111001111110111
111111111110110001111
000
111
11100111000
11101
110011110100111110110
1
11111111111010111110101110010111111110111011101011
11111110100111011
1110111
11001
110
11
11110111101
001111110111111110010100110111101101
0101000
01001100111001
11
1111101110011
01011111011011111110
110010010111100100
111111011011101
11111
0110011111111101
111111
111
1110111111111101
001110110110111100
111111011111111110010111011111101111
101111111100001
110111
01011011011111011011100111111111110111
101111
11011101111111
1110111111111011
001111101000111011111101001111010111111111111
11
111
00110111
1011111
11111
11111011001101100011111111010110110001111110111111011111
11110
111001100111001111111
11
10010000000001100
110111111
0100101
1111
110000
11100111011101
11111100001
11111111100010
000000
011111011011111101011
1100111
011
1110010001
01101101101111101011010011100111001
0100000110
111110011110110
011010110111101010110001101
0000000
1111011111001
111110011111000001111000
1111111000
111100001111011101
0101101110110101011100
11111111100101
011111
000111
110110111001110
0111010110101110111111001
1111011011101111111011100111010
10
001111111111111111100110101110000100011001111111000101
1111
1111
1111010
1111
101111
10100
0111111
1
11111111
111111
000000001001001001100
011111
111111101111111111111
100110
1111111111111001111101111111
10011001
0000
0000101100011
11111111111111110111111
0010111111101111111
011111
00
100000110111
1011101011
0111101
01111111110110010011110
1111111111111111011110110111
111111
1111111101111111
111100
111010111111111011111111
011110
111010
11110
01111110111101111101111111
1111101
011111
11111110110011111111
110
1111
11101111111111111111111111110100
11011011
11
001111010
11111010010001101111100
001001100111001110011111011110
111111111111111010
010111011111101
1111010
11011
0011111
1011111
111
011001
11111101111111001
1110
10111111111111111111101111101111111110
0100110111101111111111100110111111
101111
01101011
11111111
11100
111101
1100
00111
111010101111111
000100001011110
01111111111001111101111
11100000001
000110
1111111001011111111111111110
1011111100110111111111
00111111
001111
0111100
111101110111111011
11100
10101
11101
1111111111111111011110
010001
110010100101111101111111010000110
1111111111111010111111
0101100
01011
100
01001
01111111
1000
111000
0011110
11111001101111001
11111111111111101111111
111101
1010010
11111111
0000111
11000
01101
001100110111
1110110101
000000000100001110
000111
1100
1
10
0
0001110
011110
0001
1100110101000
1110111110110010110
0000
11111
000
1101100100110111010111000111000111111101
11001111
00011010110111110100100
0000001110000001011101100110111110000100001011000111
00100100011110111110100011101111001111001101
11011011110100
1110111100
111001111000011111
00101
0011
1001111110101101111011100100011010010010000000011
11010011001010111
100111010111001110001
00000000000
110111001101010010000100
111101101
101110
110110111010111110011
0111100
1111111001
11111111000110101110100111000
1011
1011101101
1011000001011100
0111111111101100011011011111111000
011011101110
1111011010000011000111
11100010100101110111010001100111010111001
0110111100
11101100110111011100110000
0000101
111111
1111011100
001
1100
010
0011
010011
011
010010111
0100
0
11111111101
1101111
11111000
11111101100111101
1111111111011
111111111100
111110111101
11011011
111110011111111101
11111111111111110
10001
10111110001
11101111101
101111001011100010
1111111111110
1111100101111110
111111111111
1111111111111111
1111110111110111
1111111010111101110011
011111111111100
11111011111111
0011
1111101111100
00
10
011
0000
1100
00
1001
00
0001
1
1
00
00
10000
01
000
111
0100101110
01000
10000011
0000
011010100
01101100
111010
0110
010010000
011100
111010010
00101
00000010
000000010001000000
10000111110110000000110
1100
11111
0011
100
1100
11100010
01101010
10
000
100
000
110110
100010011
00
10
11011
11001
11111
11000
11
111110
111111010011110111000
0
1111111101
111111110111011
111001111101101
00111
1
0111111111111100
011
1111111011110111
11111111111111
0
00
0000
0
10
000
1110000001
00
11000100
100011
10111
00
00101
0000011
001100
0110001000
1110011
00001101
1000100100
101000
111
1110010
110
0100
01011111
110001
001000110
10000010
11001110
00
01000110
1101010
111110110
010001100
100
010001100
1111
101100
110011010
1
000
10
1101111
1010001
1111111111111110001
0
001
110000
0111111
00010011111001000000010000000000101010100001
101101001001111111011101100100110001100000100010001000001
111000
0100011
11110
11
111
101001
010011
110111
0110011111010100000
00
1010101
111
011100101110
01110101101
101111
1111101111
111101111101111
0000000000101011000000000000000011000
11101111101101011
1011011111111101
110111111
0011101111011011110
0110111100100101101111
111101011111110111
101101
111111111111
111011111111101011
110111011011110100
11111110111
11110011111011001
1111011111101101
1001110110111100101
00101010011100
111111111011101000
100110111111111110000
10001110111101000111001
111101101111011000101101
111010101001111011011
110010110010111
111111101011101100100
111111110111100
1100111110001111011
0100110111101101101111
101101111111011
010110111111011111
011111010111100001101010010
111111111011
111101000010101111011101
1011101101101110110001101
11111101111101100
11111111110111
0110111111100111
1011
011
110
1111
001
011
1011
1111
011
111
111
1
001
011
1000
1
101
111
01
0
1111
11
1111
111
110
11
011
111
10
1111
110
0
1011
110
0111
1
0
1100111111
1101000111
11111111011111101
111110111111101
11111111100111111
111110111111100010
11111111101101
1111110111011101011
111111111111001101
1111111011001
11111010110111111
011111111110111
1111111111101
1111011010111111000
011101011011011101
101101101011101
1111100111111110
111
100
111
1
0100
111
10
110
01
1
011
1011
0000
1011
01
0011
100
010
011
0011
11000
01111111111001110011101011011111
011011
11111111111001
1
1
0
1
1
1
1
1
1
1
1
1
1011111
1
1
1
1
1
1
1
1
1
1
1
01101101
1111
111111
1110
111
1
110011101100101
100
11
10
110
110
0111100
1111111111
111011
1110111
111
011011
111001100110
111011
001110101111
111
11
11
110010111111101
11000101111100001
10000110
0000010
1111111010
1111110011
111111111
1011111111
11111101
010111011001
111111010
001110001
101111111111
0001110
1011111101
1111111111
1100
001111110
10111111
10111100
0111111111
01
011110011
1011111
11
111011000111011
111110101
1110011
101
1
1110
1111
01110
111101111111001010010010110111
111
110111
00010101100101111001101
11101011001
111111110010
01011111010111111
111111111
11111111
1
11111111101101
1111011111
011111101
110111100111
10111
0001011111100000
1110010111
1110100001110111
0010111
1110111100100
011111111
100011010111110100100100
1000001010001011000000010010010
011
1101000011
111111110
00101010
11011110100011100
000
010110
1111110011010
11000000
0001111100
111111110100110110100
110110
1110111101
11011
10001101
1001011011011000111
0111111000110001010110111101
1010
011001011
111100011111
1110111
0111010011011100
01101
1111011101111
100111111
10110111111110110000101111
1111111
1100111101011
1111
111111101110
11
1111011
10011
000
11011101110
11111111
111111101
0010101010
10111101
011111111101111110
1111110100
00011
01111
11101111
1111
111
1111111101
1010110010110111101
1111011
1100001111000
1111011111001101111111000
1
1
11110111011
1011011
100
0001110
111010001110
11110111101
11110100100011001010
00
0000
0
011001011110101110001110
0111
11110111000
1111
01111000
11110110010101011001
110101111111000110100
01000011010001111100
001011011001
000000000000
01110000011011111
1111001011010001001
00111110010110110011001011011101100000111000
011101111101
110100100101100001001110001001111010000011101110011010101101011011101100110000000110001000011010011
00
111101000100010010001011010
1110111101001000101001110
1111001111000111110011011011010111000001
0111001100100000110111000011001111100110010000101
11100011001100
11
1111000010010110
0001
0
0
1001111
1110
011
1011100
11001001
1100110
10111
0111011001100000
1
11
001011
0100110000
1111011
11
0111
0
11100111011
011
01
1110100
10111
111
1
011110110101
1110111001101
1
10101110110000
011
000000
0011101111
101101
0
011010000000110
101110011
0010001011111101000111010101011111000001
11111011011
0111
100011100101011101010111010100111
11111111110110
111
0000010111011111110001100111001011110
000000000111100
100101011
0110111001
1101101
110100
1100
00
0101110111
01011
011101101011111010111110011
11100010101011101111100101001111111101111110111
11111100011111110111101101000111110110111100011
11111111110110100
101111001001011111111110110110011111111111
00111000101111001000111001110001100111111101001111000000100111000111111011101
0011101111111010101011111110011
001111011111101111101111001111111011011010111
1000111011111011101001111111011001111110011110111110001001110001010011001100001011
1111111100111111111001111100100011101111111001110101111
01110011111111111111001
11011110110101110101011111100111111
1111111011111101100011111000111011000001010111
011111000111111110111010111011111111
01111011111100000011011101
11111110111001001110
01101001101011110
1111111111001
0010100001000111110111111111001001010101111110001101011111111
01111111110110011
10011011101001111010
011011011100
0111
1111110010101011110
111111011010110110
100001
10110100110011011001000011
000101111101101011100111001
111011110101111101
111101110011110
111111111010100
1111
1111111111011111100
01111110101001101011111
101110
0011
11101100100111100001100
1101110
111111
01111111101001111001100000
1110111011101011110111110111101
11
111101110
11011111001111
00
1110001110111101110111100111111000110111111010111011
100100010001110110011101100001101011011010110011101
001000111011
11111101110011111111100
00011111010100100100
111111111101001100111
111110101101011100111100011011111011111
111001111011001111111110
010100110110111110111101101010
000111110101000001
1010111001000100111
111010110110011101
1101111101010100110
11101111
101011111111101010111111010010
10000111110111111
111100101001101111101101101001
11011011010111110010010
0110111011111111101110110111111100
0111111111001110111010111
010111101110111110
11101000111
111100011111100110
111011000
1111111110111100
111101101101011111001111011
1101111110
11
011
11
01
10
111010110100011101
101
01001
11
111
11
11
11
01
11
111
111
11
1111111011
111001111110011100111
01011111110111111110011
10111010110001101110
111000
0000
1011010100
00101110011001
1111101111000011111000001
11011011
011111
1110111011
011011111110011011111
11111111101111101110111001
110101110011110111111101111100011
1101111111100111111011111110
101
111
011
11
010
111
111
11
110
111
110
1
11111010
1101
0111
111
011
1101101
10
1
011
0011
111
1111
11111
111010111110
1101100101110
110111110111
00110000110100011000011
111110111001
111110000110110111
101111
1101110010110
01000101111101011
11111100011001
111000001111
00101101
11111
11100111
1001111101
1110110
11101010011
1101110
01100111
11010101
111101101
01011011
110011
111
11011100100010100
1110010000000
00000000
001
001
11010
111
111000
0000
101000000
001011
111000
111
01110000000
00000000000000000
00101
0000000000000
10101
00101110000000
111001000000
110110000000
1101101
00011000000000
0
0101001100100000000000
1101
111001111000000000
110000
011110001001
111000111101000
100
1010111
10100
110110101000000000
11001
01111000000000
00
1101
01111001000
0011
011110000000
1100100000000
110110
111101100111000101110011111101110111
11111110111
01111011110010101
1111
11100101
011001101110011101110
11111
00111110110001
01110111111001000011
10100000011110
101001100
111110
11111
11111
110011
111011
010101
111101000111
1010011000
11111
01111010111001110
11110111
11110011
01100110
110111
111
0110111
001110
1110111011
11111011101
110011001111
1011100110
010110111
111101000100
01100111001111
111101
110011000101111
11010011000001101
11101110001110
10001100
1111000111
01100101110111011
1001011111101001001111
011101111010
011011110
1111111
0100111010000011000101100
1111001111
1110001110
111111101
111011101
0111111
110101001
01101111111111
001111111101
011
1111111000101
0011
1111101011101000
110101100
11101100
10011111011111111011000110011010011101
111101110011101
0000000
01001101011011001111
1011101101110110000101101111100001
000101011110110011
1101000
1100100011011110010011
11111
11
001
1110
00
11101011
11011011
0111
111000
000100
111001
1011
111010
1111110011000000000
000
10001000
01000011000000
110111
01011
1101000000000
100110000111011011
011100
0
0000
100
000
111111110011
1111010
000
1111
1111100111111111101111111101101
0001011
010
11100111111111
1111101011
1111111
10
0000000000
110110110
101111101011000
101
11111111110
110
11100111101
000
101111111110100
111001000000
1111010110001
1111111110000
000
0011100110110111111011
11001011100
000000000000
11001111111011010000001010111101110
01111001
101011110000110110001010
10010000001
01101010101000010110
0010000001000010000000001011010000001
00000110000000
111101110
010110
0110101
1011110000
0011000
11101100
111101
111111001111000011100
10000
110000000010010000000010100001
11111111
1011
00000000
11111101100110101111
1111111
11111011110011000100
00
11011110
1001111
011000111
10111
1000011011000000
00010
1111
10111
00111
11111111
00010001011
110000111
10110100111
1100100
1110000
01111101011000
000111
0111010
101111101111010
111111011
111010000000
0111
1101000
11
111111
0111
0101110011111001
110101110101111110
1111011111011111
01001011101011110010000011110
110101111010011101
111111111011
11100011111111010110
11110100111110010010110110111
101110011100111110000
01001101000100
111011111011010101111
10011111011111110
0011101101000111011100
1111101
111100011101101001100101
001111001111111110001011111
11101111101
1111111111
10011011111101100
01111110001111010
0110111011011
0001011011
011011101111
1001010101110001111
0011111111011101111
100111110110001111000
111111
101010110111101101101001110
11000011101110000010
11110101110
001010111
1101000
00111
0
11101
011111
110
11
01011
0101
01111011
0
0
1100010111010001110101011
0111
00110011101
11101110101101
1001100010110
0110101110
10000101000100
000001000110
0001
10000110
000100111101
10000001000111
1111
0111001001111
100011111111011
001101011110111
110001110
111110101111
00001001101100100000
011
00
1
01111110110010
11111110100
1
011111110001
0
10111111010000
0111100
11111000011
101111101010000000100
11111101111011
101010110
111100100001
00
11110011111001010
00
11111101110
1100011011101100100101110111
0
1101100111000111
0
00
00
1101100
0
00
11111100000110010
00
0
11011101
011111011001
0
1111011100100011110
0
0
110011101011111011011000111
0
111011010001001
11110011001100100
10011110111010110111
001111
111101
10101111
0000010001
101101111010000
0110110101
100101111
00
10
00
00
0110110100001
001001111
00
0011111100101
111111001101
001111
0
00101101111001
0111011100
00101011110
10000101111101
11010001100101101111011
00
0
00
01
0
101111010
10111100010111111
11111000100011111111010
01111111111
110100000
000
101110111111110000
01000000000001101001
001110111011111101
011100110001001110111111011101
100101011111
0110000101110010100001000010111
000
000
1001100111001
1110111101001000001
1111000001011101
10011111111000
1011011101011000
111111011110111
100111111
110111101111101
00
0
00
0
00
10
0
000111
0
00
10
1001111011111111
010111101001011
0100101
0
100010
111
000
10
10
0
1011
00
010
11
0
00
00
00
00
000
0000
0
011
0000
0
0
11
1
00
00
100
0
0
0
1000
1
000
1
0
10
000
0
00
0
000
0
000
0110
0
0
00
100
1
001
010
11
00
00
000
1
0
0000
0
00
011
11
0
00
01
1
101
000
0
00
00
000
111
000
0
101
000
00
000
01
000
0
00
1111
1
1
1111
001
101
00
11
011
0
11
0
10
0
11
10
00
1
0
1
00
1011
0
0
10
101
11
1011
1100101
1100000
010
11101110110101001
00011
000
1110110110011111000
0
00011
01110110100
101100
01
1111110001010100111
1111000011
10101111110000001
000000111
000
00111
1011000
10111110
1100
10011
0
00
0000000001
0
00
0
1101010100111000
11111
00
11110000111101
00
0
0
1111110000
110111010000011001110001
00
00
0
00
0
00
101110111110010
00
0
000000000
0
00
1110001010001
1111101010100011101
10011011001110
0
11011001010000
01000001000111111110000010010100000010000
0
0
0
0
0
00
0
10
0
00000111100000
10
10100011011010110010100001010100000000
1111001110
0111010100110100100110
1111101010001
11011111010
01111001000
0000110111110100111011010
11111001110000
00
11110111110000
110011011011100000
11111101
1101100111101101110000
00
11111111000
11100111100010011
01111111001
0011111100111
00111010001000011010001
11100011001100100000100100000
11
0
00110011010000100001
0
11101101
111010001
00
00
0
10
1111010011100
10
00
1
01
1
00
00
0
00
0
11110010
11100001111010010010001000
11011111110100000
111100111
100111001100011
0
00110000
1011101
01
0
110
0
00
0
01111100001
0
01101110001001000
00
10
111001100001101001
010
0
11010111011111100001
110111000111
1110100110101
0
0
00
0
00
0101011111110100011001001
1
1111101010100
00
00
00
1111001101
11101110101100001
10
00
0
00
00
11
11110101
00
00
00
01110101101
11101100
0
00
00
0111110000111101
00
01011111001001111
11110110111010
10010001
0011110011
0
1
000000001111
111111011
111011011000011
1101101111100
101110110100
11111000001
00110100110101
1
0011100101000
1101
10001111110101
0
1
10101101101010101010001
110011001
101110110111000100000
1101111100010010101
111100111
011101111110000001
10
000
0
00
10
00
11101111011001
00
101
110101
11000111000101000010100
11101101101000
11110110101101
1111011111011111000010001
000
1
100110111110111110
00
00
01111110011101
0111111111010111
01001
0
10111
011111111
000111
011
1100
011
011
1101
0111
111000
00011
0010011000010111010
110011100011
10001111111101011100
11100111
10
11
00001000
111111101111111101
1
01011
00
1111110
0111
10110011110
111
0001001100000110000100000
0
10101101
0
1
10010110001111
1100000111010
0
111000110
1100001
0010110000100
000100001111
111
100011101
1111100100000000
110110001100
001011010111110001001011
01011100110111
11
01
0
1010111
01010011011101110101100110111110010
101
11010001
1111000111000
010111100
10111
100101111011010000
11
11
1010011111001
