11
11
1110111000
11
1111
1110111
01
011
111111
111
1111
111
11
11
11
11
11111
11
111111
1111
111
11
1
111011
1111
111111
001
111
11111
110111
11
111
11
111
111
1111
1
0111
1111
111
1111
111
110
111
1
111
11
11
111
11
110
111
111
011
111
111110
1101
11
11
1
1
111
1
1110011
111
1
111
11
111
111
0110001
111
11
111
111
110
1
10
111
0111
1101101111
1101
111
11111
1
11
011
1111011
1111
11
01
11
1111
11011
1100111
11
10
11
1100011
0010011
10111
10000010
0
0101000000
011
1
11
11
111
1101
101
11
00000000111
111101
111
00111
1101100
1001
111
0111
11
1101111
11
1
111
101111
111
11
11
1101
11
000111110111
11
11
11
0101001
10
11
1
11
11
11
11
1
10111
1101
1
11
1
11111
111
1
11
110001
1
1
11
10111
11
1
0
1
1
1
0
0
1
111
11
111
111
111
1
111
11
01111
1
11
11
01
101
111
111
11
001111101110
110
110111
11
11
11
11
11
11111
11
111
1011
11
11
11
1
1
1
11
1
11
11
11
1
01
11
1
1
11
11
11
1
11
11
11
11
1
11
11
11
11
11
10
11
1
11
11
11
0
1
1
11
11
1
11
11
11
1
11
11
1
1
11
11
10
11
1
11
11
11
1
1
11101
0111
110111
0
11
0
1
11
1
1
11
1
11
1
1
1
111000110
11
1
0
11
1
101111
11
01
1
1
11
1100111
1
11111
01
11
1
11
10
1
1
10
00
11
11
11
11
111
11
11
11
11
1
0
1
01
1
0
11
11
11
1
11
0
1
1
11
11
1
11
1
11
10
01
1
1
11
1
10
1
11
1
00
11
10
1001101001
1
11
11
1
11111
11111
1111
11111
111
11111
11111
111111
1101
10111
1111
1111111
10111
1
1101101
11111
1
0111011
11
1010111
111
011
1100101101
111
01
111
1
111
1
11101000
11
11110
11
11111
111
11
1111011
111
10000000010010
11
1
10001
11011
1111011
11
1
0
1
0
1
0
1
1
0
1
1
0
1
1
1
1
0
1
1
0
1
1
0
0
0
0
0
1
1
010111
0
1
0
1
1
0
11010111
011
110010101
0
0
0
1
1
0
0
1
1
0
0
0
0
0
1
11100
110111
1011111
111
0111
10
