11
01
01
10
11
0
1
11
11
1
1
11
1
0
1
0
0
1
1
0
1
11
1
1
1
1
1
1
1
1
0
1
0
1
1
1
0
1
1
1
1
1
11
1
1
1
1
0
1
0
1
0
1
0
1
1
11
1
1
1
1
1
0
11
1
1
1
0
11
11
01
00
1
0
1
11
1
0
1
1
10
1
11
1
11
1
1
1
0
1
1
1
11
1
1
0
0
1
1
0
1
01
1
0
0
0
0
1
1
0
0
01
11
0
0
1
1
1
1
1
1
1
1
1
1
1
0
1
1
01
0
1
1
11
0
0
11
0
1
11
1
0
1
11
11
1
1
1
1
1
1
1
11
1
00
00
0
0
0
00
0
0
0
00
0
0
0
0
0
0
0
0
1
1
1
1
0
0
0
0
000
1
11
0
1
0
1
0
0
0
01
11
11
0
0
1
11
1
1
1
1
1
1
1
1
1
1
1
1
1
1
1
1
1
1
1
10
0
1
0
0
1
1
1
1
1
1
11
0
1
1
01
1
1
1
1
0
11
1
1
1
1
1
0
1
0
0
0
1
111
11
11
11
01
011
111
1
11
11
11
111
011
101
01
11
11101
11
11
11
1
1
1
11
01
111
1
111
1
111
1
111
111
111
101
111
1101
101
111
1011
1110
111
111
111
11
1100
01111
111
1111
11110
01
1111
1
0
1
1011
110
1011
1101
1
1
1
0
1
111011
11101
0
1111111
1111111
11
11111111
1110111
1011
11111111
111111
1111
1
11
11111111
1110111
11111111
11111111
111111101
111111
110
1111111
111111110
1111111
11101101
011101111
111110
1111011
111
11111111
11111
111111
111111
111111
111111111
1111111111
11111111
1111111
111111111
011111
1111111
11111
1111111111
0111111
1
11111
111
111111111
11111
11111111
111111101
1
10111111
0111011111
1
11
111111
0
11111
110111
1111111
1
0111
1
1
1
1
1
1
1
1
1
1
1
1
1
0
1110101
11111111
111111
11
11
1111111
111111
1
1
1
00
000
0
11
11
11
1
1
11
11
1
1
1
11
11
1
11
11
0
0
0
1
1
11
1
0
00
0
0
0
0
11111
1
1
1
1
1
0
0
1
1
1
0
1
1
0
0
0
1
1
0
0
1
0
0
1
0
1
0
0
0
1
0
1
0
0
1
1
0
0
1
0
0
0
1
0
1
0
1
0
1
1
0
1
0
0
1
0
1
0
1
0
0
00
1
1
0
1
0
1
1
1
1
1
1
1
0
