0
00
1
00
0
0
00
11
00
0
00
0
1
1
1
1
00
1
1
11
0
0
01
0
0
0
11
01
10
0
1
0
10
00
0
11
0
0
0
00
00
01
00
00
0
1
11
00
00
11
01
10
0
11
0
10
10
0
0
10
1
0
1
00
0
0
00
00
0
00
00
1
0
0
10
00
0
1
1
00
00
1
00
10
01
1
1
00
0
11
00
00
00
1
0
0
10
00
0
0
00
1
0
1
1
01
0
11
00
0
0
0
00
00
00
0
0
11
00
01
00
10
00
0
00
00
0
00
01
00
00
00
01
0
00
00
11
0
00
00
0
010
10
000
001
000
001
00
011
0
00
0
00
001
00
010
010
00
001
0
00
00
000
100
0
11
000
01
01
101
00
000
00
000
001
000
00
01
1
011
0
001
11
000
00
01
00
00
000
01
00
010
001
00
01
00
000
101
0
001
010
00
01
01
00
00
1
00
001
001
001
00
100
000
1
00
0
000
0
1
0
1
0
1
1
1
0
1
1
1
1
1
1
0
1
0
0
1
1
1
1
1
1
0
1
00
0
00
0
0
01
00
0
1
000
1
1
00
11
1
1
0
00
0
0
01
0
0
00
0
0
0
0
0
00
0
1
1
0
0
0
00
00
0
10
01
00
0
0
0
0
0
0
00
00
0
00
00
00
0
0
00
0
01
10
1
11
