0
1
1
1
1
1
1
1
1
1
1
1
0
1
1
1
0
11
1
1
11
1
1
1
1
1
0
1
1
1
1
0
1
1
0
1
0
1
1
0
1
1
1
0
11
1
1
1
1
1
1
1
1
1
1
1
1
1
1
1
0
0
0
1
1
0
1
0
1
1
1
1
0
0
1
1
1
1
1
1
0
1
1
0
1
0
1
1
1
0
1
0
0
0
1
1
1
1
1
1
10
0
1
1
0
1
1
1
1
0
0
0
1
0
0
1
1
0
1
0
0
0
1
1
1
1
0
1
1
1
0
1
0
1
0
1
0
1
1
1
0
0
0
0
0
1
1
1
0
1
0
1
0000101
11
0110101000
0101
0
0
0
1
0
0
0
0
1
1
1
1
1
1
1
1
0
0
1
0
1
1
1
1
1
1
1
1
1
1
1
1
1
1
1
1
1
1
1
0
0
1
1
1
1
1
0
1
1
0
1
1
0
1
1
1
0
1
1
1
0
0
0
1
0
1
1
1
1
1
1
1
1
1
1
1
0
1
1
1
0
0
0
0
1
1
0
1
0
0
1
1
0
0
0
0
0
1
1
1
1
0
0
0
0
0
1
0
0
1
0
0
0
1
1
1
1
0
0
1
1
1
0
1
0
1
1
1
1
1
1
1
1
1
1
1
1
0
1
1
0
0
1
1
1
0
0
1
1
0
1
0
0
1
1
0
1
1
0
1
0
1
0
0
0
1
0
1
1
1
0
1
1
1
1
0
1
0
0
1
0
0
0
0
1
