0
0
1000011
110111110
1001100010010011001
11
10011111
01111100
01111111000001
111110
01110100
111110110111
1111001001100
11001001100
11111110101
01111
11110
101100011101001
010100111110100111
0010101
111111
11010011000000
010
111011001110000010100
11110011
100000101110100
01
10110101
11011
11010111
10111010
1001111
111110
0111
1110111
11000010111
11101
10110111000
111110111011011
11
11111101
00101001011111001010110010
001111110111111
011010111101110
0010111000111001
11111101
1011111111101111
1110110111
0010110101110010
111111
10111110001
111110100000011000110001
1111101111
0111
100111001
111101101101
11011111101101101
10111100000
011100101001
001101
11111
1101110101101111
11001111
1001001111
110101100001011
1110111011
1011110011100100100
011101110110
01001001110
111110110
11000101011110
0111
00111011101001
1111111101
1110
1011101001
11
100011001
11111101111110011
1110
010100011010011
011100100001010011
010101011011101
10101000101
101011111
1011001
0110011
01101
11111
00110111100010100
10100111101000001100000
11100
11011010001
010100010
111110101
1111110
11001101110101
1000111110111
1111101001111
1100
111111
010011
11
111010011
110
11
11001
111100
111111
01
11101
11
111
01111
01111
111101
01111
10111
1
101011
01111
1110
110111
1111110111
11111100
001111
11111
1111
11011111
111
1111101
1101111
100010111
101111
111111011
111
0111110110
1111
110
1111
01111
110011
110011
1111011
111
11
01101111
011111011
11
0011
111
11
10111110
011
11
010
11110010101
1
110111
11010
001110111111
11110100100011
11
1111110011101
00000000001000100111010
111
101111
111001
010101011
110100011
01
10111011111
01
10011110100
111
111011010
1
1111111
11110110011111000
1101111
1
11101
111
111
110101011111
11010001
100
11
1111111
11
11110
101110000101010
11
011100100010
1
1
11111
111
111
1000001000
00000100110000
1101010111001100101100111000001100100
0
0100110
1011111
001
111110001010
0
111100
010
0000
1110
1
1
1
11
111
111
11
1
111
1011
1011
11
1111
11
1
11
111
10100
0111
10111
11111010010
1110
0111
111100
01011
111
11
11
01
11
1
100
11
110110
1011
110
1110011101110
1011001110011100101010011
1110011110
10100111101
11111
1100101011
111
1
111
11101
1010111
11
1101
1101
11100111
11
10
1001110
1
011111011
001110000000000
01010101
1
1
110
11110
101000011
00101110111
11011
1100000
11
11
11011
1110
1
01
111
11
11
111
100
111
11101
10110
11
11
0111
0
00000
11
0011
11
111
011
1101
11101
1110
11
0111
111
111
0
11011100101000000
1110
111
1
1110
111
0111
00
01011
1110
11
11
011
01101
1111101101101
1
011101001101101111110001101111011000110
11011111100110010011101
01010000
111101111110
1111
00000010
1111
111
110010101
0010111
111001
11111101110101100111
100011000
11111110111111011000001
111101111
00000001
0
10001111
00111
11
101100111110011111000001011
1
1101
001
1
11
110
01
001
011
111
1
111
0101000
011
1
111
00100000
111
011
110
001
01
1111011000
10111
1110
11101110100110011101
11111001
01111111111000
111111
111000111111000011011101100
111011
1101
1011001111000011101101
11
000
010111
0
1011111
1011
11
10
11
1001
11
01111
11101101111111111
1101
11111110110100011
1110100111110
00000111110111000100110101
11101
000010
11
1101110111011000011010111
011001
101
101110
01111
10011111010100010001
010001111101
01
11100
01111
1001010
101
11110110101001
111
11110
00111
11
1
1011
111
1111111
11
101
101
1101
10111
1101
110
101111
11
011
111
0111011010
11
100
1
1
00000100
110
111
11
00100
00
1011
010
0111
0111
0
1
1000000
11
010
11111
00100001
0101000
110011
111
111
1110
011
11
11
111
0111
11
1
11
11
11110
111
111
00001
11
00000
11110011
10
101
111
1011001011
11111
10011
0
10
011
100
11000
1100100011
0
111
1
110
011111100
1000111
1
11010
0111
00000
0001110
11100011
0011
10
001
10
11
101011
1101100
1101101
0000
11
11001
11110
1111110
0111
1100001100100001
110
010110011
111
011
1100100101011001
0
1001
111010100000
1011
11
000000000
111
1110101
111
111
011100000
110
1101001
11010101
00110000
101
101100
11110110011
11
1
11
11
11101
1
11
111
1011
111
011
11
111110
1
1
11
1101
111111
11011010
111
0111
11
11
111
11
111
11
111
11
111
011
11
111
11
1
1
11010
101
1110001
1
10
11
1
110
1011
11
101
111
1
11
111
1
1
11
11
1
11
1100
1011
1
111
11010
011
0111
11100
11
101
1110
11
0110011
111
11
11
1
1001
101
011
11011
01011110100100100
11100001111
1101
1101
0
0111
0010111001101
11100110
111110001000100
11100
1011
011
1111
111
10111
11
010000
0101011
11
111
0101
11
101
1010
11111
011100
11
1100
1
100011
10
1111
011
010111
000111
11111
11
10101010
11
01111
11
0111
11100110
10111
111
111
100010101011100001001100
1101
11
001010
011
11
111
0
1
11
11
111
11110
0111
11
11
111
01
1
1111011
0111
1110
011
0111
111
110010
10
0011111000
111
111
1110
111
0
11101001
1
11
1111
1
11
1
11110
11
1011
111010
0111
11011
111
0
000000000
011
11100
1101101
111
000111
01
11011
111001
101
110111
1011
010111
10
111001010
0111
10
1011
111
11
11
0111
110111
11110
11
111010111
11
100111110111101
11110
11
0111
111
10
111
0111
101
1101101
110011
11001
01
11
1101
0111
011
111001
01
10101
010
111
1101
1110
1
00011011
110
110111
000000
11
111
101
111
110011
1
1
11
11
11
1
11
11
1
11
10111
10111
10
1
0
101
1
11
110
11
1011
10
11001101
1
01
010
00010110
01010101
010111110
0
111
1100
11
01
101
11
01
1011
011
1100010
0111
111
110
111
1
111
1111
11
1111
0100
01011
1110
0111
01
10111
11
111
111
111010111
1
11100001100
11
10
1
11
11
00
111
0111
01
1110
11011011011110
100
11
1
1000111
100
11
11100
1
0
111
111
11
101111
1101
10110
111
0101
11
1
10
011
1110
111
111
001111
111
10110100010
111
0110111
11
001
11101
01110
111010
111100
01
011
11
10
0110011
1
11
111
1111
000000000
1011
110
111
1
0
1
101101
11011
111
1110
1
1
111
111
11000
11
1
1
110
011
10110
111
111
1
1
0010
00111
011
110
1
000
11
1
1101
11
011
1011
11
011
11011
111
11
1011
11
111
001011
1011
111
11
0011010110101001111001001
111111110001101110000111010100111101010
111111000111111001111110110
11101110111110110
11011110011111100
11111110111011100
1110111111110000000010100
1011010011111001110101
11001111100110100100010011111110
11110111110111100111
10111001001000101001011
111000111001
10000000110111111010101010010101111011
001111110001101110
00
01100
10
10
111
1101
111
11
1101
10
111
111
110
10
11
11
1111
11
1
01
111
1
1
11
11001
11
110
111
11
0111
000
111
1
11
110
111
111
1011
11
11
011
1011
1
111
111
0
11
010
11
1001
0
11
0001
111
1
11001
1001
11
00010101011
10011001
1110011
1101111
1110
11
10011
11
11
111
11
111
1011
011
11
0011100
1011
1101011101100
00
000
111
001
10011
011
11011
11
0
1
001
110
1
110
01111
1101110
111
111
11
10011
111101
111
1
111
111110111
1100010110110
111
11100
111000
1101100
01110011110111111
0111011101011
1111100100011000000001
11110000000010111
1110111100000100010
11110111101111000000
11
1111
11010111110
1101111111
11101
011111101011010011110001000010
01101111001110
111100111001
111110110
011111
1101
1001111
1111100110101
1101010
011
111
111
00101
01
1100001
0111
010010101
000111
110110
011
0111
11101
0111
111
100111110100
111
0100
1
1
1
1
01111
1
11010001
000010
111111000011000011110
110010111100101101111100011
11
0110111110111100
111100100111100110101100111011
101011100010
11010110100010101
01011111110011010001
010111100101110000
1110011010
110011101100101111
111111111001111110
01111111100
1010
11010111011000101001
110
1001
111001111
0101
011
11
010100100
11
101
00
1011
0100011
010
110001
10111
11001
10011
1001001
0010
00111
00
0011
0
0011
1011
1
01000110
100111
1101
10
11101
1010100100010111011100010100100110110
11
0
1
11
1
111001
111000
1000111
10100
10010111
111
0
0000
1101
1
0
1
001
0
11
11110
11
00111
111
111
1011
011011
0101100
1000
011000000
01001111011110111101001001
1110010101101111000000011011111001110
00010101111111100110111101011
111101101
010001011011101000
011
11001
1010111
10101010010010
10110001
011
1
110101
1110001101
1111000
1
10111
1101100
111
11010111110000
1001
10101
111
1110101010111101011111
1010111011011111100010101001101010110
110010110100111111001111
01110111001011111110101
1111111001111111
1111101110110111011
0000101011100000001101101001111
1110111110011011101
10110011001110011000000101101111
1111111011110
1101011010110101111110100111011010111110100110101
1100111111110111011111
1110011101110111
011
1
0111
01
1
0110101101
011
101
111
111
111
001100101
1011
11
1111
101
1101111
101
0111
1
111
00111
01
001010110
111
111
0100011011
00
11
0011011
1000110111011001000111101
111100111001110011011100001110
1111111101111000111101101000
1001010001111010110001011110100111
1111111011111
0101101111101110001101100000
111001111111011
11101111111111010011
101001111111111111
1111111111001101
110111111
00111111111011110010
0111111111011001000000010
001101011111011100101000110
01111111011000011011101110111100100111011
11111001
1111111100
01111011111010011
11111
111111011
01000
011011111100110010011011
1110100111110110111100110111
101011111100110110010111001011
101
11111100111
1110111111111000011010111101111
10110110111101011100101101111000
00011111000000011011011
010011110010000000010001
011111101010111
0011011101101111010011100011
011101011110011011101111
111101000111
10111111100
111
111110111100
111
111
111
00111
1101
110011
101
110
01011
0011001
11
111
111
01011
1011
111
11
110
1101
11
1101
111
1
111
1101101
11
111
101110111111010001
1
11101000101
011
1000100
11
011
111000
0000000
111010
1011
000100
111
11100000
1111111000111010111
010000000100
110110111110110
11110011111011011100
01111011110110000000110
111010101000011
11000011010110001000
1
11011100111010111001
11111100111
1110111
1110100011
101111010101010000001
0000
111110110010110
0100100011001011110000000111110010111110
01101
1111011011010000011100
0010011
1
10111
110
111
010001111100
101011
11
00100001101
011
11111010001100
000011101111010
1111100100111
111110101010110001110
1111101
11110111101100011010111110
011101111100000110101
0111011100011101
1111011100101111
1111111111110010
0110011011110010
111110101110011001
111001101011100101110010000
1111001100111001111
011111101101101011100
11011110111011010100111101101010
1
0
111110001
01
1101101
10
0011
110100
111000101
00111
00011100100
000101001
1101
00
0000000
0
11
11010
00111
1111000
1111111111
1111011101000
010011
110110111110110
1000100111111001000011010011
1011111001
111101111010111
111100101011101110
00111
110110111111111100010111101110
11110011001011010
1111111111
101111001110011111101010
111100
011101101010101110
0111111011010111
111
111
110111
0111
0111
1110011
0111
111101
111
011
11101010
11110
11
0001
111
1
10111
0011
11001
111
111111100101111011010
00111
0110000100
100
011111111
0111001101111
1011111111110
11111111110
11111101100
11110010101
11111
11111111001011110
011001
111110100
10011110111001011110
11110111110110011101
1111111111
1010111101
11111101
11010010111110100
11111110111
0011101101110
1110100111001100111110110011
110111
001100101010010101100011110110111
10101111
111010001111111111101
11101
1011
11101
11
11110
1
11011
11
0
11
1
1100
10
1100
1
010
1111
000100
101
0
1111
0
1
0111001101101110111111010010000010
11
11100
000
00011
001011001
010
11101100000
01000111
111
000
111000
10
0001000
11000
01010110
111010
11
111
00
11
11010011
1
010
111111100100
0111101110
111
111010101101011010
111010111011111
1001011010111
1010100111010111
0111101001011
11111111
011111110100011100111000
101111111
11110
1111
111
110
111
111
0011
11
1
1
111
1101
11000111010
10011
111
11
1101101
111
11
011011
1
1101
1
11
11
0001
00000
1111101111111011
001110100101111110111010100111010011001011110
101111101110111010010111111
1011101010110101100001101110100111101011000011000101110011010010000100111000101110000
1101110111000101000
11100101111000
011110011001111111101001110011001
111111101
0011011111111010111100010110111001111000110110100001
011101011101111110
111111101101111111100000001111
111110001001101101100010000011111
1000111111111
11
11100000111111100100001
1111111111111100
111
011
001000100001
1010111
111
10111
0
1111011110110101111
111
00000001000000000100000
011
11
101011
11
1110111011
111
1110111110110111111001
00111
1110
11
11
110010011110101010110
11
1
111
11
1
11110
11101001011
11100
0111
00100001
101000
111111
111
01
11
1101
11100010010
11
011
101
1110000
0111
1110
010111
111
1101
11110
1
1110011
1101
110101100000
11
111111111101010
11110011110
110
01000001110011001101011100011111101
011
0110101
1110
11110
01110100111100
111010111
1010011
1
0111
111
01101
11
0111
11
1011
00000
001100110100000
1101
1100110011001111
111100
1110110111011000100
0111101111
111
011011
111
1
1001001000
11011
1000111111
10
1
0
101
111
1
100011
11101
0
1010110101100110010
1110000001100100
11
111
1
10
001011
10100000
10111010
0
0010100000000000000000
01111101
111100011011
111
11100011100
11
1110
011
11111
111000
11011011
11111
111111
110111101
1111
11
11
000111
101111110
111010110
1
101110
101
111111
11110
11011
101110
111110101100
1111101
10111100
11
111111
11
0
1111100000100
0101110110000000001
110111000100101
111111111010
0
11
110100010110000001
111101111
0001011101110001101
10101001
11101101010
1
1
111010101100010110110010
00000001011011
100100111111000001001100000
111111110100
11100100110000000011
11111111000011111
0000000010
10100000
00011101100011001111011011000001
0111011100111
1000100
0111111011100
1111011011000010
01100
011011011000010011010000011011000000010010000000100
1111110110000000010
0111111011101011000
11111101001110
1111001
11
011011001010111001
100110100
11110101011100000111
001111110111100110000010111010000111
11101011010000000110000
0111101101
11110100111010
01111011001101100010001
11000000010110101101
101101000000110001000
10010110111
111100011111001010101101111
0101110110001111
01100100000000000
00110100100
110111001
00000000000000000
1010000000
10111010011
01111111011000010
000
01011010001001
001010111110010101010000000
11011111110000010011111
111101011001
1100011100000010100
01
111100110010111010
0
0101101
0000
110
10010000
1111001110111101
0110100111110111110101001001001000010100000110
00010
1000111110010101011001110110001101
011001
11111011111001011000100
00000000000000000000000000
101110101111010
11000000111000000111
0000000100011
0001101010100100000000100100101
0101100110100010011111110001001000101101101100011100001010011000101100010
1101101
101100011111
1100000001000101100
0100110100100011110000011100001000
1000100011111001010000001
1111101
1111110010110000000001
0111101100011101
01100010110101000
0000001111
1111000
01101101111100010110111010001111000001101000001110
1000000101000
01000000101
11101010011
0010
0001110
11001101100111110000010110011011
10110010000
0
0101
1100
11100101001000
11111111
011010001
1100110111100010101000100100101001000000000110
1111111111000100111100000
010110
1110
0000011111100100001100100000000011110
101101101110101011111111011
111010000010110
10010
0
100011011110
00010000
101111111
0
10100011
01000000001100
1111
1
0100111
11011
00101001
0001001010101
01
11110111
1011111
0000100
11010
000
001
1
100001011111111010101100100
10
1
11
0
0
0
1
1
100
1
001000
011
0
1
11
11101
1
00000
011
01
11
11110111
1010
11
10001101
110
111011
1111101011011
1110
01111
11110101110
1000
1110
10001100
0111
110
00110
1
111101011
0111
11
011101000
01111000
011
001011
1100011
1110
11100111
001111001
110
101011110010
1
110111011
001111111
01
11111
1110101000110001000
00111101111001
101
1100000010
01111000
0100
10101
1
11
101100
1
0
1111
1111111111
011111111110
010111011101
111111010111
100111111101
0011011111111110101101001101000
01011111100100101011101011
10100100101001111100001110100001000110
011111
11001100111110
111111111111111001001
11111110111101
1110011001111111110
11111100111011111101
1110111111001010001
1111100110110100111
11001111110011101
1111111110101
0111000101100011
1110101
1111110
11111
1000011110111100011000100100010
10
0000100111010010100000000000000000
1
010111111
0111011010101111
1100010100101001
001101011100
11101111110000001
000110
01
01
111
11000110
000101000
1
1011
0111
011100111111
11
0111
1111111
0011101001000110111
1011
1011101111
01110000
11111101101000
11101101001000
11100111110110
100
10111000111111010110
1
1100111
11110100101011110
01111101111001101
1111
100001011
111
11
11
1
1
11011111
10001001110011110
1111100111101111
111011001
01000100110110
1
110010111101
10000
011
11111111011110011101001001101
11111110111111111000001011011100
01
1
10111101000101
01
01110110111
111
011
100
0110
011
00111
11101100101001
101010110110100011
011
11001000
011
0110
101
101
11100
0001111
01
111011111
111
1010000110
0011011
001001
0101100100100010010
111
10
0
111
00
00111
1100
0101110
011000
11011
00110001000
001
0111
0
0
11
11
11100
00010110
00111
1
11
0
001010100
0111
101
11
111
11110
110111
111
1011
1001
11
111
11
0111
11111
1010111
11100
10111
111
0111
11
1110
111
111
1
1001
1
11
11
111
1
011
111
11011
0011101111110
0001100
001111111111000
10000100001011
10111011
01011100001
1111100001001100101
11111111
1001111111100111
1111011111101
110100010
1011000
0
101000000
11110
0111011110
11110111
1110010101111
111111111
11111101111101110
001011110110111111
111111110111
101111110111
1111111001111110
01101011101111010110101
101111001
111010111
110101111111101
11111101101
1111111111
1111
1111110011
1010001001011111010110101100111010001100100000
111111
10010
11111011
11110110101101110100
1101010110011
11101101111011011
101010111001111010111101
0111110111101
0101000110111100010
0011110010101111110000111
1101101101111111111010101010111110
111111111011100011010011
111011
1010
11111101110110
11010000
1
101011111110011001101100
1111
11011111111111101110
1011101101011100001010
10
0000011110011001111
11111111101101101001011
1111111111101001010101
01001111111000010111111000
1111011011110001
0100011011111100011010101
1100011011111110
0101011110011111111
10101111011
11111110111001
1011110100111
110011110000
0111001101010001110011011100100011
011
01100000
0111
00101101011010010110110
1110011010101111111111101100101001011100001
111111101011111101100011
01101010000001010
111111110111011010101
0
10111111011001111100101000000101111010000
100101000010000011101001100
00010111111100111
000000100001
10010
00101110001101011010001
11
1
1111011
01101111101011101010010010111100
0111011101011111101010010001101111110
01110111111111010101010011
0
11001
10
111001
1100
01111100
00000000000000
1111100110011101000
111
0000000
111111111100
111101101111001111101
11100011101
011
1101
101
011111111110
0000111101101000
111001011111010
0
1010110
01
111111011111101
11
011
0101010010001
11
1111111
111
0010001000
1100
0001
111
11000100
11100000
111
111
0111
1100110
1110011
011011
11101110
111000101
11
110
10111
010011100
111
00011001001100100
11
01
111
0
1101
11110101100
1110101101011
000001101
1111001000101000
11
1
111
11
1
111
1101
01
011
0001
100
111
1100101
1111111
111000
1
11
0111
1101100
11
1101
10110001
00111
101
110101
101
111
11010
0011
11111
11
011
11
111
01
101010101
0
000000000
1001100
01110001000
11101000
00000000000101
11
100
11
11100110010
0011
0111000
111
0101000
111
111
11
1011011
11
1101
1001100101
0011100
111
1100100
111
11011
11011
01011
110011
011
00111
0
1111
1011011010
1101100
011
011
0111001001
00100111
01101111
011
00
11010
000000
11011
111100100010
1
01
11
11101
11
110111
1000010
0
101101
111
11111
1000
1
111010001
111
11
110
1
1
1
101
111100111110
1010110
111
01100010
10011
1
1100011
1
1110111
0111
110100
1000110011110000
1110
0111110
0
00111100000
111110011011010011
00111
11101
0
1
1111
11110011001
111
1
1
10110011011
0111
11101
011
00000000100100000
111
1111010101
11
111
111
0111
111
01
0
101
011
00
01
000
1010
0
10
0000
011100111
1100101010101
1000111
00000
110
111101001010
00000
10110111
00
1
000
1010
1010
00
00
1010
00
101
01
0011
01
10
101
110
1000
1111
010
101
1010
1010
110
110
0000
10011
11111101011
111111010011
1011
1011110111000
111110111111
11111111100
001110111
00
10
100
10
101
0101
111
111
101
110
10
11
0
01
01
111
0
101
001
00
000
111
11111
1
0
0
0
00000
1011
111
11
1
1
11
10011101111011100100101
00
101
0110
0000
000
011
01
0
000
010
000
0111
11100000
11
10101
11
111011
001000
100
111
11
110111
11
1100101
100
111
11
11
0011
101011
10011
110011
010111
111
11
1
111
11
11111
110111
1101
10111
11
11101
101
11011
1101
1
111001011101100101
01100000
011011
111
0100111
1100
000011
0
1100111
00000
10001101110110111011
111001
1011001111
111010
1001
1
11
111
11110
0
10111
0111000110110
0111
11
100
111
0111
010111
111
110
111
01
111
110101
001
1
1011101101010101
1110111
111
1
010
01
1111
11
111110
111001100101100111100
001
111
0001
111011111111110000001100011110010011
0110110000110
11
111
1010001
111
111
11011
0000
00011
1101
0101
111
01
000
1101101
110
11
001
0
1011100
101001
0111001
0111
11
010
1011001
1010111
11011
1111
011
0100
111
111110
11111
111
101111
1
0
110
1110
1
1
111
111
111
1010
0100010
0111
11011
110
0
00
00000
1011
11
111
11011
11
101
0100111
11
110111
11
11
1110
11
11
11
110
11011
1
11
101
11
00011
110111
0111
1110110
11
11
1111010
11
111
111
0111
10011
00111010
111
101
1
101
10111
1101
011
101
11
1
11
1
11
10111
111110
11
11
1
01
0011
111
11
101001100
01010
00000100010
1101001
0000
10011
1110100
111
000000000
1010100100
0111
0110000
0011
11101
01111
10000
01001010000
10011
111
11000
00101
11010110011
1101000
0110100
11110011110000100
000111111
11001
0111110
011100101000101000
11001
11011
1110
00111
1110100
100111
1000100
1110010010
1001001
1100
100110
10100
011
00000111
111001
10011
1111000000
1101
0111
001
11011
0011100110
011
1101100
111
0101001
0111
111010
110111
1111
1100
011
1110001
111
1
11110
111
101000
01101111
1
11101
111
11100
11
011
01000
00011
1111
0010011
11101100011010
1110001001011
111010110
0001
11
100000001110101
100111
100011
10
1
11001
011
011
11
10101
10111
110011
100
110001
01101
111010
0111
1
111
1001011
11
1110
00011
01
11101
111
11010101
0000000
11
0111
000
110110001
1
11
111
00111
1
1
1
0111111111
0111
11100001
11101
111111
11111
10110110000011110000101000000000110000
111000
100100100
01011
00
00
10111
1101101
1
11
10
001
111
0011
10101
0011
0111
111010
001
011
01000
1000111
10
11
1010111
11011
1001
01111011
1011
1100
1011
0
001
11010
1
01
1111011
110011
11100
1
11101
111
1
0
1
101111
1
0
0
111
1
111111111
11111010
11100101100
10
1111111
10
1110001010
01001
1
11001101101
111010
001100000011
11000
0011
1101
1110101100100010
1101
111
1011
11
11
11
111
0111
111
011110
1
10101
11100
1111
11
11110
011011
1100
0111
01
11000000
11011
10
1
111
1111
11
11001101110
1110001111000110011
11110111
1111111
11
11
1111011
111111
11111011100010
1011111110
1111111110
1111101111
1101101111
11101111100
110111111
1
1
11110111110011100101000001
111111100110
01
000011101011
0
110
1011111
11
11
01111111110100
1111100011
101011110001110
10
10001111100101001100101
00111
11111100
0
11011010011
1
011
11001010010
010111
1
110111
110
011
11
0
110101000
11110001
1
1
1
11110111
1
111111110000011100111
01111111110
11100110001
11110111111
0
1
11
11
0
110111110
1111111
110001011011111
00
1
1
10
0
0011111
01
10001111
11111
101011
111
1
0010011
11
11
11101011010
1
010111
111
01
1
1
10
11
111
11
11
11111111
11
1
1111
101111110
1111001111100
11011111010
011111111
11111011
101111
1111011
1001110
111111000111
111110
11
11101011111
11
1111
1
110111111
111
0111111111
1111
000010111100101
11111110011
11
1111111
111110011
1111111111
111111111
1111111
011111
11111111111
1110101111111
1101000001111010110011111100
01001110
1111001111011111
11111001101111
1111111111
00
1
11110000
11111111
10
11111111
0100100001111100011
1111101011
111111
011
11111011
11
111110111110
1111110100010
111111111
11
11
111111101110
111011111
111011011
111111
10
111111100
111110010
111011111
111
1
0011011
10
11
1
1111110111
1
111101111101
111111
11101101
1011111
00
00
11110110
1111110111
01
0
111000000011
1011111111
10111100110
011
00111
01
011111111
1
110111
101110
11
111
1111111110
11
1111111
111
0111111000
0011
1111110
11110011110001011
1
11111110
0101110011101101
11
0111
111
1001111111
1111100110
11
111111001111
1101111000111
11110101011
1
111111111
11011101111101
11
1011111
1110111
11111110
111111111
11
11
11
10
11111
1111111011111
00110010111101110100
1111111
10111
1110101
011011111001110
11
011111111
111111100
11100111
01001
1101
000100111100000100000100000
100100010
01001111
11000
0100111
1111
1111
10011
11110001
0000001
101101110111010010
111101010000
10001
11110
1111
00111100110010110
000010001000111
11110101
111
110111
010101
00010000100000
001001
110111
11110101
111
00
0011
00110
11100
1110000110010110110
111
111000
1101
01
11101
111110111111
111011111110110
11
1111101111
00
01
011011001
11111
11111
011111
1111111
11111111
11
1111
1
111111
1011111110110111
11
1111110111
1111111
101
11111001111000101101111
110111100110
1111011
11111
1111
11
11011
1111
1111101
101110111
00111101100100
1
1110101001110001010001111111100
01100
011
11
11
10111001110011
10111
11011
011
1
00111
11000
1110101011001010
11
1
1
111
110
1011
011
11
0110000
1011
101
1111101
11
1
11110101
00
1
11
1111111
1111
0
1110111100011
1111
1111011
111
1111111
01
11
01111011
00011010
101011
11111101111
11
111
01111111
1
1111111101
1100111111001111
11101
101111111
1111111111010
01111111101
11
00011000100111
1
11011111
11111111
11111
11
111111011
11
11
00000000000000000000
10000000001001000000000010000000000001010000000011100010000000011011100000000000000000000000000000000000100000000000000000000000010000000000000
11101111
111111
1111111
11
11
1101111
111
11
1111011011
011110110101011
1
111
1011111
111111100
1101
0000000
11
01
111
111111
11
00011
11
1101
1111
011011111111
111110111011
11111111
11
11
111111
1
11101
01
1011101
111
1011001110
11011101110111
11011111110
0111
1
01
0111110001000101101
11111010111111
1
1
0111111
1111101
1111011111
1
1
1
1
1
1
1
1
1
1
1
0
1
1
1
1
1
0
1
0
1
1
1
1
1
1
1
0
0
0
00011
0
0
1
11
1
0
1
1
0
1
1
1
1
1
1
1
0
1
0
0
1
0
0
1
1
1
1
1
1
1
0
1
0
1
1
1110111010101
1
1
0
1110
11011
0
0
1
1
1
11
111
1
1110
0
11
11110
101
11
1
11
1
10101
110111
011011
11
101
111010
11
11
11
111
0111
1
0
0
1
11
