0111
11011
11011
11111
111110111111110
11110111
11111
1110111001101000
11110
101001011011110111111101011000001100011111101001101000011100011100
111100101
111111
10111111111111
01111111111
1111111111111111
10101111111011001
011000
1101111110111
111111111111
1111111000011110
1011111011111
010111111011011
1010111111110
1111111111111
11111111100111
01111111110111
000000010000000000
10111101011111
111
111011
0110111011
1111001
1100111111
111110
00001111
1
1
0
00
00111
1
1111
11101
1
0
11
01110110001111100001
111101111101
111011011110101
101010111111010111111100100100110110111011111
1101111
1111110101111
0
0
1
1
1
0
11
111
10111110101011101101100010011110100101110101000
0
11100111100111111
11111101001
0000100010011101001
111111111111000001
1110110111001
1
11
0
1111101011110
0
00100
1
111
111
1
1
111110011
111111000
0
11111
111110101
011000011110111110110000111101000100100
1
100011011111010111000000100011000011011001
101011
1
0
0
1
11
1
1
11
111
1
111
0010111
1
1
1
1100010
111
0010010000
1111010001
11
111
11111
11111111111111111
00000100
1101111111111
1111111111111
1010111110111
11111111111111
11111111111111
010111111111111
000000011111
1110111111101
00110110001111
100110111001110
00111101010
0100
11011101111
11111111111011
1111111111001
000000
10011111111
011100
111111110101001
111111101111
1111111111111111
0111101100111100
1111110010110111
00000000101100
111111111111100
1111111111111111
1111111111111011
01111011110
111001101111
01111010001011101101
0010
01101111001
1110000
110000001000000000
1111111111111111
11111000000
000000101110
000
11111001100
1111111111111
1110111111011
00
0111100110111110
11111111110010
11
0
1111010001111110001
0
111
0
1
1
1011111111111
10110111111
1111101
1111100110
111100
11111111111111
1110111111111
1111111111111
00000000
11111111
01
1111111101111
1101111101111
00111111111
01011010000
00011111010
010111111001111
1011010101100111
0000001000010
001110101000011
1110111100111111
000011000110
1010111011111110
1
0
1
1
1
1
111
111111000000
11
0
1111000
111110111110111101011
0
111
111
11
1
1111
10
11111
11
0111
0
1110010111
1111111
110111110011
1111100101011011000011
011010010001000101010001110110010001
011111111001
111011111110
0000000000000100
110111101111
00110011111
1001
11101111110111111
111000001011100
1111111111000001
011001111110101
11100011011010
01100111111111101
10110001
1111111
00
0011
0
11
1111
11111
11
101100
11110110110001111
00100000100
11111111111
111
111111
000111
1
01
1
1
1111
11
11
11
11
11111011111111
1110
01110111111001
11011111111111
001111
1
1110111001
11
1111
11
1111
1
1
01111001111111
111111000111
101100100001111111000
1111
0000000000000011111110110100001000000000000000000001000001000000
0111111100010010010111
11111011101
110100010100100
1111101
11111100001011
010000000000
100010011
11111011
010000010111101100100000000000001000010
1111
111001
1001111
1111110110100000001000000
1111101001000111
1101111111101001000100000111
11
111
1
11
1
1
00
1111
11
00011001111011111011101100011100010000000
111110111110111
0100000011110001010000010000000
01111111011101
1110001
110111101100011101010001101111110111
1
1
1110
1111111
111
0
11111111111111101
1110
1110010111100
111111111100
011010000
0000001100010
000000110010000
011
000000100000010010
1111111111111
000000
000111
0000
11111
11111111010010010000
011100001000101
110101100000
0000000000010000011101100001000100001000010000000000
111
1001111
1111111011
010111111110111101101
11110111111100010
0111010110111110
0011111001
1111
11110011
1
1
11
0
11
1101
1111
1
1
111111
1111111111111
1111111111101001
1111101111
011
1101111111111
10
1
111100010111
00010000000
011111111100011
011101001111101
111110101
101110
100001110101001110010
11111111001
000010
00011100111
1111111
11111
1110000001110111000010111111111
111
111101111
01001000011100000111000000000001000000010
1111111
0011000111
111111
0111100000011010000010000011100110001011110110000000010110010001000111100011011000011
101111110001101111
0000001100011110110111001000000001000111000000010
111111
1111
11
1
1
1
11
11
1
00000
1111111011111
1111111111011
101011111111001
11111111111111
1011111001111111
1111111111110111
11111111111111
11111111111
11111111111111111
11110111111110
0111110011111111
000011101111011
111111
1111
1110001111110101101
1
10
1
11
11
100101101110110101001110
10
1101101110100101
11111111111111111
111111111011111
1111111111
1000000110101001
110010111101
00101111
11001101100001
10010101
1011
111011110111111110
0010
111111
1
1
0
0
111010000010111
11111111101111
1111011111100
10111111101111
100101110
1111
111
011101001000010
111
111101100
0
1
1111011010111111001000100110110011001
1
11
11111110
1
01011100100111110110100000000010
1110111111101010111
0
11
1
11
01
111
0
1
001011
0
11
111
0000000
011101101001101110
01110001101010
0101100
1111110111111
111010011110011
1111101111111111
10111111111101
1111101010111
11111111111111
10111101001010
01101111110111011
0
00110
0000101000000101
1101101011011111
111111111111100000111
10011001100101
10101000110
101111111111100000
0010
0000
11111111111111
001001000000000
000001001
00100001
11101111110111
011110001110101
11000000
1111111111111001
0010010000100
1100110001111100
0110
01101111101101
111111011001
111111001011000111011011010110
1
1111110101010010
01
110000010
0000011100101
0001
0110111011111111
101111011110011110011110101
110
11100
1010
111
1110011
11011
00
11
0
0100101000
1100001
1
1111
11
110100
111
001
11
1
11
110
10
0000000000010
111
1001000001010000001000000000100000
0
11
1
1
111
01
111
1
11
1111
01111110011110001
10011
111
0100
0010
1110000
111110110111
11
11111111001011000000
1
1110010110011100001111001010011000000000101101
1100000000101000000010011000011100000000000000000100000
11
100000000000
1111011101
0
11010000
11111001
01110110011
111111111000
1
0
11
00000000110
111
1001000000010000110001
1
111111
111
111
01111100111001
00010111
00000110
111100110000111101100
0000
111
10111
111
10
11
101111
111
111
1111101
11
110110
000110001010001
01110110100100
1
1111110110101
11000
1101
0000000100001000001101000
111110011
1111011001001111001010001001
1
1111110100101
11
1000101
111101100111
1
111
111100
01
01111101000
1
111
11111110000
101111111
111111110101
111
110
11
1
111
1
1111111111111
11111
1101
11
100
10011110
11111
10000000010000000000
11
1111111
1
01
11111110011010
00010
0
0
1
00011000111101001010101001101000000000010100100111010110010000
00
0
111
0101110111
00
1
11110
1
1
11111111100011111
0100111011111010100000011001110
11010000111101
11
111111
000111
1
11
0
1
011
000111
1
0
0
1
000
01000001000100
0001000
101
0
1
11
111
1
11101
110101
111101111111
111
01
1
1
11111111101
001
111
0
1110
111
11
1
1010
0
0
10
11
0011
011
11
11
111
11
1
0
1
1
1
111
01
1
1
0000
111
1
1
11
1
1
10110111
11111
1111
0
10111
1001
111
1
0
1
1
011
1
1
1100
0
0
1
1
1110111100
01011
1
111
111
11
011101
0100000
11011111
1110111
1
01111111010
11111111
001111
10011111
111
111
1
1
1
1
0
0
1
1
1
1
0010
1111
111
11
10101
11111
111
1111
1111011111011
111110
1111
101
1111
11
110
11111
11
000
11
11
10
011
11
1
00
11
11
11
1
11
1
110
0
11
1
01
11
01
11
11
1
1010001
111
1
110110
1
1
1110
1
100111111111110101
1
10
11
11
1
111
1
1
00001
11100
10000001001110110110000010000100011100
1
0
101
0
1
100100100101101
11011
00000
000000010
1
11
00001001
1101
1101
0101010010011010
0001
0000000100000000000
111010001
0000100001010011110
00001001111110
110010
0000000000100
00
11
11100101000
1
11101111111111
01111111111101
1111111
11111111110111
11111101111111111
000101011
011100001
1111110111111
1011011111110111111
01111111111111111
11010111111111
111100010
1111111111
1011111110010101
1111111111111
11111111111
11111111011
1110101100011000
001101011001001
111111111111
000101111001101
1111101011101
1111111100111111
0111111
00
111011011000100
011010
10
111111
011110111001
1101101
11111111011
1110
11001
111111111
111
11101011
101110011101
0001
110111101111011
00010
11111111110
111111001101111
011111110
1111111111
0101010
010
111111111110001
0110000
101111111010011
100
1101101111010
0
0
0
0
1
1
11111111111100010
0
000100100
0000
11111111100001
1011111111011
00100
1111110111111
000111011101
111111111
1110110111
1111101
10001000001100
000000001100
10101
111110
1101111111110101
0100000111110
101011101111110
01111111111
001
1110111011110111
10111111111111
1110101100110110
0011111100101011011
11111011111
110111000011110
00101111111110111
111010111111100111011
10111010111
1111111111111
0111011000110
00111101111101
000
1
1
110
111101011001000101
0110
11111111110111
111101111
0110110111111
11001101111011
0111101101011
11101111011010
1111111111111
10111
0100010011
10100000101
0010100010110001
1101010001011000011
0000
1101111111111
001
1101100101111
1101110111001111
111111
1100000000000
1111111100111
11111101010
11111111011111
1010001011111110
1101011111101
10011001110
1011111010111
11011111111111
11111111011
111101101101
111111110111
101111111111
1101111111011111
00001011110010111
0000010010001
11110111
11111111111001
0000000000
1101111110101111
0010000
1000101000000
10010
1110101111111
011
111001
011
01
101
1
01
0111
1
01
01
01101
01
011100
0
11
1110111010
101
01
001
0
1
1
01
00011
0
0011
100
0
0110
000
1
0000
11
1
1
01
0
10
00
111
01
011
11
1101
1
1
1
010
1
1
1
1
1
1
1
1
1
1
1
1
011
0
1
1
001
1
1
0
01
1
0011
1
1
0
1
1
011
1
110
110
1
1
00100101111111
11100110111101101
10011111011
1000011011010111100
000001
1111001111011111
100100
1000001
110110100010011
11
11111110000
1
1111
1111101100
111101
011000
11
111
1100
00000010001000000100
011111010001110
111111101111001
11
0111
111
111
11110100
1111010
1
10100
110101
111101
11011
11
1
110
101
11
11110
0011
1
111
1
111
000
011
100000
00011101101100
1111011111111111
000000000000
0010101100111111
10000011011101
111111111111
001100111101110
1101
111111101110111
1111111111111111
000000000100
1000
101011110111
000000
100010100001100
110
1
1101
11
10111
0
1
1
1
00
1
1
0
0
0
1
11
0101110101
00111
0101
11
0101001000
0110
10001
1000000
11
0001011110111011001111
11
10001100101
00
01011
111000
11111111111101
00000
000001001110100
01111000000
0001100
1001
0101111001111110111
000111
0010
11
11110101010
111011
00000
00000
111
11
001111010111
11
001
11
000
0101101110001
11000000
01010
01111
011111010111011
1000
110111
100
110000111001110010
111110101000101
100011011111
01111011
1101101001
00000
010110111
10010100
1111
0001110
111
000111110011
1111010
1111
11000
100
1011
1101
00000
10
010100
11
1011100111
11
1100111111
11
11
111
111
11
11
111011
0
11
1
1
1110
1011111110100010
111111111111010
10011111101010
0001001
011111111101110111111
1111111111101110
01
1101
0000011
1111
111
1111
11
11
110011010
1
110011
1
111
01110
1111110
11
00001
10000000
11111111101100000
0000011011010
01
001001010
0010
00
10100100010
100
011
00100
0010
010
11110010000111
000
00
110001100100
01011100001011
11011101
010
010
11001
0011
11
0
1010
10000
111
10001
11
111
11
100111101111111
11101
11
010110100101
1111
11
0111
0
1
1101010000000
1101110
1
1
1
1
11
11
111101
0
1110111101110
11100110111111
1
1
1
1
1
010
1
1
1
1011101101100
1
00010
1
1
0
0101
11
00
11
1
010011
1111110011110
11111111010011110000010100101100100111
101
1
0000000000000001011100000000000000000000000000
11010101101011000011100101011101100000000101001000101000100000000
11
011101101111001101001
111
0000100000000000
11
000
1111110011111
111011111010
1110111010001
111111100011
11110111111001
111001110101111000
01111001
11001111010101
110111011101011
10011111011110000
1111100001
1110100101001001
100111000100001
000111
111010
11111111101101010011
110001000
0101
111001011000010
1011111111111
1111111111101011
1100011
000101110111001100
101100000
000
00
0
0011
0000
1001
10000
0101
1
10000
11
1111000
10101110100010001
11110010
110000000000
01001
0
00
11111101011001001001000
1
111111001000
000
001110101100010100
1001
01011
101
0110111111111010000011
001011110
1
111
11
111000000
00000
1110
111100
11100100110000000
011111
0001111
11010111
110010010
111110111011100
11100110100111000
11
111
1111
111
11111
00
111
11101101010111000
1111
111110
1001011010111001
11011
1110010
110
0000011
000011
111
00110100011
1
1
111
1
1101
1
1111
1
1
11
111
1
11
1
0
111111
1
1011
11011111
111101
111111
11111111
11
11111
11111
01110110011
111111
11111
11111
0000011110111001110001
1110110001001110110
11110
111
11
11
1
01
1111110101111
1011
010
01
01111
111100
111
110
1
1110
1011
011100
11
01
1011111
11
1101
11
10011
11101111000
000000
1010010
110000100010001000
000000
101111110
11100000000110
1000000101000111010010000000000000000100001000010000001000000000010000110000
110011
0000111
1111101111100110101001110
101
0111110
0
01000
0111010000000
00111
001000011000000000
11110100000
00
100111010010
01000001110100010000111
1110
11101
0011
110
11
10011
11
11011
111
01
00101
111
111101010000
1111011110100110
11111010110
010011111110010000000000010
11101111
10011
1
00101
100011
000
0101110000110001111111101
0000110101
111
00010001000000010101100100010011011100
1111
00011
11111
1111111
110001110100
1
110111
11010110
1101111
011101110011110010000011100011
0000000100000010110
001
1111000
10
01
001
110011
00000101101
1
1
01
00001
111
001
111
011
11
10011011
11
1101
1
1011
1100101
011
11
1
011110
1101111
11110
1
11
0011
1101
101
1
0111
1100000100
01
011
1
1
00
0110
000
00000
0011
011
1
11
01
11
100111
110
0
1
01
01
0111
11001
01011
1001
1
01
0011
1
1
1010010
1
100
011
1100
01
10
0
11000
110
0
101
0011000
01110
100
100
111
01110
0011
0001
0100
11110111011001
111
110010
011
10100
011
0000
1011
1
1
011100
01
01001
1
110
0
0000
010
0101010000
0010
1
1
110
101
101
0
111
0111
00011
100100
10011
11
11101
1
1000
01
1
1
110
1111
1
011
1
10
11
011
101
11
10110
11
01
1101
0011001
1
011011
01
1
11
100
1
1
11111
00000
01011
111010
11
11
01110101101
1
10011
1111
1
11
011
11
111
10010
111
11101
1
01011
101
11110101
1
0000
0000
1
0
00
111
111
11010
0011111
1101011010001
1111
111
01100001100001000000000000
1001100101
111
11
111
1111
01
01
111
1
110110111
001
11
0
11010000
00011
00
1011
111
00000111
110
11
11
0
101100000
01
11
000
0
1000
10
011
011
10
110
10111
11
011
11
011
1
11
11101111100010000000011000100
000
000001101010010
1
0
01
0
0
0000010
1001000
0
000001
11011
1
000
01
0000000
1
0
0
0
11100100000
0
0
100
111
1110000000
1
1110111001
11
11
011
1111110110
1
1110110
011
01111
111011
1
01000100000000001
011
0
01
110
01111
11
01011
010111
11
101
1
111
11011000
1
0111
01
1
11
1011
0
1
1
1
1
11
11
011
1
000
111
0101
011
0
0
00
11
011
1
111
111000
1111001
1100
011011
0
1
1101
11
0111111
10
0010
011
01
1
10
1
1
0011
1
011
11
11
0111
1101
1
01
11011
101
10
100
11
11111
11110
110111000000001000
111011
011111
010111011
1111
101
00
1
111011
0
1101
1
011
11001
1011
111
10000
1
11
1
