1
0011
111
101
111
111
1
11111011
1111110101111011011
1111110110
0111111
01110111
1111111
10110111110110100111110100
11111
111
111
1111
01
1111
1
11110111
111101
1111
111
011
11
1
011
10
111011110111
1
111
111
10
1111
1111
1
1
11
1
11
1110
111
01110001110111001
1111
110
11
11
111
111111
11111110
01
111111
11111100111
1111
1111111111111110
11
1111111
111111101001101100110111
111
1
111
111
1
111
11111111110
111110
1111011111111
111111
1
011
1111111
011111111110111011
11
11111
11
1111010
010111111001001011
1
110
111
11111
111111111
1
10011
1111110
111
111111001111100
111
111
11
01
1110
01
01011
11
10
01
111110
1111
1111111
1011111101011101011110
1111111011
11111
11
111110111
110111110001001001110100
11
11101001
1111111
11101010
1111101
1111111
11101111111
11111
11111
1111101001011010110001000101
111110111
1110
11111110111
111
1111111
1111111
111111011111
1
10111101111100111010011111001
101101111
11
111110
11111
1111011111
11110111
1111111
011
1
011011111110001
111
01
01
111111101
1111101
11
11111100111011110
011
111111011111
11111110000101
01110111111000010100
111101101
11111
01011110011111
1111100
1
11111111011
1111101
1111111011101
101111
1
1111011
1111111
11111
11111111
111111111
0101100111110011000110000
111
0111111111011011101
0011101011111111001111001010110100111100011010001111
111
0111111110111001001001111101
11111
11011111
11111000000001
0
1
111110011110
1
1101011111111010010011011001
111111
111111
1110101
011
111111111
11111
11
11111001101010110
011
111011111101011001
1
111111011
1111001011
11
1111
111
111
011
1
1111
111010110
111111
1111
11111
1
1
11
11111001101111
1
1
111
011
0
010
0111
11011
111
010
1
11101
1100
101
10100
01
111
11
11
111
111111
111
11111111
001
111
1
1010111
0
11
11
1
1
1
0
1
1110
10
11
111
1
1111011111
10111
1
1
1011
1
1
0
11
0
1
1
0
11
1
11
11
1
1
1
0
1
1
1
11
1
1
11
111
1
1
11
01
01
1
1
1
11
00
1
1
11
10
1
11
1
1
01
1
11
1
11
1
1
11
01
0
1
11
1
1
11
11
1
11
1
1
11
1
0
11
11
1
11
1
1
1
1
1
1
1
1
1
11
11
1
0
1
1
1
10
1
01
1
1
1
11
1
1
1
1
1
0
01
1
1
1
1
1
11
1
1
1
1
1
1
1
1
0
11
1
11
1
1
1
1
11
01101111001011001000011011
1
11
01
1
1
1
01110111001011101
111111
11111
1
1
11
111
111
1
11
111
0011
111
111
1
111
010
11
1110
10
011
10101
0111
0111
11
11
111
011
001
11
0
1011100
111
01
111
111
11
0000
0111
11111
1
11
11
1111
0
1111
1111111
010111
1
1111
11
1111
1111
00111
11
111
1111
01111
1001
1111
111
0111111
01
1
100000
11
11
10101111
111
111111111
1
011
1
111
1111
101111
1
11
101
1
0
1
1
1101
101
11
101
0
11111
111
01
00111
11
11
1
1111
011
1
1111
11111
1
1101
111
11
1
011
001
1
0
111
01100
100011
11111111011111
11
101
110111
11
1
1
00
11
110101
11
0
1
11
1111
1011010
1
1
1
0000
011
1
1011111011
1
1
1
1100
11
1
1
11
1101
111
11
1
1
1011
1
1
11
011
111
1
1
1110
111
111
111
01
011
011
111
1111
1
111
1111
001001
11110
1
011
111
1
00111
011
11
11
1
1
01
1
11
1
11
111
111
11110111001
1
0
10
110
110
111
111
1
1
111
011
100
011
01
11
111
11
0
11
0
111
11
11
11
101
0
1011
111
0
1
0
1
0
0
0
1
111
1111
0
011
01
111
1
11
11
1
101
01
111
111
11
111
111
100
111
1
011
01
1
1
01
111
111
1
01
111
11
1011100
11
110
11
11
11
11
11
01
11
111
111
1
11
111
11
101
111
111
0
111
111
111
01001
111
111
0111
0001
00
11
001101101
111
110
11
11
111
111
111
001
110
010
1
1
10
01
110101
11110
11
0
011
00
0001
01
00010
111
101
01
10
00
0001
111
00001
011110111
111
10001011
001
11
1101
11111
11
111
111
11111
1111
1111
11
011
11
111
1101
01000
1111
11
1
0011001
00110
111
11
011
1
11
11111
111
1111
11111
10111
1111
11111111101
111011110
1111111
111110111
1111
111
111
1111
111
1111
11
11
0
11111
10111
00
0
100100
10
10111000
111
1111111
11011011
11101
01111
1111
11111
111
111
11111
101
1100
111
111
11111
111
111111
1011111111
011
011
000
1
111110
11
11
110011
1
1
011
11111
1011
011
11110
1111
1
111111110
111
11111
1111
111001
11111111101111
111
1110101
10111
111101
1011100
00001011000010100000111110
101
111001
11
111011
11111
11111001
111
111111
11111100100111
1111111111
111111
11011
111111
11
111
111
0111
1111
1111
11
1010
1111
11110111
11011001
1011111
1110
0001
1111
11101110
11111
11111
1001111
111111
011111
111101
11111111
1111111
1111011101110
1
111
101111
0111111
1111
1111
1
110111
111110
0111111
1111111
111
111
1110
1111
111111
111010
11
011
11111
0011
111111
111
100
101
0
11010
1111111
0
111
10
01
11
111
1
10
0
0
1011
11
111
10
1
111
0
0
11
111
111
1110
11
0
111
0
11
11
0
1011
111
11101
1
11
11
1110
111
0001
0
01
011
111110111111111
10
011
10
00110001
11001
01111
1110110
100011
111
111
1
11
1111
111
11
1111
11101
1111
1111
100
1111
1111
1101
1111
01111
11111
1111
11
1
1111
11
001
111
11
111
10011
11
1111
011
00
10011111
1101
11111
111
111110011
1011
110
1
111
11
1
111
111
0111
111101
111
11
11
01
11
111
111111111
1111
110101
101111011
101001
11
110
01111011010
11111111
11
110111110
111
1
0
11110
0
0
0111
011
11
10
1
1
111
011
100
0111
111
11111
011
0111
1
1101
11
11
1111111
0111
111111
1101100110110011
111111
11
1111111
1111110
11110101
111111111100
111111
1111
0111
111111
111101101
1111101
11110111100
011110111111
1111
111
111
111
1111110100
11001101111111
1111111
11111
11
11111110111001
11111111001100
1111111110
11111111
1111011111
11111
11111
001111011111100
0100111101111001
1
00111
011
111
1101
11
11
0111101011
1
11101
0000011
11101
111111001
111
0
010000000000000
1
0110111110101011011011
10
11
1111
0100111
1
1011111
11111
11
1011001
11
111111
1111011
1
001111
011101
11011110
11110
1011
011
1
11
1
11111
111111
1
11111
111
111
01110
1111
11110101
11111
1
1
1111
1111
01
111
111
000001
11111
0111
111
11
111
0101111
111
1101
10011
1
1
11
11
111
111
1
111
1
111
01
11111
011
111101101
10111
1
1
0111
11
1
111
11111
11
111
10
11
11
1111
01
111
10
111
1111
1101
1111
1111
1111
1
01111
1111
11
111
11111
1111
11
1
011
11
0111
10110
1100
110011
1111
11
11111
1101
1111
0111
001
1000
11110
111111000
11
0
1
11
111
111
1
1
11
101
001
11
01
011
0110
11011
1
0011
0111
11
1
110011
1110010
0011
110
1
011111
1
11101
01
0
10
000110
11
01
111
11
101111
11
10
011
111
11101
1111
1
111
011
11
1
11
111
011
0
000011
111
1
0
111
1
11111
01
1
1
1
0
101
1100
1100
111101
00011
1011
11
11
101
11
01
1101
1
11
11
11
1111
011
011
11
111
01111
1
1111
1111111
11101
11
11
1101
0100
0
11
0011111
00
0
001
1
111
11
11
011
1
01
111
111
111
011
1101
1
1
1
1
1
1
1
1
1
1
1
1
1
1
1
1
1
1
1
1
1
1
11
111111001
01111
11111101
11
11111
111
011
1
11
1111111
11
01001
1101
1
1011
11
11
11
11111
101
1101
011
11
111
1011
1
1
111
0000111
11
11
111
111
1
111
111
11
11
1011
11
111
111100
1111011
1
11110
1
11
100
1
011100
1111
11
01111
11
10
111111
1111101
01
11
1
01
110110
111
1
111111
1
111
0111
1
101
0
1
111
1
1011
11
1111
01
111
001
0
0101
101
010
1
101
111
1011
011
101
111000
11
1
11
1
0
01
1
11
010
111
111
1111
11
1
11
1011111111
10
11
111
1101
111
1
11
1111
11
111
1
11
101
0000
01
1111
1
1
1111
101011
111011
1
11
1
1
11101
1111
1
1
1111101
1
10
11
11
1111
01
11
001
0
110
111
111
11111
111
0111
11
1
101
11
10
101
1
111
1
1
00
1
11
01
11
11
1
11
01
01
1
11
101111
1
111
11
01111
1011
1
1101
1101
111
0111
111
0
111111
1
0
011
011011010100
1111
1110111
11111101
111101
111011
11101
0111
111
1111100001
1111110
11111
0111
111001
11111
111
101111
11
111110
1110
111110
0111
10100
11001
011
111011
1100111
110111
11111
111011
1111
110101
111
111111
10
010111101
111011
11
111
11
11
01100110
111
111
101110
111
11
011
1
1
1
011
1
1
1
11
11
1
101
11
111
01
1
1110
11
01
011
11011
1111
111
1111
11
11
11
10
111
011
1100
0
01
01
11
10
11
01
111
11
001101
111
1
11001
11
01
