0
00
0
0
0
0
00
0
1
1
00
11
1
00
11
0
10
1
00
00
0
0
01
11
00
11
0
1
00
01
00
1
10
00
0
00
0
00
00
0
0
00
00
11
0
01
00
1
00
00
00
1
0
00
00
10
00
0
00
00
0
0
0
00
00
00
0
0
0
00
00
00
0
0
1
00
00
00
10
10
10
00
0
10
00
00
0
11
00
0
0
00
01
00
00
10
00
01
11
0
00
00
0
00
00
0
0
00
1
10
01
00
0
11
00
00
0
0
0
00
0
1
00
0
00
00
10
0
1
01
0
00
0
0
11
00
000
00
000
00
01
00
0
00
000
0
000
000
10
00
00
0
0
00
10
00
10
000
00
00
01
1
10
100
000
110
0
10
0
000
001
000
10
01
00
000
010
00
000
01
000
010
0
1
000
10
1
0
00
000
000
000
10
000
0
000
00
0
1
00
00
0
10
0
1
0
01
00
00
000
1
0
0
0
1
1
0
0
1
0
0
0
0
0
0
0
0
0
1
0
1
00
10
0
00
0
00
1
0
001
0
000
00
1
00
00
00
00
10
00
00
00
0
00
00
00
0
0
00
00
00
0
0
0
0
0
0
00
0
00
0
00
00
00
0
0
0
0
0
00
00
00
0
00
0
00
0
00
00
0
00
0
