01
10
1111101
111
1
111110011011101
1
111101
11100101
0111111
11110111110
111
1111001111
11001
111110
0010
10
1000000
1111111
110
1
1
100
1
1
01
1
1
0
1
11
00
11
11
1
0
011
11000001
0100000
00000000
1011
01110
11111
100000
001100
101
111
00111
1
01
11
0
01
11
11
1110
10
01
0
111000
1
1
1
1100
11
0
0
111110101100
101011011
1111011
010111101111101111001
1100011111001101001011110
011111
1110111
1
10
111
111010
00
0
00
1
10
110111100
1
1
01010
1111100
00
11
00
00
111
0
001
11
00
00
101001
0
011
111
01
110
0111011
10100101
000
110001
111
1111001101
1111110
0111
11111101
0
1
1
1111111110
1
111101110010
0
11
1
111011010010011
111111
110011
1111111
111001
11101
01110001
01101111
01111001
1101101
11001101
0000
10000001001
011001
001
0011101
11111001
1001
101001
1000000
00000
100111
1001
111111111
011
00000000
01000
00
111011
1111011001011
01011
000
0101000
10
01
00001
00000
101100
100
0000000
0111
00
11111111
101100
01100
01000
011011010
111
1101101111111
010110001
1100
11111
11101111111
11111
1111100100
011001
0
11111101
11111111
011000
000111
0100011011
111011001
010000010
0
00001
000010000
1101101
111111
111001011011010011001011
101111
111
11
1
01111011
110110101
01110100011110
111111011101
11011011110111101
11111101010111111
0
01
11011
0
1100
01010
011111
0
000
111
00
1001
0
000010100
1000000
10111110111
1111110
1111111
111111
1111111
01
011111
11111101000110111001011101
11
0101
1101111111111
111
11
11111
1110111
1111101011
01111001
0
111
1110111
00000010
000000
0101000
111110101
1111101101011000000101
1111101111111
101
01
011101
01111
00000
1111101110110
111100
101110110111001
1111010
10101000000
1
1
01
1
111
1111
01
0
110010
0
0
000110
0000011
0001
11111
0
0
0101
11
110110001111110111100111100
11110
111
10111100
1110000100
11000111010011110
0
1111
1111
110011
11011010
11011
0
11111011
0
0000
000
00
0010
111110110010
101111
101111100101010100
11110111100
111111
11111110
1110111101
01011111101
111111001001111011100
11111
11101111
1
0
110100
00
00000110111011
0000000001010010
11111
1111
000000000
000000000
11100011
0000
111110
1011
10001
111011
0111110
10101101
110110111
11110
00000
101101111
11
11111101110
11111111
1101
111110111110111
1
11111111101010011
01001
11011
011
111111111
0
00000
10011
0
1001
0
101100
00000
111111
1100
0100010000
0111001
01
1
00
111
0
0
01
100000
1100
0
01111
1000
00
100111
0
00010111
1
00
0
00
00
10
111
10111
111011101
0
1
00
0
1101010001
1101110
0011
11101000
01
00111
11101
100110111101111001111101110111110111101011100101
11
0
1111010010101111101
0111111101
10011011101111110001000110110101000101
11111
10
00
1111
101000
11
111111011
0111
110000010010
111
11
00111
1
11
01111
1
0110001
0001
00
1
10011
0000
0000101
11010
011010
110111110
1101
100011010
0000
0000000
01111
11110011
10010101
11
0111
11100110
00111
1100
11
1010011
111
11
0111
110
0111
0111
11
00000101
111
001
00000
00
010010001
101000001
00
100
01111
01101011011
10101
111111001011011
1111000
0101010000
110
11101
0
001110111
10110
0011
0111
111
1010011100100
111000
11
0111
11111
0111
11110
00111
11
1
000111
0110001
0111
100
0
111111
1
00110
01
010100
01101
00
100001000
101010100
010111
11
11
111
111
0111
0001010100
1
11
110101110100
001111
11110011
111
1010011
10000111
11100101
01000
00
11111
11
111011011001
111
101
111
111001101101000001
11000
11011
11110011111
11111
001111
0
1001
00
1
1
0
01
0
11
00010
1111
0011
0111110
11
11000
011001111011110000010111001111
1101
111
11111000
111
01100100
11
111100101010001
011
111101
011111
1101
100101101
1
111
10111
1100
0111
111
1101010010000
11101010
111
101
111
100111
00111
111101
01111
11101
10011011
00
00
1
11
0
0
0
00000
011111010
1111
1110010110
1100101
01111
111110
011101
11111
10111
11011
000
1111001011
111101100
11110111
11
111
111101
011
011011111
11101
111100101001
1111001010001
01110101011
1101
0001011
000011111100001001011
101010111111100011111
1
111
1110010
111
010
100110000001010
00111
0
101100101
110101011
111
11
1011010111101010011010101
1111000001
01111
00001101110101000000000011000110101000
111010
0011111
111111101
1111101
011
11101100
0111
1110100
1100010001111111011000111000100010010
111101
1111
0101111
1111011
01111
11110
111111
11111
1110101
01
111110110101
1101
011101011010101
1011001
0111011011100101011010
100111
10110
11001000110100001110101011111101101011010100010000000010100010
11110110110111100
00101111
1110001
111111
01111
1101100
111
111110110111011
111111100
111
011010101111001000
1111
101011
11111101
10110110111
01
1100011
110011111
110001
01111101
0111001111
110010000
00010101000110
1101
111111
11110101
111001101011
111
100000000
1001
0
1
001
0
0
0
01001
101100
11101010
1
111111
0
1
11010101
1101001
01
001
1
0
10111010
1
1
0
0111
1
0100000
1
00
0
1000010
000
1
1
10
0
1
1
001
1100
0
1
011101
1111110111
0000
1
1
01101101
000100
1111101000100000
1
1
1
1100
1000
11
1
1
001
1
0
10011
0
11
1
10
00
000
110111
1
0
1000
011100
000000
10100101
0011111011110
1111
11111
11
0111110100101
11101010
1
110
10
1
1
1010111
1
1
11
001
0
000
10
1
0
11111
1
1
0
1
0
01
0
0
1
11
1
00
01
0
0
1
0
0
1
0
1
1
1
1
1
0
0
11
1
0
1
0
0
0
000
0
01
00
01
00
0
011
01
0
0
111
11
1111
11
01010101110
1111
011111
10
010
0
0
0
0
0
01
1101
111
1
111
1
10
11110
100
0
1111
1100
11110
1
11
111001111111
111111111
11111111
10111111101
11111101111
11010111110101101111100000111111001111010
01110111111
1011110011110
11111001001
11111111010111001
00011001111
111
111111101
11111
1101111
11111111
10111010011011
1111
011111111111111
11110000111001110001
1110
101111
1001
0
10
110
1
00
1
1
11
1
101
1
00000
1111111111
010101111011111
111111111
1111110000011
0110101101110111100
11111110111110
111111110101111
111010110000
11101111111111
1111101
11111
11011
000111001
1110
11111
10111
111
1111
0111111
11111111
000111
1111101
0
1
101111111
01111
1
10011
010011
1
10100
111
101011
10
10110
111
0011011101011111001
111110
11011
00011101
11110000
1111100
010111
11110
1111
111111
1110010
10
11110
11
0101111111111
0101110110110111
11110110111
1111
11
011
111
111
1111
111
1
11
1
11
1111
11
1111011
111101
1111
101
11100
1111
111
1111
1111
101111
1101
1011111
11101011010
011010001
111
111
000
11110101
111100
1
11
01111
11101
0
0011
11
001
111
1
11011
10
0111011
11101011
111
111101
11011
101000000
10101
111
1
0
000
1111
00
10101
111011
1
011111
11
011
101101
111
011
0111
011
00000000
01001
1
101
11111
010
0111
11
111
111
11
01
11
1101
01
11
1111
1101
1111
11
011
11
0
000001
100
001
11001
0000
000
0
10
0111
000
1
1
1
1
1
1011
0
1
101011
1
1
1
1
100
1
1
1
0
1
00111
11100
1
1010
1
0111
1
1
110011
1
1
0
1
1
1
1
111101
1
0011
111
1
11011
011
1
0
1100000
11000
1
1010
0101
1
1011
1
1111
1
1
1
01
1
1000
1
1
00000
1
1
0001
1
1
1
1
1111
10100
11101
10111
010001
01
1110111101
1111011
11101011
000
1111011111
11101010000
11101111
000101
111011
000100111
01111111
00001011
0101010
01111
00000000
10110010
010011110
001000
1011110
00000
01111
1010101110
110101
001
010011
11011000
001100010010
1001101
11111
11110
00
11101
1110110
01101
0101
0001101
0000
01000
1010111111
0111111
01001
000
01100
1110011
1010110
000010000
111100011
111010
0
0
0
0
0
0
0
11101
10110
010
11000
010
00000000
00010
100000
110
001001
000001
0111
00111100
010
001110
100
001101
1111000111
10110111110
110110
111001010
0001111
0000
0111101001
111000
1011010
100101
01110
0001001
1110111
101100
1000101
11110
01011111
0101011
1
1
101
1
01
1100
1
0
01
1011
1
0
01
001
1110101
111111
11
1011011
101110011
111111111
01
10101
1
101111
101001
100
11110011101
1100110
0010100
00110
111101
111010
10
011
1110011
0
10000
10
1
000000001
0000001
011
1111111101101001
11110110
1111111110011
00111
0011
000
00011
01011000
11111101
000
1110101011
1000010
1110111011111
01110101
111101
01010
00101011
111110111
1000000010
000
111110
100000
0111001
000
00000
101
110
1011111
1
1101101
10111
111
1110101000100
11111111010
1111
1111110010
11
1101
111
1
11110101110
10000001
10011
1
11101
10111
111
111111
1
1111
1111
11
0011
000
1101
11110
111
0111
101000
0110010110
00011001
0010000100101
111
110001
0101
0
111
01
11
0010
110
11010
000
01
0000
01
010
10110010
00
10
11
010011
01
00
11
0111
1101001
01
11
01011
11
1
0101111
1110011
11
1
00
111
01010010
11001
0110111
11
1011
01111
11
1
111100
11
10111
11011
11
111000101
1110101111
111001
111
0
011
0
1
11
001
11111110
10
0
110000010
11
010
10011110
101
100001
1
0001
10000010000
0
0
1110101011
01
1111011000
000
100010
0
011
1
01111
0000100110
1111
00
11
1000
00
11111
011
111
001
0
11
00
0111
1010
011
00110
10
1101000
0
00111
01
0
011
01
10
1
01
01
1
0
1
10
01
0
01
1
01
10
1
01
0
01
1
1
10
10001
111
11100
00011
0000000
0
0100100
00000
110101
110
11
11111111100
1
10110
101111
1011
111
1111000110
111111101
0111
1
110
1011000
0000
001
00
000000000
0110100
1111100110
00
111010
000
1001
0
0
0000000
0010000
1
011011000
000
010000
0111110
000
111
11
11
1
0000
00111
1100
1000011
111011011011110001001
11
000111
11
10111011
11
1110000101
1101111
111
01111
11001
00111
1110001
01101111
000111011000100010000001
1001101
100
0
1
111000
00000000
000001
00
10000
00
000100
000
001
1011100100
001
01010
0000
00001
111101
1110101010110001
1
111001100100
11
01001
0011
11111111111110011110111111111
11
111
11
1100101011
110001011
111
1011
00111111101111101001010
110111111
10
100
1
101
00
1
11
1110100
010
000101
0000111
0001
00010
1011011
1
10001111101001001101
1001
111
111
01111011010
00111100
111101000
1111
1101
11
0111111010001101
0011
0001
111
11
1
11010
110010
1
01
11011
01
01110011100
1
0
01
0
1111
11110101111100110000
1
0
00
01
10
1
1
0
000
1
00
10
001
011
0010
10
0
10100
11
0
011
0
01
0000
111
0
0
1
00
0
00
011
000000
00
0000
010
00000101
0
0000000
110
00
011101
00000000
011000
1
000000100
0
1010100
010010
000
000
0
000000010
0
1
01
10
000011
1
0
0000
110100
1
00
0
1
01
00
01
001
00100000000
0
001
10
0000
1
1001
111
1
1
011
110
111010
001
0
11110
11
1
0
1
1
1111
01
0010
01
0100010
0
1
11
111
1
10010
1101
10
0100100
0
1
0
10001010001110000111001
1
111
1111
11110
0
1
1
01
01
1110
111
111
01
1101
111
1110
111
1011
0
11111
1111
01
01
1010
11
10
111
0
1
0
1
0
01111
11111010
00
1
0
1
0
100000
00
1
00
1
0
0
1
01
111
1
110
10
1
01111111101
111
0
100
00010
0
10
1
01110
00
11101
00
00111111100001
1
01
100
0
0
01
1
11
00000100
0000001
00000000
1100010
10000000000
1000
10001
01100
100
00111101
01000000100
0000
110001
0000
100000011
00001
0001111
000000
1000
111001
0101
00000010
1010
1
0
1100010
0111
00
1
0
1
0
1
1
0
01
10
01
0
1
1
0111000
11
001
0
1111
11011
00
1
0100000
01
0
0
000
1
0
00
00
0
0
1
0
0
01
00
0
111101
11101
1101101
00101001100
1101101101111101101111
0101
110010001000001
110
111110011011110
110
111
1
1110001000000
110
0101001
1111011101111101100001001
11010010111100111001011111000
1110111110
1111
11000111
011101111011
0111111
1111001
11111011000010011101001
11111
10110011111111
111110
11111
1111
11011101111111101011001111
1111
110111100
01110
1110
10111101011001
111
101111101111101
10110011100010111
11
0111110
1111011
1111000110011011110110111
101001
01111
0111
01010110
11
11110000
01111000000010
000001
0101111111
001101010
101
110001111111111000011110
10110110010100
1
110101101110111111001111100111111110000001
0000011000101
0111
01110000
111
01
1
011011
1101100111011111
11111111010
00100100
111110
111100
000010000
11110
11010
1
1
1111011000
11111111100100
1110
00
0
01111010111111010
100100
00111
00000000000000000
0010000100000000
11
111010
0111111000101
11010111111001000100
1111
111100
1111111
11
111
111
110000
00011
11
011
11
111011
110111
111
00111
1
11111
1
0111
0
0000
11
1100111
10
1
100111
1
101011
1111
1111101
11101011111011111111111110
1010101011
1110110
0
10010
10010110110
11
011
110
0
010
1
11
101110
01
0010
1
011
0011
10011
1
101000
001
101111
111
0
1
1
1
1
0
1
1
010
0
1
1
1
0
1
1
1
1
1
1
1
1
0
111
0110
1
011111
1111000
1111
1
0010
11
1
1001
011000
00
10
00000
0
0000
100
111
100100
1011110
101111101100110
110
001
1111
11
1
11
001
1110000001
01
1110010
111
11111111100
101100
1
011001010010000000
110000000
0
1
0
1
00
1
11
1
1
000
1
011
111
111
00111
111
1101
1111
11
11101
000110010100
000
10
11
01111
110
11
1110
11101
1011
011
10
110
100
10111
11
0011
111
11011
1101
1100
11111
11
01
11111
011
1111
110
0111
011
01111
10
01
11001
0101
011
001000000001000000
0101000100
00
01
00010000000010000010
111
1
11
0
0001
100110100
1011
1001
00
10
00
0
000
101
1111
111
0
00
0
00
10111
0
0
1
0
11011
0
01
10
011111000111111000001001111011
111000011000001
10
0111
1110010
00111
1110
00
0
001
0
1000
100
11
110111
11
0001
110111
00000000
1111
0101111
11110
1
1
0
11
11111100
00
1
1101
11111111101100
11
11111
110111001
111
11111000
1111
11011010110
11110110
110110110
11
10100011
1011011
111010
111110101
001111
11100001
111011
11
10100
1011011
111
1111
1
1111
0110111010111011
1110011
00111
111101
0101111
11
1011011
11101
00111
11
11101101111010101100
1
111001000
111110100
10111
111
11
1011000
0111
111110
11011
11
1110
000000000111
010001
101110111
1111101101101
111
1110110111010101
1100
11110011111
1
0
0111100010
111
11
1
1
011010111101
0
110101
01101111
111
111101
0111111000
111
01110101101001
100111
1101
1
111
1
1
11
0
1
0
0
101
11
010111
1110101
01010111
1
111011010010100000101110
111
1
1
1
1
001
1
0
1
1
1
0
01
