10011111
1111
111111
1101110011111111
1111
111111
011
01111011111
101111111
1
111011
01010101101
11111101
11
01111
101
11
111
1111101111
11011
01110
1101111
111111
1
11
11011111101111
111
11
1
110011111011011
111001
11111110
01
1
1001
11
0
111001101101
110111101101
111011101
1100010100
11111011
0111
111
111
1111
011
11101110
111
11111
101100
1
011
11
111
1
11
111
1
1
1011
111
111
1
111
11
1
1
01
11101111101
1111
11
0
1
11
010
111
0
1
1
0
1001
1
1
10111
1011
1
1111
1
0
10011
0
1
0
1
1
1
0
1111
01101
11100100
0010100
111001001
100010
111
1
111
1
0
0
1
1
1
1
1
0
111
1111101
10100111
11110111101
110
11
010011101
0101
01111
0011111
11111
11
10000101111
1111
0
11
11
111
101101
111111
1111
111
111000
01111101110111
1
1
11011
001111111
1111011101
010111
011100110
11111
11
0101
1111110101
0001
0
11111011
1
1
0
1
1
0
0
0
01
0
1
1
0
0
0
0
1
1
01
1
1
1
1
1
1
1
0
1
1
1
1
1
1
1
1
11
0
11
11
1
11011110
1
1
111
01110100111
11
01011
1101
1111100
101111
111
111
11111
0111
1
1111
11
11110
1011
1
101110111
1101
11
11
010
0101010110
11
110011
1
1110
11101110
11
111
1111011
1111101
1111
11
10100
11
10111
10111
1
1101
1011111011
1
1
01001
111
1011
01101
111011
101
0011110
01000
111
101
10101
011
111101101
0000111
111
0
1
1
111
00100
1011111
101
110100
011
111011
101101111
1111
11011
11
11
11
111
1
110011
0
1
1
0
0
1
0
1111
111111100
1
11110
1
0111
11
1111
111
101010011
11
0001
1100011
111
1111
101
111
11
111
111
11101
0
0110111
11
1
1
1
1101
1111
01111
1101111
0
1111
10000010
1
1
11
10111
111
11100111
100010011
111100
111
1
1
111
1
1
1
11100
101
1110
011
1
011
111110
111
01111
001
111
1111
1111
1
11001
01111
1101010101
111
1
0011
11011
11
1
10100111
00
111
1
011
1
11
11
111
011
1011
11
1101
101
1111
1
01
1110
1111
110111
0
1111
1111011001
1111
11
1011
1
0
1
0
0
1
110010111111011
1111111111
0011111111111
10011100011100
00111101111
0111011111
011110101110
1111111111111
10111111111
1
001101
111
1110
1
1111100001
11
0
1
0
00111
11111111
111
1011110111111
110111111110
00001111
0111111111111
1111011111111
1111111111111
11001111111
1100110111111
101111111111
01111101111111
0
1
01101111
10111111111111
111111
01111111
110111111110
1011111111111
011001110101
1101111111
011111110
1111011111111111
11100111111
01001111111111
10101111111
11101111101
00001111111011
01011011111
1110111111111
00111110111
000011010010000100
11011
111
110
11111011111
1100001111111111
11100
111111111
1111111111110
11111111101110
000000
010111111
00100001111111
01011111111111
0000000011111
01111111111
0
001001011001
1
1
0
1
1
1
0
00000
001
000000
0111
11101
10111
111
111111
111111
1111
101100
100111
00
11111
111
001111
110000
010
1101
00010
0000
000000
110
001100
1010
001010
0010
010000
1111
111
1110100111111
101
01001000101110
001000111101111
001111111110
1111100111111
1111
1111111111111
111
11110
11111
1011
0
111
011
1110001
011
101
111
101
11
111
1000101111
11
1
11
1
1101111
11111
11
11
1
111
011
111
11
11
11
1
11
111101011
111
11
11
11
1111
1
11
111
101
111
1111
011
01
1101010
1
11
11
0
10
101
1111
1
11
0011111
111
111110
0111
0111
111
01101
1
1
001
11
100111010
111010111
11
1
11
111
111111011
1111
11011010110111110001101111
11111111
111101110111
1011
111111
1
011111011
10
111101
1111
0011001
010011011011111
1111101110100001
11110111
1
111
01001111000100
11011101
111
11
011
10101
0111111111
11011101100011101
0111011100101
1111
110011111010101
11101
111111111
11011010
01110
101110
11101
111
111
11
11
1101
011
1
0000011
11
11
1
1010010111
110010
110
101111
11
110
111
10111001101
101
1
111
110101
111
11
11
00110010
11
101100
1101
11
100111
101001
111
1
00111
111
1
1101
11110
01
00100
1111
01110101011
11
11
11100
0011
101011
1110
001010
111
11101
110111000
1011
11101111
1110111
1
11
1011
111
1
1
1111
11
111
1110110
011111011
0111
11
011000
11110111010
111001
1
11000111
11001011111
11
11
1111
111
101
11011
11
010111
101
1111
001
111
1100
111111110101
111
1110101
11
100
111
11
11110
0100
1
10001
11
1111001
01
001
111
011
1110
111
01
1111
1
11
11
110
11
11
01
111
11
1111
0
1111
01
1
1
111
110
111110
1101011110110
111111010
111110
111
11
1
111
11
1
1
1
1111
101
11
1
11011
11
1
1
111
111
11
110
101111
11
1
11
111
10001
1111
1
11111
111
1
111111
1
1
11
110
101
111
111
11
1
11
1
111011
1111
11
11
011000
111
111
1
1
11
11
011
11110111
11
1
0
10
1101
0111
11
111
1111101
0011
111
111
1
1101
1
01
1
111
10
11
11
1111100001
11010101
1101
111
111
11
1
1
1
11
111
11
001
1011000111
0111
111
0
1
011
11
11
1111
11
11
1
1
111
110111
11
001
1
1
1
1
11
011
11
1
10
1
10111
111
1
1
1101
01
1
10
01
11
1
111
11
1
11
11
0111
1
11
111
1110
11
1
1
01100
101
11
1
1
01
11
1111100
01011
11
11
01
11
11
111
11010011
111
11
0111
011
111
11011110
011
111
11
11
111
111010
001
1
11
10111
1111001
1
1
1111
11101
10
111
11
11
01
111
111
000010010010
01
11
111
101
100
0111
1
1110
111
11101110
1011
111
101
1
010
0110111
11
11010101
11111
00110
11
11
11
111
01
01
1
11
1111
0111
1
0
1011
111
11
1
1101
111
11010111
11
111
011
011
1
111
111
11101
11
1011
1
111
1011
111100
111
00101
1
11
11011
01
1101
11
11
1
10
1111
1
1
011
0001
11110
1
1
111
10010
0
01
11
11
101
1
1111
1
101
01
11
1
1
1111
1
1
0
111
1
1101
001
0
110
0
1111
11
011
101
01
01
1111
111
11
01
101
11
10010111
101111
111
11
1
1
11
1
101
11010
11
1
01
1
01
11
1
1
1111
111
11
0111
11
100
11
1101001101
1
0101
1
1
001
1
11
1
1
1
1
11
1110
1
1111
11
11
1
1
11
11
1
011
0
01011
11
1
1
011
11
1
111
1
11
11001
1
01
111
1
1101011
1101
101
1
1
10
11
11
1
1011
01
1
1
1
111
10
111
11010
0110
11000
111
1
1010011
1
11
11
01
101
1
1
11
010011
1110
0
1
1
0101
1
101
1100
1
1
10
00
1100
1
1
111
1111
0
11
11
11
1
010000
1
11
0
