0
00
00
01
0
0
0
0
0
1
1
0
00
1
1
0
0
0
0
1
0
0
0
1
0
00
00
00
00
0
1
1
10
0
0
1
1
0
10
0
0
0
0
1
1
1
00
0
0
0
0
1
00
00
1
0
0
0
1
0
1
1
0
0
0
0
0
00
00
0
0
00
01
0
0
0
0
1
1
0
1
1
0
0
0
00
0
0
0
00
0
0
10
1
1
00
0
1
00
1
0
00
0
1
01
00
000
0
0
011
00
000
0
00
00
11
00
11
01
0
00
00
00
011
000
0
000
111
11
10
001
11
01
001
000
0
10
00
0
1
0
11
00
01
1
00
000
11
000
000
1
01
11
0
011
00
11
10
000
000
010
00
000
001
00
01
100
01
0
00
0
01
000
11
000
00
0
1
0
1
0
0
0
1
00
0
1
0
0
00
0
00
000
0
0
0
0
0
0
00
0
0
0
0
0
0
00
00
00
0
0
0
0
00
00
0
00
000
00
0
0
0
0
00
0
00
00
00
00
00
0
00
0
0
0
0
1
