011
0100
1111
111100
1101110
11
111011
1
11
101
11
111
1
1
1
111
1
111
1
1
0111
1
111
1111111100111
1111
111111
111
111111
1111
1111
1
10111
11
111
111111011
11111
11111
111
111111
1111
110111
10111
111
111110111
1111
11111110
1111011
101111
111111
1111
111
11111
1111
11
1110111
11
11111
11111
01111
111111
111111
111
111
111111
11111
1
1
111
11111
111111
1111
1011111
1111111
11111
111111011
1111
1111
1111
11111111
011111
11111
1111
11101111
11
1101
1111111111100
1110
1111
111111
111
11
1111
11011100111
1111
11111011
11111
1111
1111
1111
1111111
1111
1111
111
11111
11
111111
111
111
111111
111
11111
111
11111
1111
111111
111111
11011110
111101011
111
111111110
111011
11
1111
1
1
1
1
1
11
111
111
11111
111101
111
11111
11111
1
11111
111
1
1
000000
1111
1
111111
11
100111
11
111111
1111
1
11
1100
11
000000100010011100000011101000000000000
11
0111
011
11111
11111
000011
110
1011
11111
111111
1111
1
1111
1
1
111
111
0111
11
111
11
11
111
0
111111
00
1
1
1
000
11111111111
1
1
1
1
1
1
1
1
1
1
0
00
1110
1010
111
11001
0000
1011
10111
101
1111
1101
0001
01000
11110
111
1
1
1
1
1
1
11001
11
0110
10
11
01
11
1
1111
111
1
111101
10111
1111
0
10
1
1
11011
11
01
1
11
11
110
1
11111
011
1111
111
11
0110
1
101111
11
111
1111
1
11
1
1
11110
1111
0
11
1
111111
01
11
1
1
110
11
010
1
11
111
1001
1
111
1
1110
111
1
1
11
11
11
1101
1
1
00
11
1
0011
111
1
1
1101101111
0111
1110
1
10111
00111
11
001111
1111
11
1
11
1111010101
11
1
1
0111
1011011
11111010
10
11111
11
111
1
1
1
111
11
1111
11
1
1111
1111
1
1
1
01
111
1
11
00
111
1
111
11
1
11011
1
000
1
11
111
111101
101
11111
1111
10
1101
11
11
111
1111
11
11101
11
1
111
10111
011111
11
111
11
11
1
1111
111
0010010
11
11111
1111110
111
1101111000
111
111
111
11
101
1111
10001
11
1
111
010
11
1100
01
111
11
111
1
11
111
11111111111
11
11
01
11
0
111010111111
011
1110
01
11
111
11111011
00
11
11111101111
11
1111011011
111111101
1111111111111
111011111
111111101
0111111100
11111110
010010010
11111111111
11111111111
1111111111111
01111111
101001001011
11111110
111110111101
01111101110
11011110111
111
111111111111
111111111
1
1
1
1
0
0
0
1
1
1
1
1
0
0
0000
0
11
00111
11100
111
1111
111
1111
11111
111
1111
111110
1111110
1110
11111
111
0111
10
1
11
1
11
011
1110
1111
1111
111100
11111
111011
111101
1111
110
111110
1111
11
1111
01
111111000
10111
0111
1
111
0111
1
1
1
1
1
1
1
1
1
0
010
1
1
001
1
1
1
0
1
111
1
1
1
1
1
1
0
1
0
0
001
0
1
0
1
1
1
1
011
0
1
1
1
1
1
0
0
1
1
1
1
1
1
0
1
1
1
1
1
0
1
1
1
1
0
1
1
1
1
1
1
1
0
1
1
1
1
1
0
1
1
0
1
111
1111111
111111
10010
1
111
111
10110
111
11
111
1111
11
11
01
11
111
11
111
1
1
111111
10111
111110
1110111101
11
1111111
11111
111
011111
1111
1
10111
100111
01111
0
0
1
1
111
11111111111011
1
1
11
0
11
00
0
00
11
11
01
11
0
1
11
00
1
11
111111
1111
1111111
111111
1111111
11111
11011111
11110
101111
11111111111
1111110111
1
0
1
1
1
1
1
1
1
0
1
1
1
0
1
0
1
0
1
1
0
0
0
1
0
0
1
1
1
1
1
0
1
1
0
1
1
1
1
1
1
1
0
1
0
1
1
101011111
1
1111111
1
011111011111101011
1
111111
1111
0
1
1
1
1
1
1
1
1
0
0
1
1
1
1
1
1
1
0
1
1
1
1
1
1
1
0
0
0
1
1
0
1
0
1
1
0
1
1
1
0
1
1
1
0
0
0
1
11111111
111111111111111
1111
11111111
1111
11
1
111
01
0
010
11
1000
1110
111
111
111101
1011
11
1101
11
111
11
1011
11110
111
111
11
11
11
11
11
0
1011111
1
1100111110000101
110
101111
1101
0
1011
0
1
11
01
11100
011111001
1111001
1011111
111110111111
111111
011101000011011110011000010011
00
00
111000
0
1
1011
111
11
11
11110
11
11
1011
11
011
1
11
111
011
1
111
11
11
111
111
1
11
11
1
1
1011
11111
11
111
11
11
11
111
1
1011
01
111
1
0
11
1111111
1111111
11011111
111
11
11
10011
11
11
111
111
111
111
1
11
111
11
0111
11
11
111
111
11
111
1101
11
10011
111101
1111111111
111
111101
111
01
111111
0
011111
1100110111111011111
111
0111111111111110111011101011
111
111
01
11
1011
111
111
111
1110
1
11
111
11
11
1111011111110
110011
101111010101
111111
0
11
011
100
111
1
11
101
111
11
1
1
00
111
1
00
11
111
11
111
1
111
111
11
1
10000
001011
011
1
11
1
1
1
0
1
1
0
1
1
1
1
1
1
0
1
0
1110
11
11
11
111
11
111
1
1
1
1
1
1
1
1
1
0
1
11110
111
111
11
111
11011
11
100010111
111
0
0
0
1
1
1
1
1
0
1
0
1
0
0
0
111
0
1
0
1
1
1
0
0
1
1
1
1
11
1
1
1
1
1
0
1
1
1
0
1
1
1
1
0
1
0
0
1
1
1
1
1
0
011
011
11
11
11
1
111
01101111101100000000
11
111
011
1
111
11
111
11
111
011
111
111
11
00
00
1
0
0
1
1
0
0
1
1
1
1
1
1
1
1
0
1
0
1
1
1
1
1
1
11
0
1
1
1
01
1
0
1
1
000
1
1101
01
011
11
11
111
111
111
11
01
1
1
11
1
11
1
1
1
011
1111
0
1
0
0
0111
111
1
0
1111
0
0
1
011
1
1110011
1
1
1
1
1
0
1
1
1
1
111
11
1
0
1
1
0
1
0
1
0
1
1
0
0
0
1
0
1
0
0
1
1
1
1
1
11111
111111001110
10
0
1
1
1
0
1
0
1
1
1
1
1
1
1
1
0
0
1
0
1
1
0
0
1
10
1
11
11
1
11
111
111
0111
011
1
11
11
1
11100
1111
11
111
11
1111101
0111
11
111111
1110
110111
011
00111111011101
110111
110
1101
111
11
1111
111
111
111
10110
1
11
0111
111
1111
1011111
1110111110001010
11101
111111
111
011110100001
01110111
1100
11011111
11110111
111
10101111
111
111
111
111
11111
100
1111
11
11
111
111
1111101111
100111
111
0111
11
1111111
111
11
111
1
11111
11110
0
0
1111100101011
011
110011
1011
111
0
0
0
1111
111
101
11
111
111
111
11111
111
11
00111
011
1
11
011
1
0111
11
111001
0111
10
111
11
111
111
11
1
11
111
111011001
111
111
11
111
0111
111
1
1
0
1
111
1
11
01
11101
01010111
0
111100
11
11
11
111
1111
11
111
11
1011
11
0
11
101
11
11
1
0111
00010100
1
01
1
1111111011111111111011
11111110111
111111111
0
1
0
0011
1
1
0
1
110
11
01
11
0
1
111111111
1
1
1
1
1111
1
1
1
1
1
1
1
1
1
1
1
1
1
1
1
1
1
1
1
1
1
1
1
1
1
1
1
1
1
1
1
0
1
1
1
1
1
0
1
1
1
1
1
1
0
0
1
1
1
1
1
1
0
1
0
1
0
1
1
1
1
1
1
1
1
1
1
1
0
0
0
1
0
1
0
1
0
1
1
1
1
1
1
1
1
1
0
1
1
1
0
1
1
0
1
1
1
1
1
1
1
1
0
1
1
1
1
1
1
1
0
1
0
1
1
1
1
0
1
0
1
0
1
1
1
0
1
1
0
1
1
0
1
1
0
0
1
1
1
1
1
1
1
1
1
1
1
1
1
1
0
1
1
1
0
1
0
1
1
1
1
0
1
1
1
1
1
1
1
0
1
1
1
0
1
1
0
11
1
0
1
1
1
1
1
1
1
1
0
1
1
1
1
1
1
1
1
0111
111
1
0
1
1
1
1
0
1
0
0
1
1
1
