0010
00
0
100
011
001
000
0001
000
1000
01
110
1100
0001
0110
0001
0010
1011
011
1011
1010
0101
1101
011
00
1
100
01
01
10
010
001
000
11
110
1
100
1
0
100
001
1001
101
101
1111
10
0011
10
001
011
1000
10
00
101
01
11
100
11
1
001
1000
000
101
11
1011
010
100
0000
011
100
110
1011
10
1001
0011
01
1101
01
1100
01
110
111
100
0
01
00
01
1011
0001
1
00
111
1001
111
01
00
0100
1101
01
1011
01
011
011
111
010
011
1011
101
100
011
010
1110
00
1001
1100
001
1
1
1011
10
1101
1
101
0
010
1
01
110
10
1011
010
111
011
100
1001
00
1111
1001
01
01
101
010
00
10
101
0111
1001
111
11
00
1
1
1
0
0011
10
011
101
000
1001
01
01
11
011
001
101
010
011
0101
1100
0
0
0
0
0
0
0
0
1
0
100
0
0
0
0
1
0
0
0
0
0
0
0
0
0
0
0
0
1
0
0
0
0
0
0
0
0
0
0
0
0
0
0
0
0
0
1
0
0
0
0
0
0
0
0
0
0
0
1
0
0
0
0
0
0
0
0
0
0
0
0
0
0
0
0
0
0
0
0
0
0
0
0
0
1
0
0
0
0
0
100
0
011
1
100
0
001
001
000
0001
100
0
0
0
0
0
0
0
0
0
0
0
