0
01
1
0
01
01
00
10
1
01
01
11
1
1
0
11
01
01
00
0
01
01
00
0
00
1
01
0
01
0
11
10
1
0
1
0
0
0
11
0
0
0
10
1
01
00
0
0
0
01
1
0
00
0
0
11
1
01
1
00
00
1
00
1
00
00
10
10
00
0
00
1
00
01
0
01
0
00
0
1
00
0
0
0
1
01
1
00
01
11
0
0
00
110
001
10
000
01
100
01
011
1
010
10
0
11
11
011
01
0
11
11
0
011
011
10
10
0
01
010
01
10
110
110
00
01
01
01
011
00
010
000
01
11
110
0
11
11
001
01
00
010
01
1
011
1
01
0
00
11
011
011
11
111
011
1
01
011
1
10
001
00
0
11
0
010
00
1
000
1
0
1
1
0
0
0
1
0
1
1
1
1
1
0
1
0
0
0
1
0
1
0
00
0
00
00
1
1
0
1
000
0
1
0
1
0
01
00
0
01
1
00
01
0
00
00
00
01
00
0
0
0
0
0
10
00
1
01
00
00
0
0
00
0
0
0
00
0
00
0
00
00
00
01
1
0
0
00
00
11
