0
11111
1111
011111
1111101111
11100
111
1011110111
11111
11111
11111011010
11011111001
111111
101011011
0111
11011111
1111
11011111111010100
111
1110111011111
11100111100111
0111
1111111
111
11001101111
111000011110111
111111
1111101
1111
111
111011001111
101110111101011
010
111
1111
01011
111111
11111
110111
1111
111
111
1111
10101
11111
10010111111
111110110101111
1101111101
1111
11110101
01
110
1111
11111100111
100111111
111111110001
111111
111111
11011
111111
11
1111
1111011
1111
111011
1
111111
111111
11100
1111111111010
11111
1011
111
11111
11
1111
1111
110111
1101
111
11
001
0001
111111
1111110110111001
1111111
1111111
11111
11110101
010100
111111111110
1111
11111
1111111
1110111101101011
111111
111
11010111011
111111100
011111011
11011
011
01111
1110011
1111111001
1111111111
01011
11111001
01100111111
11111
100111
1110111101
1101
1
111111
11110111
101
11111
01011111
1110011111110110010101110
1111
111000
11011100111010111
11111011101110
1111011111
11111111110
1111110100
11101110001
100101111111001001100100111
0111111
11111
111111
111
0111111100101
11111
11111
111
011111101
11101
1
111110101
111011
11111
111011
110111101000100111
111010100011
00111
1
11011111
1111
0111
11101
111111
1111
111
010111
11
001000101111001100110000111
1111
11
111110
11111
0111111
01
1001111111011
11111100101101
010011011111000010110110101
1111001100101110000
010110111111010
111
11111101010101
11111
1111111
1101111011000
11111001
11
111
1111001100
101
1100
0111
1111
111
111
111
111111
111
0111111
1
110010111111
00
1
1111110111
110
11011
1111
111111
111
1
0
111111
001
0
11111
10110
11001
0
1
11
011
111011110
1111
111
11
0111
1111
11
11001
11
11
11
111
11110
011111
111111
11111110
111
1
11
1
1
1
110
0110111
0011
11111011
1010101111
1
1
1
1
1
11
11
111111
110111
111
1110011
1
1111
111
11
10111011
1111011
1110101111
111
1011
11
1101
11
1
1
1
0
11110
111
11111
110
1111
1111
111
11111
1111
011
1011
1
0
1011
111
0
11110
111
111
1111
1011
11101
11
11
101111110
111
001111
1
111
11111
01
111111100
1111101
1111
111
101111
1111111
1111
11
1111
11
111111
1
11011110101100
111111
111
111110101
111111110
11111
111
11111
11
011
1111001
1
1
1
1
1
1
11
1
1
011010011010
111
1
111
111
000
1111
11
101110111
111
11
0111
101010
1111
11110
1101
11111011
1
00
0
11110010
1111
1
1111
1
111
11
111
11
1011
11
011001
1
111
111100100
111
110
01
11
11
0000100
111
11
111
1
0
1
1
1
111
1
11101
1
1
1
1
1
1
1
1
1
110
0111
11
00
1
11
1
01
1011
1100
1
1
11
11
1
110
111
111
11
1111
0
111
111
1111
1111
1
11
111
111
1
0111
1
1111
11
1
1
1111
11
1110
011
10
1111
1
11
111
011
1
1111
10
1
1
011
01
111
111
1111
110
1
1
11
11
111
1111
11
111
11
11
100
0
00
011
0
10
11
1111
01
10
11
11
1111
1
1
11
1
11
11
111
00
111
111
11
11
111
11
111
111
111
11
11
01
11
1011
11
1111
11
11
111
1
111
1
11
1
101
1111
11
111
111
111
01
11
1111
1
1
1
11
11
111
111
11
11
1
111
111
11
11
1
0
11
111
100
110
11
111
10
0
01
111
1
111
11
0
111
111
101
101
111
011
110001
110
111
01
111
111
10101
111
010111
11
11
11
111
11101
101
011
11
1111
1
001
0111
1
1110
011
11
1
11
111
111
11011
11
111110
01
101011
111
11
111
11
011011
1
1
111
11
11
11
1110
111
111101
111
111
101
11
1101
0111111
11
111
1111
11
000110111
11111111
111111011100001
1110011101001
11011
01011
1011111
1010
01
10
1
111
1110
01011
111111011011011
111
111
0100001
111
1111111
0011
110
1
111
11101111
11
0101001111
11
11111
0111
1111001100
11
111
1
11
11
111011
01
11
11
1110100
111
1
0
1
1
0
1111010001
1111111110111101001
0
0111000101011010
111
1
111
1
11
111
100011
11
011
111
1
111
11
111111
01
1110
0111
01
100
111
1
0
0
11
1
10
11
11
01
0
01
11
10
11
01
0
01
0
00
11
01
1
11
11
11
1
01
11
11
1
1
11
1
1
11
11
11
1
0
1
11
1
1
1
10111
111
1101
111111
1100111111011111010010
1111
111
0001110
11101011100110001
11111
11
11001
110111
0111111
1011
111100000001100010
111000
11001
11111
110011101
11111011
11111
101010001111
0111000101110111
1111
10111
01101011100
1011111
00010110011000011
1111010101
111
01111
111111
101
111
10
011
1111
1011
11
1011
1101
11
111
111010
100111
11
110000100
11
11
111
11111
10111
0
1
1
1
11
1111101
0
101
11001
10
111
1011
1100
101
1101000
11
0111
01101001
11011111
111011111
1111
111111010
11111010
1011111
1111
10111011
1001111111101101
11111
11111101100
10111010
1110111
1
11001
001111
111
0110110101
1111
1110011101011
1111111
11101001110101011
10010101001
1111111
111111
01111101111
1100
101110001100111111110
111110011101
11111
11
01111101110
101110110011000111101
1011111110110110101111
101101011110011
1111101101001111
111011101111001110011001
1111111011101111101101
11
111
111
11111110
010110011
1110100101111
111111111011
0111011011
011111001
1110101011011
110111
1111
1111111
11111
111
1110
110
1011110111
111110
111101101101
111111
110001110111010
1111011110100101
11101110
1111
0111101011
111101101011
11011111010001
01111
1011110111100111111
1110
1110111100
1111100010111
11100001111110101
111111
0111111
111111111100
01111101
111011101011110
1111010
11111111110000
00111101
0111111111100
1111100111
001111000111101
0111111110110
001111
11101111111
11101111
11100101101111001
11111
11110111
1111101011001100110
110111101111000010011110111
011110
111101
1111011111101111
0010111110011111
11111111100
111101111
11111
00111110011110
11111110111
1110101101101011
11101111
01110111011
011111111
111110
1110010011111
110
1111110110
1010111
11111011
11111101000111111
101001110111010100111000111100
1101111001111
10111111
111100111
011111011
0111101
111111111
1
110111
11
11
1
110101
11101101
1011
111
1111
1111111
11011101
1111
110111111111100
11101
00
1
0
11
111
11011
1101
1100110
1011
11100111
001101
11100111011
0111
111
011
11
1111
11111
0111
1
11101111
11
111
0
111
01111
01
111
01111010110011001
111
11011111
111111
11010110111010
111
11
1111
11
011
110101011
1111
110
011
111
1
0
0
0
11
011
11
111
11111
0111
11
1
11
111
101
110111000100
1101
1101101
11011
111
111
111110
11
11
101
11
1
10111
111
101010
111
111
110
111
111
111
011
1111
111
11
1
01111001110
10111
111
10
111011
011
1111110011011
11010
111
1111100111
111
111111
10111
101110
0111
1011
101
0100111
11101100110
1100
111
111
1
110110
111
111
11110
11011
11
11
11
1111
001
110111
0111111
11
110110010
1111
01111111
1110111
11111111
011
11
10
01111
11
111
110
011111
11111
111
1
111
11
1111101
001011
1111001
11
1
011111
011111
11011
1
11101
11100
1011
00
1110
11
011011
110
10111
1001010100
01110101
0111
11101
11
11
111
11
11111010
111
111
111
1
101
11
1
11
1011
111
111
11
1
11
11
10101
00101
0110110
11
11
0
11
1
11
11
11
11
1
1
0
11
11
1
11
1
11
00
1
10
11
11
1
111
11
111
111
1
11
111
1011
111010
0
1
1
11
0
11
0000
1000010
100101
11
11
101
1011
1011
1111101
1
1
1
111010
1101101
011
01001
1100
11
111
11
111
11
1
111
1100
1
1011011
101
011011111
01110001
011
10101
110111
11101001
11
111
01111
011
1110101
011111
01010001101010000111
11111
101
1011
1101110
1
0111
111
11
111
011111011001
011
1101
11001100
1100
01
111
11101011
11
11111
11
111
01
111
111
111
111
11
111
1
