0
0
0
00
0
1
01
0
1
1
1
0
00
1
1
0
0
1
0
0
0
0
00
0
1
0
0
00
0
0
0
0
1
1
0
0
0
0
0
00
1
0
00
0
0
0
0
0
0
0
0
00
1
01
0
00
00
0
0
0
0
0
0
1
0
1
0
0
0
0
0
00
0
0
1
0
00
1
1
0
0
0
00
0
00
0
0
0
0
0
00
00
0
0
0
1
0
0
1
00
0
0
00
001
00
00
000
11
11
0
10
00
000
0
0
01
000
1
0
1
00
00
00
1
00
01
00
00
00
1
0
1
000
100
001
11
00
110
00
1
0
10
0
001
10
0
0
01
000
0
01
100
00
01
0
000
1
00
00
0
100
0
00
00
000
01
10
0
010
0
000
0
0
00
10
00
0
0
1
0
0
0
0
1
0
1
0
000
00
0
0
0
0
01
100
00
1
0
0
0
0
0
0
00
00
0
0
0
00
0
0
0
0
0
00
0
0
00
00
0
0
0
0
0
00
00
00
0
00
0
0
00
0
0
0
1
