00111
111011110001100111000111
111101011110011110110
01101110100011100
11
1111110110
1111
1111
0011
0
11
111111001
10111
1111
1011
111
111
1111
11111
11111
11
11111
010111
111
011111
01111
11111
1111
11111
1111
1101
11111
11
1111
11111
11111
11010
111
111101
111110
1010011
1111
11
111011
11111
11
11111
0111
010111
111101
01111
011101
1111
1
111
111
11
011111
1111
111
111
1111
1011
1101
111
11
0111
111101
011111
111011111
1
11011
10111110001
0111100001
0110100111101100100000011101001111
011001001001111111111000001001000
1111111010010111
11111111
101111
11111101111
1110011111111010
11111111010111
1010101100000111111000000100100011100100
11111
0111111111
1111011001001001000000111100
111111011000111
011101101101001000011100100110001000
1111011110000110
1111
1111000
00000111111
1001111
11111101
0101000001010011100
1111111
111111000001001111010010110000101
001001101000101110100000101111101
10111110001001
11011010000110111
11011111111100010010000
111011101
1111111
01111101011001110
011000111010111111110110001001111010111110
1111111
00111101101111
1111111
00011101010110100000000001000010
00110
11001011110111
11111011110
01111
0101111111001
111
11111
1110111
1110111
1100111111
000110
1111101111110
00000000110000101010100111
01111110110
011110101001000001001010
1011111101011110000
010111111101
11111001111001110111001
1111000
11111
1111
101110111111110
111010101
1000010111001101
1110001101110101
111101010000111010010000000001000110
00111111011011101011
11111000101
1100111001111101011010010111100
11111000
1101111011011
11111100111
1111011111110111010
101010001
0011110001001
11101
00
1110111011101
011010111100
1111
1000
00
1110101000111110011110010110
11
1111
11101110110
111
1
111111
1111
110
11111
01
1
111
111
1111
1
1101
11011101000110110
0111111100
111110011111
1111
111110100011
111
01010101111
011
0
10101110110111001011111
11111111010100000
111111011
011111111011101
110111011011110011111
010101111001111001110001
111111101111
1
100011
011111111
0100000
0111
11011011111001010011
0111
01
100111111
10111
10001
111111101111100
111
11111011111011
011111011011100
000000
11
111
1111100111110001000101011
100
011101111011
111
011101000111101
1
0
000011
1101111101111111110
11111111011011011101001101010
1111101
11111111101111
010111101100111101
11111011101
11110101110
11111
111110011011010001111110
111111101
11111011011111011
00111111111101101100110111010
1111111011
1111100101
1110011110010011100101011
0001
1
111
0110110111001110111
111111111
0000000
1
1
1
1
1
1
11000011111
1111111
111111011110101001
11111111111110
11111
11111111001111110
0001010
11110111010011111010101111
1
01110111110
11110001111101
11110001111111100
111110010011
1011010101001111100000
11
111111
000100111011110
1
1110000000011
11111101001011
01111110111001
1111110101
11111110101
110111101000011110110
101
11
01011000
1111101111101011
10011111111110010000
111110
0
101111
110010101
110011110111100100000001000110
11110100111010
111111
0111110011
11101101110011101100
011111101100001011101
110
11111010111
1111101011111
1
1101
1101010111110111
11111111
011111110001111
01111111110
11101111
11111111
01111001011
11011010110100111101
1000110110001
1111110111
10111111110011111
11111110010
0000000
0001110010111101000
1110
1
111
110111
111110011000111000101101
11011111010100001010110
111111111
1110011001100010111
1
1
1
1
1
1
0
01
1111100001
10110011001011011
011
10
111
110111111001111000
11111000000011010110010101
111111
1011101111101110011
1
111
1
111
11
0
11
1011111
1111
00
111
11
10
1110
1111
00
11
101
010
0001
1111
10
000
111
110
00
1011
0
11
1111
11
000
000
0
000
01
0111111101111010001
01
100
11
1111111110
0000
001
101
0000
0
111
1
0111
0000
011
110
001
011
0011
10
10
0100
1
11
00
11
1111
011
1011
1010
00
0010
000
10
111
110
1
111
00
0000
10011111
111
000
100
0
1
0100
1111101010
111010110111
011101111000100010111
11111101100010110000
1111111010
1101110001
11101
111111100100010
1111111
1100
111101111011
0
1
0011011011110
111
011101110011101
10010111
10111011011000111100
111111
1111101
1111
1111101011010
0011011111111000111101111
10111001
11111
01111100011101010
111
1111101011000011111
1110111111
01101
00000000000000110
11101001100001000
11110110
111
11
000
11111111011
1
111
011
1110
100000000000
1011110111
01
1000110
1101
00011001101
000000101110
11011111100101001
0000
111011110101110101
011
1001
110111110010111000000101101
111101
111100001101011
0110000101110000000000000000
11
0010
10111101110
10
00000100
0111100110111
011001000
111001001011110
11001011010110
11111
1111010
11011111
111111
010
001
111111
110011
11111
1
00111
111
1
111111
10000110010011111001110001100101011010101110000
111
1111111111
1
11111
0
1010
01
0
1
1
11
11011
0101
0
1
011
101011
000001111011110
0
11
11
01111
11
111
11
1111000
11
1
11
1
1
1001
11000
11
111
11
1
10111
1000
0
0000111
0
000
1101
110101
1110
000000
1110
110111
000000000
00
1111111111111101111111111111111111111111
11011
111
1001001010
0000000000000000000000000000
001
1001
10001
00001
0
11111
1110111001000000000100
0
1011
0001
1101
11
010011110
11
00
0
0100000100110010010
1101101
110
0
11110011100011001
0
1
011
11
1
01011
0
00
1
1
11
0111
0
1
011
11
1
0
10
0
01
11
11
01
11
11
1
1110100
11
000
1
1111101110
11111011
1101111101011111
1
11111
1101111011010010011
11111111
0100101100110111011111100110110
1111011
111
1111111
1111111101
1111111011
11111111
1111011111
11111111
001111101
111111101010
11111111
111110101001000
11110111011
110110110111
0011001
1101111011101
1111110100110111011001
11111110
11111111010111
11111010111
1101
1110011001101
11101101
1111111
10111110111
11000111011000111001111
111011
0111111
001111111000
1011111
110
11
10
101
110
111
1
1
11
1
1
00000000
1011
101
1101110
1010111
11111111011
011111
1111111
111101111111
1001111
111111
11101111100111110
11001110010
1111111010110
11
0011
111110
111100001
01111000001
1
1111000111
111111
111
11001111
110110
1111
111100
1100010000
00011
111110001111
1
111
1
111
1110100001001
110011100
11111111
110011
11
110001
11
1
1
111100
111
0010010010101
011000110111101111011110110011
110
010111
1101
0110101
11
110111100111
111
11011
11
10011
0111
100
11
111
111
11
1010
1101
0100000111
111
0111110000
0011
1
11010101011001111010
0111000001
011
000011
11
1110110
100011
11
0111
101
11
011
0000111
11
111
0001
1
011
000
11
11
011
111100
1001001
11
1
11
011
111
11
1
111
111
010111111
101
1
000
11101100
11
10001
11
1
000
0
10111
11
110011
1
111010
1
1011
111
11
11
1
111
11
111
0
11
11
111011111001
11
111
00110010
01011
011
11
11
1
0
01100001110001101011010101000100001010010
1
0011
1101011
11
11
11
0010000010
101101
01
101
1011
111
110111
011
1001
10
0101100001
001100
0
00
111111
001
011
101
01
1
111
10101
1101
111
11
11
1011
111
11
11
11
111
0000
1
011
00110
1000000111
11011100110
1
0111
100
01111000
00101
111
10111
0011
111011
0101000011001
00101100000000
111100
11
0100011
111
101
111
11
1101
1
01001011011010
101
111
11101011
11111111111
111
1
111
1
1
11101
0000111111
11111111
100
0111
11
1111101111
11111
0
1101101
11
1
1111
11000
011
111
111
11
10
111
00
1110000
11
111
110
111
11
011101000
0111
1110
0000
001
111
1111010
0111
0100010101110000001011010000
011001010000100
111
1
11
1
11
001010101
011
10001
111
111
0
0
0
0110000
0
0
11110111010100100011
111101100010011
11111110110
1
1
000
10101001
10
11
0111
010111
111
11
01111
011000000100100000
111000001011000
11
11100101
1110011
00111
0
1100010
11011001010010101
00011
111
111
0010000
110000
010101
111
01111110
1100111001000
11110
00111
1111
1111
111
1111
1
111
1
11
111
11
111
111
111
111
11
111
111
1111
111
1111
11
11
110
101
111
111
1111
111
1111
1111
11
11
1111
11
1111
11
10011011101110100
111
1
1101100010000000
00
10010
000001011
1101
011
100000
100111
10110
11
0011
010
111
10110
101111111111011
110
011
11111100101111100
111
1111
1111
11
1111110011
111
10
11
1111
1111
1
1
0010
00000000000000000000000000000000000
111
111
11
1100001011010111111
0
00
111010100
111
110110
0000000000000000000000000000000000000000000000000000000000000000000000000000000000000000
10011011
01
11011001011010101
000001101
0
0
010
110110011101
0
00
0
0
00
11
0
0000100100
0
0
11
11110110
011
11
11110
1
111
11
11
11
011
110
11
01
11
1101
000
11
111
111
11
110
111
11
111
011
11
10101
101
0000000
0000
1111
0
01
111
111
111
1
111010
11
00111
111
11100
0111
001100111
10
1
00
1111
111100111011101111100
111
1111
01011011
0111
10100
111
0111
0011
1101101110
00001
010
10000101
1111
00011111
111100000
111000
011
00
0001
1111
10
0000
1010111
1
101
11
110
0110
01111011101
0110101
1101111111110110110
1101111011110011111111111111111011101111111
10111111110010
1111110111101111101
01100010100001001111111110111011111011100101
110111111100011111111111111111101111111111
1101000
1101010111111101111111101100011111011111111
11001000000110101011111111111111100
1101111010111011
1110010111000101101000011111111110000110
11011011110111101
011111111111101
111111110111101
0111011111100000010000011011111011111111
011111011111111001111101111111111111011
11111111111111101
111111111111111
1101110
111111111101
001010000110010000111111011011
000000000000000000001011010000001
011111111110100111111111011111111011011111
101011010111001111111111111111101111101111111
0000011111000010101100110111101100110
1111010110110100
0111101111010
1
11
0111111011111110
100
101111101100001100110111011101101110
10111111101
11011
101111110000
1111111101100001010111001011110111111111
11011101
111111000110111110101111111101100101
1011101110101
11101010101101
1111111100001
111111101111011111
110101100111111101
11111111110111001
1111111111110011
11101111101
1
01110111000001010111001101000010011110
010011101011
0111101
01000101110
10111
01111100100100
1110100111111110100100000110111101101111111
11111110
110100
000011111
0100001110
00000
1100
0111100011001
111011
1111000
0001
11
10010001
0011
111111011
1111
111111111110001
11011111101100111111111111111011111110111
11111111111111101
111101101111110
111111101100101111
110110110001111110111111011111101101110
10110111101110001
111111011110101110111111111111110111111111
1111111111101111011111111111101110111111
011111111110101
01110001
1111111110
11111001010111111110111111101111111
1100001110111010
1110110111101101
1011111111101101101111101110110111111111
1101111101111
1010101111111
1011110110101001111111101110111101111010
0111101101001111101110011111011111011
1100011010101110100101111100111111111
01100
011111011100001
0001101
01111000010011100011110110101011110
0
110
010
0111
10000
1000
001
111
101110
0010
00
10
10000
011011
001101
11101
100
001
001
0
11110
10
00
1001000111001110
1111110111110111101
1001001010010000111100000111001101011101101110
1101110111111100
1000101011111111000
1111111110101101111100
10011110101
111111111101111101
11111111011111
1110
111111111100001
101011111
111011111110111
0001
11110
111111101111111111111111001111111111111110
1111111101100111111111110110
1111111111011
111111111111111
010011001100101011
111111111111101
111111111111
011011111111001111110111111101111111
11111111101111100
1111111010011001110111101111111111011111101
111111111
0000110110001101100100111111100001110
111001
00110110
10111
0
00101
001110001001111
0000
111
00
111
001111110100110
011
111101000
0001100
1
011011
1
111
111
1011
100101
111000
101
10111
011
111101
11
011
110111100110110
100011
111
111
1111
1
10110
0000
00000
110
11101
110
00011
000001001000001001
111111100011
11011000011101100100000101
0111101110011001
000000
001011110010110011111001000011010001001000010110
1111010011101001
1010101110001000111000
1000
00000001101011100010000000111110000000
0011000001101001100000
11111010001101
0000
00000111000000100000000000
0001011111100110111101111001001100011000000
0001100110111110100010100001011000111
10101111111101100100000010010
11101011111
111010111011111010
11011111100100000000001
1
1011010100000000000
111
100011001110010
1101111001
011011111
101111
0000010110
11111110011
110111011100000110110
00
0110101110
11110111
0001011101
111010111111
00111
011101111010110
00
11101100111
101111110111101101110111
01110100100101000
11101111011101000000000001000
010011110010000010011011101
11010010100111000101011101100111000111100110000110
1111110
101101100000111
01111011110101011101
00
01101010001010011011110010100010011011110011100
01101111111101010000
00
010011111111111001110000100000
00000000011001
011
0
01000000
1100000000100011
011100110101010
011000111000000000000
101111011100100000100111
00101011110010100000000000000010000001
1010110100111111110100010010110110
001110
000011101110010011001110
0111101000111
000000010001101100010111010010010011000010100000001000
01110
0011101100001111
10111100110010000000011010
1011010111110101000000111011000
101111110110111001
0000
000000
1000
0000
0010
100
000
0010
1100
000
110101000001000110000
00000001
111000100000001
110
1000000010000000100000
1100100
111110011101111
1111101110
1111111001110
1111011010011
1110001010111010010000100111010001111
0111111
0001101101010011100101000101001010101001
11111000110001110
0111000
1111010011000101110001
101101111111000000
1111111010000
001011101101100100000101110000011
1111011111100
01111101011110100011011111010000011100001000001101001
11111111
1101110110010111110
11101
011011100111111010110
11111
1111
00111111100000001111100
0111
1111
11111011111
11011110
11011111
0111101111
1111111
011111
111111111
1
1111110
1110111111
1011110100100111
11101111100
110111
1110000011111100001100111000101
11111111
010100
000
1
000000
111110111
1111111101001111110
1010111110011
111100010111111
0011011111110011110101000101110
0011011110011111
0000000
0101000100100011011110111111011000000000000111010101000
110101111010111111011110
010010110100101101110111000000100
101011010111101111100111000001
111000011111000011
101010111001100000110111011100101
0111111111111111
0011110011
1111101111010101111
110110111111000110011110000
10111111111
111111100110111000101
101101111011000101111110001100000000000000010010
0111001111110101111111011
101111100011100111001011
011111010
000000111011110001000001010000010010100010
00100100000010111
00000000100100000000000000000
00
0100
000
00001
0000
10
0
000
01000
000
0010
000
00
000000
000000
010
0
0101
001
001111
11
0111101
110011111
01
11001
11
011
111111111111111111111111011111111111111
01
0
11101111
11000010110111110000001
111
000
101
11
0100111
111
11
11111
1101001011111110100101100000001000001000
11011100000
10000111
1111111011
10100111
11011001111110111
11110011011
01011
1001101011000110
011
10111011110100011
11111000
00010
111
11000
111
11
11
1111
1
1101111100001110100111
11101100010
0000
1101
11101101111111101011111
011
1111010
0011
1
00
1111011011110010010
110
11101
11
11
11
1
1
101000101111110011101001
101011
0111000101
1
1
0111001000000001000
0
00000000000000000000
00110
10
1
00
101101001111100100011010011
1111101011
11
100100
11101000001100000001000000010
0
0
11111000000
00
0
000011011001000010000000
1111
11011
1010
111
111
01111
1111
1111
111
1111
1111
11101
1101
111
111
1111
1111
111
11111
11
11111
1111
111
1111
00111
111
000
11111
11
11
11
0000
101
11111
1110
1111
1111
11110
0111
11
1
0
0011010010
0
111
11111
11
11
0111111
1
1
010011
101
11000000001100
0000000100010000010000100010000
000100
00
00
010111
1111101110011110000111000000101
11111
11110011
11
111101
110
11
11
011
11110101
01101
111
101011
111111011100
000
11111
11
1
0001110000001101011
0000100110000000000010
0000011110000000000000000
00100000110000110000110000110101110001
111111110011
101110011111001110011111
1000110101100111110110101111100010001011
101101111111111000011110011101111110
00001011111110110110001110
11011100111101001010110111
1110000111010000001011100011001
11010001110101110011
0010011111111100010010010111100
0101011101100000110101100010100001000110010111111111101100101011000011000000100000011010000000111001110110001101100000000110001011
1001010001010111110001
10011111110100100111011
101111111111111000011001
1011111101101010000000001000
01000111011011100110110
10011000101110010111010011010010100010101000111111111111010
0110111101100110101110000011010001011
1011111110101001111101
001111000111101010
1001010111011101000010001111010100
11011111100111111111
00000100
00111110001100011
1111101000
1010111
11000000110
11101001000
11110000111101000
01100000000000000
110000000000
11101010000000
1100011000000
0000
1101000100111
011
11
111111100010101110
0101011
1110
1011011011
100011
111011001
111110011
10000
1111101
11110111
100
10011110111
1
11
111
111
111
0111
110
11
000111
1111
1010010011100101
11
0000000100001
10
1001111110101110
11111011100111
11
111
10
110
00
00
00
00
011
101
11
11
11
11
010
011
11
10
11
0
1111100110
0000010101
101010010
11110011111
011111
110001
1
01111101101101
11001
0111
1101110
11001
00101010000111
1110110
1111110
100
011
1100011011
000010010
111011011110000111000
11
00101111001101
111011011110011110
001100000001100000000100001000011101000101011000000000010000011010001000000000010000
0
0
0000
11111010101111
0010
011
11111101110001
01111000101000
11
0110100000000011000
010101011
1111001
111
11
01100011000
1111010110111000111
10010011
1001110
1101111
0111
00000
100101011011010011100
11111
11
111
11
100
00
11
1
0
111
11
111
01
01
11111
0011111100110001
11100000000000000
10
010111
11
0101100001011
0001101111
11111
111100101
11111
1110011
0111111111
110010100001
00
111111111
11111011
101111
1
111
010111011
111101
1
1
1101
1
11101
11
10
1111010
11110101
1111
111111
11
1111
10
1111
11111
11
1111
110111011
1111
11111
11
111
1111111
101001101
0011
11011111
111101
111011
1111
111011
10101111
110
110101
1110111
1110110011
1011
10
1111
1
11011
1
1111010110110
11110101
110
11
101111
1111
111
1111
1
1
1
110010
11
1000
11111011
11110111
11
11010010
11111
1
111
101110010
1111
1
11
001
1
111
1011011
111101
1
111011
1111
1110
111111
11
1011110
11
1
10
11010
01101111110000111000111
111010101001101011100011101111100010000001100100011011101001010001
11
1
1
1100
0111
111
1
1
1
1101110011
1
11111
11
11111
11101100
1
1
10111
101101011
100
10111
01111000
111110
11011110101
111111101010
00
11111101000001101
100
110011
00
01
0
010
11
11
11
011
100
011
1
011
11
1
0
111
01
010
1
00
010
010
10
1
000
111011011
11011
0111
111010
11111
111
0111011
111101
11111
00111110001
11001101
0110001100111
111111
1000101111111101100110000000011100100
101011
1111
1
1
1
1
111010001
111
1
1
0
1
1
0
1
1
1
1
1
1
1
1111
11011
1
0
0
01111
100111100000
1111
11111010
01111011011101000000111
1110110
00
11
111
1
00
100
011
01111111
10111
1
1001101101100111
010111
00010010110
11
01001
110111101001
11001
11100110001001000
110
10
111
1011
1110
101111
111111101
111111111
010111111111111
110111011
10001111100
01111101101101111
011110110111
011
1011000111101010101
011
0111111000
11011
0
1111000
11
110011110
11
111
011
010101
1110101110111
11
111
111
11
1111
00000000
0000000
10
1
010
11010011
1
10000101
1
1
0111
10001
01
11
0010000000
111
11
1
011
01010110111100000
1101010111001001010101
0000001100000010110000100000001
0111
110010011
0101000000000
0111
111
000
11
11
11100
10111
11001010000000
11
1111010011
1111
11
1
00
000
10
000
000
11
000
00
0
1
0
0000
1
000
10
111
01
0
0000
011
0
00
0
01
00
0
1
0
100
1
0
11
1
0
1101
100
111
010
001
0
000
0
0
0
1010
000
1
000
1
00
0
00
0
1
10
00
00
000
0
1
1
100
0
101
1
0010
10
100
00
00
0
010
0
1
1
0110
1
111
100
000
00
10
1101
11
10
11
111
11
01
0
101
1111
11
0
1100
0
1111
0
1
0
1111
001111
1111011
11
10111
11
111001
0010101111
100101
01111
0
00
01
010
0
111110011
1111
111111
110110
1001110011
11111
01011
11111
111101
101011111
11011
11111100
1
1
11
111
11
11110
1
1011
1
11
011
11011
110
11
111
000000111
111
111011011
011
11
11
111
11
11
0011
1
1
011
11
111
111
111
111
1
11
111
110
111
10111
111
111
01100000
11
11
011
111100
1
111
111
0111
10010010
111
1110
11
111
11
11
1101011
110111
11001
10111
111
0
111
11101
1
1
011
110010011
1111111
011101111
1
10101010
1010111
1
111
1100
10011
11
101100010
101111
1110101011
1
01
111
1100101000
111000011
101
1
101
00111
11100
1
1101
01000101
11000011
111
11
111
0011
0111
000
0
1
111
111
10101
1
1
11
11101010
1011
111
1
111
1
110
0001
1
11
11
1101
11100
1
0000000
111
1
00000
101
111
1
01
00
00010100
0000
1011111
0000000
00
11
1
11
101
00111
1
00
111
01000100111
1001
11
0
00
00
0
11
101
0
11
11
11
01111
00111
1
1
111
00
0
11
11
1111
0
00000
111
1
1011
111
11
1110
11
111
11
111
11
11
11
111
11
111
11
11
111
110
1101
