1
1
1
011
0
01
1
1101
111101111
111
1111
11111
11
1111
1111101
1111
1
01101
11011
11111
11
000
1011011100
1011
10111
1
0100
1
11
1
11
111111
11
1111
111
1
11
11
11
111
11
111
1111
11
0101001
101
001000
11
0111
11101
10
1101
0111111011
0011
11
1101
111
0101
1
1
1
1
111001
11
1111
11111
01111
0111
111
01111101
111011111
11111100
111
110101
111
01011
11
1110110011101
1111
1
11011
111
1
1
11
01111
00000
00000
0111
0111101
111110100
1111
1
11
1111
1
1
011
1
11110010010110110
1
1
11110101
1
11110101101
11111111
000111
111111
001
1111111
11111
111
111
111
0011110
11001
110000010
10111
111110
01
1110111
1101110011
110000
1100
10011
01
1010
10010
01111010
111110
100000100001
001
10
11011
1110
1101
001
010110
01
00011011000
1
0000000001
1111111
11111
0001000
11
0
1111
111111111
0010
0000
01001
1
111100001011
1
111111
111
11
11111
000
1111101
111111111
11100
1
1110111
101
1111110
0111111
11100
1110
1101111011
100111101
00000100
00000
1110111000111
000001000
1111010111
11
0111111
1111
1110111001
1
11
100011010100001
110111
0111110101000101111011
0111001
11111110111111101011011111
11000
1001010110
11000
000100000110
1110111111100000011111111110
1111
0
11
0111
1111111011
111
111
01
110
011
1110011
11111001
100
1
11
0001101
000
0
1111010
111110001011101100
1111100110
11111110110
1111110110101111
000101111
1111011
01011
1111
00000010
11110111111111
0101
1001111
01111
111111
0
1111
111
11111
11101
011
1111
1111
111111
1110111111
0111011111
00
1111
01110111111111110
111100101
10111111111
11111011101
011001111110
00110011111011111
11111101
11111
01
11101
1110111
111
111011
111000
0111
00011
0111
00001111000011111
11110111
11
010111
111
111
111
101111
111001111110
11
1111
1011101110
11
01
11110
011001
11111
010
111
101111
1111
1111
11101111
1111101110111
1
1
1111
1
1101
1111
1
11101111
100000
1
10100
0000
1111111111
1
001
101111
1011
1111
1
1110
111
111110
11111011000
111111010
0
1
101111
11
1111
11111110111
11111
10101101101101
1010111101110
101
11011110
1110101
1111
111
00111
111
00
1110
100
1
011
100
110
1111
111
111110011
111110101111
1111
111110
1011101
1011101010100
1111
111101
111
0
111
10011101010001
1111
11101110
111
11111010
11111
11111
111110111111
11111
11111
10111110
11
111
0001110000010
1101
101
1111
111
00111
111001
00111
11110
1111111
111
1111
11
111011
011101111
10011111
11111
11111111111
01111110011111111110
101011111001110111
101011110101
111111111111
10110
1111
11101011
1111
01
1
0
1111
000110011
011
11000
0
11111011
1
0111
11111
11011
11
0000000
1101
111
0111
101
110
1001111
10111001010
01
111011101011000000
11
110
11
11
11111
11
111001
11
011101111110011011111
110001
110101111
111
111101111
10111101011001
0
111100
01
1
0
1
0111
111
001
1
101010010
110
111101
11
0
11
000
0110
10100010
100000
11111
1110
01001011
110
101
011
0111
11
111010100
1011
1111100
011010010
111
1
01
1
0111
111
110110111
100
0111
011
01
0001
10
11011
1111110
0010
00
01011
11
111
1000
000111
000
1101
1101000
00111
111000
1
011
1
11
0
101100100
1
1
010111
111
00111
1111
1000000
001011111
1111
0110101
110
11
0
00000
111
11111
01110101
1
11100001
1110010010
1100110
11111011
1
11
110
0010111
111
1
111
11
010011
11111
1000100
1011
01
00
1
0
1
0111
011
100
111
00010111
111100
00111
00011
0
0
11
1
1
11
1
1
1000
1
0
11
01001101111
111
1100
0111
11
1000
0
0
11110010
11
1111000101000
010111
110000
111
10001
11
1
01111
1111
011
10
11
111011010110001000000
01
110
1
111
111
10111
1101
10010011
11111
1111011011
011111
11
101111
11
1100
11101
11101011
1111
11
110
11111
11111
0011
1101
011
01
1
0000
01110
10
111
111011
00011101011111101010111001110000101
1101
10
01
110
10111111
111111101111111011
00001
111
111111110
1101001
1111111111
11000
11101
1110
10
0
111
111110001
1111
1111
100
1101110000111
1111
1110
1111
111
01101
1111
11
0
0
0
1
0
0
0
0
0
1
0
0
1
0
0
1
1
0
0
0
0
1
0
0
0
001100
001
111
1
01
1
11
1
1
11110
11111
11
1
111
11
110
10001
11
1
11
10000
11
1110011101110111101
00111
1
1
11
0
0
0
00
0
0
01
111
00
1111
0
01
1
0
1111
1
1
1110110
111
111111
1
0
1001111
10
11111011001
101
1
0
01
10
11
11
111
0
0
01
1
10
1111111
01
11011000
11
1
00101
10010
010101101
000
1111110
0000
111
1
1
10010101
11
111
0
1
111
11
111100
111
0
00111100
1
11
100
1111111
0111100100
111111110111
1111
0010
11001
111
1111101011
111110
001111
111110
11110
101111011000110110010000
11
11011
111011111
1
01000111000111011011011011010011
1111011011111
01111
100100001000
010
1
1
111001
111
110111
11
1
111
1
1
11
0111
11
11
111
00111
1111101
000
011
11
1111
1101
101
111101
011010
1001
111101
1111101111
11111
111111
11111
11111
1111111
11111
1111
1111
11111
11011
11101
011111
111
111001
0111111101
1111
111111
11
1
0
11011111111
0011
01111
111
0111011
011
001000
011
0010111
1110
11111
011111
1111
1111111
1111101
111
111101
011
0110011
01110111
111100
101000110100
11101
111
0111000
111
010
0111111
11100
1111
11001111
00101
01111
011101
10111
010111
11111
1111
1
010011
00
111
000010000
11011
11000001011
10011000111001
11101
0101011
11101
111
11
111
100101001
1001111111
010111
11101
1111
11
111111
1111
111111
010101
1111111
111010
0
11111
111111
01111
01111
101011
011101
11110011
011011
01
110111
10111
1111
11101
011
0011111
1101
0111111
011
1111
10110
111111
11001
11111
01011111111
1111
11110
1
11100111
0010111111
1101011
111110
01111
0
111111
0101111
01010100
11111
101
111
01111
1101110010
0111111
111110
011111
1111
11
00111
1111111
10111100
101111
1111
0111111
11
1101101
11
10111
11111110011
101011
10100100
1011111
101101
1
01
01
111
0
1
01
1
11
1
11
0
1110
1111
11
10111
1
011111
1
1111
01
10111
111101
101011
11
1
11
001101
0111
0
000
01100010
01
11
111
110
1
0
0111
1
0111
010100
11000
1111
11
1
111
01
1111
111
01110
1
111
111
1
1
1
1
0
11
0
00
010
0
0
011
0000
000000
01101
0
00
0
0
1
0
011
0111001001000
01100101
00110111111
1110111011000
111111001
11110000
01001111100111011101
10110111110
1101110
001110
0000
0
000
0
0100
0
0101101000
11110
01111001111100001
11111011101110000
111
10111100
101101000
0011110001010
10001001011
11000110
100011000
010110111011101
1000001100011100
011110001011100
01000001
111010
01
1010
110111
110111
11111101111111
1111111
101000001110001100110
11111111111110
0111
11111
111101
11111001111
110111111111
11001111111
10111111111
1111111111110111
0111111011011001010111
1111111111010
11101100111111
0111110111101
111111111111
100100
11111111
1111110
1111111
1011111
11111
111111111
10101111111
11111101111011
001110010001111110
111111111101
111111111
1111101101001
1001010
111010101100111
00011010
1011111111111
0011110
1011001001
1111100011101
111
1011
00111
11
1111111
11
11
0111
0111
10100
1
1111
0111101011
1101111
11110101
01111
11111
11101
1111
000
11110111000101111011
1
00
011011111000110011
111110110101
011110111111
01101110111
1111110001001001001110
11011011101011101
10101111110001110100101111
111111100111001
1110101100010101010001111100
0011110101
11111011111101111
11111111
100001101101111
111111111
111111110111011
111111111111101
11111110111
1111111001101111111101
110111110011010111111101
11111101101111111
000110111011
10111111
0
1011
1
1
0
0
0
0111111
01110
111111
1
0
1111010
0
1
000111
110110000
10
0
11101
1
111111011010
1110111
11110111101101
11110011000
1111111011001101
0111
11111101
1111101010101
111
11101111011001
0
011
101
1111
00
0111101101
1110101
1110
1
1101000
111111111
00111111111111
11111
01111
011
11110
1011
111111
0
1101
000111
100001
001
0
0
10
110
0
111110000
10
1
1
0
0
0
1110
0
01
1
0
0
0
0
0
1110101111011101010
0
11100010111101
01011101011
01
0111
111000111
1111
111111011
110
11111110
010111
1
110111011011101010
0111
1
0
1111111
01000110
01
0
1101
111
00
0
1010111001111
111
11
11111
111
110001
100011111
1
11110
0
1
0
1
0
0
1
0
1111101111
0
0
0
0
0
11111
0
010001111
101101
111
1001
1
00111
11
01111
11110
11000
0000000010
0
0
0
0
0
1
0
1
1101
1
0
010100000
0
0
11110
0
011111
11111
11
10
01110
11111
1111
11
11111
11101
111
11111
1111
1111
1111
11111
1
0
0
10
1
1
0
1
0
0
1
0
00
0
000
1000
011
011
1
011
0
0
0
0
0
001
011010
0
1001
0
0
1111
11
011
0
0
0
000
000
0
0
0
0
1
1
1
11
1101001
0
0
0
0
1
0
1
0
0
0
1
0
11
1
1
1
1
1
11
1
1111010010
1
1
11110011101
1
1
1
1
0
01111100000
1
1
1
1
1110001001011
1
1
111
1
11100110111101001
1
111101
1
11101111011100100
01
1
1
0
1
1111
1
11111011
1
1111
0000101011100001110111111
1
1000010000011100
1011
1
01100011101110011101
11111000001
11
111
1010
1
1
011
1
1111111000
1001111
101
110000011001100
0
011
0
11
1111010011
1
1111
111101110
1
11110
0
11101000
11
1101111
111111
11110110010
011
011
01000001011
111111
1
11011110
100111
0110110
1010111
001010
110
101010
0001001011111
1111010
0
10111
00000
1111110
10
11
1100110
10111111
0001
1111101
1111111
1101111
100110
1
1110101
000
000111011
11011
001101001
000
01011101
01
111
11111111
1111
1001
111
0111
0
11000011
1111
10
110
11
11
011111111101010101110
1111111
0111011
1
1
0
1
1
1
0
0111
1011
111
11
1111110
110
01001100111
1000
11111
00111
11111
1111
111
0
1111
0110
101111111
0000
00000010
101
0110
0101
0001
1101010
11100
10000
100
111
000
011
1111
001
110
111001
01011
111111
00111
0110
111001
1110111110
00010100
0000
1111
111
000111
00111011
0110
110
000
1111
11011
01111
110
10
0
011011
11
001
1
1
1
01
100101
11
1
11
0
11
1
11011
0
11
111101011
111
010
1
101
0100
00111
111011101
011
100
011
101011
001
10
11
01111
0
00
00011
10
101011100
01
0
0
0
0
0
1
0
0
0
0
0
0
0
0
0
0
0
0111
11111
001100
1
01111
1110111
1111
1111111111
0
111111100100101
111
1100
110
1101
1101
001
11111110011
1010001011110
1111
11000
101111
11111
0111101
01
01111111
1110
1110
0
100111011111111
010111
101011
1110110
000
1111
100
0100
100000111011
110
11111
1111
0
1111
10111
10
111
111
1111
111
111111
111
1
0011
1011
11011
10111
0111
1
1111
110011
0111
11
1111
11101
111
010111
111
0110010111101101000000010
0
11
1
1
111
1001011
0100001
011
011
110
011
11
0011
011
11
111001001
011000000
1110100
01101111
11111
11
1
001
1
111
11
10
0
00
00
1
11
11
11
00
1111
11111
11111
100
00
01
11
00010
110111111
001
1111
100
00100110
1
111000111
01111
1001111
111111
0
1
0
0
0
0
0
0
0
1
0
0
0
0
0
0
0
1
1
1
0
0
0
0
0
0
0
0
0
0
0
0
0
0
0
0
1101110111
01101
11
110
0
1
0
1
110
11
11
0111
11
110110101
111
111
1001
010111
0111
1101
01111
11
11
111
1100
1111
1
000
1
111
0
101000011011
11
011111
011
111
111
1
111
101111
11110
0100011
11
111
11111
101001
01000
0
00001
1100
1110001
101
1110111111
101
1110
0
10010
0111
1111111110111
0
1
1
1
1
1
1
1
00
000011
11100110000
10111
11
111110100000
11101
1000011
0110
1
111
1
1
1
1
1
1
0010
1111
00110
111
0
1111
101
1111111
0000
011111
111101
111
0111
1111011101
111111
011
001110111
111011000110111
00
0000101000010
0001101101
1101101
10100001010
100111010
1111
100010011
10111
100110010
111
11010011
11111010
0100011
0111
00
010111
10001101
101010110
011001000
1100
101010111
01011
0010000100
1
1101
11
101
0001
11111
1
111
11
111110
1111
11111
10101
11
111
11
11
111
1000100100
1101
1
111011
1011110110110001
10001100010001100011101
00000000100
001
01
111111100101011111111
11101000111110110011111010111100
01001
101111110101101111000110111111110110101
111
000001111110
0
1101100111
01
0
00
01
10
011011
0
11
111111
0
00101
0
1
1
1
11
1
10
1
101
1
100111111111
111
1111
111
111
11
111
1111
111
111
110011
0111
011
111
0111
0111101110101111
0110001
1
11
1
111
11
11011
111111
1
10
0
00001
1110
101111
11001
001
001
00
111
1111
010111
00111
1
1111
01110
11
001111111001
11
1101
01
111
1110
111
111
111
11
10100000
000
1
01011111100100010100111
1010111
0101101101011110100
0000
110111100111101111
1011
111001101010111111
01
000
10
110001
0010
0111
1
0000001111010
11101
111
1
11110110011110
1110111
11011
0101
111
110011
11
10101
1
11111
1
11111000100
1010
11
01111010
010000101
110001
0
01111
1
010010
0
0
0
001010001
10010100010
1100000011
0
11
11010
11110101
11
11
111011
1
11
1
11
00
111
11
111
1
11
011
1
0
111110
110
1110
00
0111
011011
11
11
00
1
0
10
10
10
11
1
1
0
1
11
10
01
0
011
111
11
111010
011
01
1
1001
1111
01
111
1
11
0001111100001
11
11
000
0110011
1111
00
0110110
1
1001100
1000
010
111110
0
10
11101
01
10
10
1
011110
11
1111
1111
11101
01
1
11
1
111100
1111
1
10011110
11
111
111
111
1111011
011011
1011
0001
11
11
011
11011
111
11
1
01111111110
11
1101
1
11111
001111
1
1111
0
1
0
101
11
11
1
11
0
11
1
11
100
10
01
11
0111111
101
1111
01000011
11
1
111101
1
1
1001
1
1
010
1111000
11110
1
0
011001
01101000001
11111
1011
111
0
10101
10111010
011
111
111010111
01111
010111100
00110001
1011010101111101101111000011001
11
10111100
001001
111110110100
00000000000000110
100111101111001111110110011111100111110110
111111111111000110011
00110011001000110011101001101011011111000001
11111
011111111111011111010110110
1111
00
11
101
0110
11
1
1111
0
11
111111
01110
1111110111111100100
101100001110101
11011111111101
00000100
1111110111011110
111
001
1111011111100
0010000
1100
011110111010111010011011
1100
1
11
1
11
1
0
011
11
11
101
1
1010
00001
11111111
001001
110111100
00
000
00
0011
11100
0111000
000
01
0110
100011
01
1111000
1010000
0
0111
0111
1110
11110101100
0
111100
1
0
11
0111
11
1111
11
1
1111
111
11001
1111
1111
11
111
111
111
11011
11
00
1
10
1
1
0
100110001
00
11100110
00
110111
011010
1
10111
01111
000
01
1
101
11011
1011111000110111
10010110110100001110010010010111100
111011111001100111
0010111111
1101011
11
0011111110101001101110101010110010010100
1101101110100111011000
1111110
1111011010100
11111111101
0
1111101101111
111100111111110010101111101110
101111011101101000
11110110
111110010100011
11101111101101101010101110011110000000100000110110111111011101001
111111111
1111110011011100
11101110111111110100
1110111
1111
00010110110010101111000110011010000000001001111001010000110000010000
111111100001
111111011101011100000101011
1011101001111111100000101001000010000000010111
111110100010
1010110111010110011101111101
0111110101001101
1011000101101101001010
10111111101101110111101
0000001000011011100100111111001110101010101101011000111100
111
11110111
11110011010101001
001001
11
11110110
111110010001001
1010100
110011
100000000100000000001110000
01000111
11110
11001010111010
010011
111
0
1
110
000
1111
111011
11
111011
1101
1100
111100110001
11001011
011100111000011000111
0100111
11110000
000110111001000000010001000
0111
0111110100110001
10000
11
11
1110
1
11
111
01
11
0
1
1
1
1
1
1
1
1
011
0
1
0
1
0
11
0
1
1
1
1
1
1
1
1
1
1
0001001110000001110000110100100011000
110011
0111110110011110110001101
111
0111101100010
11010111110
1011101
01101010011
10000110111000100010000001111
11111100001
01111101000100011111
111
011111101
1111011101
11011011
1111
1111011
11111
1111111111
1111
111111
1111
01111
1111
111111
11111
011110
1011
110
1110011101000101011011
1111
1
0
0
1
0
0
0
1
0
0
0
0
1
0
1
1
1
0001
11
1
0
11
1110
11
11011
110011100
1
1
11
1
1
11111
1
11
1
1111
1
0111
1
1
1
111
1111
101
11
11
1
1
11
0
1
01
1
0
1
1
1
1
1
0
1
1
0
1
0
0
0
0101
1
1
100
1111
11
11
1
01
1
1
1
1
1
1
0
0
1
0
0
011010011001110010101011010100011
00101101010100100101110
11
10
0
111
1
1
0111
101
111011
01111
0
0
1
0
1
1
1
1
0
1
1
1
1
1
1
010000
1000011110101001
1
011
110
1
0
01011
11111
0
0
0
1111
01111
11
111
11
11
0111
11
111
111
11
00111
11
0111
111
111
11101
10111
1
101
111
101
1
00
01111011101011011111
1111111
0
011
10
1
111111
0010111111111100
111110000
0
111001
010011
11101
110
0101010101010
11110100111111010
10111
011100011010010110000101
00101011
1110010000001110101011
1001
1101111001
1111
1
110111
11010100110001
1111101
0111
1111
111
1000010011
11
001100111
1
00110
1001011011110010110100
011
1111011011
01010111
1110
0001110
110010
111
110010
0011110000
1111
01101000001
1010
100100011100000
00111
11101111
011111111101
111
1111100110110
1111
010
110
1
1
01
1
110
01100
111000000
111
11
11110
01
101111
11010100
00
101110111101
11
111
11
111
111011001
1001000001010
010
1
1
11
011
101
011
10
11011111101
000
110111010
110110101111111101011010110000011111
11
01
000
1000111101111110
111110011111110
10101111000111111
11100111001
11111101
011111
1111101
01111
1
1101
1011111
11111111
001000110101010001000011
0011
011111110
111
11
0001011
1
111111011011011111001111
1110101100110011100
111011011011
01
011
11100001
10
1111
111110
111
0111
1
110
111
1111110100
11111
11
1110
111
111111
111
111
111
111
1111
11
11
1110
111
111011
11
111
11
11
11111
111
111
111111
011111
11
111
111
1111
1
111111100
111
0
1111
1111
111
111
01111
11
11100
01
11
11
11
0
111
1111
111
111001
111
111
1111
11
1
111111011
11
10001011101010000010110
110001
0111
11
11
111
111
111
11111
1111
10111
11111
11
111011
111
111
011
1
11
11
0
011
0101
0
1110010
0
101
011
1111
1111
111
1
0
1
1001
110
11
1101110
101
1111
11
1111
111
011
111
1111
1111
1111
101
1011
110
1
0111
11
111
111
111
1111
111
1111
1110
01
1
111
111
1111
110011111111
1111
11
111
111
1100
111
1111
111
1
1110
11
11
1100
111
1111
11001
11
11001010001100
1
110000110
000
010101001001100000000100100101010
0000100001010000
00111111111111010011011010101101
11111010
1001000000110000001110101101
01
0000011
11
11
011101110111011
11
01110011000101
110
0111
1111110
1
1011
111
0100111
11110
111
1
10111
110
11
111
01
11100
1001
1111111111
111
0110
01000
10
11
1110010
111111
111
0010
011
011
1
1100010
0101
111101110100
11
11
0
00000
1100
111
111101
10
00100
1110111101
1111
11111110100100
01
101
011
0
01
000001
111
101
0
101111
111
01000
1
1
0011
1101000111111
011111101111
11
10110101
000001111
1111010
1111110011
1111
001111
111110
111111
11
111
01011110001101010
111
1110110
111111
10111110010
101111
11
101011
110101110
111
11010111
01111111
1
011
11
1111
011001111000000
11111
111111011011011
111
111011
11
1
1111
111
11110
011
111
00111
1
101
011
111
110
111010
11011101
1111
11
11
101111
10011
11011100
11
11
111110010
111
0111
01001111
0111001111
11
11111
11
0011
10110101
11110110111
1111111
11
111101
11010111
11
1
11111
111111
111
1001
11
11
11
111111
11011010
101111011
111
111110011
111
11111110111
1111001110110000
11
0100011
11
111111
10111
11111
1010101010
11
1101111
1111
0111
110010
101111
1111
1111
111
11
1
100101
1100
01
1
1
1
1
1
1
1
1
1
1
1
1
1
1
1
1
1
1
1
10101
111
111
1001011
11
0
111
0111
01111
11110
11111
11
1001000010
111
1101110
01
11
10111
11
11
1
11
11
11
11
11
110
11
111
11001110100
111
0011
11
1101
11
11100
11
1011
11
111
111
0111
11
111
11000
111
1
11
111
11
111
11
0110111
1
111
1101
111
11
111
1100101
11
0111
0111
11
11
111
0001111
111
01
11
00000101
000
0
1
11111
1
110110
111
1
111
111
1111
010111
01111
111
11
1
01111
1
1101
011
0
1111
0
11
111110
0
11
1
1
0111
110
11
0
11
11
11011
10
01
011
01
1
110111000
0001011
111
1101
1
11
11
