11100111110111
11111
11
001
0110011010
1
1
1
1
0
010111
11
11111
0
0
01
1
111
111110100
111001100011
1101001
11
1111110110
1111
111
10110
1011111
000111110101101000
1110110100100
000100110
11
11111101101
1111
1100110110100001
111011111111010
1111011
11101111
11111010
0
0
0
1
01
11
111
1
000111
11
011
11
1
1
1
0
1
1
0
11
11
1
11
101101
1011
1
11
111
1111101
111
1
11
10
111
111
01
11
11
11
11
101
111
011
11111
0111
111
11101
1111
11
1
11
0
1101
00
0
1111
0
0
0
011
00
1
0
0111
1
010
10111
1
111
11
0
1
11
1
111
00
0101
000
11
1
11
1
11111
11
110111
1
1
0
1
0
1
0
1
0
0
11
0
1
1
1
0
011
1000010
11
0
11
1
1
0
1
0
11101
1
1
1
1
1
0
0
0
1
0
1101
1
11
110111
011
01
0
0
0
1
1
1
1
1
1
1111
1
0
1
1
0
1
1
00
1000111
0
1
111
0
0
1
111
11
0
1
0100
1111
0000
001101110
0110
01111
111
111
1
0
0
0
0
01011
0
1
1
0
0
0
1
0
0
0
1
1
1
1
1
1
0
1
0
1
1
1
1
0
1
0
1
1
0
1
0
0
0
1
1
1
1
1
1
0
1
0
0
0
1
0
1
1
1
1
1
1
0
1
1
1
1
0
1
1
0
1
1
1
0
01111
0
0
11
11
10001
01
11
111
000000000
000000
111
1
0
11110111
1111
00
1
01
11111
11000
111
11010
1110111011
111
11
111
0111
111
11101
000
0
11111
1011
1
11
00100100111
11101
01111
1111
11
1101
011
1111
11111
11101
1
1
1
0
0
1
0
0
1
0
1
101
110
11011101
1
11
1111001
011
1111011
101110
1010111011
11
1111010
000
111011
111110101
1011001011
110011
11111
00
10110
0
11001
0011101101101010
111000
111
1101111
111110101
110100110
011
1101
11110111
011
11
1111
1
1
11
0
0
1
1
111
0
1
0
11
1
1
111
10
0
11
0
1
0
1
1
111
1
0
1
1
0
0
1
0
111
0
1
0
0
1
1111
1
0
001
1
1
1
111111
1111
11
1
1
101
0
0
1
0
1111
1
0
0
0
0
1
11011101
1
00111
0
0
11000
1
1
011
0
11
0
0
0
0
1
1
0111
1
0
1
0
1
1
0
0
1
1
1
111
1
100
1101011001101100001110001
11
0110
0111000
10
0110010010011
000111101001101100
1110
00110001
000111100110110
1101011
0
100
0111
0011011
11010
011111
001110111000
100010
10111
00
1
11111110
11111100111
0111111100011110
01111001000111
11101100111
1111111
1100
01
0000
111110100
101101000
001
1111
01000
0
0
0
1
1
1
1
0
1
0
0
010100101
1111
0
11111011
000111
00
0
1110
1111110
00111011111011011
01100
1101111
010101001
111101011
101111100
0101110111
10
1111110101010
0110
01011
0100111111
11100110
0000010111
010
1100
111
001111110111
1110111
1110011101
0001111100111110010100110101111
11100100110000
1111011101110011
0
11
1111101
1
1011101
01111
010011
101101010
111101101
0
1011110000111
111
0
101110111
1
1011
0110111
10110
01101
11101011101100100001100111101
1111
111111
000
00000100111000010001100001011001010000100101010101000001
0010000101001101
111
0
111001
0111
110000
0
00
11101
1
1
1
111
101
01101010110100
11111
11111101
10111101000
0
1101101
01
0
011
1
1
00
011
1000110
11010
111
1111
0
1
1
110
0
0
11
1
111
011
111
111
0
1
110011
010
10111101
