10
1
11
11
11
11
1
01
1
1
11
11
0
10
1
1
11
1
1
1
01
11
0
1
1
1
01
1
00
1
1
00
1
11
11
11
1
11
1
0111
11
1111
111
1
11
11
1
10
1
1
11
1
01
11
1
1
11
1101
10
00
1
00
11
1
01
1
00
1
1
11
11
1
00
10
00
11
11
11
1
11
11
011
1
1
0
10
00
1
11
11
10
1
1
11
10
0
0
0
11
01
11
1
1
11
0
1
01
1
11
11
01
1
11
01
10
11
1
1
1
1
01
00
1
1
1
1
11
1
0
1
1
11
11
1
11
1
11
1
00
11
01
00
11
1
01
1
00
10
01
00
00
1
1
00
00
0
10
01
1
11
11
11
00
00
01
1
11
11
1
1
01
11
11
110
1
10
1
1
1
10
11
111
1
1
1
1
1
1
11
10
11
10
00
11
00
11
11
01
1
01
11
0
01
1
1
1
0
11
1
11
1
1
01
1
1
10
00
1
1
11
0
1
1
11
0
11
1
11
11
10
00
1
01
11
11
10
1
0
01
1
00
11
10
01
0
1
1
00
11
00
11
0
1
11
1
11
11
0
01
1
1
11
1
1
11
11
1101
01
11
1
10
1
11
0
0
1
1
0
0
1
0
1
1
0
1
1
1
11
11
01
0
0
1
0
0
0
01
00
0
00
0
0
1
1
1
1
0
11
00
11
1
00
1
1
11
0
1
1
1
11
1
1
11
11
1
11
11
1
11
1
1
10
11
11
11
0
1
1
11
11
0
01
10
0
11
11
1
10
1
1
10
11
10
00
0
1
01
1
00
1
10
11
10
0
1
0
11
11
1
0
00
1
00
11
11
01
10
0
1
10
1
11
01
11
11
11
0
1
11
11
1
11
1
00
0
0
11
0
1
10
10
0
1
1
0
0
11
10
00
00
10
1
11
00
1
1
00
11
11
10
11
10
1
1
1
01
0
01
1
1
0
11
11
00
00
00
00
11
1
1
1
10
01
0
11
00
01
11
11
00
01
11
0
11
00
10
01
0
1
11
1
11
0
1
1
01
11
10
00
00
10
1
1
0
0
11
1
0
1
00
0
01
1
1
0
00
10
11
11
0
1
1
1
1
11
1
1
00
00
00
1
1
1
00
0
0
00
0
10
10
1
0
00
1
1
11
11
0
1
1
1
01
00
1
11
0
00
01
11
01
01
00
0
11
10
00
01
0
01
0
11
01
01
10
0
10
01
10
01
