111101
0111
000000
0001100
1001
00001100111100
011
11010
01111
1001
111110
11111
0011
1101
10
10010
011
11111
111011
1111
1101
11111
101
001010
1010
11
00010
111111
111011
1101010
0111110
111111011
111010001
0101011
1001010
111101
1111101
1111101
100001001
11011111
1110101
10100011
001111001
0111100
1111110
011111
01001100
10111000
01
10110000
110
110010011
101110111
00
011001
000
01010111
1111101111
110011110
11011101
111111
1101101
10111100
01011111
1011001
101111
101100
1011111
01101101
011101101
100010
011110
1101
11100101
001101110
10100
1011111
11011111
11011
001010111
01011111
1111011
100111
010010
11001
10111111
0
11111001
11001000
01001100
11100
011
100011
1
101
0110010
011011000010
00100110
0000100000
0
1111111
11
0111
11101
100001
1111
111101
10110
11001
0111
11000
00111
100
1110
110
110
0111
1001
11101
0110
10
100001
10101
01101110101000
11011
011011
111
1111011
1101111
1111
001010
1010101011011
11111111111110
10111010111
100111011
101101000
101111011010
01111
1011111110101
10111111
010111
111110101101
1010
11111111
1110110111111
1110100111
111111
0101001
10111110001100
11101
0110100
011111001010
101110
1111010
0111010110101
1111011111
01110010100011
00101000
1
1110111110111
01111011101
1
1111111101101
011011000111
011001111001
111111
011110111001
11011011
01000
1000100
1010111
11001
0011111
1011
101111110110001
110111
