0
1
1
1
1
1
1
1
0
1
1
0
1
1
0
0
0
1
0
1
0
1
0
1
11
1
1
1
01
1
1
1
10
1
1
1
11
1
1
1
01
01
11
1
1
0
1
0
11
1
01
1
1
1
1
1
01
1
1
1
11
1
1
1
1
0
1
0
1
1
1
01
1
1
1
1
1
0
1
1
1
11
1
1
01
0
1
0
1
1
1
0
01
10
1
1
0
1
0
1
11
1
1
1
00
0
1
1
0
1
11
1
0
00
1
1
0
00
00
1
11
1
1
1
1
0
1
01
1
1
0
1
11
01
1
1
1
1
11
1
0
1
1
1
0
1
1
0
1
0
1
1
1
0
1
1
1
1
1
1
1
1
11
0
01
1
11
0
0
1
0
10
10
11
001
11
01
10
11
110
1
01
101
101
0
01
10
10
01
0
0
11
001
11
101
111
01
11
101
1
101
11
10
10
101
111
11
01
11
101
111
11
111
11
111
010
1
1
101
10
111
11
1
11
111
11
1
1
111
11
01
101
01
100
011
101
110
101
1
101
11
101
11
011
111
1
01
1
1
0
101
1
10
101
101
10
0
00
10
10
11
11
01
11
0
1
101
10
1
101
1
01
11
10
0
0
10
1
0
00
1
1
10
00
1
01
11
10
100
11
1
01
11
1
001
101
1
101
0
101
01
00
1
0
1
0
1
1
0
0
1
0
00
0
1
00
1
10
0
1
1
0
1
1
1
1
0
0
1
1
0
1
1
1
0
0
1
1
1
1
1
00
1
0
1
1
1
0
1
1
0
1
01
0
1
0
0
1
00
1
1
1
1
1
1
1
1
0
1
1
1
1
0
0
1
1
01
1
00
1
1
0
1
0
0
1
1
0
1
1
1
10
0
1
1
1
001
0
00
1
1
0
