111
0011
1101
1111
111
11
11
1
111
11
010
11
111
111
11110
11011
111
001111
011010001
11
011
1110001
01111110
1110111000
0111
11001
111
111110011110
1011010
111
0111111110
1011
0111010111
1111
111101100
100111
10111111101
011111110001111
11110111
0111
111111
111101
0011
01011
101
10111
10110
111
10
11011111
011011111100
1111
010
11111110
11011
1
1
111
1111
11
1
11
1
1
1
1
1
1
11
11
111011
11
1
111
1
1
1
1
1011111
111
1101110
1111
11111
111111
11111
1
111
11111
11
1
1
1
1
1
1
1
0
0
1
11
111101
111
1
1
0
1
1
1
11111
1111
1110111
11
11
11111000
1
1
1
00
1
1
1
1
1
1
1
1
1
11
111001
111
0
1101
00
0
1001
11
11
111
1
11
1
111
1111111
1111
1111
111
1
111111
1111
0
0
1
11111
1
11
1
1
1
1
11
1
11
10
11
1
11
1
1
11
1
1
1
1111
1
1
11
1
11
1
1
11
11
1
1
1
11
1
1
10
11
1
1
1
11
1
1
11
11
11
1
1
1
1
11
1
1
0
0
11
1
1
1
1
1
1
01
1
1
01
11
1
1
11
1
1
1
1
0
1
11
1
11
1
011
11
1
1
0
1
1
1
1
1
1
11
1
1
1
1
1
1
0
11
1
11
1
1
11
11
1
11
1
1
0
1
1
1
1
1
11
101
1
11
1
1
1
1
1
11
11
1
11
1
1
11
11
0
111
110
111
11
111
101
1
0
0001
111
11
1
101
11
11
101
111
111
1
101
111
111
111
111
1
11
11
1
11
11
111
011
111
1
11
11
10
110
0111
111
11
10
101
111
1
11001
1
11
01
11
111
1
111
11
11
11
1
1
11
11
1
000
0
011
1
1
0
1
1
1
1
1
1
1
1
1
1
1
1
1
1
0000101111
1
1
1
1
1
1
1
1
01
1
1
1
10
1
1
1
01000
111111111111
1
1
1
11
00
1
111101
01
1011
11
1111
1111
111101
111
11
1111
11
101
111
1111
11
111
001
0
1
1
0
0
1
1
1
1
10110110110000111000
1
1
110
01
1
1
1
1
1
1
1
1
1
1
1
1
1
1
1
1
1
1
1
1
1
1
1
1
1
1
1
1
1
1
0
1
1
1
1
1
1
1
1
1
1
1
1
1
1
1
1
1
1
1
1
1
1
1
1
1
1
1
1
1
1
0
1
1
1
1
1
1
1
1
1
1
1
1
1
1
1
1
1
1
1
1
1
1
1
0
1
1
1
1
1
1
1
1
1
0
1
1
1
1
1
1
1
1
1
1
1
10101
11
011
1
10100
1
011
1111101
1
1
1
1
11
110
1
0111
1
1110
1
00111
1111
01
1
1
11
11
11111
11101
11
11
111
1111
000
111
11101101
01111
111
11
11
011
11
111
111
110010011
111100100100011011
0010
0111
01010000
011
101110001100
11
111
11111
01
11100011100
111100
1
001111
111010
111
11100110011
111
101
11
1001
111
1111
11101110001001
011
111
00
111
11
111101110110
111001
00111
111
0101100001
101001
1
11
11
11101
10111
11
1
001111
0
0101
1
0
1
1
1
1
1
1
0
1
1
1
1
1
1
01
1
1
1
1
1
1
1
1
1
1
10011
1
1011
100101
1
11
11
11
111
11
0
01
01
11
111111
0110
11
0
1100
111
10011
1100
0100
101
11
0111
111111
1100101
11111111
111
111111
11111
01
1111111
1010101
001101
1111
11111011
01111
11111
1111111
0
0
0
0
0
1
0
0
1
0
0111
1
11
111100
11001
1
11
1
1011
11
10110011
0011
00
01101
101001
1
1
111
000
1111001
01
0
11110
110
1
1110
11
11
1
00
111
00
1
0000
1
1
11
111
1
11
111
111
1
101111
10
0000
1001
100
110
010
111
11
111
11
1000
11
1111
11001
011
00
100
11
1
0000
11
00
000
000
11
001111
00011
10
1
1
1
1
011
0
1
1
1
1
1
111
111
001
11
01
1
00
011
000
100001000110
1
11
01
000
1
111
1
0
010
1
1
1
1
1
1
1
1
1
1
0
1
1
1
1
1
1
1
1
1
1
1
1
1
1
1
1
1
1
1
1
11
01
1
1
1
111
011
00
11111
11
111
1000
1
1001011
11101
1111111
1011
101000
11001
11000
111
011
1100010
11
0011
100011
0111
011101010100
010
00
1
0
111
1
11
011
1
111
1010
111
1
1011
11
111
111
01
11
0010
000
0
01
0
111
111
1
0
11
111111100111
1101001101111
1111111101101
111000110010011
011100100101
1111111110
111011111
111111001110
11111101
0111101
1011011
111011111110
11110111
11111111
111101
11110110111
1111111
111111
1111011100
1
11
0
0111
11
1
011
0
11
100111
11111101110
11
1110
1111100011
000110011111110
1111011
1111111111
101111111001101110
1010111111
1011111100101
01110110001111001111
11111111111111
00010111111
11011111111
1111
000110001111
11111011
010001111011
1110000
1111011
011011
1111110
0001111110110011111
1111111
1101111
1111
1111011101
011111111
11000111
11111100
1111111
0110111
111001111111
111101001110110110
111011001111
111001111111
111011001111
11110111111
111110100010101111
111101
11111
1111101011111010111011
111101111011
1111111
11111111
011110
110101111111011100111111
11111011110
111001111011110011
1111111
101101001
111110111
11111000100011111
0
11111011010010001
11111001111
1111010111110111
11110111
1111111
11111
111111111
11011
11110111111101
1111111011011011
1111
001011101
11101111011111
111111
1101111
111111111
11001111
11011000111111110
1111
1111111
0111
01101101011111
1110111
01111011001
1
11110111011010011
111
1
1
1
11110
11111111
111
010000
101011
011
11
100
0
10
1
00011
00000
10111
1110
0100111
10010
0101
11
0001
001
1101
110111
000
011111
1001
11
1001
01101
100
1
1001
00000
0011
10101
01001011
1
0100
010011
11
101
0
01
10
00
0100
11
10
01
00
111
10
00
11
1
111
11
001
011
0
00
10
0
10
11
111
1
11
00
00
1
1011111
110101
1
11
111
111
01000
1
11001
110001111001010
11100010
1
111
10111
1
0
1
11
11
111
11
11
0111
11
11011
11110
1111
111
111
1111
11111
11
0111
111
111
111
11111
1111
111
10
1111
1
11
11110
111
111
11
11
111
11101
111011
1111
11
111
111
11
11111
0111
11111
1111
0011
1111
11
111
1
111
111
111
111
0
110
111
1
111
1111
1
1
111
11
1110
1
00
1101010100101011001
111110
0
1
0
1
1
0
01
1
1110
111
111
1
111
111001
1
0111
001110111
11110
111
1010111
111
11101
1111
111110
111
111
11
11111
0111
111
1110
11111
111
111
111
1111
1111
1
111110
0011
1111
111101
111
111
111
011
11111
1111
11
11111
11110101
1111
111
111
1
1
0
111
0
1111
00
11011101
11111110111110101
01011001010
1101101
00
11111101110
0110111
01001011
000000100
011
00011
11101011
00011
1010
0000000
111000
000111
1110001
11001
010110
00111
11100101
00111
000
110
111
011
111
1
0
1
1
101
111
10
0001
01
0101
1
010
0
0
111
01
1011100
0
01
1110
01
1
1
111
111
111
0
1
1
1
11011
1
0
111
0
1
0
1
11
111001
0
0110
0
1
1
1
1
1
1
0
1
1
11
0001
11
0010
0010
0
011
1
1
1
0
11111
111
011100
111111
11
011
111
0
0
111
1110000
1
1
0
0
0
0
1
0
1111
1
1
1
0
1
0
0
0
0
0
0
0
0
1
01
11101
001
1
111110
1
11111
11
0111
000011
11010
1
00
01
11
00
0
1
111
0
000100000
11
10
11
00
1
00
1
0
11
01
10
00
01
1
01
01
1
00
10
0
1
1
0
1
0
0
110
10010
0
0
0
0
00000000000000101010
111
11
11000010
0
1
111
1
00001100
111
0
0
1
1
11110
1
1
1
1
0
0
1
01
1
1
00
0
1
1
000
01
1110
111
0
1
0
0
1
0
1
1
1
1
1
0
0
0
1
1
1
10111
1
1
1
1
1
1
1
1
1
0
1
1
1
0
1
1
0
0
0
1
1
1
1
1
1
0
0
0
1
0
1
0
0
1
1
1
0
1
0
1
1
10101
01
0
1
11100000
1
110
10
0
1
0
0
111111
000011
11001010000001
0
00
11
11
000
000000
10
01
00
01001
0001
0000000
00
11101
10010000
0001
010
0
0
010111
011
10010
1011
1100
010
000
1100
1011
0101
1000
1
1
00011
111
11111
011010
00
01
1
1
00100010
0
000
1
0
1
01110
0
0
0
0010
11
0
001
0
111011
10
1
1
1
00
0
1
0
10100110100
1
11111
1011
00
00
00
1
1
11
11101
1
1
0
00
1
10111110000
1
0
0
1
1
1
1
0
1
0
1
1
0
0
1
0
1
1
1
1
1
0
0
1
0
000001110
1
1
0
1
0
1
11
1
0
1
1
1
1
0
1
1
0
1
0
1
0
0
1
0
1
1
1
0
10
1
11
0
0
00
1
11
1
11
11
0
1
11
11
11
00
0
00
00
0
10
01
0
00
00
11
1
00
0
0
1
1
0
1
1
1
1
0
1
1
1
10
1
0
0
1
0
0
1
0
1
1
1
1
1
1
1
110101100101
11101
10111
1
1101110
11
101
11101011
011
1
1011
0
1
0001001
11
1
0
1
0
11011
1
1
0111
1
1
1
1
1
0101
0
1
0
0
11101
1
0
1
1
101010111011
0
1
0
111
0
0
1
0
0111
11001100100
0
1
1
1
1101
1
1
1
0
1
1
0
0010
0
0
0
1
1
1
1
1
1
1
0
11110
0
0
1
1
0
1
111100
1
11
0
1
111010
1
0
1
1
1
111000
0
01000011
0
000
1
0
1
0
11100
0
1
100
0
0
1
1
1
1
11
111000000011001
1
11
1
0
1
11
0
0
0
1
1111
1
111111
1100111
0
11101011
111
1000
