110111
011
111011
11110110
0
11110
1111
111
11
1110
11011
11111
111
1
11
01111
111
111111
11
11
11
011111
1111
1111
11111
11000111
111011101
1011111
11
11110
10101
01111
1111
1111
1111
111
111
11
1
111
111
1111
1111
111011
111
1101111
111
11
1111
1
1111
1111
11111
1111
1110
11110
1111
11111
1011
1111
111
111
11
111
1111101
1
10
111
01111
11
111
1
11
111
10111
1111
11111
0010010011
111
111
111
11
1110
1101000111
111101
11
11
11
11
111101
111
10010110111111
1111111
11111
1
0
011111
11
000001111
01111
1111
0001
10111
11111100
0111
110110
1111
101111010011
110011
100
111
111
100111
1
11111
10111001110
11111
1110101101010
11
11011
111
1
00
0
1011111111
111111
11
01
11111
1111
1
111101
100111110110
111010
11
11
1111
111
11111
1
11111
01
111
1
00
111
11111
11111
110111
11
1100101111
111
011001001001010101100111
111100
11111
1111
11
111
111
11
111
1110
111
11
11100
11111
01010111
0101
001111
11
11
111
1010110010
01111
1
0
101110
1111
110011101
111110010
0111
111110
1111
11001011
11
11010111
11111001
1111
1101
11
11011
1101111
110
111
0111
11101
1
11001011
111101
111101011
111100110101001
1101
11
11011111
1111
111111
1111
1
1110
1
00
1101
0111110001
11100
1111
111
1
11111111
0110111
111101111111
1111
1111
11
11111
10
1
1
110111
11111111
111
1
0110
11
11
11111
110
0
11
1010
11
1
0
0
01111
1111
1
1011
1011111
1011111111
0
01
1011011
111011
10111
11
1
1101
11111110
10
1001
111
111111
11101111111
11
1
1111
11111
11
0111
111111
1111
00
1111111
11111
1
111
1
00000000
111111111
1
101011
111
11110110010101
1110111
11101110000
1111110001
111101011
11
1
111011
11
1
111
011
1100
11110111
101111
0101
0111
111
1111
011100
01
10000
00001
11110111
11
11
11
1
11
1
10
1111101
111
1111
0111
1110111
1
11
11
11
0
1111
11
11101
0001
1
111
010
111
00110
011111
01011
111101111
110101010
1
111111
1
01
11
111
11
01
11101111011
111001001011
1111
1
11111
11101111
1101
001111
1011
01111110
100
10
1
0
1
1
1
11101
111
11010101011
0
11
110
11
10110
011
101
1111110
01111
11
1011
01111
111
1111100
011
10010
01010
1
11
1
000
01
101
111011
0
1111
11
1011
11011001
111
10001
101111
0
11
111
1111111111
00
11111
0111
111111100
1
110010
1
1
111001010
111
1111
111
1
01
00
11000101
11111010
11
11
01
101
1
1
11
11
11
10111
11
11011
11110101
110111
11
1111
00
1
101101111
1111
11
0111
111
111111
11111
1111
1
11
011
1
11111
100
11110
1
111
11
101
1110011000101
111001001111
100
011
11
111
11
1111111
10
1111111
1111111
0
1
1
1
1
1
1
1
1
11111
1111
111
110111111
00
011
0
1111111
11
1110
11
1111011111101
11
10010
1110111110
110111
1111
111110010
11001110100011000
11
1110111
1111
11
011
1011
1
111
010111111110000111
110
11
011111
111
1101111
11110000
01
11
011
1100011
1111
11101010011
1
0
11
11
11111
1
1
0
1
1
01
101
111
1111
1110
1
1
1
1
11011
01
011111110111
1
111101110
0010
1
11
011
01
1111
1
1
110
0
11010
1111111
11
11
10001
01
11
11
011
1111111
0
001
1
11
0
00
0
1
1111
01
1
1
0
01
10
1
1
1
1111
1
111
1
1
011
1
1
1
0
0
111
1111
1
1
11
1
11
1
1
11
11
1
1
11
1
011
111
111
1
11
1101
1
11
11
1
10
1
11
0
11
011
1
11
111
1
111
1
11
1
1
11
111
1111
1
1
1
1
1111
11
1
11
1
1
11
1
0
1
1
11
111
1
1
1111
011
1
11
10
1
100
0
1
1
00
011
1
11
11
1
11
1
1
11
11
1
0
11
1
1
1
1
1
1
1
11
10
111
11
1111
1
1
011
1
1
1
111
11
1
1
1111
1111
111
11
1100
1
1
1
1111
111111111111111011
110110
11
1
0010
1
1
1
111
1
1
1
11
111
111
000000001
1
1
11
1
11
1
1
1
1
11
1
111
111
101
111
1100111
0
1
011
000
1
1100
1110111
11
11
0
11
111
11
1011
01
11
111
0101
1111
1
11
1
11
11
1
1110
111
1
11
11
11
11
1
111
1
10
1
1
010101111
11101110100
011011111111
11
10
11
1111
101
0011011111
1
111
11111
11
111
111
11
1110
0111
011
11101
1111111
01
1
1
001
0011
11100
1110
0
011
0
11
1
01
111
100
101
0101001
1
1
11101
011
11
111
1
11
1
1
11110011
1100011100000001
1
1111
100110111
11101
11
11111
1
11010001
0111
11111
00111
1
1010001
101110111
10111101
0000000000000000
111111
0
111
1101011
110111111001111
11
00
111
1
1100
1
111110011101101
11011
101111
111000
1111111
1101111111110100000
11111111011
111011110
11111101110
111111
11111
111
1101
1
1
011
1
0011
0011
11
11
1
1
1
1
1111
1011
00
01
1001
11
11
1111
01011
111
001
111
011
0111
10
110
10
11
11111
11
1111
1111
11111
0111
01
10111
11
11011
01111
0111
1111
101
1
1111
01111
1111
00101
1110
111
1
111
11
1111
101
11001
1111
111
111
0
10100
101
11
11
1111
0011
110
111
0111
011
001
1111
101
1111
111
01
1011
1111
011
111
111
11
1
001
1111
01
111
01
1110
111
1100
111
11
0
111
01
01
11
110
0111
011
1111
11
0111
1
1111
111
10
01
11
1111
10
011
01
0011
00
111
111
11011
111
00011
01
11000
011
11101
000
11
01001
111
0001
0111
1000
11
111
1111
111
11110
011
01111
10
010
1111
111
01
1
1110
0001
001
11011
1001
000
10
11
01
111
1111
111
11111
11
10
01
11
111
00101
111
01110
0111
111
01
111110
11111
111
1110
01
11
01
1
011
111
0010111
110
01
111
000011
101
111
111
11111
1101111
11
10
111111
111
11
0111
10
0111
00
01111
10
11100
10
011
01011
11
111
0
1011
11
1
10
001
1010110101
0
11
11010
01
1001001
1111
111
00
111
1
1
1
1
1111111111
11
1
1
1
1
1
1
1
111
001
000
0
111
100111
001
010111
10
1
1111
1
1
1
1
1
0
1
1
1
1
1
1
1
1
1
1
1
11
11
1
1
0
0
111
11
1101111
11
1
11
11111
111111
111
011
00
1
1
1
1
1
1
100
0010101011110
1
1
1
1
1
1
1
0
1
1
0
1
1
1
1
10
11
111
1011
100
11
011
11
1000
111
111
11
10
000
10
1111
0110
01
11
1110
1111001
1
11
11
111
000101101
1100
0
111
1111
11111
1
111
110
110
1
1111
0
0
110
000
1000
01
1010
011
01
10
01
01
1110
111
0111011
101
01111
11111
01000
111
1011
101111
11
11101
111
111
101101001001
1
11
111
1101
0111
11
101
1110
000
01
10
11
110
111
000
11
11
1000
011
10
0111
010
110
01
10
1111
111000
111
01111
100
10
011
01
1111
11
111
01
000
01
111
000
110
00
11
00
111
00
0000
111
11
011
10010
101
111
1110000
00100
11
11
110011
111
11
110
0111
11100
111
11011
1100
111
11
0000111
11110
1
011
11
110111
11011
11
110011
0111
111
011
1
111
111
111
1
111
111
011
111
000
11
10
11
1111
101
110
110
01
10
0
00
11
010
100
0
11001100
00
0111
1010
01
000
1
1
010
1111
0000
010
010
11
11
11
00
11
100
1
001
00
00
001
0111
0000
01111
111100
11101110000
1011
0
111
11
011010
110
11
10111011
11
111
111
1
1
110011
11011111
01011
0
00
1
00000
000
1
00
0
0
0
01
101111
111
111
11
11
00101001
000
1
111
1
1
0
1
1
1
0
1
1
1
1
101
1
1
1
1
1
1
1001011
1
1101001
1
11
11
0
1
11
1
11
01
111
010
111
111
1
1
1111111
1
1
111
1111
11
1
0
1111111
1
1
111
101
111
111
1110011
1111
1
1
1
0
1
1
1
1
1
00
01
11
1
00
111
1111
111
111
11
01
101
111
0111
0111
111
111
0011
011
001
1111
1111
11
1
011
11011111100
11111
111
00111
111
111011
1
1111
111111
111
1
1
110
1
011
111110
100
1
1
1
0
1
01111
11110
0
111
1
1
1
1
1
1
0
0
1
1
1
1
1
0
0
0001
1
0
0011
1
111010111
011101001101
1
11001
11
1011
111
1
110111
11
11011
111
0111
0001011
10
101101
1111101
1111
01
111
1111
011
1
1
11111
1
1111
11
1
11111
0
111
1
11
111
1
11
0111
01
1101100
11
1010
01
111
110
011
1
111
101
000111
111
11
1
111
110
11
11100111011
11
1101
00011
1110
11
1
111
111
11
011
000111
1111
11
101
1
11
111
1
11
11
0
1110
0111
01
111
11
111
111110
11
11111
1101000001
11001100
111
00011
011101
11
1
0111
111
1
11
1
11
01
1
1
0
1
01
11
00
11
1
11
11
11
1
11
0
01
11
11
11
1
11
11
1
11
01
1
11
1
01
1
1
1
01
11
11
11
11
01
1
01
1
1
11
0
1
1
01
1
11
1
11
111
11
0
1
101111
11111
111
01
1
1
1
1
1
1
1
1
1
1
1
1
0
1
1110
1
1
1
1
1
1
1
1
1
1
1
0
1
1
1
1
1
1
10111
1
111
011
11
1101
111
111
1111100
00111
11
11
0111
111
111
1
11
11
010111
111
11
0
0111
1101
1010111
110
11
11
11
00
011
11
011
1010
11
1011
110
00111
11
1111
11
11
11
0
1
1010111
0
1
0
111
11
0
11110
1
11110111010111
1
1
11
11
11
0
11
1
1001000
0
11
11011
11
01
11
1
11
1
1
11
00
10
11111
1111
110
110111
0
0
0
1
11
10101100
0
11
00
11101
1
011
1111
11
11
1111
01110
101111
00101
1111
1111111
1
1101
1
1
1
11101
1
111111111
10
1
1
1
1
1
1
1
1
1
1
1
1
0
1
0
01
100010011110011011010011011111
11001111101001
100
11111000011
10000000
1111011101101
11110010111000
01011110000101110000000
1
10111011
1001110111
11110110
11
0100000001100
11110
101010110101101100
10111101
011111001
011101110001001011
00
00100110
10
101
1
011
111
001
000
1
111
1
11
11
101
111
1
111
1
111
1
111
100
1
00
11
11101
0
00000011111100001100000001
111101100011001
11111001011
11011110000110010111000001110110
10111
11100101010111111
111
1
01111101
11
01000000001
11011111
0
0110101
1
0
0001
0
100010110
01111
111111011111
11111
011100100011111
1
1101111111
011101
11110110100111101
01110111010
100011100110110110
111101
01101111
111011101110100110
10111
1111100101
11111110110
0111
1001110011011
0
111101101
110001
11101
1111001101
101111
11011011
1111111
10111001100111101001100101001
0101100111010011100100
00100010011101000101000101010
01100111111110011110010001011
11110101110
111111010001
11101
1111
1111
11111
01110111000
110110101100
1111110110
11111
1
1111
1
111
111111
111110
1110101
0001011010111111100010111101000
111111
1
0
1010110011101001111010100010111000110010001001100
1110010
110110101010100110
11
11
11
011
11
11
11
000
11
11100
11
0011
111110
1010100000
11
11
10101010
01101
01
0
1
1
11
01
00
11
11
11
1
1
01
1
0
10
11
11
11
0
1
11
0
0
0
0
00
0
0
0
0
0
0
0
0
0
0
111001
11
111
111100000111
101011
1000
11
11
11
11
1
1111001
1
00111
0010000
0
101100001111
110
111
11
1111111
11
1111111111111111
11101111111111
01
110
111111
11
0110
1
1110
000111
01
11
11
01
1110001
0100111
111
1101010
001101111
011
110100
11
111
11110
1
011
1
01110
0
11111
11110
00
1101
11
11
111
01
11
0
111100
11011
1101111
0
11
111101010011
11011
11111011
11011
0110001111101
1111110
111111101
0101101010111110011
11111
11
11
11
111
1
11
11
11
1
1
11
111
11
111
11
1110
11
111
11
11
11
11
11
1
111
101
00000101000100100
0
0
00110011
011111111000
0110
111
1110
10001
11111
11111100000
1101010011
0111110101101111
101
11111
1000
111011110111100011111
0111
111111111
1
01
10
1
111
01
100111
000
11
011
11
1
1
11
11
11111
1
11
1
11
11
10
11
11
101011
111
01000010110101
1
111
001
111
11111011
0111
11
1111
001
01
011011110
111
1
1
111
1
11
11111
1111101111010
1
0
11101
1
1
0101111
101
1010
11111
0
01
111010
11
111
11
1
111
11
11
0
1
110110111111
1111
1
11
1
1
1
11
111
1
11
111111
1
11111
1
0111
111
11
110
1111
11
111111
101
1
1
01111
11
11
11
01
11
11
11
1
0
1111011
11
111
11
1111
1
01
010
111
001000
001011101
111
1101
11111
11
0
11
111
111
111
11
1
111
11100100
111010111
11
0
0010000000000000000
11011
11
011111110011
11
11
11
1011
0110
10
11
1
1111100
1
01
11
111
111
0
101010101110110011000111
10101
11
101111
001
111
1
101101
0
11
011
01
111
1011
11
011
1
1
1
1
1
011
00
0
11
1
1
1
1
001
1
11
0101
1100
1010000
1
11
00
111
1
111110
111
1
11
111
101
10
01
011
1111010001
11
1
1
11
0000010
1
11111
111000
111
111
1111
1111
111011
001
101
1111
100011010000
111
111
0
10
11
11
1
010010111
00
111111
0111
01
1111
11111
00
0111
110100111
1110011
101001
00111
11111101
10110111
0011
00
11111
1111011110
11010001000000001
11100010011110
11111
1110
10011001
11111
01011110101111
11101101
1101110
1
0
00110
111
011101101011
1100
00110
1
01
111
000
11
00
1
1011
01
01110101
11000110010100001
11100
00111
1101001
001110001011111110001111011
11
111100
100
11111010
11011100
111
1
01
00
1
0
11110
0
11
1111
111
11
0011
11
1111111
111111
111111
1101111
1111110
11111111
11111
11111011
11111111
1111111
110
011111
11111
111111
11111111
11111111
101111
111111111
11111111
1111001
1111111
1111111
111111111
000
111101
11101111
11011111001
1111111
111111
111111101
110101
11111111
111111111
111111
11111111
111111111
111111111
01111
1111111
00
1101101
11111
11110111
1111111
10011
111
011
1111011
1111111
1
0111
1
11111110
111
11001
110110010001001
10111
01
0100
00110000000
010010000010000
0001
1010001110
000000
000111
000
110
001000000111
00000000
1
00
0100
1
11
000000100000000001
1101
00010
1
0
011
1101001
11
1111
11
111
111
101
11
1
1
11101
111
111
110
11
101
10110000
010
10101
111
1
0
110101
01
1110110101
1111100
11
00000000
11101
011111
11
1
0
0100
1
11100
1
1
0111
11
11
11
1010000
110
10
11101
11000
11111111
111011
11
110001
0111
1
10
1
001111
11
11
11
1101110110
11
11100
1
11
11
11
1
10
111
0
11
11
11011111101011100
0
1
1
1
11
011
111
11011111
111
011
11
111
111
111
11
11
111
111
111
11
1101
111
11
11
11
111100
011
1111
11
11
111
110111011010
1
111
1
11
01
0111
11
0111
00111
111
11
1
11101
11
111
11
1
111
111
11
111
111
1
111
1
11
0111
1
11
111
11
01
11
11
11
11
11
10101
1
0
01
111
111
0
111
11
11
1
111
11
111
111
011
111
111
11
11
110001011
1
011
11
1
1
