10010010010
1110001101
111001
10
00
110111
1101111011111
11111100110111
1100
010111110111
01101110001
1111110111
01110001
11
1111101011110111
1
111110111111
010000
0100
01111
11111111
11110001
111110111111110111000001110
0010101
111111000010000
01101
1101111111111101111000110110
1111111
1111
1111110010001010001
0011111011
1001111111
1101
1111111
1110
001001011
00010100011000101111000
0010010011110101011110010110
10111111100001100110
111100111
1110100111011
011110111
1101101011111
1
1111
0110
001111101111
11111011
111111110001
1100111110111101100
011
11111
11111
1001
000110
11111001011000000011100111
11111010011
1110101110011010001101100100011000
11101010111
1111110101
100
00
1100010111001
01111101111010
01111111001101
1010001100
1111001
11111111000110011
01011100
1111
1100
0110
1111100111111
0111101101000001110
111111011001
011
110011001
1111111110111001
110110
0111010
111
00
11
1
0
11
01
10111011
11101
11111
1110101
111
1111
011
0
0111011
110011100010111111000000001111011
1111001101
0011111111110000010001100111
00000
110100111110100111110111
0111010111111110
10111
0101
0111111111100
101010011100011000
001111111111
11
1111111111
11110000000000
11101
111110110111011
111010
11110101101011111000
11001011111010111011110
11
1111111
0111
1111111
111
1111111
11111
0110011011001100011001
011100001111
0111011111
110
10111
0
0
1
0111
0011
1
0011101110
1111111
1
0
110100100
0
101011101110011
110
00
11
11101111011111001011011
0101100
1
11111
1
11
0
1101100110100
111010111110
1100111110100011
00
1110011011
1011
00
11101011
1
00
11110011
01111111
00
1
1111101011
1
11111010
1
00
11110100111
0010001111
1101111
111101000001100
00101
0101
111111
111
1101101101
0001000
0
10100111001011111010110001001000111110
11
0001110
11011111
1
111
111
011011101110001011
01010110
01
0111
01
01
111110111
1110
11111111011
111110010011110
1111101
11
1
10
1110110001
10111
111111110
1
0
1
00
00
00
1
1111
10000000001100000110110
111011101
01
01100
0101101
1011
0
111
11111100101000
00
10
0
1111111
10011
110111
10
0
00
01
00
0
0
00000111
11
1111111
111110
11
111
01
0
00
0
0
0
10
00
01
0
0
1
0
0111111011001
011011111111010010111001
0110000110
10
11
0
0
111110111011
11
11111
1
111111
10001
11111
0111101101011011
1
011110010010010100100101001100
1111111010110111
0111111010110100010
0
11
11
01000
011
111010110111010
1011
111
111000001011011
000000
1010111110
111110111
000
1111101101
11010
11
00
0
01101010
11
10011
11000
0
100
10011
00011111
101
111
011
0
101
1011
0111011
0111
1111
11
01111
111111
1110001
0111100
111
1
100
111
101011
1111
111
111
11
1
1
111
111
110
111
111
11
101
1111
11101
00111
01101101
10100
11111
1111
1111
1111
10011
111
01111110111100
1
01
011
01011
011
100100100101101
1
111111
101111
11111001
011111010011010111
11110111111
0110000111010110100
10011011
111
1111001
1111111111
01011
0110111
11
1110101
11111111101
00010010001
00
1111111011110100100
100000
10110111
0
11110101
111101101
1101
11111
111111
11
01
01011
0
0101111
01111110011000
111000
1111
011110000001
111
0
0
0
11
1
0111
10011
10
001001
1
111111
1
10011010
1
111
111
111
1111
10011
11
11
1111
1
1011
11
1
1110
111
1
11100
110011001
1
1011011
101
00111
11
111
111111
11101101000100
011111
101
01
111110111
111111111011
00111011100111011101110011000110011
1111
11001
1111110010
1
0110010100011101
11
1111101
01101110
1
101011
011
111
1101100111111000
00101011111110101100
0111
00011
1
1
111111
11011
1101111000111110011
11111011101
1
1
11111
111100110111111001
0111
11010
1111011110110111011110
111111111
11111001
1011111
111
010110001
11
1111111100010101001101
1101101
1011111
11111101001101
101
1111011111110011101100000111
111111011111
11110
1000101111
1011101100101101011011011
111
101000111100
1110101
1
111010111110
101
1101111110
111001101110000
11111111111001111100111001111
0111101010111
011
10110111111111111111111
110001
0111
011111011111
101111
111111011110111111111
1
111
11
111010
11101111111110101000011111100
11
111111111
10110
111111
001
111011
00100
1111
111101110001110
1111111
11110011
00000000000
0
101001
10011
10
110110110011001110011
001
100
1000001110101
1000000
1
0
0111110
0101
1111100
111111011110101
01111011000
1010111011001
000
0011
10111011
1111
011111110
10110011101
11000111111
11100111100101011111
10100011000010
0010011000001
1
111
111
111
0111
11111111
11110111111101110
00001
1
1100000
1111
001
1
101000
0
1110111
00111
111
0
111101011100111110
00
0
11
0
000
0011
000000010
111101
111000001111
11111010111111111111111110111111111
1
1111011
111
00
100101010
0
11110111000
111101
1
0
011001
10100
1
0100001000000
11
11
111101110
111000111111
011
1111
1
1000000
1
001
1100111
0
1
010
0
101
1
111
100111
11
1111011011
111
110011
1111111111
001001
10
011
111
1111111
11111111
111
11111
111100
111111111
1111111111
111
0111
011
1101
11
111111011111000
1
01
101
1011
111
111
11
11111
1111111
111111111000000000
111
1
110
111010
11110
111
111
111100
11
111111111
111
111
0111
1
1101
1010001000
11
111
111
110
0101
010
11
0101
01100
010
1
1
11
01111111001
10
11
111011
00
0011100
101
11
11111
0001
1
111
1111101
0
01
1
001100
111
11
11
10
11
0
1
0111
00
1
00000
0
000100
01
0
0
0110
1
11
010
1111110110101
010100000
0100
111
1
1
0111
1
011
0000
1100110
111101
10
01
1
1111
111011010
11
110
001111111010
1
01011101
111
11101011111
11
1111100010001110
1
000
1101
111
110100
0111
111
1
111
01011
1101
0111
1011101
1101
111
11
11111
011111
11
11
001001
111100111
1110100001
010110
11111
11011
11
111111001
00111111
11111
011
1110
0111
111
0110111
111101
011111
111011
11
101111110100
111
11111
10011110000
0111111
1111111
0110111
11
11
101110011
0
1111111
1011011
111
11111110
11001111
11111
10
11111111000001110110
1111001011100
011111
11110111110
111110
11000010110111011
11111001111
0010111
110111
111111
0100011
01111
11
0001
1111010001101
1111111
1111111
111101111
111100110011000
11011111
0111110011
11101
111111101
11111111
0011001111
1110100111101110
1111111101
11100111110
11111
10111111
11101111
11011111
0111100010
1110111
101110111110011
0010100101011101100
111011110
011100
111101111
111110
111101111
1111101101110
11111110
1110110111
11
10111
11
11
0
111111
10010110011100
1111101110
00000001
0
00
00
000
11100
11
111
111
11111
0111
111
11
11
111
11
10011000001
0111
1
111
111
11
111
1
1100011
10110
111011110
1111
00111111110010
100111111
1111111
011000011
11110
11101
011001
100111011
1110011
10101
11
110100001111
11000110101
111111
11100
0000
10
1
0
0111111101101
11111100110001
101000
01111
111
01
00
111111111
1111001011101
0111110110101111
11010000000111100111100101101000000000100001101101010000100100
011100111100
011101001001000000010
0111111010000111
011110111010111101
0100010100001001101000
111
011111101
110011111111101001001111000001
111
111011111111011010001
10100011110111101100
11111010111111101000
00110001000001100100101011101000000
0111101111111101010001001001
01001101011010111100101101100001101110
1000100011
011000001111111
10011111110011111100011000110110001
11111
001100110
101101101
111111110010011000101001101111
101110110011101111
11110111111111110000
111101011101011011001
0100101011110000111110011111000110100111
1111010111100000110001111
100101
111111
111110
1100111101111101101
1101110
101101011111001
11110
011111
11111101
00111001011
001111101
1110111
111
111011
11011
1110
110101101
0
111
111
011
01
111
1110
11
11
0111
11
11001
1
0111
110001000
01
111
10010110
11111
11
11
1
101
111
11
11
11
11
1111
010011
111
11
11
111
11
111
111
1111
111
11001
0001111000
10
1
10
0
10000000
000001000000000
00
0000000100
11
00111100000
000000
1100000
00
11101
1
1111
111
1101
011
111
110
1011
011
011
1110
11
11
110
1101
011
01
111
1101
111111
011
01110100010
111110
011101111
1111010
000
1001010001100011110000011001000000110
11111101010100000011000
100001001111100101100
111001
1011111011011
11
111
0
011
11101111
11111111000110
0110111110011000100011100001101
1111111
01111001111
110111
111111100
11111110111010
011101000101111001111111
01111011101110
000000000011010100110
010010111101
111111111
0011
0
111
111111111
10
11
1001110110111
000000
111000011011111010000101100100
1111
011110011011110001111001
0111111111111001100111001
0000
11011110000111
1101000110111111000
11111111011100
111111111011011111000
01111101
11111111111110010
00000010
11111111
1111111011111
111001111110001
1111111111
10001001001010
11111101
1011110011111111011011001101
11111111101000111
101100010111111001110000000010001100
1111100100
0000011
111111
001
1111001111111001110111
1100110111111110111100111111101
11111001110
1110111111011101011101111111111
111111111111101110101110111111
1110110
1011111101111111100110011110111
01101111111111011000110
1011110111100001111100001111110
010111101111101101
1111111
11110011001010001111
111111110111000111111111
00010111101
111
1
11010101110
1111111111111
010100111111100100111100111000111111
1001111011111110111
011111111100
1111000100010011110
111
10111111
11100001111000101001
01
1011101110110101110
101111
1101111
110111101111010000
11
1111111
111001111100011
10101
11
0111001
101
1111111111011
101000
01011111100000001110
1
111010111
1111111100110001
111111110001100000111
11111010000111
1
001000
110111111000110111001110000101011101
10011
11101000
1111
11110111
11111111
001001010
111110011000
1111111
1111001100
11111110011101
1100111001011110
0110111111
0111111110111
1111111
111110111101
00111000
1101
01111
0111
1010011011
01111011011101001
1
111
0111
111
01
1011
1111100110000111
110001
11
11101111111
111
11
11011
111
111100
0111
11
1110
110111
1100010100
011
011
111111111
1111101
1101110001100001111
0001011
111111
110111
1010111111
1000111110110111101
11
111
001111001011
11111111
11000111111111
1101111
0100101001
111
00011
0101101
11111011100
10111
10101011001101
11110101011
11
0011
11110
11
111
11
11
11110111
11011101
11
11
11
010
111
111
11
11
111
11111
111111001010101001
111110011
01
101111101111
011101000101110
01011010010011
100001000110
01110111101
1111111100
11111001111100011
1111111111101
011111101011110
1110111
111
1111
000
010
111110
11
011
010111000
111111
1110
01111011
11111
0101
1
011
1
0010011
100
0010
01
10
111
1
11111
1111111111111
11
11
001101
101101100111011111011
1101000110111001
0001110
111101011
1000011000
0011111
1
011011011111001101
11111111
010101110101
1111100011
111101
11011
0
110110101101011
111
111
0011
11001
1
11
0101
01000110
11100
0101
1
01101001111100
11011100101110001
1111
011
0011
011
01110
110111
11
1101101
11
111
111
1
111011111111000
011000000000100000000000
1111101111
11111110
111011000000
111111
1111111
11111
1111111111
11111100010
111
11
1111001010
0111
111010
10
0101101111
11
00
01111
1110
01101
11110
001
001
100001
1111
10011
0100010
0110
011
111111
11110
0111
11111
11011
11110
110
10011
11
11110
11
01101
1111
11110
11
11011
111
00
0
0010110001111
0111
00
00
0
0
0
01
11
100
00
01
1111111001101
0
0
1
0
0
010111
01
1111111
10111
11010010111111
11
11100
11111
000
11111
01101000000000000
11100010010
111110111010
110101110101110010100
0
01111111
111
00011101
10000100100001
1110
0000111
1100
10110
1101
011100
0001010
1000
00001010011
0
111
0
000010110
1000000000000
10111
110001
0
111
01100
11
1110100
0
000111
011010
111
011
0
1
11
11
00
100
110
11
10
1000
11
0111
111
10
10
1011001000
11111100110011
010
110011
0
0001100
0
01011
1
010
01101110
11011
0
0000000001
0000
001
111
1
11
0
11
1
00011
11110
01
11
11
11
1111111
11
011111
011111101111101
1110010010
10111
11111101
00111
0100111
001001
000010
10011
001
0
111
11011
101111111
100
011111
1111100
010111
01101001000101
110111001
01111
1111
101
11
111110
111
1110
111
00111
11
0011
011
011001
100
11101100
10010111
00000010
11
0101000
11011
011
010
10001001
01110
10
11
11111
11110
0111
11100110
1
00
11
1
11010011
11
000010011
10101
01
11
11
11011
11
0
11
00
00111
111
00000
0000
1
0011
001
01
1000
0
0
1110011111
1101010110001011010010101100
00000011100101
1111
0
00000
11001
1101
00000
1101
1011
110111011001
110110110011
1111111111101010
111101110111000
111111011
011000101000001
111000111110101
10001000001
1101100111
0
00001001
000
111111000
0111110100110
001
10110011110101011
10
0
00
011
0111010101101111010
1
00
1100111011
000100
0000
1111111111
11010110111
10
00011111111
0010
00111111
0111011101000010100101
00
1100100101111
110111101101
1001111111110011111111
0
0
0010
00
0
10000110011
1110110111
10
00
0
1
01
0
000
11111111101
00
00
0
00
1
000
000
0000
00
1111111000
000
11
01
111011
01
00
1110100110110000
111110011001
11011001
0
11
000
00
10
0
11
001
00
00
00
000
11100
00
0
000
11
00
000
010
0
00
111110
101
0001
101
100
00000
110001010111
110001
0101100
111110110
00
1110001
00101111110011
1111001
10101001100101
0011111110110
1100011011
100000001
100
0
0111111
000
00
000
0110000000110010100
000
000
000
000111100111
1
00
00
11
00
1011101111001111
001010111010000101000001100010
00
00
00
000
01
00
00
0
0011011100
00
000
1000
010
00
1110011101111000
1110001
110
0100
001111
01
10
100
0011
111
1101
1101
1
000
000110100000000
00111000000000
00001110001100000
01
10000
000
000000001001000100000000
1001110
000
10
00
0
1000110111001010001000000
0
01111001010011000001
1111111101
11110001
0011111111111110
1001100110
0001111111000001101
111011111100011010
01111
11101111001101111
1111001100011
101111
111111
1111111111010001
000
111111000000
11111001011000
111001101
01101
111111010100110
01110000
0010000100
10
000
11011100101
0110101000
11111
011100011101
000
0
00
0000011100000010110111
111101011
0
1111011111
11
00
000
1
100
10
0
00
100111
0
11
1111100
10111011
10000
1011111111110011000
101
111
0001
1
0
01
0
11
001
11010010
1111100111
00
000
0110101001
000
01
11100001
100110100110010
0
1010111011010010111
10111100111000000
100110110111001100011100
0
0
111
01
11
0
11111101001
10
110001
000
111111
00
0
01111
11111101000110
111011011
00111001
00
00101
11
10
00
01
111111111
100001
001
00
11111
10111100101101
00
001
11111
00000000
10110
010
101110
101101
00
100110000
100001110100110
01
1111
11111
101
00111
1111100
11111
1
00110
1111101111
00
1
011
10111
10011
101111
010000
00
11110101010100000001
000
000
100011100
0
000
1110101111010001000
1111111
011
00010001
101111000011
11111
11111111
0
000
1110
11
1100
101111
00
010
01
0
111
10111
111
001
110
00000
10
0010010000100000100001100000000
000
11
01
0111010000111000000
01100
11
11111
1011000111011
0000110
11010100100100000001000010010110
01
11111
0111
01
1
1
11011
1111
1010111011111101
000
10
111111011011101
0
000111
1110
1111
000
1100110000100
00010
11
0101
10110
000111111
