1111
111111111111111
111
011
1
11
11
11
111010111
1011101
10111
11111
101000010
10110010100
110010010100
001101010001
110000000000
1111101
1011011000
10000001
111110101
11111110100111
1100111010
1001001101
111
111011000
1110011101
1110101010
111111001010
11
01111
11
111
11
111
1111
1111
101
1111
111111
111111111111111
1111111111111111111
1111111111011111111
11
01111
111111111111111
0111101001111001
11111111111111111
111111111111111111
11
011111101101000010
11110100100
111111
10000
1
1
10111
11
111
11
01111
1111101
1
00011000
111
1
011100111
11
111
1100
011
11
111
0
111
111
11
111
1111
111
111
111
111111111
101
011
11
00110000
11100111
00
11
011111100
111
111
011
1
11
1
111
001111000101101
0111010
1111
1111111111
111
111
11
011
1111
11
111101111111110100
1111111111111111111
11110001
101111111111
1111111111
011
11111111111111111
1111111110110000000
11111
1100011
000100000000011010
101001100010010011
1111111111111111
11111111111111111
1001110
00000000000000000000
1111
111111111111111111
111
1111111111111111
11111
111111
1111111111111111111
000010
00100010111101
111111111111111111111
1
1
1111
11
111
111
1111
111
110011001
1111
1100
11
111
011111011100
111111
11
1111
111111111111011111111
1111111111111111111111
111111111111111111111
1111
0111
11
11
1
111
111
11
111
0001000
111
10111
11110
0111
01111
111
11
1111
11
111
1111
111
0110
11111111111111111111
11001011110
111
11
11111
111
1111
11
01
11111
11
11
1111
1
1111111
1111110111001
1111111111111
1
11
11
011
111
10111
1
111
111
11
111
11
1111
111
111
111
111
11110101
111
111
11
1
11111111101111
111111111111111
11111111111111111111
111111111111111
11111111111111
1111111111111111
11111111111111111
11111111111111
1111111111111111
1111111111
11111111111111111
0101110
11111
1
111
111010001101000
111
0
111
1110
11
1
01
111
1011
11
011
00100111
1
111
1111
101111
11001
1111
111
1111111101
1111111111111
1111111111
111111111
1110101111
111101111
1111001111111
111111111111
01111111
1111111111
11
111111111
111000101111111111
111111111111111
1111111111111111
111111111111
111111111
011
01010000101100110
11111111
11111011101
11111111111
1111111111
110001
101101110111
1111111111
01101101
1001000111111001
00100010
11111111111
1111111111
110111111011
1111011111111001
10011001
11111111111
11111111111
111111111111
111
111111111111111
11111111111
10011010
1111111111
10001111100111010
1010111
111
11110
111
11111111111
111111010111
11111111111
1111110110011
111110111
111111111111
111111111
111111111
000111111100
111011111101
111111111111
101011101011
111111111111
10101010001111111111
1111111111111
111
11111111111111111
11111011101111
1110111011
11111111111
11110110111
111111111011
1111111111
011111001
1111111111
111011111
011010101
1111
110011100001
111111111
00110100010
01011001111111
111111111
11011111111111010
11110111111
111111111111
11010111111
1110111101101
11111111
11111011
111
1111011111
1111111110111
11111111011
00111001
1
1
1
11
00111111
010010011
111
001001
1
0
0
0
1
1
0
0
1
0
1
1
1
1
1
1
0
0
0
1
0
1
0
11
0
11
0
111
10111
1
0
1111
1111
000000000000000000
11
1
1
1
1
1
1
11
1
0
101000101
1
111111
1111
1000100
001111111111011011
11101110101
0111
111
111
111
1
111
00000
11
111
11
1101100100
11101
11
11
11011000
10011
11
1
1
1010111
111
111
1
0111
111
1110
11
00110000
1
01110111
111
1101111
11
1
100001
1
11
111
1
1101
01101
11
1111111111111111111111111
111
111
11
111
1
1101
111
11
11
1
0101
1
1
1101011
1110011101111
001111111
11101
1
011
1
1
111
1
11
1
11
111
11
1111
11
11
11
1
111
111
11
1101111
11111
11111
1
111
1
11
111
11
0111
111
111
111
11111
111
11011
11
011
11111
1111
111
111
11
11
11
11111
1011
00111
011
111
11
1111
0111
11
11
11
1011
1
1000100101001
101101
1111111111111111111
11111111101
1
1
0
0
00110111
11101011
1111
11111111
011101010110101
1011111
1111
0111101110010
00111101101001001
10110110101100011
1111
1111001
111
1110
1
0110100000000000111
1111
11110
11111
1111
111110
111011
1111
111101
11
1011
110011
111
0
1
0
10111
1
11
1101
111111101111111111
110011101000010110
11
1
1
01
0
0
01111101000100000111
111
01
111
11111111111
1
0
0
0
1
1
0
1
0
1
1
0
0
1
1
1
0
0
1
1
1
1
1
0
0
1
0
1
1
0
1
1
1
11
1
0
1011
1
1
1
1
0
0
11
0
0
1
11
1
1
0
1
11
010
0
0
1
1
11
111
0
0
0
010001
0
1
0
1
1
10001
1
011
1
11111111
11001110
1111111111111111
01101110001111
111111111111111111
111111111111
1111111
1111111111
10101010010010
0010001101
110110
111010111
11111
1111
100010101011
1110100111
1111111111111111
1111111111111111111
1111111111111111111
11011111111111111
11111
11111111111011101111
0111111111111111111
1
11111111111111
1010110
111110111111111
11111111
11111
11111111111111111111
111
11111110111111
011111101111111111
1111
111
1111111111111111111
11111111
1111111111111111111
111
1
0
11000000110001000
11
1111111111101
111111101
0
1
1
1
0
0
1111101101
1011111111111111111
10101011101
11110111111111
11110111111110011
101
111
111111111111111
1111100101
0000100110110010
1111111110101001
1
11
0110110010
0110111
110000101001
0000
01001110101011011010001
11110101110
11101001
0000111
000101001001111101101110
0110011100001
1111101
111000111011010001111
11110
111100101000011110001010110
1100011
1110001
1111110
0000110001
111110111
11110100
11111
1100111111
11111
100111101010000000011011111
1111
11111011
111000101101000010011011111
011111
0
1
1
11
11
1
0011
0
11111111111111
1101
11
11111
1111111111111111111
101
11
1
0
1
0
0
1
0
1
0
0
0
1
0
0
1
1
11111111111111
1
111111111111111111
110010100100
111111111111111
00000000001
11111111111111111111
1111
11
11111111
11110
11111111111111111111
101111
1111111111111
01110100011011011011
0111111111111111111
011001101110111010110
0111011111111111011
1011100101111111111
0010111001110111111111
111111111111111111
01111111010111111111
0011100000010111111111111
10011110001111111111
110000010001101111
11110111101110111111111
11101110100111111111
10101111111111111
111111111
111111110101
1111111
11111111
01110111
1111111
1111111111
1111111111110
1111111110
11111111111111
1111111101
11111111101
1111111111
111111111111
11111111011
11111110111
11111111111
1111111111
111111111111
111111111111
11111101111
11111110111
111111111
111
1111111111111
11111111
1111111
111111111111
11111111
111111111
111111111111
1111111111111
111111111
1111111111
111111111
1111111
11111111111
111111111111
11111111
1111111111
1111111
111111111111
111111111
111111
111111
111111111
111111011
111111111
0
1
1
11
11111
1
1
1
1
1
11
1
1
1
11010
11
1111111
111
111
11
11
11
11
10011
1
1110
1110
1
1111111111111111
111111101111111111
11
1101100110100
11111
11
1
0
1
1
0
1
1
0
0
1
1
1
1
0
1
1
111
0
0
1
1
1
1
1
1
0
1
1
0
1
1
1
1
1
1
1
11100101110101
00011100
111
101
01
11
1100100
111111
1111111
010100
1010010
11111111111
1111111111111111
11111
11
1111111
1
1
1
11
11
111110
111
11
110010
11
11
1001111000111
11111
1
11111111
1111111
111111111
1111111
1
1
1
1
1
1
1
1
1
111
1
1
0
0
1
1
11
11
11
1111111111111111111
0011111
11001111111111111
11111111111111
00110
1011100
11111
11111101
10
11111
111
1101011
0110
001100
0101
011000
1
1111111
11111111110110
1001001110
111111
111111101101111
111
1111
0111111101
111111
1111
1111111011
11111010
11111111
111111
11111111111
111111
10
110
01
000
1111
111
1111
011111
111111
01111100111110110111001101000001110011011110111
11111
101110111
11110
111111
1111111
111111
11111
0101111110
1111111111111111
1111111111
11111111111111111111
111111111111111111
01111100
000100
10110
0010
0000010
11
01111000
10111
1110111
10111
1111
10011
111
11111
11111
11111
1111
01111110
11110
01111
111
11111
1111
11111
0000101011101001100101011111
00111
11110111
1111111000011101
11111
1
111
110011
111
1011
1011
01
111
111011
011111
1010
1011
11101
11111
1101011
1
11101
10010
0010
1110
00110
1111
01011
111
11111
0111100111111
011111111
01111111
11111101
1
11111
1111
01110111
11
1111
01111
11010111
0000011110110111001111110010
1
1111111111111111111
11100011111111
111111111
11111111101111
1111111111111111111
11110
00101
101111
1110
010010111
11001
100111
0000
1
1
1
1
1
1
1
0
1
0
1
1
1111111111
111111111
1
1
1
11
10
0111111
111111
1111
11111
111
11011
011111
1111110
111111
111
1101111
11101111
0101000
11111111
1
1
0
0
1
1
1
1
1
1
0
1111
1
1111
111
0
111111
1111
111
11011
01110110111
1110001010101
111
1000101001001011011
11010110111110100010
11111111111111111111
1010011000000100
111111111111111
11111111111111111
111111111111111
000
111111111111111011
1111111111111111
1101
1111
1
111111
110111110
1
1110100
1111001001001101
111001000010
1111010
10100100
110111
0111111000
111110
1111001011
1111111
1111111
101110111
111
1111
1111111
11110
11111
111111
1111111
111111
11111
111111111
1101101
111111
1111111
1101000
1111111111
111110
010111000
11111111
1111111
10111011
11
11111
1110100111
1
1111
111
1110111111
11111111
1111111011
1111
111111111
11111111101
1011111110110111
11111101111
1101111111
1111111111
111110111
1111111
1110111111
1111111111
1111
111111
111111111
111111111
10111111
111110111
11111
111011
111111111
1111111
100101
111111
11010010001
11
1100011
111010100
00011100010000
011101001001
111111000
011010000000
1110110111
11111
011011111
011011010
1110100111
1110
101101
1100100
10111111
11011010
1
1
11110
110001101
111111111
1111111
11111
01111
11101111
11111111
1
110110011
11111011
11
111111
011110101001001
1111110
111010010100111
11111111
1110011
11010
1111111
1111110
0100011111110011001
1
0
111
0
0
1
11111
1101
1101
01000111011101100
00000
1
1
1
1
1
11111111
1
1
1
1
1
1
1
101
1
1
1
1
1
1
0
1
1
0
0
111
110011
111100
1011111
111
11
1
111
1
111111101011
1111111111011
001111111010111
0011111111011
010001110010111
101000001110
010100011001111011
100000111001
10101101
00000101111
0000110110011
10010111010
010111000111
0000001001111
11110011010110
1
111111
0
111
100100
1
00110000100011100010101
111
111
11
111
11
1
011
101011010
00101011
1
1
0
1101101
11
1
1100
1001
111111100
111011
110111
111
111
111
11
1001010
10011
011100001011111
100000010110110000001011011000001100
0100111
1101110001
101001001
0
11001011
111
111111111
11111101010001
10011
0
1111000111111100010
1100100
111111001010
0111110101
1011
1111
111100
1111
1000
11100
0111
11
111
01001000001000
11
11
101000001
11
011001100001110111
11
10001111
1111
000111
1010110
11101
100110101
00101
011
111
11
111
111100
1
0011
111
11
1
1
1
1
1
1
1
1
1
1
1
1
1
1
1
1
1
0
1
1
1
1
011010111
111
1
111
1
111111
11111111111111
0100
1111111111111111111
11101111110110101
11111110111111111
1111111111111011111
111111111111111
1
1000011011110
01
101110000
10100
1100001
1110
11111110
1101010
1
0
1
11
11
1
1
1
11
1
11
1111100
1011
100111
1
11
11111
111
11
1111
11
111
1011
11
1
11111
111
111
111
11
11
1
111
11
111
111
10
11
11
111
11
1011
111
111
111
11
110111
011
111
111
1
1
11
1
101
11
11
11
1011
111
111
111
01011
111
01
00111
11
1
11
11
11
11011
11
111
0111
111
111
00001101
1
100011
111
11
111
01111
11
11111
11
111
111
1001001
111110
1111
1111
1110
11
11
111
11
111110
0011
111
11
111
01
111
0111
11
11
11
1111
111
11
11
00
1
111
11
1
011
0100100
1
0111
1111
1111
001
1
111
111
111
1
11
00011
11
11
1
1
11
01
0
11
11111111
11
111111101111
11111
01010
111101111
110111
111111
101111011111
1111
110111111
11111
11111011111
11111
1111101
1111111111111111
11111111111011
11101111101110011
1111010111111
111111110111111111111
111111111111101110000111
1111101111111
111111011111111111001111011011111111
111111111111111
1111111101111111
1101
111011111111111
1111111011111011100
1111111
011
11111111
11100100
1
1
1
0
1
1
1
1
1
1
1
1
1
10111
11
111
111
111
11
1111
11111
111
1111111111
011001110101100111011
11111101111
111111111
1111111
1111111
11111011111
110010101101111100101101100111111111
11111011111101101111111
11111111111111111
11010110111111101111111111111101011001010111011
1100000101010111011
111111111111111111
11111111111111111
1111111111
0100011111
111110111
11111011
111111100111111111110011110
1111111111111111
11111111
11111111111111111
1111111
11111111111111101101
1010111110110101011111111111
1111110111110011001
11111111
111110100
11111111
1110111110001
111101111
1
1
1
11
11
11
1
11
11111011110101011000111111
1111111
001111111
11111111
1111111
000010011111100000100000010001000
11111111010
01100111111
111111
11111101
11101001111011
1111111011
1011111000010100
111101110101
1
101111111001111
101111111111111111011
111111111
11111111111110010111101
1111111111111
111111111110111
11111111110111101001111000
1
1
1
11111111101111111
1
0
1
111110011111101111001011100000100110111111101111101
1
1
11111111
0111111011111111111
111111111111111111
10000100011111001110111100001001000
1111111110111111111011
1101111111111111111111101
0
11011111101001111111011011111101110111
111111111111111111
1111101011111101111010000011
00
11111111111111011111111
111111101111111110111111011
111111111111011111
101110111111111101111
111111111111111101
1111010110111
111010111011011111111101
11
11111
111
01111
11
1
11
111
1110
011111100
0111111
11111
111111111111111111
1111111
11
111111
1111110110101
1
1
0
0
0
0
0
1
1
1
1
1
0
0
1
1
0
0
1
1
0
1
1
1
1
1
1111111111111111
1
1
1
1
1
1
0
0
1
1
1
1
1
1
1
1
1
1
1
0
1
0
0
1
0
1
1
1
0
1
0
1
1
1
1
1
1
0
1
1
1
0
0
1
1
1
1
1
1
1
1
1
1
1
1
00010101
111111111
10111111111111
1111101111
111111011
1111111111010010
100111110101
11111110011
11111111111011
1000001011111010001111101011001
110111111111001011111
111111111
1111
1111110101111
111111111
111111101111110
1111110111
11111
1111111111
11111111
111111
1111111111
1111011110111110
1111111101
1111111111
01111110111111
111111101111111
111111011001110
111111111
10111001101010
111101
0
1111111011111010101011
111111101101110
11111111111111111
11111111111110110
111111111101111110
11111111111111111
111111111
111111110111111
111111111111111
11111111110111
1111111110111111
111
11
11
11
11
1
1
1
11
111
11
11
11
011
11
111000
111
11
111
11
11
11
111
111
111
10111
111
11
11
11
0
1111011011111100001101111011
1111001111011100111110001011101111
110101011
1010001101111011011010000101
111111
01011000100110101111111100111111100101100101011000101001101100111
11111
1111110010110111
1111101111111
11111111111
110100111010000111000001100110110010010110010011101011000100000011
11111111101
1111101011
111111111
111110011100101100101
11111
11111111111
1111111
1111111111
111111110111111
111111111110
1111111101
1111111111
1111111111
111111
111111111111
111111111
1111111111111
1111111111
11111111
1111111111
1111111111111
11111111
1111111
111111111101
11111110111
111111111
1111111111
11110111111
1111111
111110111
11001111111100111111100
11111111111111
11111111111
111111111011111
10111111110111
1111
1110111111011
101111110
110111
10111110110111111
11
111
10001100100111
111
1
1
11
11
11
11
111
10100
1
111
111
111
1
111
11
10111
111
111
111111111
111111101111
111111101
1111101101
01111110111
11111
1111111111011111001101
111111011111111
11111111
11101111111110101010111111
111111111101000001111
11111111111
011101001111111011
111
11111111
1111110011011011101111010101100111
1111011
111
11
1
11
111
11
111
11
1
11
1
10111
11
1101011
1
11
111
111
1111
01
11
111
11
11011010
11
11111101
111111101111
111111111111
000101111011
11110101100111110110101
1111011
01111110011111011111
1110111111101
111111111
11111111111110
11110010
11111
0101001101100010000111010011010010
11111
110111
1
11
111
1
1111
111
101000
11
111
11
00
111
1
11
1
11
111
111
111
11
100
0
110111
1101001
1111111110110
1
1111110011011
11
11
111111111
10111011100010111100010100000001010
111111111
101111111110111
011110111011
1111010111111111
1
111
1
111
11
111
111
111111111
1011
110101
111
111111011100111
1101011
11
11
111
1
11
111
110111
10011111101
1001
1100110100111110011
100
1
1011
0111
1000100
1
1
1
1
1
1
0
1
101
1
11
101110010001
1
1
1
1
0
1
00111
110111111111111111110
1110001110011011
111111111111111111111011111
0000000101111101111001110111111101101
11111111111011101011
01100010111111111110111011101111111111
1111111101111011111111111010110
1101111111111101111011
1100011
1111
1111
0
1
001101111100001011000101010101010100010
1
1111100001010111010100010111100010010110010
111101111111
1111111100
11
100
110101
11
1
0
10
100
1
100
110
00
111
1
101
10
00
11
011
11111
1
0
1
11011
00
111
11011101111111101011111
11111
111111111
1111101111111
1111111111101
11000100100100
110011000000
111111
110101111
1111111
0111
100011111
1111101101
111111111
111110
11111111111111111110
11001
11111
1111011101000000101
011110001111111100011010001
011111
1111
11111
111
111111011
111011101
011
11
1100100
1101
11011
0011
111
111
0000001010011100
1
11
0
1
11
10
1
1
10110111
110100111110
1
010
111
111010011010010
100110
1101
101
1
11110
11
1
111
1
100
0
0
1
010
1
0
1
011
1
1
1
1
1
111
111
011
111
1
0
0
1
0
1
0
011
0
1
1
0
1
0111
0
1111
111
10
101
10
1
101
11
10
1
011
0
000
0
0
11100
00
0
0011
1111
1
1
0
0
000
0
0
1
0
1
000100
0
1
011
0
0
0000000
11100101
1
0
1
0
111
0
0
0
0
0
0
11111111111111
111
0111
0111
111
1110
11
111
0111
111
11100
11
11
111
11
11
11
11
011
1011
11
101100
11101
111
11
11
10010
011101101011
101
111
11
111
111
1011
0
0
1
1
0
00
1
10000
001
111
11
010101
11
11
11
01111
10011011
10
01011
00
1101
11111011010
1101111
11
10111
100
1111
1011
1100111011
11111001
10110100111010110111000
1111001
1110111
11111
11111
111
110111
11
11
1
11
11111
111
1
11
111
11
11
1111
110111
111
0
111
1101010
111
1111
1011110
00
11
0
111
011100000000
11111111
11
1001011111
1011110000110001000010
111111
11000100111
1111
110111111
101110110111
011
11111
111
1111011
1111111
01111110011
00000001101000001100
110010
111101
111
1100100111111011
1111
1
0111010111011100011
111110101010
11110111010
011111111
1111
11111101
1
101110101
0
00010
101111
110111111111
111
11111
111111
1
01110
1011
1
1
0
11
11
1
0
111
11
111
0
0
1
1
1
1
0
1
0
1
1
1
0
1
1
1
1
0
1
1
0
1
0
0
1
0
1
1
0
0
0
1
0
0
0
0
1
0
0
1
1
0
1
1
0
1
0
1
1
111011
1
0
1
011
100011
11
1
1
11
11
111
11
1
01
1
00001
11
111
1111110
1100100111
111
10111
11
100111
111
111
1111
1
11
11
11
1101
111
11
1
0111
111
11
1100
011
11
11
10111
111
0
1
11
0011
11
11101
111
1
11
1100100010
100111
111000
11100101100
111
111
11101
011
100101101
1
1101
11
11
11
1111000010000
11
01
01110110
111110101
011
11101000101
11
111
0111
111
11
11
11
111101110010010
111
1111
0101000100000
1
111
10
0
1
1
11
1111
11
101
11
11
111
11
1111
11
000111
101011
11
11
010111000001110
111
11
111
11
11
111
11
0111
111
111
11
11
111
11100
1
111
111
1
111
111
111
111
1
11101001
111
11
111
11
111
0110111
1010110011
11
10011
111
11
1
1
11011
011101101
111
111
11
1111
11
1
1110
11
11
1
011
0111
11
11
11
11
111
11
111
111
111
11
0011110000010000
1
111
1
1111100
11
011
011
1
100
11
11111
111
1
11
1
101
1
111
111
111
11
111
1111
1011
11
101
1
11
1
111
1
11
11
11
11
1011
11
111
111
111
111
111
0111
1
01
11
111
111
11
11
111
11101
000110100
1
111
111
111
1
111
011
111
1
011
11
1
1
11
11
011
11
111
0
00111
111
11
11
11
1
11
11
001011
01
01
1111
11
111
111
11
1
11
101
100110
1
11
1
11
110
111
1
111
01
1
111
1
1100
0111
11
111
111
111
111
11
0011
111
1
10
10111
111
11
11
1
111
111
11
11
11
1
11
11101011
111
111
111
1
11
11
01
111
11
111
1
11011
111
11
111
1111
0
1
000101101
11010111
11
10111
1011
10
1111
11
01011
11
101
1
11
11
1
11
11
11
1
011101
111
111
1111100010
1
11
111101000000100
110111
11100
11
1111
000111
00
11
111
1
11
111
00011
1
11
111
1011
10
111
111
11
1
111
1
111
1
11100
11
101
1
11
011
111
11
11
0111
11
111
111
11
1
1
1
111
11
11
1
1
11111011
0
0
0
0
0
1
0
0
1
0
1
1
1
1011000
110101
1
