011000
00110
10001
01111
011
01101
0001
1110
1110
01101
0111
11111
0110
100101
010
1011
001010
1011
0110
11
0111
00111
1101
1110
101111
11111
101
0110
1010
1101
10110
1101
1111
101
1010
1111
100101
10
10
111
111
010
0101
1101
11
11
0001
0001
011
011
11
11
10001
011
11
1
11111
01
11
1000
1010
0001
11110
0
1110
0111
001
10
1110
00
001
011
1010
0110
0001100110
001100010
10000011
01000000000
101000
10010100
00011100001
00000100
0
0110111111
0
0010
1100010
0
1
1100001011
1
11100111000
1011
101011111
0000
0
0
00011
