1011010111
00
01
1
1111111001100
1111111
01
1
10
11
1
1111
0111101
1
1
11
0
01
0
011
11010011
1
0111
1
1
1
0
0
1111101101011
11011
1111001
0000000000
1111
01001
1
01011
100
111110101
011000000
11100000111
010
0
0011111
111110
111101010001
111011
1101
1111
110101
1
0
1
1
01
11
1011
1101011
01
100100
0010010000001
11
11
0
10110
10
00
0111
11100
1
111111000100111
100011101
0
111
1
1
111
000111
0110101
01
11
11
10
110
0111
01
1111
00
1
1
011000000
0
111
11
1110000010010
10111
011
0111
111
011010100001
011
11
111
11
1011
0
01
1
1
1
1011
011
1111
100
10111
00111
0
00
10101
101110
0011
1
1
10011
1100
1010011
11
11
1
1
111010001
101
110
010001
011011101100010
1
1110
11011
1
1
1
0
1
0
11
1
1
111
1
1
1
1
1
0
0
0
1
0
1
1
1101
0
1
1
0
10
0
0
0
0
11
1
0
1
0
111010
11
111000
011
011000000
001010
0
00
0
1
01
1
1
00
10
1
1
0111
1
0
1
1
1
1
1
0
0
1
0
111
01
10110011
11
1
1
1110101
1111
11
010
0
1
110
1
011101
0111
10111110001
10
11
000
10
111100111
00011000
00001
10
1
01
1
10
11011
11
1110
010111011
1111011
11
1
1
11
0
01
0
0
0
1
1
0
1
1
0
0
1
0111101000
00
0110
1100
0
011110
00011001111
101111
0001000
1
1
1
11
11111
11
001
00000
11
0
0011
101111
1111
11
111
111
1101
11
1
11111
111
1101001
1
1101
1
00011
1
0
0
010111
11
010
1
1111101
01
0
11
11101111
0110
00
01
10111
11
1001
1
1
0
0
00
1110011110111011
01
11
1
10
01
0
01
11
00
01
00
1
11
111
00
111001
111
1
01
10001011111111000110010
1
0
0
0
1
1
0
1
0
0
1
0
10
111
0
1
00
010000
1
1
00
11
010110
00
111
11110101
00
00
111
11
11
01101
10
1
111111100
100
11
0
0
0
1
0
0
1
1
0
11
11
1
0
0
1111
10
1111
11
01000
111
0
1111
1101100
1111
0
11
0
01
1
00
0000
0
0100
01110
0
0
1110011
01
11
01110
1111011101110
0011
111111
110101
11111110
0111011111100111
0010111
0
1
011
110
1
1
1
1
1
1
11
0
0
0
1
1
0
00
0
000
1
0
0
11
11011
1
1101
0011
01
1
110
1
0
11
1100
0111
0010
11
01001
0
0001
101111
0
0
10
1
1
0
1
0
1
1
1
1
0
0
0
0
0
0
0
1
0
0
0
1
1
1
1
0
0
00
00
011
1001100
1
11
0
0
0
0011111101
11111
111111
1
111
1
00
10
10011
0
000100000
0
010
111011
111
1
11101101110
10100111
0110111
10111001
11
0
0
0
1
1101
1101
1
0111
1010111
001
10001
1
0110011001
001
11111
1111
0010
1101
111
11111001
00111
11100
1001111
111
11
11111
11111
1111
110001110011
11
100110111110
1111100
11
111110011100
111110001
11
01111110
11110
11
1111000
1001001
000
11
1
0
000
1
11
1111
1
1
1
1
111
1
111
1111
1
1
1111
111
111
1
1
0
0
0
111
0
0
0
1111
11111
11
10
1110
0110
111
1
1
1
0
0
0
1
0
1
1
0
1
1
1
1
1
0
1
1
1
0
1
1
1
1
11
1
0
0000000
100
1011
00010
11
0
1
0000000
111111
11100
0
1
10
01
0
1
0
0
01
0
0
0
0
001
0
1
101
011
1
1
11
001
1
00010000
011000
11
110111
111101110
001111
111011100011101111
0
1001100
00111110
111110101001010
11111
111
010
00
0
11
100
0
00
111011
11001110
11000000
111101010010
00111111
110110001111
110111010101
11011101
110011
11011111
1011101111011
1101111010000
1101100
01110110
001111011001
1110100110
111111010
1111
10
1111100010
111101
11111101011010110
1111101
100
11011101111010
10000
11110011
1110110001
011001
1101101001000
11100011000001
111101
1101111011110
110100110
000010000000
11101
11111111001
00100
0111
1100000110000
110100110001
011100011
01111111
1111001111
1
0
01101111101011
1
01100110000110001101000100
01000000001000001000110100011101000000000000000000
111110111110
01
11
11
1
110
111
1
001
01
10011
0001
010011
00000100101
00
110
0
011
1101100001
0010
1011
000001
1101100111
1
11
111
000
101
11111
11000
1
0011
1110
01
1101100
0000111
11
1
11
0011
0
0
1010
01
1001
0000
111
00
1
01
11
00101
1
1111
1
10
001001
00
011100010001010000
0
111
1
10001111011011011001
11
10000000
01
0
011001
110
1000010000000
1001101
1000
1001
1011111
111
0011
0001010000
10011
0
11
101111111
00
0
000011
1010
010010
0000000000
00101
1
0
0
0
1
0
11100111
01110
1110101101
1111110
01111
11110110111000110100
111111
01110111000
0100101
111000
10110111
10100000
10
0000
0001
1
0
0
1
1
0
1
0
1
1
011
0010100
00001
100
11
0
11
01
10
1
1011
1101
1011
1
11
0
0100
10
0011
11
11011
1
1
11100
0
0010011
0
110011
111
11
11
0
1
111
1
010
0010
110
011
111
1111
11
111
1
1
1
0
0
1
0
0
111
10
1
0111
0
0
0
11
10
1
1
1
1
1
1
1
1
1
1
0
1
1
1
1
1
1
1
1
1
1
1
0
1
1
1
1
0
1
1
1
1
1
1
1
1
101
1
1
0
1
1
0
1
1
1011
11
101
1
11
0
1
0
1
0
0
1111110
1
0
0
1
1
1
1
0
0
0
11
0
1
0
1
1
1
1
0
0
0
1
1
1101
0
0
0
1
0
0
1
0
0
0
011
0
1
001
0
101
1111
1
1
0
1
1
1
1
1
111
10
10111101
000
0
0
1
1
0
0
0
1
1110
0
0
0
1
1
0
0
111
0111000111011
11111
111
011
011
11110
11
111
111
11
0011
1
1
1
0110000
0101
0100010
1000011
0
0
1
1
1
0
1
1
11
00
1
0
0
1
1
1110
0101
110100
1011
111100
1
1
11
1110
111
00
1
11
11
011
11000010010000
010
111
010011
10
001101
0011
11
111
11
01000001
00111
111
01
111
1110011
01
00
1
0
0
0
11111
1
1
0
0
0
0
0
1
000
0
0
0
0
111
1
00100
100
011
1
00
0001001
00101101100
1011001
11010
111011
0000100010011
00000111
110111
0
0
0
0
1
1
1
1
0
0
1
0
1
0100
00
0
1
0
0
0
0
0
11
0
1011
0
111
0
0
11011
111
0001110
010101100001010001110001
1110001100
0
10101
11110
0
1
1
1
1
0
1
0
0
00
1
0
0
0
0
0
1
0
0
1
0
0
0
0
1
0
1
0
0
1
0
0
1
1
1
0
0
1
0
10
111
110110001
0
11110
01001
1110110101
10001
011110
01110
011
1110
0110
10111
10
1111
0111
1
111
1001
1111
1111
001
110
0
11
000111
1
11
1
1101000
01101001
00000001
01
01
1
1
0
0
1
1
1
0
0
0
0
0
1
1
1
0
00
0
111
11
0101
011
101
0
1111
000000100001
101
0001
10000
000001
010
00001001100
00000
01010000
0
1001010
0000
000000000100
01
001010
10001
0101011
1110
0
01111100110
1
0111
1110
1
1
1
011
00
110
1
01
011
01
10
10
01
01
000
0110000000
1
0
0000110
11000
01
00
1
11001
011
1
110010
000
0000
0001
01
101
01
111110
11
110
0
1
00000000
0
1111
01
1
1
011
10
100
1
1
1
11
1
1
00
0
1001
110
01
0111
01
1
11
0
101
100
0
11
11
0
00
0
0
1100
1
0001
0000
1
0111
0001
0
00
0
11
11
1
100
1
0
01
10
0
0000001
1
1
1
1000
10
000010
11000
0
01
1
0
0
00001001
10001
0
0
1101111
11000011101000111
000000
0
0
01
0
0
11100
1
1
00
110
01
11
11
00
00
0001010
0
00
00
0
01
0000000
1
11
1
111
11
11
1101
1
111
11
110
11
1
1011
1000
01
101110
10000
1
011
011
101110
11010110
11
010010011
101000
11
0011
10111
1011010100000
0000
11000
0111
011000000
01
111111000
0111011
000111
111
000011
11
111
11
1
010111
01
11110
1011
111
11
11
111011
10010111
111
000111
001
00000100110
011
11
0001
001
0
1101
0
1111
1
001
001
11
111
011
1
11
101
1011
1
01
1
1011
111
111010
11
0011
11010
111
110010
011
00
11101
000
010
0110
001011
110
100110
0
11111000
1100111
11
0010011
1
11
1
011
1
00
1
1010111
111
1
0
0
0
001
0
0
110
1
00011
11
0
111
0
0
010101011
0101010
01011
11
1100
000
011
1111
111
111
11111011
00111111110110011100110
010110101001010
1100010010100101
10111
00
0
101
0101
0111
1
11
011
11
0
00
11
1
1110
10111
0000
1011
1111
01111
1111
01101
011
0111
101
1111
1111
1011
11111
11
1111
11
10011
0
0
1
10011
1111
000
0111
111
010
10
11
0
1110
0
11011
111010
1011
111010
0111
10111
001
0000
10010
11
11
0111
0111
111110
11
1111
1010111
11111
00
000
0
1
0
0
1
110100
1
01
101
10111
01
0100
10
0111
1
1
0110000001101000
010000011000000000
1000000
01000
11
1
001
10
01
011
1
001001
1001010000
000000
1110
011001
111000101
110111
000011
11
01101
0111001
1101
