00
0
1
10
0
0
1
0
0
0
0
0
0
10
0
00
1
0
10
0
0
0
0
1
0
1
00
0
0
0
1
0
0
1
0
10
1
0
1
0
0
0
0
0
10
1
0
11
0
1
0
1
0
11
1
10
01
0
1
1
0
0
10
0
0
00
10
1
0
0
0
10
00
1
10
1
0
1
0
0
0
1
1
10
0
0
0
0
0
0
1
10
11
1
0
10
0
0
11
0
1
1
1
010
10
01
00
100
10
000
111
0
0
01
10
100
00
00
0
110
001
0
10
0
1
0
1
0
011
0
0
0
0
10
100
0
011
00
01
10
0
0
0
10
00
1
0
00
010
1
10
0
101
00
0
000
00
001
00
1
00
00
00
110
10
01
10
10
01
0
10
1
1
1
1
1
1
1
00
0
0
1
0
00
111
010
0
1
0
0
0
0
10
11
1
0
1
1
1
0
0
0
11
0
00
01
0
1
0
1
0
0
00
0
0
1
10
0
0
0
10
0
0
