0
1
11
1
1
1
1
1
0
1
1
0
1
1
0
1
1
0
0
1
1
1
1
0
0
0
1
1
111
1
0
0
1
0
1
1
1
1
1
1
0
1
1
1
1
0
0
110
1
11
1
011
0
0
1
1
0
1
110
11
00
0
0
1
1
110
1
100
0
110
11
10
111
0
0
0
1
000
0
10
11
1
0
0
10
000
1
111
00
0
0
0
1
00
1
00
0
111
10
01
01
101
0
1
11
01
110
0
110
01
011
111
00
010
0
01
10
0
11
1
11
01
1
110
0
11
10
0
01
0
0
0
00
110
0
0
1
1
10
10
010
1
0
10
00
110
00
010
0
1
11
10
00
011
10
01
0
0
110
0
111
11
11
1
001
11
0
0
0
110
01
001
10
1
011
011
11
001
11
00
0
0
000
1
00
011
101
10
111
01
0
0
0
00
110
11
11
110
11
0
0
0
0
1
1
0
0
0
0
1
0
1
0
0
0
0
0
0
0
0
0
0
0
1
01
001
1
0
1
0
0
111111111
0
1
1
0
1
1
1
0
0
0
0
1
1
0
0
1
1
0
0
0
0
11
1
1
1
1
1
0
11
11
0
0
0
1
1
1
1
1
1
1
1
0
01
0
1
1
1
11
11
0
0
0
1
1
0
0
1
1
1
1
0
0
1
1
01
1
1
0
1
0
1
1
1
1
1
0
0
0
0
0
1
0
0
1
1
1
1
0
0
1
0
0
1
0
01101
01
0
1
1111
01111
001
1010
1
111
11
1
1
1
0
1
1
1
0
1
1
0
1
0
1
1111
10
0111
101
111
11
0
0
1
1
1
1
0
0
0
0
0
1
1
0
0
0
1
0
1
1
1
1
1
0
0
0
1
1
1
0
1
0
0
1
1
1
0
0
1
0
1
0
1
0
0
0
1
1
1
1
0
0
0
0
1
0
0
0
0
1
0
0
0
1
0
0
0
1
1
0
0
1
0
1
0
00
000
1
0
0
0
1
1
0
1
001
0
0
0
0
0
0
1
1
0
1
0
0
1
1
1
0
0
1
0
1
1
0
1
0
1
0
0
1
1
0
0
1
1
0
1
1
0
0
1
0
1
1
1
0
0
1
1
1
1
1
1
1
1
1
1
1
1
1
1
1
011
1
0
11
111
0
0
1
1
1
1
0
1
0
11
11
11
1
0
10
1
11111
1
1
0
11
1
111
1
1
11
1
0
0
0
0
0
1
0
1
1
0
1
0
0
0
0
0
0
1
0
1
11
1
0
1
0
0
1
0
0
0
0
0
0
0
1
1
111
0
0
1
1
0
1
0
0
0
1
1
1
1
0
1
0
0
0
0
0
1
0
1
1
1
1
0
1
0
0
1
1
1
0
1
1
0
0
0
1
0
0
0
0
1
0
0
0
1
1
11
00
1111000
011
110
10
1
1
1011
1
1
01
1
010
1110
01
1111
1
0
0
0
1
0
0
1
1
1
0
1
1
1
1
0
1
1
0
0
1
1
1
1
0
0
1
01
0
0
0
1
1
11
0
0
0
0
0
1
0
0
0
0
1
0
0
0
0
1
1
0
0
0
0
1
0
0
0
1
0
1
0
1
0
1
0
0
0
0
1
1
1
1
0
1
1
1
1
1
0
1
0
1
0
0
1
0
0
0
0
1
0
0
0
0
0
1
1
1
1
0
0
1
0
1
1
0
1
1
0
0
0
0
0
0
0
1
1
0
1
0
0
0
0
11
1
1
0
1
0
0
11
1
1
0
1
1
1
1
0
1
1
1
1
1
1
0
1
1
1
0
1
0
10
10
1
0
0
1
0011
1
0
1
1
0
0
1
1
0
1
1
1
1
1
1
1
1
1
0
1
0
1
1
0
1
1
0
1
1
1
0
1
0
0
0
1
1
1
1
0
0
0
1
0
0
0
11
1
0
1
1
11
00
0
1
0
1
1110
1000
1
0
1
1
11
0
00
0
1
1
0
11
00
10
00
00
0
00
1
00
11
0
1
01
11
11
1
1
1
11
0
11
00
0
11
1
11
1
11
11
1
01
11
1
1
0
0
1
0
0
1
11
1
10
0
1
11
00
01
01
0
0
1
1
0
0
0
0
1
01
0
01
0
11
10
0
00
1
0
0
0
0
1
1
11
1
1
1
1
00
1
0
00
0
0
1
1
0
1
1
0
1
001
1
110
0
1
1
0
0
0
00
01
0
0
0
1
1
0
1
0
0
1
0
0
0
0
1
0
0
1
0
0
1
0
1
01
0
1
1
0
1
1
1
0
0110
1
1100000
0
111
1
0
1
1
1
011
0
0
0
1
1
0
1
1
0
1
0
0
0
1
0
0
1
0
0
0
0
1
1
0
0
0
1
1
1
1
111
1
110
1
0
0
01
0
1
0
1
1
1
1
111
11
0
1
1
10
1
01
