010101111
0
1
01
1
1
1
1110101011110011000111011
111101
111
000
1000011010
1111111
0110001001001101
1111
111111
001000111
11101110
011111
111
11101
111111
111010
1111101000000
11
0000000
1111100110
1111101111011110100111000
1111001
1110111101
11100111110
01000101
11010110011
11111110111000001
1011101011111000010100110101111
111110011
100101
111011110101111101100
111011010
000101
01111
11110111
111
1111101111010
11111
1111110010100010100
1011100010011111111100011000000000101011011
11
1111
01010101
111111101
01100010011100
110011111001100101
110011110011101101
111011100100010
110000
01111
011101010
110111011001000
110011010111110000010100001
111111100101
11111
1111101
011111110011011010
1101
111
1111
11111
111111000100001
11101
111
111010111
110111
11110111
11
1
11
0
11
11
001
111
111
11110111101
11
1
10
11111
0111
10100111
001110011100000
1111110110110111000
1110
111111011000
11011100
1
110
11110
01111101111100110
111
1100001
1
1
0111110001110
000001
01
00000
010
01
001
01010
0
1101110011111001111
01
111110
111
11
111
1
1110
1
100
1
0
1
1
1111
1
0
11
001111
1
111
11111
1111
111
1111101011111
1101
1
0
111
1
1
0
11
1
11
1
11
0
1101
1
0001
1
1
0000
1
1
1
1
0
11111
1
1111
011
1111
11
11
11111
011
01
1111
11111011
10111
011
11
111
11
111
111
11
111
111
111
1
11
1
1
11
1
111
11
1
11
11
00111
11111
1
11101
111
11111
111101010
011
1
1111011111
1111
1
01
11
1
1011
11
11
0111
101
10111
11
1111101
1
011
0
1
11111
10111
00000001
1110111
1111
11
1
0
111
1
1111
100110110
11111
1
11111
111011
11
1111111
11
0
0
0
11011
1
110
011
1
11
1
1111
11
1101
111111
1111
111
1
111111
11000
11
1
01
0111
11
101001
1
1
1
1111
1
1
1
000
111
1
0
1
0
1
1
001
1
1
1
101
00010
1
01
0
1
0
1
1111011
000
1
1111111
100
1
111
1
0
001
0
11
11
0
11
0
1111
111111
110
11111
11
11111
01
1111
1
1
1
10
111
101
11
111
11
1
1
1
11
00
00001
111
11
111
1111
1111
00
11
001111
1111
111
11
11
11
01
0
10
1
11
1
0
101
010000
11
10000
1
1
0
00
111
0000000
1111110000
11110011101001
0
0
11
0
11
0
1
1
1111111
1
1
000
1
1
0
1
0111
011
111
111
11
0
00111
1
01
0
0
1
1
1
01000
010000
1
1
0
1
00111
0
001111
01
01
111111110100011
11
01
11111
00
10010
111111100100
1
00001
1111111
11
11
11
1011
0000000011
11
0111
111
111
0101101
111
0111
111111010110
11
10
111
01
1111101
1111111
111011111
11111
11111
1101
110011
1111111
00001
1
010111111
1
0
0
01
110111110000
1000
11111
1
0
111101
11111111
111
00
01
1111
1
111101
10
111
111
11111
001101111111
1011
1
011
11
1011
1
0111010110111
111111111
01111111
11111101111
111101
11111111
11111111
11011111011011
1111
1
1110110111101
111101
1111
00111
11111111111
1110111010
011111
1
111111111
11111111
111
1111001110
011
11
11
11110
11
11
011
11
1001011
0011
11
111
110001
111
111
111
111
11
1
11
11
1
1110
11111
11
11
11
1111
11
011
1
1111
1100
1111
11
111
11
011
11111111
1111
1
1
1
111111
1111110
0
11
0101
1111011011110
1
11101
1101111
1111
111
111
1
1
1111
0111
111001
1
1
110000
11
111
111
1111111101
111
11101
11
11
1000
11
111
111
1111
111
11
1111
11111100001110000
1111110111110
1111
1
000
101001110000
010
0
0
00
0
10111001
0
001
1111110000
00
1111111101
1
111110100
00
111110100
1100101011000011011001
10
1111110001100
1011000
0
0101010101000011001
0
11
111
00
11100111
10
1101
11
111
1111
011101111000011100110
101110
101011
11110001110001011101101
00011100010
11110
11111
11
00011111
1111
0001101100110100000101
11111110
1111
111111
11
0111
101111
0
0111100
01
100100110
110001110011
1
10011111
010
1110011111
101
11010001
1010100100
1
11111
01101101110011
111101
1101110101110100
1000110
01
0
1
00
01111100000101111011
111100110000
11101101001
000001
10
011100111000
10111
1111111
11
11111
1101
0111
011111
111
1
111
1
1100
1
101
11
1
0011011101000000010001
0101010111110
10110011100
111
111
111001
0100110
1111
11
0111
100
110
111011
11111
11101
00000
011
1111111110
000
01
111000
101011
1011
1
111111
11111
111110
111
11011111
111
1111
1111
0
11011111
01
01
011
1101001
01
1010100
111011
000
01
1
1
01
11
101
000
1111
11
1110
1011
11
11000111
100
011
011
1001
1111
011
111
0
0
010
111
1010111
11100
0111
1111
111
101
111
001
001
1111
11
00111
001001
1
1
1111
111110000110101110
111111111
0111111
000
1
0
0
11111
110
111111011
1111101
0
1111110
01
1
111111
11
00
111
01101
1
111
1111
01111
11111110
01111
111111
11111
11
11111
1111
111
111
11
1101111
1110
1
1
1000
000
11111
11111
0000000
1
1
0
00
0000
11000
1111
01
111111111
01111
1111
111111111
1111111101
11111111101
111101
111111
1111111111
1
11111111110111
1011111101
111111111
111111101
1101
0011
11011111101
1111
1011
1111
111111111
1110
111111111
11111111
000
11111
0
1001111011100
1011110110100001010
11101111111
111
11011111101
111101101
1011111111
01111111111
111111
11111
1111111111
11111111011
101111111
1011
11011100101
11111111
11111
11111111
111111111
1111
101
01
111
11
0000
1111
0111
11
01
111110
11
1
1
11111
1111
111
111
111
10101
11
10
10111
111
1011
10101
111
11
111010
1111
010111
11
1110101111
111
010101
11
11111
11
111
001
110
111
001011
111101
11111
1
111
11
1111
111
1111
11
010
111
1111
11
111
11110
01
1
11
111
11110001
1
11
11
1
111
1111
11
111
111
11
111
111
1111
11111
11
11
010111
1101
11100010011
0
11111
000
111110101
111
1
11
1111
1111
1011
10111
11111
011111
000
11
11111
0111110
111
11
0011111
1
1111101
10
1111
11111
111111
111
001
1
001
001001011
111
1111
1
1
10011
11111
1011
11
0111011
0111111
110010010
01010000
111110110
01101
11
001100
1011101
10101001
1111101
111111111
1
1
000100
111101
1
1111
1
1111111
1111
1
1101111
11
1
01111000
00111111
110101
0010001
000001001
00100
1111001
010011
00110110
101100
110010
00010
11011111
111
111
0
0001011
01
111
1100
11
1
111
1111101
10011
111
011
100
111
11
01
111
0
11010
01
01
11
11
111111
0111
1
11
111
1
1
11111111
1
11
110011
111
011
111111110
11
111
010101
111111
011
111111
0
111
111
1
11100
000
0
01101
1
01110101100
111
111
1000111
1
1
111
11
11
1111
11
1111
1
111
11
1111101110
0000
01111
1111111111111111111111111100
011
111
011
1111111111
10
0111
0111111111
11
01
11111100000
10
1111111111111111
1
11
1101
1
0111
00000
00010
1111
1
111
1111101
11
111111
11
11
11
101
1
111
011
000000
1
111
0
11
11
1111
10000
1
111
0
11
01111111111
10
111101
0
1111
11111
1
11100111010011
11011111011
1
1
1
1
0
1
000
0
0000
1
1111
111111011001
1
111100000
11111
11
0101111
11111111
0
0
1
0
1
1
1
1
0
0000
1
1
1
1011
1100
1
1111
0
110101111110
111
0
0
101
1
0
0
0
0
1
011
1111
1
0000
1
0
0
1
00
1
00
0
11
1
01010
1
11111
0
100
00
1
1
01
1
0
011010
1
1
01
1
0
0
01
1111101
0
1
1
1
1
0
11
0
1
1
1
0
0
11
0
0
1
0
0
1
00111
1
1
1
0
1
1
1010
1
111
0
0
1
0
0
1110111
111110101
001110111
11100
01111111
01
1111110000
11101
10110111
11111101
001110
1111110001
011111
1111001
01110111
11111
011111
1111101
1111
1111111001
101001
1010101
1111010001
11111
0111
111
01111111
11110101
110110
1111101
0111
1111100
01111111
111111001
111
0111110
111101
111111
011111
10011
1111110
11111
0111
111011
111111
111001
1111111
11111101
100011
1011011110
01111111
11010
1
11
0
111
1111
11
0001111
111
0111
10100
0
110
111
100
000100100010
0
111
1
0
01111
1111
0111
1
1
111
11
1
0
0111
11
111
01
110000
10
00011
101
0
1
0
01
0111
111
01
1
0110
11
00
000
11
1111
11
0111
101
11
000010
0
11110
10
1111
0
010
1111
111
01
111
111
111
111
10
01
110
001
111
1111001
0010
1
110
111010111
11
101111
101100
0
0
0011
101
110
10100110010
011
011
1011101101
1
111111
1111111
0010111
01111
1011
1111111
011111111
001
00
01
001
000
1111
0111
111101
11
1010111
0
11101
1111
00
1111
1
0
001
111
111
011
1111
110
1
1
0001101
1
1101
111
11
111
01
1
1101
110
111
0110
11110
111111
0101
111
1111
11
11
1
0
1
11
0
11
01
00
11
1
11
11
11
1
0
1
00
1
1
011
11
1
1
01
00
1
1
11
1
11
1
11
1
1
11
01
11
1
1
1
1
1000
11
01
11
00
00
11
00
0
11
00
0
0
00
11
01
0
11
11
00
01111
00
00
1
00
1
00
1
1
11
11
1
10
01
1
0111
111
1111
011
0
10010000
0
0
0
1
111
000
01
11
1
01100
1111111
00100111
1111
101111
01
111
0111
01100
011
1
10
11
1
1
11111
111111
00000
00011
0
0
0
0
1
0
0
0
0
0
1
0
0
0
0
0
11
1111
1111
11011
11111
00011111
1
11101111101111100
1111101
111
11
11
1
111
1
111111111
111
11
101
11
1
111
11010001
01
11
11
111
11101111
0100111
1100
00101
10110111
0
011
11111
010
1
1
10
001
11
000
111
110
1
1
11
1
1
11
111
11
111
011
0111
11
1
11
110111
11
11111
111
10011
000
10101
1111
1111
010
111
1111
11
1111
1011
111
011100
01011
1101
10111
010
1111
110011
01111
11
0110
1111
11111111101
010000
111
1110
11111
11111
101
101
110
1111
000
10111
1111
0
011
10011
1
0000
0111110
01
111101
110
00001111
01101
1
010111
11
11
111
11
11
1010
1011
111
111
111
11
111
11
111
11
1111111111
11111
1111
1
00000
00111
010
10101
0000000
011111
101010
01111
10
1101
011
0111111111
00100
100
000011100
1111100111110
11111111111
11
100000
1
01
00
11
1
11
1
1
11
1
1111111
1111
111
1111
0
0
0
1
0
1
0
0
1
1
1
1
1
1
0
1
0
1111111111
1111111111
1111011111
111111111
0000101
0
0
1
1
1
1
0
1
0
1
1
1
0
0
0
0
0
1
01010111100011
111110
11111
11
11
111011
111111101111010
1111011
100111101
0
0011
1111
00
111
1
111
111
111010100
1
11
111011
0
1
11101000101
101111111
11111
1111101011
010
111111111111
1100011111
11111110110
10101011
11011111
110010110
111111111111
00110
111
111111
111111111
1110111111
111111111
100001010
11110
00110
1101
1
1
00
0100011
11
1011
1
0010011
01
111
011111111
111
1011
1
01
1
011
0
1101
11111111101
11111
0001
11000010
11111
11111
111
11
111
001111
11110
0
111
1111001
11
11
00111
1
11
1111
1
111111111
1
1011
1101
01111
1111
1001111
000
1111
11
111
11100
00101
11
0
0111
11
1111
1111
1111
11111
111
1
11111
01111
01110
101111
1110011110
111011011
11101
11
111111
11
11111
11
11
1111011
0111
1111110
11111
111
11
010
0100001110
11111111111010
10100010
0111010101001100
00111001
1111110011001
0010111111111111
000110111
01111
0101000
11101001001
1100111
1000100
000
11100010
1111
11
11
1110
101111
011
1110110000
11101110111011
00110100
111001100111
0000011011111
0111111000
10111001111
11100110011111111
011111110111
110111101
0000000000000
10
010101111000010
11110101111
111
11
01100011
1110111011111
101111011001
111111111111011
111111111111
11110010111
011111111011111
111111011011111
111101011011110
111101011110
11111101111
11110011111111
111011010100111
11110101011111
11101
111110101111111
11110110111011
100000111010111111
1110
1111110110111101
111111111111
1111111111111
11
1011000110
0011011100
01110110101
11111111
1110110010
0001110101101
1010111010110
00000
00
011011110
0110111110000
0101000001
10010001100101100010
111
1111011
011011
1111001111
1111
111
101
111
11
1
1
1
1
1010101
1111
01101
01
01
0
11111
010
0
01111111
00000000000
000
01100
001000000
11
1111100110
11011100
0000001
101001111110111
0111111000
010101101101
11111110100
110111101101
101111101
111100
0
10001010111000
110110111011010
100101001110101
111100011
01111010111001
010
0001
1111100000
111110110100000
010010001011010
001101001
100110001
011111100
11110001010
11111111110
100001000111000
11010100
00111101
011111001110110
11111111101
11101
00111110
01
1
10101
1
0110111011
00010111
111
1011
11
110011
111
11
000000000000
111
11
11
10
1
11110
111
1111
11
1111
111
100101
11101
110
1
11
111
11
0001111110
1
11111
0110111
01
11
1
11
1
0
0101111
1
011100
11011001111
11
01101
11111
1
1
11
1
11
10111
11
1111
01
1
01
11
101111
11
1
1
11
011
0101
01011
111
111
1
011
11111
011111
0
111100010100
001111
110110
0100
1100111
0101100110110
11101
111
0111
1111111111
01101111101
001010011111101000101
11111101111111
1111
011111111111111
00110101011111111111
101111
1011110
0
111111111011101110
11100111111111111111111
111111111111111111
1
1
10
1
1
11
1
1
1
01111
11
1
11
1
0
1
1
101
11
0
1
1
11
01111
111
11
11
11
110111
1
111111
011101
11111111111
1111
111111
11111101101
1111110
01
1
00000000
000001
011
00
1
1
01
111
11
1110010111
011
11011
11101001
1111
1111
111
11
1110
111
1101
111
111
00001
1
1
10
011111
11
00000
11
110
1
00011
111111011111
11
111
0
00
1
1
011
11
1
1
10
11
1
01
11
00111
0
111001111011
110
1
11
00
11111
1111
1111
1111
01
1110110101101
1111111
1111111111
1111111
11101111
11111111111
11111111111
11111111
111111101
1
11111
000
10101100
11111010
0
101
111
11
1111
11111
111101
000
111
011
01
011011000
0101
1
01
1111
111110111111
110111011111111
11
11
111000
010000
11011
1011
111
0111
01
0
0
0
0
01
11
1
1
01
0
01
0
0
1
1
0
00
01
0
0
01
01
01
01
1
01
0001
0101
001
1
1
111
0
10
001
00
10
1
00
010
00000
0
0
0
01
01
01
01
01
0
1
10
01
01
01
0
01
0
01
1
10
01
11
11111111
111111110
0011111111
01
01
111100
011
10011101
1111
00111
0
1
11
1
111
00111
01110111110
11111111
1111111011
11111111111
101111110
11111111
1101111111
111011101
11
11101111111
111110101
1110101101110
11111111111
11111
101101111
1111111111
11111111
1
0
111111
1110110
1111
1111011111111110
0011010111001110
111010101011111
100111011000111101000010011000001011
11111111101111
1001111
111001111
11111111
111111
1110111110111110
111111011
01111111
10
011111111
11100111111
110111011111000011101
11111010
1111011101
101
11111111
111
110
011
11111
110101111111110
111111001
1100111110
0111
10
01
1
10100
001
1
00
1111100
1
1111
01010010000001
11111
111111
1110111
111111
1011011
111111
1111111011
01110111101
01111
111101001
0001000001
11111
01
110
11
011
101101
010
11
0
01111111
110
111011
0011
0100000
110001010000
1110011
011
011111110010011
01111
110001111110101
110110000
0111110011
10010101101100
11001000101
1111000011100010000100
0001110011111011111010
111100001111011101010101101111011011
0011
01111110101111
1110001111101000111111101
1111010111111101000
11111110000101100110
111
1110101110010
110111100010
11
1111
1011
1111010000
11110
1111100111111110100
1111
01111001110
111111111
111100101
1111
111101
1
1111
100111
1
111111
01111
1111
111
111
11
111111
11
11
1011
111
111
10111
1
11
1
111
1
111
11
1101
1
11
111011101
111
11
1111000
111
111001
111100
11
11
01
111
11111
1111011111000100
111
011111111101
11110111
11111
01111111
111111
110110111000001000
00000011
1111011100
111011
1111
111
111111011110111
11
1101
11111
11111
10110
001
11101
111
11111
1111
11111
1111
111
111
11
10101
111
101100010001011111100
11
10111
0
101111
1
110101111
01000011
0011111
11011
1101101
111111100
110110
11111011
101101
11
111
11
101
111
111
0111
11
111
111
111
11111
1111110010100
11
11110
10
11
1101
1101
111
1111
111
111
10111
1111111
1011
11
11101001
1111
1
11
101
11
1
11
111
1
111111
0111
0111
111
111
101
11
111110
1101
011
11
111
1111111
101110011
01
11101110
11
000
01
0
1100
001001111010
1
01
1
10111
1
1101000
11
111
1
11
11
111
11
111
11
11
10111
11
11011
111
11
1
1
1
1
11
111
11
1011
1
11
111100
111
11
111
11101
1
1
11
11
111
1
0000
11
00
011111111
1011101111000
11101
1
10
1111
1111
100
1101
1111
1011
0011
0011
11
1
11111
111
011
00
111
1
111
11
1101
100
111111111011
01001100110
1101
101
01
01
110
1110
01
1000
11
110
0
01
100
0101
00
001
0
1001
01
1
10101
1111
11
1
1
0
0
0
1
0
0
111
111
111
11111
111111
1101
1110
1111
1111
000
111
110
010
1110111110111001
1111
011110
11111111
111101
1111
1101
1101
11
011
11
11
111
11
0
1
0
1111111
11111
1111111
111111
010011101111100111111001
00
1011111111
11111
11000
011
10111
0010
001011
11
111
1
10
11
0001011
11101
01
11011
11011011
11111
1010
111111001
0101
1101111101
11
01111110110
011111011
11111110111
110111
1111
1110111110
111110
11111111
011
1111
010101
1111
11010101
00
1111011101
1011011000
1110000000
000
1100101
0010111111
11
1101101
111
11111011
01
11011
00
1111
0110
111
1101110
110111111
111
1101
11
1
111
111
111
11
11
1
0111
1
11110
01011
111
1
1111
11
11111
1111
11
11011
1
111111110
11111
101110
00000101
0000101
01
1
111
001
111
11
11
0111
1
111
111
1111
1
11
10101
111
111
1
101111
11
11
11
111
001001
1
101
000100111
11
111
11
111
1
11
1
11
11
110111
111
1111011
11
111
11111
11111
11111
10011
001010
101001100
111
1111111
0
01
010
111
1
1111
01111
110111
11
0
11
01111
11111
110111
10
1111
111
001
10101
11001
010111
110110
111
011
111010
00
11
0111
101
100
11
11
111
00011
10011
111
111
111
111
1
11
01
111
1111
011
110111
11
11
11
10
111
111
00011
00111
111
1111110110010
1111110101
10101
011
111
111111
1111
00111
1
111
100
11
1111
110011110101110101
000
0000
11
001
11
11
11
01
111
1100001
000
11
1
1
111
1
1
011
0
011111
111
1
001
11
01011
1110011
11111
111
11
11
0111
1
1
111
1110
0111
111
0001
101
11
1
111
111
111
11
10011
101010000
0
0
111
111
11
11111
11
11111110
0101000000100000000001
110111
1111
111
11
1111
1111
01111
101100
111
011111
1111
111
1101
1111
1
11
1101
11
0
0000
1111
111
0101101001
100
000
01110000010
0001001100
00000
00
0
11
111
100111
1
11
1011
111
111
111
11
1
11
111
1
11
1
111
111
111
111
11
111
1
111
10001101
011
0001
0111
1001
111
1
1111
11111
11010
11
01110011
01
11
111
1
1
111
1
110
1
11
01
11
1
11
01
0
11
11
1
11
11
11
1
111
1
000001
1001001
1
1
1
111
10
1
1
11
0
1
11
11
11
0001000
11
01
11
111
11
0
101
1
100
11
10111
00
011
1
11
01
1
1
10
0
11
11
111
0
0
11
1
0
0
00
1
00
11
1
1
0
11
1100
10101110111
11101
110
01
1
1
1101
11111
11
111
00110111
0
10111
1011
1111
01111
111011
111
0110011
10111
1011
111111
11111
0111100011010
111111
111011
111110
0010111100111010100001
11
111
001
1
11111
111
1
11111
111
001000
011111000
111
1
11
011
111011
111
11
1
11
11
11101
1111
1
1
11
1111
11111
10111
11
10
1
0
0
1
1
11
1
11
1
10
0
11100
0
1
1
11
11
1
0
111
111
00
0
111
1
1
111
0
01
1
001111
1
1
1
10111
11
11111000
111
111
11100
11
111
011
11
011
1100001
01
1111
1100
001
0
1101001
111
1
00001
10100
01
0111011
11110
11
10111
0011
11001
01011
11
11
1110111
11
1
11
11
1101100
11001
10111
11
111
110
00011001
101001
00111
0111
110000
0001
0011
11
111
0111
111010101010
1100101010
10110001
11111
00111
1111
11
11110
11011001001010
010100
01
11
11111
11000
0011
1011110
11111
01
11
0110
1011111
111
1
11
00111
01011
010
1
11101
11111
00
1
111
00
11
111
10
101
11111111
100
01
11
1
0111
1
11
1101
0
111011
111
1111100011
1010101
11
1
1111
111111
0
101
1
0111
111111010
1111
1111111
111000
1111111
100
0
0
1
1
1
1
1
1
1110
0
1010111
1
11
0
1
1
1
1
1
0
1
1
1
1
1
0
111
1
011
11
11
111000
0
110011
11
01100001
1
1
1
1
1110
00111
01011111
1
11011
11
11
1
1
101
1
111
1
