1011
11
011
11
1110
1
111
1
01100
011
001
1
00101
111111101011
11110111100
11111111110111111
111111111001
011111010111111
1011111
11111111111001
0111
110111111111100
110111111110
1111101111
11111
1111110111
101111111
11111111111100
111101111110111
11111111
000011011011010000
111111101110
11101110
1110111
11111110100101
11111111111111
00111010101
1110111111111
000000101111011010010100111111110
11110111111111110
11111101111
111111110
01111
011111
11111101
11
1111011111001010
11
11111100111
111111
0111
111011110
1011111
11110101100
01111011111
111011
11
1111111
1111111111
111111111
101111001011111
11111001011111
1011011111111
1111111111011
1111111
011111111
1111111
11111101111
011101110001
1111011101111111
11110111111111
1011111111
110111110111110111101
11111101
1111101001
11011111
111111
01
1111011011111111011110111
1100111011010
1
1110111110
111111
1111111
111111111
1
01
011
1
1011
111
111111
11111
1111
1111
1111
11
0
1111
11
1
011
11
1
10
101
10111
1110
1
011
111
1
1111
11
011
1
1
1
11111
111111
11111
111011110110
1111
111
111
11111111
111110100100011111110
101111
1111101111000
111
11111
111
1110111101
111111
1111110
11111
111111
010101111111
0111111
111111
11111101000000111
1111110
111111
1111110111
0011
11111
1111111
0111011101111
1111111
1111
10111
1111
111
11111
111111
11110
10111
1111111
11111
1011110
1111011111
11101111011
11111
11110111
1111111
1111
111
111001011010111011
111010111
111110011
1111
111111
111001111
00011
111
01111111111101010111
0111111110
10
111011110011
111100111111
011111101
1
110111011
1111
0
001110101000001001010
111111
11111110
1111011111
10011101111110
11111011111110
1110101
11111111111
11111111100
1111101111
1111
11111111111
1111
111
011010111
1110111110011
111
0111111111
01111111110
0
11111
011111
11111
00111
1110111
1111
001111
111
11100111101001110
11101
111
111
1
110100110100
1111
1110011
1110101
11110
111101
11
11
1
1111110
11
111
1
111010
111111100
1
111
1
1
1011
11
0
0111
101000
1111
1101
11001101110101
011
10111
111111
01111
0011111
1110
1101
1
11
0000101
111111
0101100001
11111
1111
1011001
11110
010
01111
101101
1
0
11111
011
0
01111010001
11110100
0
11
011
1111
11111
01111
1
111
1
111
111
11
10
011011111
111110
11
1
0
10
0111111
1
0111
1
11
11
01
1
1
11
111
11
1
1111
11011
111
11
101
11
11
1111
1110111111
111
11
11
111
1111
1
1
11
11
111
11111
10111
11111101
111111
11111
1111
011
10111
1
1
111
1111
111
11111
10011101
11
11
00001
1111
1101
11
1111011101011
11111
0
111
1111111
101111110111011
11111
111
111110
110111
11111
1101110
1111111
11
11
1
01
11
1
11
111
11100111000
1111001
111
111111
1111111
111
110110
11111
1
1111
111111
1111
101111
111
11111
11101
011
000101111
111
1111
1111111
1101
110111
011101
11111011
11011101
1111
011011
1111
0111
1
01001
11
11111
1110011111011110
11101111101
11111111110101011
1110111
1101110
1111
01
1111111
11
1
111
111
1
11
11
111111
1111110
111
11
10011
11111
011
000000001111
11110
11
111001111
0000001000
1100111110001
11011
11111110
0
0011000011010101010011
10111
11111111011
11
111
11
11
1011010111111111
1111111
1111111011011
1111111
0011101100100111
111011111
111
1
1
011
11
10
1
1
110011
101011
1
1
1111
001
111011
1
111
1110110
11
11
111
011
00111
1
11
111
111
11
111
11
111
111
1
1
011
111
11
0111
0111
1
11
111
1
111
111
111
1111
11111111010
11111111111
1
11
11
111
1001
111
11
111
110
1
111
11
1
111
0111
11
11
1
11
1111111
111
11
11
1
111
00
11
111
111
1101
11
00
11100
111
10101
111
11
111
11
11
11
11
1
101
11001
11
111
1111
11
0111
0111
101
1
11111
111
1
11110
111
1
1111
1111
11
000
0100
01111
1
0
1
111
1
011
1
1
1
11111
11
011
10
110
01
11111011000010
1
1000
010
11
1001
01
1111
1
11111
11011
1111
11
11111111
0
1111
11
001
0
1101
111110
011
01
111
111
1
1001
11
1101111
1
1111100
0100001010
111
1101
10
111
111
11
110
001011
11
111
11
1
11
0000000100011000000010
1100
11
11
11
111
11
111
11
11
111
111
11
111
11
1101
1
1111
11
1
011
11
1
1101101001001
1
111
101
111
11
10
010
11
11
111
11
111
111
11
1101
0111
111
11
111
0111
1
11110
11
11
001011
11
11
111
01
10
11
1
111
111100
11
110
11
11100
0
1
1
1
01
1
1
1
11
011011
1111
110
11
11
11
0
111111
111
01
011111111
011
010
1111101101
1
00
1
11111
1111
1111
1101110
1011
11110000111101
11101
1
1
1
1
11
11
01111
0101
1
0000
11
010
1
1
1
0
011
11
1
11
0
0
111
1111
11000000000001000
11111011111
1
001
0111
11
111
11101
1
11111
1101
111
111
011
1
1111101
1
1
111
11
1
100
101
110111111
11111111110101
1
101
110111
1
111011110
00111111111011110
0111
1
0
0
111
1
1111
11100
111
11
1101
1
1
1
11
111
11
11
11
1
11
10
11
11
1
111
11
1
0
11
11
111
11
1
111
11
11
101
11
111
11
11
0
10
11
0
1
10
0101
0
0
1
1
0
11
11
111
1
1
11
1
11
111
111
0
111
11
1
10
111
111
11
11
111
11
101
01
1
0
1
11
0
1
111
10
11
11
101
11
011
1
110
01
0
111
111
10
11
11
111
1110
11
11
111
1
110
11
11
11
111
11
111
1
11
0
11
11
11
001
1
11
111
111
111
1
10
11
11
11
1
11
0
101
11
0
1
11
11
11
11
11
1
11
11
1
111
11
1
00
111
111
1
11
111
11
111
11
11
00
111
101
11
111
11
1
1
00
1110
101
111
111
11
11
11
10
1
1
011
1
0
0
1
1
1
111
11
0
11
11
11
011
1011
111
11111
1
11
11
1
0
1
1
1
10
1
1
101
111
011
1
111
11111
1
0
0
1
11
1
111
11
0
010
11
1
1
1
11
111
11
1
0
1
111
1111
1
1
0011
11010
0
00
1
10111011
111111
11
111
1101
111
1111
1
11
0
101
0011
100010
1111
001111
0
101
010
010
0
1
1100111
111111
11
11
1
01
1
1111111011
011
11
11101111000111111111101
0
11111111000
11011
1
11
1001
1
1
111
001
11
11
11
1
011
100111
0
111
11
1
11
1111111
11111111111
10
1111110110011011101
111
1011011100
0101
1111
0
1
111
1011
011
1
11
111
01
1
11
1
1100
1
11
111
1
10011
1
1
0
11
11
1
1
11
1
011
11
11
1111
111
11
01
1
0
1
11
10000
1
1
11
1
1
1
1
11
1
111
0100001
111111
111
1
111
11101010
011
111
1
11
1
1
10
101
1
0111
11111001100110000000
111
110
1
1100000011001
1
01
1
11
00
111
01
00
10
1
11
00
11
11
0
011
1
1
1
1
1
1
1
1
1
1
1
1
1
1
1
1
1
1
1
1
1
1
1
1
1
1
1
1
1
0
1
1
1
1
1
1
1
1
1
0
1
1
11
1
1
1
1
0
1
1
1
1
1
1
1
010111
11
101100
111011100
111111
1111
111001
1
11
1
1
110
00
0
01
1
1
1
0
1111
10
11
101
1
00
1111
111
111
111111
11111
00011111
1
00111
11
111010
11111
00111
11101
0111111000
111001
11
0
11
100
1011
11
11
11
00101
1
0
1
010
111
1
11
111111
11111
101110
111
1111101
0101111111
111
10111110
111101001
011000111100
0110000000
00
1101
0001
11
111
0
1
1
011
1110
1
101111
1
1
111
10
11011
11011
1111
11
111101000
11
1
11111
1
11111011101
1
11100
010111
11
1110
11
111
1
1
0
0
1
1
0
1
1
0
1
1
110111
11
1110
111
111011
111
11
1111101
111
111
11
10011
11
1
111111
1111
001011111
0011
1
1
011011
0
0
0
1
111011111110110000
111
11110101
11111110001
111011011000101
111111111001
1110110
011111
11110110101
1111101
0111
01110000
1111111101
11
1011
1
1
0
1
0
1
0
1
1
0
0
1
1
1
1
1101010
0
1101111
111000110
0
1
1
1
0
111
10
111
0
1
0
0
0
1
1
11
111111
11101101
100
011111011011
1
1
11
1
11
00
0
1111110101000001100001
00
1
1
0
01
111
111
11001
1
1
11
111
10
0
0
11
0
01
00
01
11111
1
111
11
110
110101
1111
11
11101011101110100
10111
100000001001010001001111000100000010
100001
0110000
0000000111
0001
1111000000101001100110
01
11110111
111
1
0
10
1
1
1
00
0
0
111111111010001110
00111
110111011010110001
11111101
10
111
11
011
001
1
10
111110111
0
000
01
1111
1110
11
1111
1
1
10
0
111001
11
0111
1
11111
1
00
1101000
1
11
1101
1
1
10
1
11
1
11
11
1
11
1
1111
010
1
1
011
111
11
010110
111
111
10001
1100
11
100100
111
111
110111
1111
111
11110
1101111
111
001111
1
110111
1110010110
111110
101
11
11
1
11
0
1
11
1
11111
001111
0
11
1
111
0
1
11
1
11
1111
1
1
1
1
0
1
11
1
01
1
00
1
01
11101
11110
1111
0
01
01011
000111
1
11
11
0111
01111
1
01111
11101110
1
1
111
11111
11
11
111
0
1
1
111
1
10
1
11
0
0
1
1
0
101001
01
11
0
11
1
11
011
01
101
1
01
01
1
0
0
1
1
00
01
01
11
0
01
11
0
0
1
1
0
01
11
1
1
1
00
11
11
1
1
10
1
10
0
11
110
1
11
101
00
0101
0110
0111
1110
101
101
10
01
00
110
0111
01
1100
11
0
11
0111
111
0
111111
11
110
111110
1
00
0
0
11
0
1011
011
01111
111
111
111
00010111
10111
0111111110
1
011
001
0
11
00
11111
0
0
11
0
11111
0
00
00111111000
11101111
10010
111
110
0011010
1
0
1
1
1
1
0
1
1
1
0
1
1
011
11111
1
1
1111
11
11
011
11
111
11
1
0011
10
1
1
11
11
11
110
111100001101000010
1
1
1
01111
111111
01001
1
0
01
11
1
10
11
1
11
1
11
01
0
1
01
11111
111
1110
1111
11111110101
111
111111
111111
1101
11111
1101011
11011
11
101111111
111
1101101
000111
11011
1111
111
11111
1001
11
10110101
1101
011
1111
011111
01110000
11111
111010
1100111
01110111
11111
1111
01011
1
1
1
1
00111
1
0
1
10
0
111
111
0
1
0
0
0
01
1
111
11
1
1
0
11
11
1
100
1
1011000
00000
11
1
1
1111
011
1
111
1
11
11011
111
11
11
0
111011
111
1110
111
111
11
111
11
111
11011
11
111
111
11
1
111
11
10
1101
1
1
11
11
1
11
10
1011
11
10111
011
111
111
1
111
11
1
1
1
101
1
11
1
11
111101
111
0
11
11
11
1
0
1
1
11
11
11
11
11100
111
10111
111
111
11
1101
1
0
00
0
111011
10011111
101
1111
11111
11
1101
11111
011
111
0
11111
1111010
1111
11111
1
1
10
1
1
1111
101
1
110
11
0
11
1100011
1
110111101111111
1111011
11
11
00110
11011
111
111
001
111
111
111011
11
111
1110
1110
111
0111
11110110111111
111
11101101111
000000000000000110100
00101110111110110101000000000
110010
1000011101
0110110111000001100000000
10111101
000000000010100000101110
00000
011
011101011101
000000111000000000001100
1100001101
011111101101
000010011100
111001111101110000
1111110110011
01011100
0111
1111
1011101011110011
0000000110100
111111
1101111
1111
1100001110
1111
0110
0110010
0110111
11111110
1101101111
111111
1111011
111
1111100111
11111
11111
11101111
1101111111
1101
111111100
11111
1111100111110
100001101101111100010000
11111
111010100111110
111111111
11111111
0111
1110111101
111
11111
111100101001110011
1111101111
011110101011110100111
1110011101111111
101011111101
1110111001
1110011001
111
111111
11111
01111111101
110110111111
1111
1110111000110110
111100
11111101011
11
1
10
1
1111
1111
01100111011111
111111110
1101111
0111000111100110
11101010
111011001101
011
111101011
11001011
101110111000010001111000001
1111
11100110001111
1111001
1111101
1110111110011
1111
11111110
011011110011011101
011101111010
111111101101101101
1111101
110011110111
1110111111
11111
11111111
11111
1
11
01
001
111100000010
11101
11
0
11
0
0
00000
11
1
011100
1
01
1
11
111
01111
1
11
111
1
0
111
1
10110
00111
0
1
1
01
11
1
00
1
011
11
10
1
0
1
1
1
11
1
1
0
10000011
111
1
11
11
1111
111
1101
0011101010
111
111011
111
11
111000
111
111
11
111
111
1111
11
11111
11111
11
111
11
111
1111
1111
1111
11
111
1111
111
111
111
111
1111
1111
11111
1
111
11
111
11
1110
111
111
111
11
0111
111
01
0001001111
11
1111
11101
111
111
1101110
0111
111
11
11
11
0111
110
1
0
1
011
1111
0110000101011101010000
11
101000100
1111
111
0111
0000111
11011110
00011000
1111
1001
11101
11
011
0
1
1111111
1111111
1111111
111111111
1
01111
111111
11
1
0
1
00001
1111
00
1
1
1
1
0
1
1
1
1
1
0
1
0
1
1
1
0
1
1
0
0
0
1
0111
11
0
1
0
0
0
1
0
0
0
1
1
0
0
1
0
1
0
0
1
0
1
0
0
0
0
0
1
1
0
0
0
1
0
0
1
1
0
1
011111011
1
1
1
1
0
0
0
011111
0
10
1111
11
0
0
0
0
00110111
0
1010101111011
011
11
00
0
1
1
011
11
11111001110
111011
101111
111
10111
11111
1111011
1101
111
11111
11111
11
1100
11111
111011
1110111
1111
1
11111
1001
11011
111111
10
110111
101111
1101101
111
111011101100
111
110111
11101
11111
11111
01111
11111
1111
111111
1111111
1110
1011
1111
111011
1110
111111
111
11111
1111
111111
111
11
111111
1110111
111111
1
0
11
101111
11
1
1
0
0
10
0
0
1101
111111000
01011
0110011
01111100
11111
111
11110110000
1011
11
1
0111
01010
1111
111101
0
10110110
1
101111
1110
011
11111101
0
111111111
001111
1011010
1
0
0
010
111
111
101
01
11
01
1
1
1
11
1
0
1
1
1
1011
1
1100
0
11
11
01
1
111
111
1
11
1
1
1
111
1
111
1
00
1
1
10
1
1
01
11
0
1
011
011011
10001
011
10
1
1
11
11
11
11
0
1
1
1
01
11
11
1010
1
01111101100
1
10101
1
11
111
1
00
10
1011100001
11
11
00111
1
1110
1111
011
010
11
0111
101111
1111
1
0
1
0
11
0
1
111
11
1
1
11
0
0
0
0
11
01
11
11
101
00
1
0
011111001
1
011110111
101
0101
1
11
1
1
01
1
011
0
11000
0111
0
1
1
111
0
1
1111
0
0
0
110111
1
1101
111
111
1011111
11111
111
0
11
0111111100
11
1011
111111010
1111
11111011
1
11111
111
00
111
1111
111101
11
11
1101
01111
1111
111111
111
111
1
111101
01011
0011
1111
0111
011011
10111111
111
0011
011
11
11
11
11
101111
11
1010111001111
1
011
111
111
111
1111
111
11
1010001
11
1011
11
1
1111
111
111111
111
10
1011
110111011000
11111
111
0111
11
1
0
10
1
1
1
1
1
01
0
1
1
1
1
0011
111
111
111
001
11011100
1
11111
10
01
000000000000000
11111
1
11
0
00
0
1
1
1
01
01
11
1
00
0
0
1
0
0
1
1
0
1
1
1
0
0
0
00
01
0
1
1
00
0
0
0
0
01
0
0
10010000000010000
01111
0
1
0
11
01101
00
0
000
0000
0
0
111
00
01
0
0
111
1
11
111
11
111
0
111
1
1
1110110
11
11
1
1
11011101101010110000
111111
11
101
00
00
1
00
0
01001001
0
0
1
111
111
1
0
11101
1
111
000
111
000
0
101
1111110
0111
1
1
0
0
0
1
1
0
1
1
100
0
0
11
1
1
1
1
1
1
1
1
000
111
00011
111
1111
11
110
0111
111
111
111
111
11
1110
11
11
011
111
111
11
111
00
111
11
111
11
01
111
101
111
1
11
011
1
0
11101
11
111
11
0111
111
111
0111
1
101
110
11
111
01
10
01
1
011
11
111
11
111
1011
1101
111
11
11
1111
111
111111
11
11
1
1
1
1
1
1
11
1
1
1
111
1
111
111
11
0
0
110
11
11
1
11
1
01
1
11
1011
11
0
01
00
0
1
1101
110011
1
101
0001
1010
11
10
1
11
11
1
1111
0
1
11
11
01
11
1
111
11
11
11
0101
011
10
0111
00
111
1
011
1
11
1011
1010100
111
11
111
01
111
1
0
10
00
1
0
01
0
10
0
1
0
0
1
1
00
1
11
101011
00
0
0
0
0
11
10
00
01
0
011
1
0
101
111
11
1101
111
0111
111101
11111111111
0111
11001
11
1011111
11
11
111
111
1111
111
01
11110
0111
111
0
1
1101
11
111
01101
01101
11
100011
11
0
0
101
1
1
1
100
01010
111
1101
0
111
01
10
11
0
111
0111
1
1
1011
11
11
111
111
10111
111
11
111
1
111
101
11
01
111
11
11
0111
11
111
11
111
11
11
00111
1110
11
11
11
11
111
11111
111
111
001
1
101
1
01
1
1101
111
111
1
