0
00
0
0
0
00
00
00
0
00
1
00
0
0
11
01
1
0
0
10
1
0
00
0
0
1
01
0
11
01
0
00
1
0
01
1
00
00
0
00
0
01
0
0
01
1
00
00
0
0
00
1
00
11
1
0
00
0
0
00
10
10
00
0
01
0
0
00
0
0
00
0
00
0
00
01
11
00
0
01
00
11
1
10
1
00
0
11
11
0
0
1
00
11
0
00
1
0
00
0
01
0
1
00
1
1
00
00
00
0
0
00
0
1
0
00
0
00
0
0
00
1
0
1
00
00
0
01
0
01
0
00
00
0
00
00
01
00
001
0
000
00
0
000
0
0
00
00
10
00
0
000
0
00
000
00
00
00
00
10
000
010
000
000
00
01
00
01
000
000
00
00
00
00
0
10
00
000
00
0
010
000
1
0
0
0
0
001
00
0
00
000
00
00
000
00
0
000
000
01
001
00
01
00
0
011
000
01
00
0
0
0
1
1
1
1
1
0
1
1
1
1
1
0
1
1
0
0
0
0
0
0
1
1
1
1
1
1
1
0
0
10
0
00
00
0
0
0
1
00
1
000
00
00
1
0
1
0
0
00
10
0
00
0
00
00
0
00
10
00
01
0
0
0
0
0
00
00
00
10
00
1
10
00
0
0
0
0
00
00
00
00
00
0
0
0
10
0
0
00
1
01
