01
1
1
0
0
0
1
1
1
1
1
1
0
1
1
0
0
0
1
1
1
1
0
011
00111
101
111
0011
11100
1111
111
11110
1111
0111
111
00111
1111
11
1
1011
11111
111
00111
11
00
01
0111
11
0111
0
1011
1
01
111
11111
1
111
00
1111
111
11
1
111
1
11111
111
111
0111
10
01
10011
111
111
101
11111
0111
111
111
001
01
011
11
10001
1111
11100
11111
111
111
10111
11111
1011
11
111
111
1111
10011
0111
11111
1011
010
00110
11101
111
0111
111
0100
1111
011
010
011
111
11
11110
1111
1
011
111
0
1111
101
1111
01111
111
101
1111
0011
010
111
1111
11111
101
111
011
11100
00
111
111
0011
111
11
1111
110
111
1
11111
111
1110
111
111
1111
0
0111
010
0011
1111
1
1111
0011
11
111
10001
111
100
111
011
01010
11100
111
0111
1111
111
00
11100
0
11
11
11
0111
11011
11111
1100
1111
011
1110
11111
0
111
0111
11111
1111
111111
11111
001
11
01
011
1
1
1
0
1
11
01
1
01
1
1
11
1
11
11
1
11
0
11
1
10
10
1
01
11
10
11
1
10
0
1
11
1
1
11
1
00
11
1
1110
0
000
0010
00
1100
1111
1100
111
000
000
100
1
100
000
100
00
00
111
011
111
1000
11
11
00
100
000
000
111
11
1100
100
00
111
111
00
10
010
000
110
0000
1
00
1011
1000
1
1
1
1
0
0
1
0
0000
101
110
1100
11
000
11
10
10
0
11
11
1
10
11
10
10
11
11
11
1
10
01
0
0000
00
100
011
0
11
1000
111
0000
1100
111
000
111
11
000
1
0100
0000
000
0000
011
0
1
1
1
0
0
0
0
0
1
0
0
1
0
00
11
11
1
01
0
11
1
11
1
10
1
0
1
11
11
0
0
1011
11
11
10
00
01
1
01
1
11
1
0
0
1
1
11
1
1
01
011
11
11
11
11
011
11
1
1
11
111
1
111
011
111
011
01
10
110
0
100
0
010
11
000
0000
0110
0
0000
100
0
000
00
11
11
11
11
110
01
011
11
111
1
111
11
00
1
1
1
11
11
1
1
111
010
1
11
000
1
000
1
1
1
1
10
01
11
1
10
1
01
1
1
1
01
0
11
01
10
10
1
1
0
1
0
0
1
0
0
0
1
0
1
1
0
11
10
10
010
0
0100
1
1
0
11
11
1
11
1
1
11
1
01
01
11
11
11
11
11
11
1
10
11
11
11
11
1
11
11
1
11
11
11
11
1
1
11
11
11
11
01
1
11
11
11
1
0
1
1
1
01
1
11
1
10
10
1
11
1
11
11
11
11
10
1
11
11
10
1
111
110
001
0100
11
010
0000
101
00
0
100
0010
110
0
1
1
1
1
1
1
1
11
11
1
000
01
10
0100
111
111
110
000
11
1
1111
111
1110
000
001
111
111
0111
110
111
10
110
1111
01
110
000
000
0110
0000
110
101
0
1
0
1
0
1
0
11
1
1
0
110
0000
0
0
10
01
1
0
1
1
1
01
1
10
100
111
00
0
11
0
0
111
01
110
101
11
1011
010
1111
1111
111
111
11
11
011
11
1111
011
11
111
111
0111
1011
11
111
1111
10
1111
011
1
10111
0000
1010
100
00
111
00
11
1
11
110
111
0
1
11
11
011
011
11
11
11
10
11
01
10
111
0011
11
11
0
11
01
0
01
11
11
1
11
10
10
0
111
10
11
11111
1111111
1111111
11111111
1111111111
0
1
000
101
111
1
0
1
0
1
1
1
1
1
0
1
0
1
1
1
1
1
1
1
1
1
1
0
1
0
0
0
0
0
0
11
1
0
1
0
0
1
0
0
1
1
1
1
0
1
1
0
1
1
0
1
0
1
1
0
1
1
0
0
1
0
0
0
1
1
1
1
1
1
0
1
1
1
0
0
0
1
1
1
1
1
1
0
1
1
0
1
1
0
0
0
1
1
1
0
0
0
11
0
0
0
0
0
0
0
0
0
0
0
0
0
0
0
0
0
0
0
0
1
0
0
0
1
0
0
1
1
1
1
1
1
1
1
1
1
0
0
1
1
1
1
1
1
1
1
1
0
0
0
1
0
0
01
0
1
1
1
0
0
1
0
1
0
1
1
1
0
1
1
1
0
1
1
0
1
1
1
0
0
1
1
0
0
1
0
0
1
0
1
0
0
0
1
0
0
01
1
11
1
0
1
1
11
1
1
0
0
0
0
0
1
0
0
0
0
1
0
1
0
0
0
0
1
0
0
0
0
0
0
0
0
0
1
11
1
0
0
0
1
01
1
1
1
1
1
1
0
1
01
0
1
1
0
1
1
1
1
0
1
1
0
0
1
1
1
1
1
1
1
0
1
0
1
1
1
0
1
1
1
0
1
1
0
1
1
1
0
0
1
1
0
0
1
1
1
1
1
0
0
0
1
1
1
1
0
1
1
1
1
1
1
1
0
0
0
0
1
0
0
1
1
0
1
1
1
0
1
1
0
0
1
0
1
0
1
1
0
1
0
0
1
1
1
1
1
1
1
0
0
1
1
0
1
1
1
0
1
1
0
1
10
11
1
1
1
1
1
01
1
10
1
1
0
0
0
1
0
1
1
10
00
1
01
1
01
01
1
11
1
1
1
1
1
1
0
1
0
11
11
01
01
11
1
0
1
11
1
01
00
1
01
10
0
1
01
11
1
111
11
01
011
11
110
011
11
011
1
11
11
1
111
10
1
11
11
1
1
1
11
11
01
0
01
01
11
1
11
111
1
11
01
1
01
11
1
01
0
11
1
0
1
01
0
01
1
00
11
11
0
11
1
00
1
1
1
0
11
1
1
1
0
0
0
1
1
0
0
1
1
1
01
1
1
1
1
11101011111111
110111111111
1
0110111111111001
1111
11111111111
11111101101111
011
01010100000
111
111
111
111111111110
1110
100000111111
111111111111111
111111
11
11110101
111010
1
11010000111
1
1
1
0
0
1
0
1
0
0
1
0
1
0
1
0
1
0
0
1
1
1
0
0
0
1
1
1
1
1
0
0
0
0
0
0
1
1
1
1
1
0
0
0
0
1
1
0
0
0
1
1
1
0
1
1
0
1
1
1110111101
1
1
1
1
000
1
0
01
1
001
00
1
001
001
10010
0
00
10
00
0
0
000
00
00
111
111
01
0
11
1
0
1
1
0
1
0
0
1
0
1
1
0
1
0
0
0
1
1
1
0
0
0
0
0
0
1
1
1
0
0
1
0
0
1
0
1
0
1
0
0
1
11
0
01
10
110
1
0
0
10
01
00
1
1
1
1
1100
1
0
0
0
1
111
00
11
00
0
11
01
01
1
1
0
0
0
0
011
1
010
0
00
00
001
10
0100
10
011
00
00
0
1
1
0
1
0
1
1
1
1
001
011
0
1
1
1
00
00
10
110
0
1
00
00
000
00
01
00
0
000
0
00
0
1
0
0
0
0
1
1
1
0
00
1
10
1
1
0
0
1
1
1
1
0
0
0
11
1
0
0
1
0
0
0
0
00
01
1
10
01
0
11
000
000
10
101
1
000
11
01
000
1
0
0
1
1
000
1
1
11
1
0
0
1
0
01
011
1
11
0
1
11
11
0
1
010
11
01
000
00
1
11
0
11
0
1
1
0
0
0
1
11
0
11
0
11
000
0
111
10
10
010
11
111
11
110
00
1
11
01
010
0
10
11
11
00
1
011
0
1
1
0
1
111
0
11
1
01
11
0
1
1
00
00
1
1
1
0
1
1
0
1
1
0
1
1
0
0
0
0
1
1
0
1
1
1
1
1
1
0
1
1
1
1
1
1
1
