0111111111
0000
011111111111
110
1011
11111
1111
01111110101110101
111
1111111
111
11111
0
11110110010
11111111
100000
10111001
1111110101111
111000110100110111
1110111
11111001110
11011101011
111
11101111
111
1110111
111111000
0011011111
11110111
0011111111
11110110110010100
11110000
11010101
1011111
1111
0111
0110111110
0
111
111
0
1011
0101
0111011
1111
111
10111
101
001
0
00
1110
111011
10
111
11111
000011111
1111101
01110111
10111
00100101000000000
11111
111
111111101
011
0100
000000
111111
1101101
111100011010010
1101
111
111001
00111
111110111
0110010001001111010011100
0111111100101111
011111110111101100
111
110111
1101
111
1111
111
0
0011000010111011101100
10110
110011100
1111111010111001111111
01000
1100
1111101
1111000101
111001111010100
1000111110
11
11111110111100
01
00
0001111111001101010100000101
00101111001000110110110001001011011
10111
111100
1110010100110
1111111001
10111
00000000000000000000000
1111111011011010011
1
111000011111111111001011000
11111
1110
0
0010011111
111
0110010100001101
1110010
1111
1
11101001
1111
0
01110
111
11111
11111
11111
10010100000000010001000000110000
1111
110111
11111
1110001000
00110000
11110111
110111110
1
0
000101111001
000000000000000
110111
000011000010001000010000101110111110001110
010
11
0
1
00
1
11
111000001001
11
0
11
1111
1111101
1000011101
0000110100
0
1110111
100111011
1000101101
110111011
0
1110111
01111110010101110110100100111001001011
010101
10
11111011
0
00
0
0011
0
11010101
110
000000100001
01011
001001100
1
0
111100
0110
10100
0110
110
001
1010
1
1
11
0
11110001100100010100110110101110
011111001000000
1
111
1001011010101010011001101
1101
0111010
01
11110000
0010100010000100
1111101
011010100110010100
11000101000001101
110010111001
111111111010111010011110111
110011
0
010010111101101
11
1111110000
111001100110111
1110101
1111
0
1101010
0
111111
10111100000101
11011
111101111001
0
1111100
11
110001010111011
1
01
00
01
11
1
11
01
0
1
0
11
1
1
11
11
1
0
11
0
1
1
00
10
0
11
1
00
1
11
01
00
11
1
0
1
1
11
0
11
11
11
11
01
00
11
0
11
1
10
1
1
1
01
1
11
11
0
11
1
1
11
01
0
1
0
1
0
1
01
1
1
1
1
11
1
11
11
01
1
1
11
01
1
1
10
01
01
1
0
01
1
1
00
1
11
0
1
1
1
1
1
1
01
11
10
1
00
01
1
01
00
0
10
01
01
10
1
0
11
11
11
0
00
11
10
0
0
11
0101
0111011011
1
1
1
11
1
1111
000
1
1100011
111
1110010100111011001110110001001011000010000001010000
10111
1
01101111010001010100000
11
0010
0110
0
01
0001
1
1
111
00
101
100010001000
11000
010
10110
00000101
01
1
000000
0
0000
000
000
1
10110111011
00011111110
000011001100110010001110001111010
011
11110111111000111110010110110100010001110
0111111111100011100000
0011100100110001
0000111010
001100100001010
0001111000001000010
00111111110111110010
0011001010000
111101101
1111001
00101010010
000
01
1001
000
101
1
100
01100
100
00000000
1
0
10000
001
0
0
11
11
1011
1
01010
00
1
10
011000
01
101
0
01
011
11
00010100101
1
00111
010
10
11100001111
10000000001000101001000000000100100001000100111110000
101011101101100100
111
0001111
01
10111110111101010001101111
010110011101101101101000100110110111101001
1011101011101101011101111
1
111111110001011
010
0011011011101110001110100110110011001110111000
01011111010100011
01111101101
1111101
110010000101
1100111010101
000
00011011111
11
0
111111
1111
11011111111010111100
00100101010110111000001000001100
111000111001
1111101
01111110111001
110011000
000
1110001011101
11011010
0
0
011000
11100001010000001000000
000001001011100001111001010101010111010000101001
0101
111
11111010101111110101010100
0001111110011111011000100111101011101110101
11111
011101101
1001010000
11110
101001111
1001
1011011
100001001011
00
110001
01
100
110
010001
1
01
0
01
1010000010111011110110111010111011101110111101110101100010
10110111100
1111
110010000110010011001110100
11111111000
11001111111110111110101001010111111111010
1010
00
011111101111
111111
011001011101111101111001
110101001100101
11110
0
00
101
00
110
011
00
000
10
0
101
00
000
111
010
100
10
00
0
11
10111111
00011
110
0111011
1111100011
00001110
0110010101
0111011110
01
11100010
01110111
1101
111100
11100
111
0110110011
1100111
0111
101101
111
11101101111
1111010000
10111
11111
110
000
0101001
1010
11
1010
111111111
1101101001
1111111110
10100
111
01
1
1110001
1
1
0000100
1
1101001111101101
11110101
000
000
11111
001101
000
000100111001
111
01101
01
111100001100100001
011111
0
0000
00111
111111011
00000001
1101101101101110101111
11
00
000
00
0
100110001
01010000
10
10110000
11011
0
01
00
0
1
11001101
10001101
01
0
01001111101011
1110
11111010
01001
11110110
1111
10
10
1
101101
011011111111011100
1111
111
1011111111101101
11
11
11101
01
110
1
1
11
1
11
01
01
11
01
11
11
11
101
11
1
11
0
010
011
11
11
01
11
01
011
01
01111101111
01
0
101
1
001
00
0
11
1
1
10
11
11
11
11
1
11
11
01
1
0
1
00100100
00
000111
101001100111100
110
1000111
1111011011
110011000
1
111
000
10
0
00
000
010
00
100
0
0
010
11
111
00
01
000
000
0110100001011
01
10111
0101
0
00
11
00
10
000
00
1001010001101
010
11101
001
10
111100011111010
111
101
1110111010110
11
11
0
0
0
11
000
00
101
0
101
0
111
0111111110111
10
000
0
0
1110101
0
000
0
1011
00
0110
01
00
01
101111001011111
00
0000
0
1
1011
0
11010011111111110011011110001111011
0011001011101100010101101101010100100101011001110110
101010
110111111111010
11101101100101
011
000100011
000010100000010000010101000000101110001100111000100001111100011010010001100111110111110011011101111000101101011110101000
11011
101111
1101
10110
1111
011
111
011111011111101001011111100001111001110111110
1111011101111
1110111
111001111111101
1110011010001
0101
01111111
10
0011
11
000
100
0
0
0
01
0
0100
1110110110011011
00010000100000
00001000001
011
10
1001011
1111110100111101001000111
0
11111011010111010
00000000001100000
1101000
1110011110111001
101111
0101100111100
11111111110001101
000101111111010101000
111000001100000
101110000001
110011000
1111001
11110110000
00
101111011000100
111
10011
010111101110
0
1110
10010000
111011011111011
1000011110000001000001110
1111010011111000
0
0
0
1111111
0
011
011011100
000110011110000111100001000101001000010
1101101
1110111110
0010100111010001
10101
0
1
0
1
1
0
0
1
0
1
1
0
1
0
0
0
0
111010101010
01
011111111000000
011000101111100111111100010101
111100110010001
11000010
100100000
0111110100010100000
1111101001
010001
0
0
0101000001011111000010
1101110010100
0111110100101011
11
1101
011000
110101
011010010
1011111
111000010011100100101
1011111
0000100000000000000000000
10101
111111111110010
1111110110110101
0110001111
0111001
010000
11011
1111011101111
00101111
111101
11111101111
11
110
111111
1011111100110111
011011
0
10110111
11111100101011
11000010111110110
11110110111000010
10111111101100101001001111111000011001100111111010001011010
110010010111
0
00
1111
11011000111101110100
01
11110111
1
111
1111110
111100011100
11111
011
11101
1
1111
11111011
111001100110
1111100100011
10100000010101100001000001001
0111111
10001
0
001101111001100110011101010000001101011000000000110001011000100000100001010111010011100000001100101000011001100
0010
111111110
1100110101
1101000
0
11101
011111111100000010110000
01101111101101011
1110101110
1111011000100111001010
1011111010
111001
0111011001110
10
11
010111
0011101
1
111
000
10011
10110
1111
1011000000
11
101010001001001001000010110110001101
101
111100
110100111101111110001001011010010100
0110011101011110
11111
110010100010001110
0001110000
00100100111001001110010001000100001101000100
0
0010111
10100
00010
1010
01
11110101101110101010101100111001
11010110010110010011000110111
0011
110001
001010111000111101000000100000
1110
11110010100000101
111001
11110010110100000000101
10001001001000000100011010000001011
0011101111101111111111001000001010101001
000001110010
00
1111
0000100011001001011010101100010001011000100011000101001
1111001001
111001001
01
0111011011110010101
01
1100110001
1
10010100111110100000000111001000
0110101
0
01
01111110001110
0111
1101101101100
111
11101
11010110000000101
10000011100111101
011
110111
110
11
00
001010
001001111
00
0111
11101000110111101111000011011101100
1100
10100001
1101011011
0000000001101101010000000101000100000000001000000011000000000000011001001000010100110000000100000110000010001110010000010110000
11011100
1111000100
000
1110010101110101
010110110011101010110
0010010100110110100111000001000
01
000010
0
101001
110011111101
0011
100000101
11111000100100100
111101011101001110
110001
1111110
1111
0011111
1101
0111111
000101010
0111
0110001100101001001011001010011
01011000001000
1110101011
10
101
101101101110
11010110
11011111001101
11101
10011010101101110101000100000000101
1111110
11
0001110
111111
110111101000101101
110100
0110101100
001
1111
111110
0110111011
1110001
01
0000
10011110110000000
1110110
11111001
110110011
10110111
1111111000
11110110111101111
11111
1111110111110011
11
1111
111101111011101
110111101
111
10
11110111
0111100001111010101000
101111
1
10111
1110001
011111
1111110101
100001011111101110110001111100111
11111
0111
010110111100111
111
11100101
01110100
110
0
11
011
0000001
1111110110101011
111010000
1
111100
11
111011100
11011011101110
0001010111110011010100010101111
0110
1010001001111010100111111011111001101010100010001111011111100
111
111110011100000
1110110
1110
11110010111000
1111010111010
00100000
010100100110
111111
01
00111010000000
011
101100
011110111110110101100110
100111
11110111111
1111100010101101
000
01
0111101100
0001111
11
1
11
1
010000100
01
1110
111
01
111
011
011
11111101101
111111110
1
10011000
0011
1
000
1011
111
111
111
11111011001111
10111
00101111010001101111
111011
11
1111100110
11011001111
111
1011
11110010101111011
101001
001
00010110010110000111
00101
111100
111010010101
00111
101100011101
011111
1111100
0011
1111111
11000
01111
111
101
0100
111110
110110111
1
0
0
1
0
0
0
0
0
0
0
0
0
0
0
0
1
0
0
1
1
00111101
0
0
11110100011000010011
1
111
00111
00
11111110110100010111
0
100
00
111111001101100101111100001001110110111011111
0
0
00000010110100000001001
000111
1011
1
010110
0
001
11011
11110
10100
011
0
1101
11110
0
1110
011111
1011
111
111
1111
111111010100101101011011011101011000011101000100
11
1000
00
1
001
1011101101001011110010110100001000001
10000010
11111
01111010000010
111100000101010110
10001111001100000
111011111101
111110011
111110
11111
11110011000001
11111010011101101
101000010101011101110100010110010101111
1111
010000000000010000000011000
1111111
0111110110100001001011
10
1111110
111
11111
11111001110010110100
0101110
00010
0101111111110110110010011
0111111110111001
00
011001001011100000111101100000000011010100011100110
01111110110110000010
11101111101111011
1111110111
1
01000001001000001100101001000
010
1101110010010100000
1
101001
1101001
11110011
0011
110010101
1111101011101101
11111011101001000
10111101
0000000
1011101111
1111111100111000
110011001
1111
0111011111001
10101101000011010001
10
111011011
11101101111100100000001
001010
1111011111
11111
1111011101111101010011011010110
111110000011000010101100100111011001100100100010000000000011100000001000101010
10
11101011010001011
10110001100110100000001
0
001111
001100010
111111001
111111110101
0
001
1011110110101111001101
11011100110001
1111011101111
101
11010111
0000
111111110
11
01
11111
1111
1101110011110011101
1
01
111111000
1111100010001100010
1
11
010000000000
111111100010110011
010111
111
11
010
11
00101111
11
11
111010011
1111010001010001
0111
10011
