1
1
1
1
1
1
011
01
0
1
0
1
00
1
0
010
10
1
00
1
1
1
1
010
00
1
1
1
1
1
1
000
0
0
1
1
1
0
0
01
11
01
00
1
1
10
00
010
01
1
1
1
1
0
1
00
1
010
010
001
1
0
0
00
000
0
100
10
00
010
1
1
1
1
1
1
1
1
1
010
1
1
01
1
0
1
1
0
0
1
1
1
00
010
0
1
1
10
1
0
11
0
11
10
1
01
1
00
1
1
11
0
1
11
1
00
01
11
0
1
0
1
11
1
0
00
01
01
1
11
0
0
10
01
0
11
0
01
0
0
0
11
1
01
0
11
11
11
0
11
11
1
01
0
01
1
0
01
1
01
10
00
11
11
00
00
11
10
10
0
1
01
0
0
0
0
0
1
01
1
0
11
1
00
1
1
0
00
0
0
01
1
1
1
0
1
1
1
110
011
01
1
000
0
01
11
1
0
1
1
0
1
10
00
1
1
11
1
0
1
01
1
00
0
1111
111
110
1
11
111
1011
11
1111
111
1111
111
11
111
011
101
111
1110
11
111
1111
111
111
1011
110
10
11
111
0111
111
11
1111
111
101
111
111
1111
111
11
01111
011
111
11
0000
0111
11
101
000
111
0
111
111
11101
10011
01001
1
1
01
1
1111
1111
0
0
0101
0
0
001
1
1
00
000
1
1
0
10
01
1
11
000
1
1
01
0
00
10
1
00
1
1
1
1
1
1
1
10
1
0101
00
011
11
10
000
1
01000
0
0001
01
000
010
1
1
1
1110
11
1
1
1
1
010
000
1
0
1
1
0
0
0
0
0111
00
1
0
00
1
1
1111
1
1
1
1
1
1
0
1
1
1
0
1
1
0
1
1
1
1
1
1
1
1
1
1
1
1
1
1
1
1
1
1
1
1
1
1
0
1
1
1
0
1
1
1
0
1
0
0
0
1
0
1
01
1
11
01
1
1
11100
1
01
010
001
1
0
010
10
1
1
1
0
11010
000
1
1
00
01
1
1
0
1
010
1
0111
00
1
100
11
11
0
010
11111
0
0
1
10
100
00
0
0
0
0
1
1
0
1
001
0
00
01
1
100
1
0
