1
1011
0
011
11
11101011110100000
0111011
1111101001
000000000
1110110011110
01110110
1100
001111
11
0110000
110110010
1111
1110101111100
1111000
1111010100
11111
00000
1111
1111
111111
10100100
11110001001
1111
0
0000000
110111000100101
0111101010100
00
0110100
0
1
1111101001000
010001111001010
011111
111101
011101100
0
001
11111
111
1101
0
0
0
11101
00
111011111111
111101111
01111111111
0010111111111
11110111111
011111111111
1101111111111
1110111111011
1011001
101101001
100
1111011111111
01111101111000011
11111101
0111101111
00111111
011111011100110
1111111111111
001010100111
0110100001111
1101111011110
000011000110
011110101111
011111010111
010111111110
11111111
1111100111010
1110111111101111011111
101110111111
111111111
11101111111111101111111111100
01011110111111
00111100100010000011
1111111111
01101010111110111111001
11011111111
11101111111
110111111111
110111110001011111
0111111111
10111111
01000111110
00110111001111
1111010111
01101111111111
1111111011101101111110
10110111111
10110011010111111
00110110111010111011
11010111111
000111101111111111
011011111010011000
11100111110
01111010011011101
10001001011100100101
0110011010
1101111
101011111110110
0000111001100111111010111
1001110001111
110001010
10111101101111
010111110110
0111111101011110
11
11101001
00000010011
11110110
111011111111
011110111111
111001111111
11101111111
01011011110
0101101111
1111111111111
1111111011110110
01011111011
111110110001111100
1110110001000010101
11101
100
11110
01010111101
0011
011100
0000000
010110
111100
0010
0
0
11110011
101111111111111111
010111100000110
010
0
01110000
111001
111111000
101011
0111110011100000110
1110111011001101111
1111111111
11111111111101111
0110
0
111
1
1
1
0
1
1
1
1
0
1
0
1
1
1
1
0
1
0
0
11111110
011
10111
0101100111
01
0
111
00
0
10001001000011
0
1
1
1
1
1
1
1
1
1
1
1
1
1
1
1
1
1
1
1
1
1
1
1
1
1
1
1
1
0
1
111
1
1010
0
1
001111010
00
0001001
11011011
0
0100
0011
01
11010001
10101
0
0
00
010011111100011111
0001100111001
00011110101000001111
00001110
11010011111001111
0000
0101
0000
