0
0110111
0
0
101111101010
001
00
1000
0000000
1111
1000
000
01101110011010111101
000
0
1111
1
001101111010100100011110011011
01111
010100010
0101110110
101011111101
0000000
0
00000
00111110101101
0001
0101100001010
00
000
00111100101110100000000000
0111101001011101000
0001
000
111111
111
00000111
000100
0
100
0010100011001
011100100
0110110001
111
11011111001
000011
10001
00
1011
010001000000000010000101011111111000000010010000000000000000000010100001000000000000
00
00
000
0101001011110001101101000110
1001110111110111000000000010
0000
0111100111100
100000100011000000011100111100010100100010000
0110010110010100
00110110
1111100100
111110010001111000
00
0000000101
111011010110110101111011110
011101111100
00
00
0
111
000
1111
0
000
00
110
110000
00000000
11
10101000010000100
1
001
1100
00
1
0
1
11110100110
0
110
11111011000
1110010101000110
111
1101110101000100010011111110
0000
01010
1001101101110000101001111011111
111
0010101011011011011010110001000000000010101000110010001
110011010
0
111000
01
0
010
0000000000000000
11011110101001
101001
01110111
000
1010011100010001101000
1110111000010
01101111100
1110
111111
010111
001
0
000
111
0
11101
010111010
0
01
00001000110010011110001111011111101111
001000101111111
110
111
11110
01
00111101101
0
000
0
0111000100001111000
0
0011
111
111
000
01111000110101011
01010111111011110
001101100001000100
10
11110001111011
011001101101000
101
1
011111011110
0101
10000
11011000001
1110110
01
11
000111001
0000000110
11100011101001011111
110
1
11011111011
1100011100
1101011101111010
0101111100011
0111100101011001
1111111
11110100
010011111011
10
1001110110110000000001111
0
110
1101111
001101111011
000101
000111
0
0
01001111101
1001111110000000
0
00100011111
0000101
000
11
011
000
1111101
000
11100
000101100010
001110110100111101011101100
0
111
1101000
1
11
0100
0
00001001
0
000
110100
1100
0000000
00000000
000
1101101
00000110
00001
1111
11
111
011
11
110
0
0100
00
0100
1
01
1
110
0110000001
00
10
0
011
111
0001000001001111010001011000100110000
0110000
01
11010
010111111
001
001000
1
0000100000000
101
000
010
01
0011
10
000
0000000
00000
001
000000
0011
101
1
111
0
01
1
011
0000000
01110010
11011111
11011111
110
000000
0
0011
1000
0010
110
1101
01
1
001
010
010000
001
010
0
10011
000
1110
111
0
00
1101111001101
1100011000000100010011100101
000011101001101110000
0000000100
001111
00
1
0
0110000
000010101000100
0100
01
10010110111
100011
00
0
00
1001
11000101
0
00
0
11
1111011001000011010
11001000010
10000
000000
10
110
0
0
00
0
0011000011111010
011100001011011101111
1111101101
110100000
1010001
000
110010001110111
1011111
11100110100
010
0
0110
0
11001
0
0111
001
0
001
101101
000
011
011
011110
11101111111101
0
111011110111
11101111
001110
10
00
1
0
0
11101100111
00
0
011011
01001
1
11
11
01111000
00
100111
010
1011
11
1001
1011
01011
1
010
1
010
010
1
1
000000
01010001011
000
11101
0
100001
111
11000
0010
1110
001
1
11111
101111
0
11
001101
000000100
0
00011101001
00000
0
01110
1000
00
0000110
00
111
100
11
00000000
10
000000000000000
1110
001011
0
010
1010
0
0010
1
11110000000
1
11111
00111
11001111
110111
11111
0
0
01
11001
10110
11111001
1101
1
000
11000
00
010011
0
110111011011111010111
1111001101101111110000011111
0101
000000000
1
000
01001101
0000010000000000
111
000
000
000
0
110
01000
000001011
01101
000
10
101111100111111000101110111100
01
111110101111010000111000
000011001
111101
10111
00100011
000110011100
0
01
0000000
101111111100101
000001
0001000100111001
0000
00000
1001111
01111111010101110111
000000000000000000000000
11011011
11100
1111
00000001010010001
000
101111001
00000
0000
1101000001001
000001100
1011100
1
010001111011001101111001
1
11
01100101
11001000
111011001110110000111101
0000001
1
011100111111111101
1
0000110110001111
01101
1111010110011111110010100110011101101111110
01101
111100000101101111111
01
1110101011
0
111000
00
0
000
001101
111
11111010001000111110010000
1101001110
000001001001
0000
0
0
110
010101000
110000111100001001110010111
0
01
1100
0000
000
001
00111
1110
11
110
11
00
00110
110101
010110111001101011111001
11000111110110001
11111011111011
0000
01
10110101100110
011101
0
100001111010011011011000100
00011101001100001100010101
01110000001
0000
0000110100010101
101
111
010111
0111
1111101
11100
1
101111000111
0110
100
1
1010111
00000000
11110011
1
0100111011110011
1
0
100011111001101110110
00001100
111111
1
0011000110110
1011
101
1
1
1
001
111
1
0001100
111
0010000000001111000000
0101
1
1
1
1001110101111011
011111001111101111
10
0
11111111111111101111
1
00001101
1
1
01
11111
001
10
111101
011100110
110110
0000110001000000000010000000000000000
10
1
110000
11
10010010
1111
00001
0
1
101
111101101
1111100111
1
10011001
00110000
1
1001
01000
0
1
110
0
1
0
100
1111
100
111
0111010010
1
1
10
1
1
1111
0
1
1
0
111
00001
000000000
0000
011111000
11011011
111110101001
01
0
0
0
1
00
001101101
0000001010001100011110111111111
00
01010
111
00
001
000
00
0
01001
01
11
0
11
011110100
01
0
111
0010001010000
00000
00
0000
00
0
00
0
11
0
1
10011110110110001001111
0
1
0001
01
10010000
00111
00
11
10
1
01
01
1
1
0111
0
0
00
0110
111
1101101100
1
00
00
00101111111
1
01
0
011
10
1001
1
00
10011
1
111
1
0010
0
0110
1
0
1
1
0
0000000
0000000
1100
000
10111011
1
00
1010111100100101011010011
10
1001111
1
101001111101001
1111110111101
110110001
1011
0
1100000
1
00
0
01011010
0110101101
00
100110
01011
11
1
111
1
0011
11000100
1111110000110100
11
1100110011000100010000
01100011
0101
1
11001100010001011
100011100
111
0110
01001111
110
11110111
1101011011001
111011
0000000000000001
111
1101
011110111110011
11
1
101111001
11111100010010
011010
11010011
100101000
011
0000000001000
111
00110
1001
0101
011000
101111
0101010001100
0110111
11
11100
0
00000000011011000
101001010010000
1111
000
00
01
11
1
10111
101011
11
11
1110
111111
101
10011
111
1101110011
11
101
0011
1
111
111
10011
111
1110
111
11
100011100
0001
0
10
10
11011111011100
10011111100001
0
101111001
1111110101
111000110011110110110110011
11100000011110
11011101101000111100
1111010110101111
00001011111010111010
11111111110
11110101110100100111000
111111111
0
11111110010110101001
10111001101011000101000
1110011101100001
1110011111
0
1011000111111011011010
01110000000100101010110
1101110
111001110111110101
000101010101011
1111110101
0011010111011110111
100111
11110101111101
0001110101001011001
1111000011100111100
01101110110101110011110
11111110110
0000111111011110
11001
11111
011
11111
01111
1111
11011
111
11
111
11111
0
1101
11
00111
11
0100111111110
1110101111110010000000
11001110101111
010111001001
1110101111101101
1100110111101101001010
01011000110100111001011000001100
0101101001111000
1111110011
011100100
111101101101
1110111100100000101
111101011100010111
1111
1100111010
111
11011
1111
11101
10111
111111
1111
0111
1111
0101
101
111
1111
1111
111111
1111101111100000
1111
110110
11110
1101
01111
11111
111111
0000
1
00
1010001011100000011000
011111
111
111
1111
1
1110
1
111101100100100010
110111010000000111111101
00000101
0
00000
00000000000
1
1
111111111
1
0000000000000
0
0010
100
1
0
00001001110000
0
100000010
10
0
0000
0
0
00000
1110111110
111011111
1111111
00100101111111
10011110
1111111
01100001010111
111111111
01000111
1110
11111
010111111
10111111111
1001111
0
1111110100111
011101110
1110001
001010101101
10
111111
111
0
0001010001111011011
01001100000
0
0
1
10
0000110001
1
0010001100001011
00001000101001110
1110111
01011110
000
11101111111011
111110111111111110111100
1011001001010101101111111
011100111101010111111
10111010001100111101011001111000001101011011011001000001111010100000111
110010000101010000011001110101110
1001
1111
1
00011101110111000011111101110
000
000101000
1
1
111
0000000
111
1010111110011111111
0010111111111111
101100110110110111
011110011110010
101110100101001111
0110100101110011111111
00010000001111010
110111011111111111
0101101110010111110
1011101111111110
111000101000111111101
0011001101111111111
0000010000011
100101111111110
0010101011111010
110001010110
110010111111111001011
1
1
1101001
0000
000
0
1
1101111
111000
100
110101101011010
01
01010010011101
0011
11011101010011
11
1001
01
11
1
10110111
00
0110100000101
110000
00
1101110
0101
0011
1010
011
0
0
000
0
00
000000
00000000000
10000
0
00000
1
01
0
10
1110100001001
11
101
0111
10100
010
111101101100
11
111
1110101
011
11
111
11011101
111
11011111
1011
1010111111110
1100111110110
011101011111101111
00
10
000100
1011
0
0
1100011000100
0100101000000010000
111010
1101010
11101110111001110
0001001011001
1010111
01
01
0
11110
0
0
1
0
101111
0
1
0
0
0
111101101010010
1
1
1
1
0
0000
1110
11101111011
11011
01111101111001111110111010
11100111000011001110101110101110
011011011
01111101110111110100100010011
011111110100000101010000
0011011000011010
1100011001011100011110001110111011110111001010011
111100011101101100101011100010011100010100111000011
010000110011000111111101101111100111011110111001
11011110111011111
1111111
000111111001000000101101010011011100000
001011101011
111000000000010000011001
0010000010111001
1100
111001110101
0111101011010100110
1100110001000010010001111101111000000011111000011001011011010001010000101010000
10101011011111
010111111011011110011001
010001000000000111
00
0010111100111011100
1111010111101111110110
0
0111101111001001
000
0101011101101111
111111101
10101100
1111101010
11100000011101110100
0101
000000000
0
1010100
00100000000
00101001001100
0
001100000000010
000000
001000110011101010110110010110000000000001011000000110
00000000100100000000011100000011000000111100111001000000000000000000000000000000000000000000000000000000000000000
0
00
111110110000110011100010001000000101111010
00
0000101001
00000000110101111100000000011100000011
000000000
001
001011000000000000000000000
00100111000
00000011001110001101110111110100010101110100010000000001100
00111
1011110
00001100000000000000000100000
11101000011101000000001001110
100000000000000000000
00000000011100
00
111000000
0000
110001111101
1111111
11010
0
0
0000
111110000111
000
11101110011001010111111011010
11
10011
11000101000001001
0
0100001001
1001001100
00000
0000100000
00
00000
000001100
0010
01011
101111101101001101001
001011000
100000001100011
00001000
001100000000
000000000
01110100
101011
101010011
1110110001000
01000011110000011001000000000100111
1
01100
110101011
0000000
0000000010001110
0101001010001
0110100111110101000010011000
000011
00110010
001110
101001
00
00
00000000000000
000
0101001000110001011001000000101000101010101000001010011101011100
01111
1000
110000000
1100
10101101000001
001001110110
00
0
1101111
0000
11110010011011111
0111111111110011
0
111
11111101
1100000
111011110100
1101111000001
10001100
00110101
11
00011010010101000
1
1000
0
1
11
111
00001
00
1
000000
11011011
1100
00110
11
010
0110
1011
01100010
00
11
110000
0011
0
0
10
1
1
011111110011
01
0
100111000
110111
10111
111
10110110
1111
0011
011011
11
1
01010101
100111
11100101
1
011
1101011
1
1
111
0
111
0
1100
10000101100010111000011
110010000000
0
1000
11
1
001100
00
1
0
0
10
1
1
1000001100101
10
111
11
10
1
1100000011011110000
010100
00
100
0010
10000
10
00
1
00111
11
1100
1101101
0
00
1
1110
001
10
011
0
00
100
001
100
100
10
100
10
010
0
100
10
10
001
100
00
00
000
111
1100111010011011101111
1010
1001
1000
11
011
11
1111111
1011
0
0101
000
001
100
1010
0100
000
01
0000000
100111100010011100111
0
00
10
1
1
11
10
010
0
1
0
11
00
1
01
1
11
00000
00110
00000000000000
11000110111000
0
0
101111
00001000
00
101
100
100
000000000110
00000
000
0
000
0000
11
1000101
0
001
101001
00000
0
0011
0110000
10
100
111
01
1
1
1
0
1
1
0
1
0
1
010
111
111
1
11000000000
0100
10101
000000
11
111
0
00
1
0
100
0
01
000
0
01
1100011
000
0
01
000
00
11
011
0
0000
0001
0
100010
00010
0
0
1
00
1110
1
111000001010000001
0
111
0101
00
11
11100
1100010
1000
00111
1011001
00110
100
111
11
111
000
00
1111111
10011100100
0001011000100001010100
011111
0
1010
001
11110
00100000101010
0001
1000
0110
0
00000
101
1
11
111111
0
11
0
0
0101
1
000111
111
11
11110011000
0000
1010000000000
000
100000010000
1
0
00
10001111
00
11111
111
10
00
0010
110
0
101
00
00000
0000
1
000
0111100111111111
1001100
1011
0001
110
1111110
110100000
10111
00
1101
110010111
0
11
10011111100111
0
10011
0
0
00
111011001110
1111100
0
0
11
0
10
011
01
1101010011111101101
1
111111101
01101
100000111
0
011
0
0
0
0
0
0
11000
0
0
0
0
0
0
0
0
00
0
01
111000001
01111
0
0
0
0
0
1
0
0
0
0
1
111
111000
000
000000
11
1111
11110000
1110000000001
110010000
110001000010
0000
000100
01011
00000000000
01101
11100001
000110
1011101
011011
0110001011010010010000010000
0111
0111
11
0
100
0001
000
00000
1
1001
011
00110000
0111
1
11000
011
11111010
0000
0
1100
001100
00000000
100011000
000000
10
1
1
00
0
0
0
00000000000
1100
0
00
0
111100100
11001000
0
0
0
0
0
0
00
0
0001011
0
0
000011101
11
01100111111
11
10
00010
0011100
01
011000
1011
1110110
1101
000010011110
1
1000
0
001000001010111000010100000000
0100
00000000000
0
0
0
00000
0
0
1
000011100010010
0
110000000
11001
01
111100111100
11011
1110100101
01100001
11111
1110110101
01001
1111111
1111
000
0
000011
11100111
11111110
01111
1010111
111010
000100
0101011
1
1111
110010001
0
0
000000010
11000001
0
1101
1
0
0
1
0
111001100101
0
01110100000
101111101100011
0
00
1
111111111
1
111111
110
1
1
0
11
00001
1
1010001
1
111111
0001011
011000
110000001110
001
0
1
0
01111000
1
11110000
0
100111
0
01
1
0
0111
0100010000
1101100010110
00100000
0
1
0
1
1111
00
0
0
11
01111001
00
111101111101
00000
011011110111011
1110111100111
1111111001111
111101111
0
1
111110010
11111100101
1111
101011101110011
1110110101
11101
11100010010
111
1
10110101101
0111111110100111
0
0011
000010011000100000010100010111
10111110110101100010001
1011111111
111100010010011
111111101110110
10111110100100000001
1
00
00
0
0
1000011000001
0101101111010
0
0
001111110101
111100
11011101111
111111111111
00
01011001
0001
1001110001111
10001110
111111001
1101011111001
0
1101
0
111111111001
1
1
00
0001100000000
11
0
11111
0
001
1111111
111010
0
11
0
01
11010101
0
11
11101111
1111111011
0111100
0
1111100
1
1
00
1111
01000111011110111
00
1111111011110
11001
00
00
1111101
011
11
0000
11001001100001
11111010
0001
1
1
1
