11
11111101111
1011111
11111
11
111110101000110101111
011011111101101
1111
10111110
1111100
11111010111
10011001111111
0111010011111
01111111001100101
111
11
1
011111
1111101111
111111111111
101111011111110
110
0111
000010
111
1
0111
11100111111110
01110111
1011111001
011
1111110100101
1111
10110111
0111
01111101
011011101
111
0
101101111111
11
11111001101101
1111110011110
1
11111111101011011111
1001011
11111
0101010010100101101110100101
111100111
1000111000001111110
11110111111
0001110111100111
11101
1101
1
111111100110
1101
011001011111110101
1111101
11010111100101111
11110
11111011011111111
011111
0111
1111111
1111
11101111
111111
1111111111
111111
111111
111111
1111110
11
11111
111101100101
1111001000
111111
111111
11111
1111110
1111111
111011111
11101
1111110010000000101
1111101100
11
00111011111111011111000
111101110001011
1110111001010101
1111
111101100
11111110011
1111111
111111
10111
1111110
111011111101001
1111
011101111
111010111
11110101
1111010
0
111011
111111111110111
0111111111011
111111
01110
11111110111111
1
0111111110011111101110
111111111
1111111
1101111101111
1
110
1111011101111011110
101011111011111101111
1111011111011
1
111111111110111
0
11111
1110111
001000000000
011
11111111111111100
00000
1111111011011110111011110
11111111110010111100011001011101
1
01
111
011111110111110010110110
11101010111111111
10110000011111
111111110111
0
111
10011111100100101
110111111
1111111110110000
0000111
011000000000
111111111111
1111
1111111111111
1011101
00000001111
1010
111
1001
10001
01001000101011000010
01110
111111
11111
1111
111110111
000
111
0
110
100111
11
111
11
11110
111111
1111111
1
11
0111111110110111
0111111111011
01111
0111111101001100
111111
11111
1111
111
11011111
10
1111
1101111100000000101
1111111111101111
111
11
0
01001111001
0101111
111011101111000101111010110100111101110011101
00111
11
111
11111111001111
01111111111000111111
01111110111000
0
11110011111101111
11011101111111
000001000011001110011
010110
1111100
11111011
0011
00011011011100000
00
1111100111011010110111111
11111101010100101
01
10100100010101
11110001
1111110010111
1
101
000
0100
0
10110100
0000
1010
0110
0011
000000111
11101
1000
11110
01
0011011
111110001111
111111
1
11110011
11111
1111
11111001
1
11111
1101011
1111011110
111100011000
1111
111111
111110101
111110101
111
110101111111
011111
111
111
1011111110010001011
111
0
1010010
11111000
1111
11111
011111110001100110
101101
111
1110011100111
0
0
11
0100110110
010111
11101001110
111
1101000111111101
111110
1111001
0011
0111111
111110000
111110101
110011
11110
001111
11001110110011
1
11001111010001
110001
0111
11110010
111
1010110
11111111101
111
111011100
01
11011010
01111
1111110111101
0011
1
11011111111
01110
111111
0111110
1111110110110110
11
11110101
11010100000011
1
110001
001100011001101101010001010000100010
11011010111
110101011
11111111111
111111
11011
1111110010101110
11111011111011
11
11111111111
111100011
11011001
1101001011
111111011110101110001000
1011111
0
111
00011
111111101000
1111111011001001
1111010111100
00011
1011111111
11
011011
11100001
1
0101101010100
111101100
111
110111
111110111
11
1111011
0010111011
001101
111
000111110
1111101011110
1101111
1111
1111010001111011010
01111110111
1
1
111
111
111
011
0111010110
1
0111
111
11101011110100111000
1111
11111
111
1111
10100111
11101
0111
11
01
0011
1001110
1
111
11000
11
1
111011011
11011
11
11
11
0110
111
1111
111
11111
01011
11100
111
1
1011
111
1101
111
111
111
0111
111
1000
0010
01110
0
1
0
11110010111
1010111
00
0010010
111
11
101
0
11
0011
1
1110101100
111
111
00101011011100000111100000
000
0101111
11011
01101
111
111
01
11
11
1001
0010
000100
1
11
000000000
1011
11
11
011
11100
11111111
10010001
1111101101
1000
11100
1
111111111111111111111111011
110
11100
100101111100
11
11
1111
1111100
101010
111
00000111
1111
101
0110111
1100111111
101
0
01110
100
10110
1011
11110111
1111
111
0
111
1011
1
1000
01
10
1100
110
10
1010
01
0001
11
11
1
11111
111
111
101
111
1011
111
1101
0011
1111
11111
1111
0111
11110
0
001111
0101
1111
11
10111
111
11
110
10
101
011
11
11110
1101110111
111
111101110
0110111
1111111
1001101
1100101
111101111
11111
1011
11
111
111
1111
11111111111
011
1011101
1
1
1
110
111
0
1
1
1
111000001101100110111111
1
1
1
1
0
1
1
111
1111
1111110
11
111
111
111
1
111
1111
1110111
11
1111
111
111
11101010
1111
111
111
111
1
1111
111
11100
11
11
111
111
111
111
11
11111
1
1111
1
11
111011
11
11111010111
1101
01111
11
11100
1111
11
1111
111
1111
11100011
11
111110
111
111
110111
101111
0111111110001010011
11110
1111
011110011
11101110000
0
1
111
11
01
11
111
1101
1011
01
11
11
100
1
111
111
11
11
111
01
110
1
111
11
1111
111
01
11
111
111
11
0111
11
11
111
11
11
11011
111011
11
11
011111
1
100
1111
11
11
1100
00
1011
1
1
111
11
0
10
10
1
1001
0
011111
1111
111111
1111111
011101110
10111
1111111
1111001110
11111
11
1111001
111
0111101101
11110011
0111
1111
101111
0010
11
11111
11101
0
1
1
0
0
1
11011
111
00
0
0
0
0
0
0
11110110010
1011001
0111
0011
0
110111
111
110000
0111
0
1
0
1111010
011
11001
0011110111101
0
1
0
1
0
1111
0001011
110111011
101010001
0
00010111
11001
1011
0111
111111
11
111
0011000
110101001010
11000
11
10111
1101101111110010
111
00
1101011
1111101
11
10110011010
11111
110
0111
1111
011
110
11
111
1
1
110
11111
0111
110
1
11
11
101
1000
10111
1111
111
01
01
0
0
01
01
11
1101
1
10
0
00
10
11
00
0011
10
110
101
0000100000010000011
111
11
1
1100110
1001
110
00
011110010
01
10111
0111
111100
1
11
1
1
111
11101
111
11
11001
11
011
110
0100111
110110
111
010011
00
1
111100
11
11100
11
11
111001001
00001011
10111010
110
11
01011
00
11001
11
1
1
00
101
011011
00111101100
111111
1111
0010001
000
111110000000000010
10111111101
11101
00111
1100111101101111
1111001
11
1111111011100
1111111110001
111111
10101111
1111001
010111
1111
110100
000111111
11010001
011
11110110101
11110111
0
11110110001011
11
11
1
1110
11001
11
11
11
111
11
1
111
1011011
10100101
0110101000010
000000000000
1101
011
1110000
1
1101
1
111
11
0
1
1
1
0
011
1111111
000000
011111
111111101
111
11010
01110111
000111
011
11110111
1111111111
11101101111111000100
10111011
111111110
1111101
111
00011
0111
1110111101001110111001100011
11101
10011
110
110111
11
11
111
11
11
11
0111
111
011
11
11
11
111
11010
111
1101
11
111
0111
01
0
00
1111110
0
111
111
011
0000001111
011111100011001111100
0
010
11111111110100
0111110
1
0
111000
10110111000100101
111
111
1111
1011111010
1110111001001111
0111
11110
0001
111111111
1111011010010111
111111110010000
00
00011101101010000
1110000101
111111111
1
1111001101100011001000
1111101011
0111111111010001101111001
101111101011
0110111001011
0111100010011011101100
0111111
0
1
1
1
1
1
0
1
0
1
1
0
0
1
0
0
01011110110110
111001110
11
1
11
1001
1111110
0011
1111
000
01101001110
111
1
011101101
110
111001
11111010111000
011111100110001111111
01110000000000011
1111011101
1111110101110010
11111110111
10
1010011011
1010
100
1111111100010110
1001111101011101
01
1111001100101
0000000111
0
01
1000000001
111110
1100111011110101001
111111
1001111
0111111100000011011010
1011011
11111
111111
01110111111000110101
0111111
1111111011
0101111111110110011001101
11101101101101
1111101010
1111011111001
111011
011101110110010101101
110111110111
10101101111001100
11110110111
1111
111111
11111
111
111111
01011010111
011001100101
11111101
111001101101
00111001001111010110
110111
11010111101
11110110011000011101
111
10111111100101
1101100000
1111
111111
11111101
111110111101
11111010
0101101
111
1000001
110
10111
011111101101
1011
11110
111
011
1011
1111
1100
1
1100111
11
01110
111
1
111
0100011100111
11010100
10111
10111
1000111
111011
111111111
100110101
1111
010111110111011110101
10110
111110111010000
11111
11110111101
111101111
00011011
1111110
101110111
0111111111
111111
01100111111100110110100000010
1111111
111111
10010111
1111011000011010111000100
111111
001000111111011110111001000000001001111001001100
111111
1111
011110
1011111
1111
11111
111111
11111
111100110
01111111000111100000000
01011110111011000
11111
00111101
111011
1111
11111
001110
111100111001
111011101
1111
1101
00111
11
0110111111101101101
110
01100111
1101
01
111
1
101
111
111111010000
10111
111
11111111101
111
101011
111111
101
11
000111
101101
00000000
101
111
011100
11
11
000
11111
01
00
11
01
01
11
1
1
10
01
1
0
11
11
0
11
1
11
01
1
11
11
11
1
1
11
1
1101
10
111
1110011
11
10100
011
111
100
11
11
110110111
0
1111
01111101001
10010001
100
111
1100001000010
010111
0
11010
011
11
110010
1111101111111
111001
1100101000000000
011
0
111
010111
111110101111110
101011001100111111000000100110000100
0001111110010
11100111010
1000111111011111110000010101110100
001101
11110110110011
10101001001111001110000000000000000
10111100111111101000000001111
11111110000100
01111100101
00000000011110001011110001101010010000000000000000000000000000000000
111001101000001101100100111101001010110
1011110
1110111
10
11
0
0
0
01
00
0
0
11
0
0
00
1
01
001111
1011110001111011110
111110000110
011110011011011
00111111110101
11
01111
11110011
00101101011000101
110011101011111011
01111
1110111
111110111
11100111101
1111010011
11110011100101
1
1
01
11
01011101011111
1011110101001
1111
11101100001010
1011111
1110011111101010100010001000010
111011000011011
001111011110110000
010100010100001101010111000010010111000
111000
000101111
111
001110011
101
0
0
00
11
0
00
01
00
1
00
1
00
111
11110
0111
111111011
110001110011100010000010
10000011
1
1
00
00
00
01
00
11
0
0
01
1
10
1
00
00
0
0
10
0
00
0
0
00
0
0
0
00
0
01
01
10
0
1
0
00
10
00
00
0
1
1
0
0
1
00
01
11
1
11
00
1
00
0
1
0
1
1
00
00
01
01
0
01
0
11
1
01
00
1
01
10
0
11
00
00
10
0
0
0
00
00
00
1
1
11
1
11
01
11
11
00
0
0
01
0
10
1
1
0
11
10
11
1
11
110
0
1000001
111
000000
11
00010100000100
0000000
10111000000010
10000001
00010100
11110010
1100
0000
1
110010
0111
01101000110
00
111
111
10
11111
1
0000
010010
00111
110010
1010100100001
00111
011001101
111
00001101010111
1111011001
0000011
10
010111
11110000
010011
01
111
11100
1000000000
0000100
11110
01001
1011010
00000000011010000
0110101
10
0
1111100100
0110
100011001110
010110101111
00
0000
0111000100001
111110
11
111
11
11
01
111
111
11
111
11
11
1101
011
1111
111111
111111110
111111
11111
1011
111110
1100111
1111
111
1111
111
111
11111
1111
11
0111
11
1
111
1111
1111
111
1
011
1101
001101
111
1110101111
011111
11111
1111
1
101
111
1
1111
1
1111
11
111
1111
11
111
1
11
001111010
111
11011
111
111
011
111
11
11111
11
011110
111111
01111
111
111
011
1011
11011
010111
110011
01
110001
110111101
011
11111010100101010
110111101
0
1100101
111000
1010110010
10111111011
10011100000
0110011100001
110110111
00111111011100011
0111110
1011011
1010011100000000101
0101101100110000010
0100111
000000000
11
111110011
0
00
00000100
0
0
1
01001111101000001001111000000001001110000000110001110
111
111
111
011
00111
11
11
011100011
1100
0
0010111
101
010111
111
0
11111
0
1011
11
11111
0011
1111110
111
11111
1001111110
111111
0111110
110
111101
111001
1110
000
000
11
11010
111
10
11
111
011
110
11
11010111
111
01011
100000110
0
1
1
1
01111
1111
1110111101011001
1111011
0111111111100111011
0111111111110001100101
1001111110010010001
111111111010
111111111011011110100
111111011100
10111101111111010101011
0
0
1110010011
110011011100111
11110001
111
101010000011101
100100111
0111
0
0
11
11
111
1
1
111
11
111
11
101
1011
111100
110
0111
1
111000
011
111
110
0
1110
011
11101
1001010
11111011010
0001100
11
1
1
01
110
100111
110
01
111
11
11100
00011
111
11
0111
0
10101110
11111
010
11
01
0110011
00011
0010
0100111011001111
0
0
0
00
1111
1111
1111110001
0011
10011010111
0001011
1
101
1
001011
010010
11111100001
011
11
11011
1
1
0
0
1
1
11010110
11
1101101
11101111
110
1
1011
111
1111
111
011
1
11
11001
100001010000000000
0111
1110100
01
11110111111
0
1
001
1011
0100011
101
11111
1011
001
111
111011
1
110011011
0
111101
100
11
0111
0
110
10000000
111
101111
11
11010
11111
11
10011011
00100000
11110010111
1010111011111
01001
1011111
10101011
1111111011
111110100011101
1010010
000011
11010
11111101001
011111
1110101011
1110111
11001
11
00111
1
01101000
1
11
001
11
1011
11
111111
11
0
0
0
0
0
0
0
0
0
0
0
0
0
0
0
0
0
0
0
111101011110
11110
1011
0011
110
11
1
0001
0
0
0
0
0
0
0
0
0
0
0
0
0
0
0
0
0
0
0
0
00111
11
011001
010000001000101000000100000110
111
111
111
10010
1101010
111
11
1
11
11010
11
111
110
0011000
11011
0
11
1101
1100
011
11
110
1
011
111
111
111
00
00
1101001
101
11010
11
11
0000
111
1
11
110
11
011
111
1101001001110100001
1
101
0
1
0011
11
1001
11
0
011
01
11110
1000011
111110
11100110100
10
1111101111101
1111111
1111111111101011001111
0110110
111111110111110110111
001111111110111011111
10100011
11
11
11111
111010010
111101
110111111
011
1110000011011
1
100100111101111111101111010110000
11111
1111
01011
111100
10111011
1111
11
10110
110
11011
1111000
11011101110111111111111
1011
1100
00011011
01
11010101
0011
01
110
11111
111
111
0111
0111
1
00010001
0
11
001111
100001000101
1
1010
10111
1101001111110
11001
