10
0
0
11
11111
11111
1
1
0
1
11
0
0
11
1011
110001100
111
10
1
111
1110000
10
1011
110
1
0010
11
111
111111
101
1111000
111
110
1111
111100001111111011011110000
01001
00100001111
1111111
1111
111
10111
01
110011111100000000000
11
11
1111
1111
111011
1
000111
11
111
11111101000
011111111
1
011111111
111111001110
111101011
111111
011
0100111
101100110
110110110
001
0111
101111000
01111100
00011
1111110001
11
1101101
0111
1111100101111
011111001
1111
1111
01100100110001
11110000
1111
1
11
1111111100
111010111010001111100
11111
1111
11111
111
11
111110
1111
0
1011111110000001100
11
1101110011
1111
1111
1111
100111
1111
11101111
111
11111111101
11101
1
111
10111101
1111
1111
1
1
11011
11111011
111
00
10111010111111011
1
1
11111
1111
01110111101
11
111
111
1
1
11
1
11
1
111110101
111
11
000111
111101111
0
1111111
1101010
111
111
1
01111010
1011
111
11111
1111
11111
11110101
111111
111
101111
011
1011
1111
11111
1111110
1111110
10111
1
11
1
1
111010100
11
111011011
101111
10
11
1111
111
1110
1111000011110100011
111011
111
1111
11111
1
0011111111
11
111
01111111
1
111
11000111
1
110
111
110111011
10111
111
11
11111110
1101
011111101
111
11
11
1001111111
1
111
1111
1111
11111
111
11
1111
111111
1111
11001
0111
11100
101
111
11
11
1011
1
111111
11010
01111101
11
1001
11111111
000
0100111
111010111100100111101100
011111
110
111111111
11110
111101011
010
01110001
1101
1
1111111
1111110
10101
11111
1111110011
110001
111111
11110
1000
111
1
111
00
111011111
1111101010
111100111
11101
1
11
001
11
1
111111
100
0111011
111
11111
1110
00
00
0
1
111
11
0
11
111
011101100111
11
11111
1
11
11
101011
1
1111110
1000111101
110111010111110111000100100001
011
111
011
0011011011
1
1111
01
00101
11
11011
11
11110001
1111
111101000001000
0010111111110
1101010111
1111100110
11110
1
10
11111
010
00
01100001
1101101
00
110110111011
01101
111
111
100
0100
000
000
111
111111101
1111
11111
1111
1011110001
11
1
11
1111100010
11
11
1
1
1
0111110
11011
1
111
111
1
1
1
1
11
11
10111
1101
101
11
1
1
11
11
111
0100
101
1110
1111
11111
1
1
11
110111
11
11
0
1
0
1
111111
1111
111
1
1
0
11
11
1
01
11
111
11111000010
11
111
111
1111
1
111
01
1111
1
1
1
1
1
111101111
1111
1
1011
1
1
1111
1111
11
11
1111
111111001101
1111001111
1
1110100000
1
1111
1
111000
00111
1111
1
11111110
1101111001001
1111
111
10000111
1
10111
11111
1
00111
111101
1
10111
1100101111101
11111110
1
11011110
110111
1
1
11
0111
11
11
1
01
1
1111
110111
000
110110001000
1
011101111101
1111
11011011
1110011
11100011
1
10
1
11111
11
111110001
1111
11111
111010
1
110100111101010
1111
11110110110000
10111011
111
111
11
101
10
11111010001
0001111
11
1111
11111010111
111110110
1011111010
01
000
011101
110011100001
11
01011110
1
1
1
111011100100110011
0
01
1
11
1
111111
11111100100
0
000000
10101
11
11
0
11
1
1
10111
111111110
1010111
100010
11
111111
111
1011
1110011110
1111111111
0111
11010010000100000001
1011010111111
101111
1
10111011
11111
111111
111111
111
111111100101
101
0
1111
011
1111001111
011001
111
111011
0111
10011
00
1
111111101010000
000
11001111011
11111111110
10111010110
110111010
11111001
111111
10000
111010111
1111
110
111011
110111011
100111
111110111
11
1101111
0101110
11
11111111011
1111001
11111111
1110111
1111
11
11
111011
0
1110111101
1
1
1110001011101001
1
11111
00111111
1001110110111111
11
1
01111
10111000
1
11
100
0
11
1
11
111
011
11
1
0
1
1101
00
011
111
1
1
1
011
1
11
11
1100
11
11
1
11
01
11
1
101
1101
00
11
11
11
1
110
11
11
111
111
1
111
111
111
1
11
11
110110111111111100111111101
1101111111111110110111110
110111111111110011111111111
111011101110101111111101
1111111111101111111111110111
0000001111101110101000101011000
10
101110101111011111011111111
11101
1111110111111111011001111101
01101111001110011101101
011
0111111110111111111110
1000
011000000101010
1010
0110011110011111111111111
10000011111111101011010111100
111110
111
110110100110111111011000110111111111
111111111111111111111111111
11
100010
1111111111001
11111
111
11111111111111110111
000
11101
11111111011111110111
01101
10111101111111111010000111111
1
0100
00111
0000
1111011111111111111111100
00001111100101
1111111111101011011101111110
00
10
0111111111111011110111111
111111111011111011101011
11001
111111
0000
00011
101
011110111111111101001010101
11010
111110111111111111110101111
1011
110
111110111101111111011111
1111111110111111110
11011
100111
0010001101111111001111011011010111101
10110111101111110101111100001011101111001
1011111111111011101111
1000
101
11001
1111111101110110101111011010
11100010111001110010101100111
00
0000
111111101000011111111011111
0110001111010
1001
101101
110111000100
1111
1110111
11
11
11111011111111100111011111101100111
011011111111111111011011111
11111111111111011111111
11111001001111110010011111111
00110
00010
11
010
10111
11101111011111110101111111011
111011111111111111101111
111111111111011011011
11100
00
00111
0111010101
10110100000000
11100
111001
010
101111101111111111111110110111101
1
111111111001111010111
11000
1111111110111111111111111101
11101
111111111011111111101111011
10101
1110
01101
0101
1111011001100001000100
11111111111111011111111
00011101010011100101001000011111111
011
100110011000001
011
011110
101101
11101111111111011101111111
0
1101
11
0
111111110
110111
11
0
10111
111
11
11
0111111001
11
010000001111010010111111011111
1001110111111001011111100111
10010111111011101011110111
011111000111110111111100101
11000
1111
111101101111111011110100110011101011
11111111111101111111
01111
111101101011100110000110
1111
111111111111110111111
1111
1110111111111011110011111
01110011111110111101000001001111011101
011
00000010101101101011001
00010
0111111100111111110100001100
1111111111111111110111001111111
100000
1000000011111100110101011111001100010
101
111110111111111111101
0010
001
0100
11111111111111011111111
1100111011111111011011111001
0111
1110
01001000100110000111110100100001100000111100000010
01011
000011111110101101011011001000111
00010
000
11001111111011111011111101001101011
000101111111111111001111
111011111111111111110
11011111111111110111111111
111111101
111111111111111111011111
0
0110111011111101011110
11011
11111110010011111011010001101
0011
00
10100
11
011
1
1
10
111111
11
111
1
1
1
0
0111
1111
0111
11
1111111
1
111
01
0000
000
0000
1110111
11
0110101
0
011010
0011
01
11
11
111110010
11011
101
0111111111101001
1111
0111111011
01
010111
00101010101
11
1
1111
11010111101
101
1010
111111000100
111011010100
1111111
1
00111
11111
0101
111101
01111
11111101
1110
1111
1111111111110
11111
01001001101010010000
10101
1000111
11110
11
111
10111111
111
0111
11010
1111
11
101111101
11111111
11111
1100
101111
1111
1111
11111
111
11111
101111111
111111111
111110110
1111
1111111
11001
01111110
0101110101110
11
011
1111101
111
1111111110111101
111111111
111
1111111
1
1111101
11111111111
111011111
111111
11
111111
1111
111101
1001001
111111
11111
10100011
1
111101
10111011
11110
011111
1110001110001
111
11111
11
1
1
11
11111
11111
11
11111
010111
01
11111
1
1
1011
1
1
111
1100
111
001
1111
0
1101
0111
1110111
11
11111111
11111
111
111
10
11
1
01
00
11111
1111
0
0111
11
11
11
1
001
011
00
111
011
111
111
11
1
1
11
11
1
1
1
1
1
11
11
11
1
1
011
111
111
101
1
1
110
0111
110
110
1111
11
10101
001
11
1
11
11
11
11
1
11
11
0
1
1
11
1
11
11
011
0101
1
101
1
011
001
11
1
0
0
1
11
1
11
11
11
11
1
1
1
11
01
1
1
11
11
11
01
1111
0
0011
11
00
11
1
11
111
1
0
00
011
11
1
11
11
1
11
1
1
11
01
11
11
11
1
11
1
11
1
11
1110
1101
111
11
011
101
01
110
0111
1
001
1111
0
1
111
11
0111
1110
11
1
1110
11
1101
111
111
100
1
1
1
1
0
1
1
1
1
1
1
1
0
0
1
0
1
1
11
1
1
1
1
1
0
1
1
1
1
1
1
011
0
1
0
0
1
1
1
0
1
1
0
1
1
1
0
1
1
1
1
0
1
11
11
111110
11110010000101110001
1
11
1111
11
111
111
1
1
1
1
1
1
1111
1
1
1
1
0
1
1
01101111
0100
1
1
11111
1111
111
1
1
0
0
1
1
1
1
001
1
0
11
1
0
11
1
11
0
0
1
01
11
0
010
11
1
1
0
1111
1111
0
11
111101
111
1
111
11
1
101101
1111011
111
111
1111
11
1111
111
11101
11
0111
1
11
1111
011
1
1
111
1111
11111
0111
10001
11110
0011
111
1
1
1
11
11111
1
111
000000
1100
1
111
011
11110
11010
111
101
1
1
11
1111101
0
1111
11
1011
1
11111
000011001110
11111
111111011
1
001
1
1
111
111
1
111000110110111
0
0
11
000
11
1
11
11
1
0
110
1010
0
1
1
111
1
111
11
101
001
00
1
1
01
01
1111
1
1
1
1110
1
11
0
11
111111111111111111111111111111111
1
111
11
1
1
1
01
1
111
0
1
1
11
1
0
111111101
1
11
1
1
1
011
0
1
1
11
1
1
111
1111
1
10
0
0
0010
111
11
0
11111
1111
11
111
1111
111111
11111
011111
111111
11111
1
0
100
0000111
0110
11101
1110010110000011
1111110
00000010
101
1010000
1110111
111110001101101
111
1111
0111
11111
000110111
11110011
011100100110
1111101111101000011101
11100010000000
1
01
000
1101
1
1
11
0
11101
1111
111
1110
0110101
111010
1101111
111111111
10111101
1110100011
111011
11010010010101011
011110011
01111
10
111111101100110000000
1010
0101111111101000
111110
11011100000
0100000000
1111101
000001000
011
00111
0000
011111
101111
11111001
11111111
0000
01111
0
1
1011111100001010
1
11
11
111100
1
0001000
0101
00111
0001
1101
000
10
0010000
10111011
111
0001
1100
0000000
0010
1
011111011
111111
111
0
11
1110
1
00111
100
111
0000
1
1101001
11
1
11
101
1
11
1
1100
11111111
00111
1
1011
111
00000111
1000
001110110
000
000
1010011
00
11011
001000
1101001
10011001011011111111111101111101110111
11
1
1111010111011
00000000111
11
1
101110101
11
1
10
1111
1111011110111100111111111
1
1
1
1
1
11
1
0
00
10
1
1
10
0
00
00
1
00
00
0
0
00
00
10
00
0
11
00
1
01
00
0000
0000
10111110
010100001
000101111
11101
00
1
1
01
111001
101
1
11
1
1
0
0110110111
1
1
11
1
1111
1101101
111011011110
10011
1111110110
1101111
101
11111
1111
1101011010
10111
1111000
11110011
010111110
11000000
011001100001100000
01100011011
11101
11100011010011
111101011011001
1101011001000001
00
001
1
1
11
1
1
100101
1
11
1
1
001
11
1
11
1
1
0111
1
1
1
0
11
11
10
1111
1
01
01
111
1
00110
011
11
11
11
101
110
11
11
1111
111
1
11
0111
1
11
11111001
01000001010010011001011001100000
0110001
0111101000
1100011001010000001
0000000100010
0010111
1101100
111111
11011011101000
1010
011111111
10001010110000001110000
11101
0011111
0110000100001
1111100
110001111001100000
000000010000000000000
00000001010001000100000001010
01011100100
110111
1
0
100
11
1
11
0011
11
11
0
0
0
11
1
00
11
01
0
11
00
0
00
0
00
0
0
1
1
111110100
111
111
00010
10
011101110000101
0011
000
1111
1111111
0110
111
110111
1110101000010
101111
1111
11101
100111100
10011011111001001000000010000
0010111
1100
111
011
011
000110011000000000101000
000
1
1
11
0
010011
1
1
1
1
1
1
01111
001001
10011
1
0011
000001000110000
0111
1
11
11111
1111111
111111001010
0011
11100
101111
111111
011
11111
111111111100
111100011
00010011
11101000
111
1111111
1101101
10
01
1
11
10
0
01
0
11
11
11
10
11
1
1
0
1
0
00
0
00
1
1101
1000111100100001
1100100100000
111011110101100010010
11100110100
011111100000
111100100001000
0000
111
1
1
1
1
11110001000010000
1110110
01
1
11
11
0000
1
00000001
1111111110
0000000
0100010000010000010000000
100101111001
01111101001
111
111
1100001011
1
01011
01
10
01
11
01
10
1
10
00
11
0
00
1
01
1
1
0
11
0
11
00
10
0
1
10
111
11
1
01
00
010110101
11001111011
11111111
1
1101
000111
110000
01011
1
11
11100
101
1
101
010
01
11
1
001110001
11
1
011
101
101
11100001
111111
00111
01
100001
111111100
01111
110010
111
111111010010
0111
0
1111
11
1
1
1
1
110111
0111
1
1
1
1
00
1
1
1
1
1
1
1
1100
1
111
0
1000010110001111100000111000101000010
1
1111
10
0011001111111110011101111111111111
11111
11
111
11
01011011100
11101
1111
0110100001
11
11
1111
10
001
1
1111
11011
11
011111
1101
1111
11
11
111
00111001
110
01
1
00
101
10111
11
1
10011
1
010001100101111001010101111000000
1
1
11
1
1
1
1
1
1100
0001
1101
1
110111
1
01101
0000
11
001000110001101100011
1
01
1100111111111111011
0
111
00
0111
0
1
1
1
0
1
1
1
1
1
1
1
1
1
1
1
1
1
1
1
1
1
00
000
1
1
1
1
1
0
1111
1
1
1
1
1
1
011011
01
1
11
11
1
11
1
1
0
0
11
1
011
1
111
01
001
1
01
000
1001
0001
0000
11
1
11
1
11
101
0000
001
101
0001
0101
0000
1101
000
111
11
1110
011
101011
111
1000
1
1
11011
1
11
001
1111111
111011
00100100
1111
101
1111011
0010010111111100
1
1
1
1
1
1
1
1
0000
01
000
0011
1
10
001
0111111
0
0
1
111011111
1101111
011
00
00
00111111111
1110011
11111
11011
01
11
01
11
10
1
111111
10
0010111
11111
1
1111010101000001
11111
01110111
110101
0111
111
1
1
1
1
11
11
1110110001
1
10111001
00
01
11
011
11111011
111111010
10111
000
00100
000
0110
000
110000
011
1
0
11
0
1
01
1
11011
1
11100
111
11
011
0101
01
1
0
1
1
1101
00
0
111
00001000000000000000010000000
1
11101
11
1
1
1
010
111
11
1
1011
11
010
011
1
1
1
1
1
0
0
1
0
1
1
1
1
1
1
1
111
10
0010
11
001
111
11101
101
11
1110
1
1
1
1
1
1
1
11
1101
0
11
11011010110101
110011
1
11
11
1
111
1
111
11
01
11
001
111
111
111011
11
111111
111
110111001
111
110
11
11111
1111
01010010
111
1
11
1
11
1111
11
011
1
1
11
1
1
11011111111100
1
01
1
111
1
1
11
10011000
10111110
1111111
11010111
01101111
1110011
111011111
11111
111111111
100011
10111
01010
00101
110111011
10111111
01111111
01111
10100
1111
01111111
11001
000111
10001
111010
111111
0001
1110111
11111
11101101
11111110
1101111
1110111
11011111
01111111
1111100
0111111
101110
11101111
111111111
1
1
1
110000
1
10110001
11100
00001111
000
01000
1
11
1
1110
01111
1
11
11111
01111
1001
10
100001
11
1
1
10110001
100000
1
1
01
1
1
111
1
0
111011
110000
11110
1010
10110
1011
101101111
111
010
1110111
11111000
10100111
110000
01101000
010110
100000010
111
1
0001000
0111
000101010
000111
111111
0101
101110
0
1
1
0
0
1
0111
1
0
1
1
111
100110
1
11
1
0111
0
1
1
0
1
011
00
011
0
01111
11
1
11
111
11111
1
1
1
11
1
011
11
111
1101
11
001
1
0
1
1
1
111
10
1
1
1
01
001
11
111
1
0
11
1
1
1
00000
11
01
111
01
10
111
0
1
1
01
1
111
11
11
00
0
01
1
010
1
111
1011100
111111
0
000
01001
01
0111
11
110
11
1
11
01
111
10101
101
1
1
0111
111
1
1
110
11
10100
110
110
1010
1110111
0
11
11
11111
11
1001
01111
110
11000001
1
11
1
1111100010
1111001010
001
111
1
111001
0011
1101
1101
1111
101
111
11
0
11111
111
11
1110001011110111
111
11111
00011
101101111
1001
1111111
111111
111111
111111
111
11
1
010
1
101
1
1
0
01
1
1
0
0
1
11
0
110
111
1
111
1
11
11
111
1101110
1
110111
11
1
1
1
1
1
1
11
1
0000
0101
1
1
111
1
111
1
1
1
11
1101
111
11001
01
1
111
011
1
0000000
111
101
11
11
001
1
011
0
111
0001
1
01
1
1111
11
1011
1111001
101010
00010110
110111
1
1
1
1
0
1
11110110
1
0
0
1
11
11
111
1
1100
0
1
1
0
1
00
0
1
10110
0
1
0
1
1
11
001000
1
01
1
0111101
1010
100
11
111
11
10
1
1
11
11
11011
11
1111
1
11
111
111001111
111
11110101
1110100
1010111101111
1111101111
01010
11011111011000000
11111
01101
10111
0000000000101000000011101000000000000000010000001
111000110
11
010110110001
001
010
000100101101
11
11110111
110101011010
1111101111
011
11111
11
11
01000
111
111011
11
1
1010011
011010001
11
1111
1000100
11000001001
1
1100
01
01
101
0
1001110
011111111011
000
11110001111
11111110
11111001
1100111011111
111011101
10100111110
0110100111111101110
010001
11111010111
10010011
0111111
10110001
1101011111111111111
1111111
111111
101111101
11001110111111
111010
1111111010
111111111010
111111111011
011111111
11111111111
01
0
1
001
01
01
111
00
01
01111011111111
011
10011
1100
0111
11
01
1
10010
0110001001000
10011100
10111
001011011011010011011100001001
1
1110101
10111101111111
1110010
0
1001111
110001111
10110011
0110
11111111
100100000
111011010111
1111001
1111111011101110
110101
1111
11101000
1
10111
000
1101
1
11111
1110001
111110011111
111
1
11
11
1
01
1111
01
10
1110
1101
11
11
0111
111111
1111
10010
0111
11
111110
001111
1
10111000
1111
101010
1111
011111
1111111
01110
11101111111
10111111
110111111
011111
111111111
1100101
110011111011111
11111111110
11111100000000
11111101
1110
1111
11111111111
1011000
011001
1111111111
00000
101010
111111101111
111111111110
11111011010
000
11100111
10
10101
001110011100111111110
1010101101000111
0101110011
1
11
11100101111000100110
11111110110100111111
11111111111
111111101
11101111001111111010111
111110100011110110011111
1101011100111
11111111
01101101010001100011110
101011
11
10
100111111
1001010
0111
111101111101101011101110011110100
01110100110
11
1
11
1
111
11
111
11
1
1
111
01
1
101
1111
1
1
111
11
111
11
1
1
1
11011011
00000
11111101
011010010001101110011
101111101
0111
00110011
11111111111
10011001
11111110
110111
111010011111011011101
11111
11111011
0110011
1111111
10110011
11110111
11111111111
111
111111101
0111
00001110011010
1100
111111
111
1110111111
0110
00011
00
101111
10011101
11111
111111
1111111110111
1110101010010
11
1111
111
10010011
011011101011
101
11
11
0111
1
00
1101
111
011
1111111
111
11
11
1
111101111001
10011111
1110
11
01111
0
10
100
11
110
111
101011111111
1111111
010111
10000100
1
1111
111
1111
011111
101101
111
0110
11111
1011
11110
11111
1011111
011
1011
1010
11011
111101
01110
011011
01010
1111000
0110
1000111
1
1
1
1
1
1
1111110011110111
01011101001110111001
111010101100
1111110
00111111
111111011
1111
1111111101
111111111
1110110101
11111011
01111011110
11
0111111111111
11111101101111000
1111111101
110
0
1
0
111
0111
01
11101
0011
10011
1
1
1101
1
1111
1
1111
111
11
0110
111
1
1101011
11
111
110
11
111
111
0
1
111
11
1
111
111
111
1111
111
01
101
11
1
10
10
0
0111011
01
11
1
11
1
1
10
11
1111110001
01
11
1
11
11
1
11
011
111
1
01110
1
1
1
10
11
0
1
1
1100011010111
11011001
11101
111
0101000000000
1111
1111
11010101
01111
111
1
0111
0111110000011
1
11
1010
0101
01
111101100010
000010011000
01010001
0
0110101010
0
1
11
1
1110
11
11
011
111
0
11
1111
011
1100
1011
11
111
11
1101
111
1111
1
11
111
11
11111111
1111
11
011
11
1
111
0
111
11
010111101
00110
00
1
1
11
101
1
11
11
1
1
11
0
01
11
1
11
000000
11
1
1
1
1
01
11
11
101
111100
1
1
1011
101
1111
10
1
1
1
1100
11
10
111
1
11
11
111
001
1
1
111
1111
0
1
1001
011101111
01
11
11
11
1
11
11
11
11
11
1
11
111
1
1
1011
111
1
1
111
1111
1
1
111
1
1111
11
11
11
111
1
111
1
1
111
00100000
011
00011
1
011
11
11
110
010
011
11
1
0
1111
10111110010
11
11
01
11
11
1
111
001
10
01011
1
1
1
1
1000101011
1
1
01
11
111
1111
1011
111
11
11
110
11011
01
1
1101
11
1
111
11101
1
1
111
0111
10
1
1110
0101
11
110111
1111
111
1
1
1
11010001010001
111
1
1
0
1
1
0
11110111111
1111
11111
11110111
1001111
1111
11100011101111101
11
111111
01
1011
100
111
11
111
01
11
111
11
11
101
111
011
11
11
011
101
1
111
1
011
01
11011
1
0
111
11101011111
10111101
110101
111100111
11111010001
01111
1001100001111
0011111011010101110
1111
111110111
1000111
11011110
10010011111111
1
1101011101
0
1
0
0
1
1
11111
0
1
1
0
1
0
1011
1
1
1
1
1111
1
111
111
1
111
1
0
1
0
0
1
01
1
1
1
1
111
1110111001011111011
1
0111
0
001101
111111
011
0011
11
1
111
1
01111
11
1
0
1
1
01
11
0001
11
01
11
1
11
111
1
1
1
011
11111
1001
111
0
111
1
1
1
01
11
01
11
11
11
1
11
111
11011
111
1001011
1
0111
001100110
1
1
01
00
1
1
0
1
0
11
1
111
101
110111
10011110111
11
11101011
1111011
11111
00000000110011110000011110010000101
011110
10110001100000110001000001
11
100
111001101101
1
011
1
1
1
01
1
0
11110
11
0
010
111
001
011
111111010011000
11
1
1010011
0
0
1
111
1
0
1
1
10
11
111
011
11111111010
01101011000111001001010
11100110111
100001111
1
1111111010110000
110111
111111
10111
11111101
100111111
1011
11
110110
11111
111111
00001
1
101
00
00111011
111100
11
111
11011
1
000111000
11111101
11
001000
11
1
1011
111
11
011001
01
1
11
1
1
11111
1
1101111
1111011
1011
11111010
1111110
1100111
111011
11111111
1111111
110110111
110101
10110110
1111111
01100111
11011101
111
11
1
10
1
1
1
11
1
11
1
001101
1
11
11111111
111110111
11110011
1
111010001
111011101000100
111111111
11111101
111111
1101111
111111111
110111111
1101111
011
11
10111111
0011
011
1
1
11
11
1
11
11
1
01
1
0
1
1
1100011
11
1101
01101
011
1100
0111
0111101
10001
1
1
1
11
1100
101
0111
01
1
1
010111011
000011001101
11111
11
10
10
00
1
11
10
11
1
0
0
11
0
0
01
1
01
01
01
10
1
01
1
1
0
1
1
1110111
1111
11
01010111
111011
0
1
1
001000
100
111101
00011
1010011010
11
0
1
11
1
111
01000101
1011111
111110011
111000111111
1100011
0001010101
111
10110
11111
001
111110
11110100101
1
111111
01
11101
111010111
11000101100
1100111
0001
111
11100
101011111011010011100
1111101000011
111
11110
011000
011
1110010
11001
110111100
1111011
1
11110
01
010001111001
01100101
11101
00010000
1110100111
1011111
111101
11000
1110110010000
101111110100
10100
0111001111
0001
1111111
0
111001
0010
01
0010010
111111
011010111
000
11110110011
1000
11101110100
01101010000
101001
011010111
01
1111
1110111011001000000
11111
11111
01
1100100
110001111
11011110111
11
011001111111111111
11100
11110110
11110101110
1101
11101111
10101101
011
111001
0
01001001
1001
11
01
1
11
001
010
01
100101
1
0111
1
110
001
010
110
111
0001
111100111
0011
111011
111011
111
11
110
11
01101
0111111100110
1100110000001
11100111
11
1101
111
01011
00000101
11
11
010
1
111110
11
1
01
0
1
01
0
0
1
01
0
0
11
11
10
01
11
11
10
01
11
1
11
10110
0011
1
111
110
01
100000000
11
1
100
10111
1101
1100111
1
0
1
11
11
1
01
11
01011
11
01
11
01
1101
11110
1100111
10
01
01
11
11
1
11
11
1
10
0
01
11
11
1
0
01
1
0
1
0001
11
1
101011
111
1
10
0010011
0
1100101
111
1111
0
1110
111
011
110
1
1
11
1100010
1
11
1
01
11
11
11
11
1111011
0101
11
110
1001011
11
111
1
11
11
111
1
1101
1
11
11
11
1
11
1
11
1
11
1
111
10
101
0
0
0
0
1
00
0000
11
111
1
11000
1
10
11
01
00
0
1
111
01001
11110101
1
0
0
1
00
011
111
1
1
110
1001
11
101111
011111001110
111101
111001
01101
1000100011111
11101000010000
101100
1110111
10110100100
01101
111111111111
111111111
1111111011
111100111110
1111101111
101110111
1111000011111
111101111
0111111101111
11011111101
1001101
111011111
00111
01111111111
11
1
111
11
1
110011
011100
11100
10010
1101011
01100
11000
1011
01000
1011
110
10
10010
1110
101
000110
1111111110111
111
11111
11111101110
111111111110
1111010111111
111111111
11101101100110111
1110111001011
111101
11111011101100110011110111
1011111111
1011111111110101111
11111
1111111111
111111101111
11100111010
110111
11111111110
10111111
111110111
1101
1101101111
0111111001111
1111111001
1111111
011101
1110000101100011101
1011111
00111011011101100011
10111101
11111100111
0010
0
1
1010
11001111
11101
1111110110
11110111
111111011110
11011111111011111101
1111111110
111111
110111111110
1111110
11111101111110111111110011011
111011111
110111111
110111011011011
1101111
111011111
1110101111100110
1111111111110110
1111111110
1111111111111101
111101011110
0111111111101
11111
11111011
11011111
10111111
011
11
111
11
11
11
001
111011111000000001
0101111101
0111111101111001
0
11111111001111111
110011011101010010111001
011101111010
11101101001011
100
111
0011
10110
1011
1111111111
11011
10001
10011
010011
111111111
1011
1000
1011
111111110
0000
11111110111110
1111001111
01110101
110111111111011110
11110101
111100011
1101110
10111011011111
11001
111111111
101110111
111011
111110011
00011111111
01
111111111110111111111100
111111111
11111111110
11011110111
11111111
111
10110
111111111110111
1111110111111101
111111
101
11011111
011
0
001
1
0011
01001110100111100110100
1
111
111
0
011
1
10
11
001
1011
110
10111
1111110111001
1
11100
1
1
1
1
110001
100001
111101
011
1100110
110011
1110
1011
001111
1110010
110111
1110
11
11000
1111
1111
0101
100011
00100
11001
000101
1100
0100110
010000
000100
0
1110010
1010010
001110
000110
01000
0111
00110
0001
01000
01000
10000
1011
100111100
0011
011
10
1011
0001
000
010
11
011
1
11
1
111001
1011
11000
00001
1001
1
00000
1100111
10011
00000
00100
110001
0101
10111
01001
1010111111
01101111011
0001101111
111011011
0111011111
1110011
011011110
0010101101110
001011111
011011100111
001101
1000010111
00001001
1000111001001001011
100010
10001111011
1101001111110001001
101001011
01110111
111010111
1100111110
010000111001
010110
1111011110101
11111011101
1110111011
0111001010011
111101111
1011011011000
11
1
0
1
10
0
0111111
1111
1
11
1
0011111
1
111
11
111
010110110
001111101
001101011
110001110011
111100111111
0010001111011
001010111011100000
000101100
0111
010110
0100100111100
100100111
110101011
01000111
11101
101101111110
1110011110101
11100011
101100111
111111011
1
0010011100001
01111001110
00000000011
00011101
1111100011
010110001
100111110011101100
1111011100
1101111
11
100011
11
0
1
1
111
011
11
1111
1110
1
1111
0
0
11
00
1111
1111
11
1
1
0111
001
0
0000
111
1111
111
00111
10010
00
111
0001
1
011
11
111
1011100
1
1
111
1110
000
011
111011
111
11000
11
1
0110011110011
1111
00000
01
11111010
00
1
1111000
010
0
1
1
010
0
01
0
01
1
11
01
1
11110
111
11011
00110
0111
1011
1101101
1011
0101
111
1
1
1
1011
101
00
011
00001
1110
1111
00011
1
0
11
0000001100000000000000
11
1
101011
1111
0000
001
111
110
011
00111
011010010101
01001
011
01
1111011
100001001000
0001
1101101
0101
01
10011100101
111
111
1
11101
011
11
1111
11001
111
11
11
1
1111
01
111
0
1
10
1001011
1101010
11111011111000
001
0111111111
1
11
111
1
10001
111
11111
111110
111
11
1
1111
111
0111111011
111111
0
111
111
11001
1111
10
1111
11111
11
11011
11
011
1
111
1111
1
011
11111
01111
1111
111111
1111
1111
111
1011011
1111
111
000100
11
1
111
01
01111
111
101
01111
11
11
11
11111
11111
10
11
0
01111
0
1100000001111
1101
1
01
1111
11101
011
11111
1
1
1
111
11
1111
101
11
0
1
11
11001
1011
11
10110
00101
11
1
01011
1
011
0111
11
11
0111
1
1
01111
11
1
111
010101
011
0
101
10101
1
001
11
00
011
11
11
111
10
111
100
0
111
1
101
1111
01000
110
1000
1
1111
1111
10011
1111
1
0
01101
0011
11010
11111
01
111
1
1
111
1
001010
1
11110
011
1011
01
1
111
0111101
1110
11
1
01011
11100
10
011
011
111
11
11
11
11
0
0
11
111
0111
1
11111000000
11
1110111101
11
11
00
11
1
001001
0
11
11
00
10
0011010
1
1
0
00
0100
001
00
11
100
0
10100
1101
1
11
00
1
001111
111111
1111111
1111111
1111111
10110
1011101
10101
111111
1111
011011
11111
1010110
010101
1111
11111
111111
1111111
111111
111111
1
11111
0110111
1100111
1
11110
11
1001
101
111
1111
110
110011
11000
1
0100
0
11111111101111
1
1
1
0
0
11
11
111
1
000
1
11
001010
0101
010
101110
011100
1
1111110
10111
0010
11
00011
11
1
100
0
1
11
1
1
0
10
0001
1011
1
11
1
10
111
0101001
1110
011
1
111
1
1100
100101
0000
1111
101
1111
11
01111
111
111
111
11
0111
11
1
10
1111
11
111
1
1
1
1
011
1
111
1
11
111
11
11
01
1
01
1
011
1
11
01
1
1
1
1
111
1
11
11
1
11
01
1
1
1
111
11
11
111
11100
101
11100100101011
11
101
0111
1
111
010
1
0101001
1
1
1
10
1
11
1011
1
11
10
1
11
0
10111001
1
01
1
1
1
1
1111
11
1
10011
1
11
0
01
0110
1
11
1
1
1
1
1
1
1
1
1
1
1
1
1
1
1
1
1
1
1
1
1
1
11
100
11
11
11
11
11
1110
111
1
1
1
1
1
1
011
11
011
0001000101010010000100110000111110000000100010000010
11
0111
111
1
11
1001
1
1
11
00
0
01
000
01
001
1
1
010
1
01111100000
11
10
0
111101
1
1
00101
11111111
111101
111
01
1
1
1
11
0
00
0
00
11111111101
1
001
0111010101
111110110
1111
1101110111110
1111
01
1111111
11111111
11111111111
111110111111
1111101011111
1
111101
1
111
01
110
10111
11
110
010
1011
011
111
11111
01111
111110
0000111
0
1100110
011111
100111
1
00111
1111101111
1011
011
11111
011
11
10101
001
11010
1
1
11111
111010110
11111101111
1111011111
11110
11
1110111111111
10010
011101111
1110
1000011
111011111011
1011101111
111111
1
11111110111
11100111
11111010
0111
1111
11110110
11
011
1
1111
1110011
1111
111
1
1
11011111
11
1111
1
1
1
1100
1
1111
0000101
01010
11
1
0
0101
111011011
11
1
11
1100100111011111
11
1
00
010
11
011
111
1
0011
11
0
0
11111
101
111101
1111010111
1100
1
001
10
111
0
111110110011000111
110
0
1111
11
0
1
111
100001000100000010111110100000000000000000000001
111
1011
0
11
1011
11
1111
1
11
11
11
1111
0110111
1111
10
111
111
11111
01111
11110
111
1111
111
111
11
1111
1101010100010
11110101
100110000
11
0
1
1110
0110
11111101
111111100101
111011
0
11
111
000111000110100110000000010010
11
111
111
111
1111
1011
10110011
1110111
11
111
0111111101
11111
1101111
111
11
1110
1111
11001101000100
1100100111111
01
1
111
01
01
111
0
011011011
11111
11101101
11101
11111
111
111111001
01110100110100
11011101
0111
11
11111010
111010101
1111010111
11110001
111
110110
1011
00
10100
00
1111
11
1111
1111
111
1
011
11
100010011
11
11
11111
11111
111011
11
001
11
1
111
1
111
1
11111
1001
1
100100101
1
1
1
1
0000000000000
011
000
111
0101011
011
01
0
1
0
10
111
1
11
00
1
1
01
11
11
0
100
1
1
11
0
1
11101011
1
0
1
1
1
11010
11
11
0
111101111
11
0
11111011
1111
0
111
1
001111
1
10
111
10
100
10
1
0
00111
1
000000001
111111
10101
110110110010
1
11
1
11
1
11
010001
111
0000101
1100
1
1
1
0
1
01
1010110000
0
1
010
1
11
1
1
11
11
10
01
1
111
1
1
1
11
101
11
11
1
01
1100
0111
111
1
111
1
1
0111111
110
0
0
01101
01
01
11111
11
1
11
1
111
01
1
1
11
11
1
1001
0
111110
1111
01100101100000
00100101
01111
1101
0111
11
11
11
0
111
11
1
0111
00
101
11
11
1
001100
10
11
0
1
1
1
11
1
11111
1111
11
1
011
10
1010
111
1
0101110
10
1
010111
011
10101010000111
0
01111
11101
11
11
11
11
011100111010
011
111
1111
000111
11
111
00111
11011
111
111
00000
0100
11110011001100
00101110011
111
101
11
1
111
1
1
111011
1101010010010011
1
11
1
001000
1
1
111
11
11
111
1111
11
11
1110101
1
111
011111
011
111
1111111
111
1101111
111
10111
111
0111101
1
11
111101
111111
1
111
11110
11010
11110
1111
0
111
111
0111
1111
011011
11110
1110110
111
11
111
1111
01010101
1111
111
111
111
11
111
10111
0101
111
11
11
11
01110111
0
1
1110011011
111
11111
11
11
1111
11
1
11
110
0
00
00
1011
1
1101
1
0
011
00101
11111
01
11
101
1111
101
1110111
011
00
1
1111
1
1
110
11
11
00010
1111
1111111
1
01
11101
1
1
10111
1
111
11110
110
1
1
00
1000
10
10111
01111
1
1
1
111
1101
111101
1011
110110
0111
010
0
11
11
10
1
10111
1111
10
0
1
11
1100010
1
011
111
11111
11
1
0
1
1
1
1
1
1
0
1
1
1
1
0
1
0
1
1
1
1
1
0
1
1
1
1
1
0
1011
011
1
0
1
1
1
0
1
1
0
1
0
0
1
1
1
1
11
1101111
11111100
1111110010001000000
0011
0
1
1
00111
1
1
1
1
0101110
1
1
1
011000
11
111
10
011
0111
1
1
1
10101
0001
11
1101
1
1
111011
11
1
11
10000
1
11011
1011
0
11
110
111
11
110
0
1
111
1
11
110111
1
01101
10000
0000
11111
1
00110
1111
11111
11100
1011
10011
111111
1
11
00
010
01110
0110
1
010
1
1111
11
0100
10011
11
1
1
111
000
1100
111
0
01100
1001
1
000
1
00
1111
11011
0111
0
11
0101
11
0
1
10100
0111
00
0001
01
11
010
1
0
101
1
110
10
100111
1
1
101
1
1
1
1
1
0
1
1
1
0
1
1
1
1
1
1
1
1
0
0
0
1
1001
0
1
1
0
1
1
0
0
1
1
1
0
1
1
1
1
0
1
1
1
0
1
0
0
1
1
0
0
011
00
0101
1
00000
101
10
101101
0111
110110
1100
1111
010
0
0
1
0
11
0011
11100111
00
11
11
1
11
11
1
0
110110
111
1111101
1011111011
0111111100100
1110
01
00
1110
1
11
11
110110
1111100
1
11
1
11
1011
1
1
11
11
1001
1
1011
111
0110000
011
1
001
1
1000
1
1
1
11
1
1
1111
1
01
1
1
1
0111
0
1
11111
1
0001110001000
1
1
11
1
11
1
1011
11
11
111
1
0110
111
1
1
1
11
100
11
1
111
01
1
1
1
11
01
11
111
0
11110
1
1
11
1
010
100
01
1
10
11101001
101
101010011
11
0001
1
11
0
010
11
1
10
011
1
11
100111
1
1
1
1
1
11
11
11
1
0011
001
1
111
0111
111
11
0011111
11
0
1
1011
000000
01
011
0
11
11110111100
110
1110
0
111
110
11
111
1011
1
0
10
0
00
00
000
000
0
0010
100
0011
1
0
00
010
1
1
0
0110
100
11
1
1
11
1
01
00
0100
10
111
00
1
11
0
110
10
0
0011
01
0
00
00
101
0
0
000
000
0001
0
11
1
00
001
00
00
0
101
0
0
000
10
0
010
0000
0111
0
00
1111
0
1110
1010
00
1000
000
111
0111
11
1
01
0111
11
00
0
10
1111
10
1001
111
001
0
10
1
010
1
10
1
111
011
0
1
11
01
0
01
1
1
11
0111
11
10
101
1
1
1
11
1111110
11
11
11
10
11
11
011
11
11
10010
001100
100
00
1
110
10
110
0
111
010
011
0
11
1
111
11
011
1
1
100
1
11
1
1
01
1
1
1
0
1
01
1
1
11
01
111
111
11
11
1
0101
1
1
1
1111
1
111
1
001
0
00
10
01
1
11
01
11
1
00
1
1
1
11
111
011
11
1111
11
11
11
01
1
1
10
1
11
00
0
11
01
01
1
10
11
01
0
11
0
01
1
1
1
1
11
01
0
0
0
1
11
0
01
1
11
1
00
11
1
11
01
0
01
0
01
11
1
11
1
0
1
01
11
0
111
11100
1
1
1
00
11
11
011
0
0
1
11
11
11
011
1
11
1
011
1
11
1010
111000111
1111
11
1
11
1
0
100
01
1
11
111
01
10
1
1
011
0
011
0
1
0
0
0
0
101
1
1
0
1
0
0
1
1
1
1
1
1
1
0
0
0
0
111
1
1
11
11
11
110
11
111
0
111
1
1
1
00111
1
0
11
1
0
10
1
11
10011
1
1
111
101
10
01111
0
1
01
1111011
11
0
11
11
011
01
1
1
0
001
1
1
01011
110
111
10
11
0
11
111
111
0
1
1
1
00
0
10
01
1
1
1
11
1
111
11
11
101011
11
11
01001100
10
1
1
1
1
1
1
1
11
1
1
1
1
1
1010
11
10101
111
111
1
1
11
0011
1
1
11
11
1
01
11
1
101
1
11
0
0
111
11
1011
1
1
0101
1
11
00
11
11
1
1
11
1110
111
01
1
1
11
000010
01
11
11
0
11
1
0
1
11
1
11
1
00
1110
111
1
01
1
0
0
1
1
1
1
1
11
1
0
0
1
1
1
1
1
1
1
1
1
1
1
01
1
1
1
1
01
1
1
0
0
0
0
1
1
0
1
0
0
0
1
0
0
1
1
1
0
0
00
1
0
1
1
1
0
0
1
1
0
0
0
0
1
0
1
0
1
0
1
0
1
0
0
0
1
1
1
0
1
0
1
0
0
1
0
1
0
0
1
1
0
0
1
1
1
1
1
1
1
1
1
11
0
0
0
1
11
1
1
1
