111110111
001
100
1011
111
1101100
1
011
101001
00100
111001
000
1111
0
1
0
1111110
0001
10
101100100
01
0
0
1100
01111011111
0111111011100
00000
111001
11
01101
11111
111
1101111
110101011
000111
111101
11
1010110
0
1000
11000
01111
11001000101
00
11
00111
11010111110
111
10001100
11111
0111
00111110010
1
011
101
1100
10
0011001
1000
101
0111
11
00
11
1
1010001
0
1110111
000
10
01
1
001101001
100
10111
0011
010001
111110011001
0
11101
0000101111
10
00
00
0
1111
1
001010
11001
111
00000
0111110
10
0
1
11
0
1
1
11
1
11101
1
1
011
010001011001
011
111
0111001
1111
1100011111
01111011
10
00000
011
01011
11
11
1111
1111
1
1101
1111011111
10101
0
1
0
11
1
11
011
1
111
11111
1
1
1
1
0
0
1
1
0
0
1
1
11111
000
001111
11
11
111111
0011
11000
1
11
11
0001
11
01
00101
0
0
0
01
11
0
0
1
001
01
1
01
01
0111
1
000
0
0
1
1
10
1
1
100
1
11111
11
1
011
011
01
1111
1
1
111
000
1
11
1
011
1
1111
1
01
011
0
1
0111
10
1
1
011
11
1011101
1
0
00
11
111
1
1
00
101111
1
111
11
1111
0
0
11011
11
11
1101
1
100
0110
11
1
0
0011
1
1101
010001111
1
1
1111
1
1
1100
1
111
0
011
1
0
011
0
11
11
1
0
01
0
01
10
10001
01
111
0
01
1111
11
1
111
101
00
0
000
1
001111001
01001
101
101
0
1
10
10000
00111000
11
110010010101000000000001
001
01011
00
11
011101
101
10101
1
10001
11
010000000000
0
1
01110101101
1
00
0001
11111110000000
1
1
11
01111
0011000100
1100
0
0100
11
00
00101
00001
1
1101
10001111100
100111
010001001
1101
1110100000
000
1
100
0
1
1
0
1
1
01
1
1111
1
11
1
111
1
111
1
01
11111
111
1
100
1
1111
1
1011011
1101
111
1111
11111111
1
001
100
0
00
11
1110
00
111
00
01
0
1
1
0
1
11
0
01
0
1
11
1
01
010
111011
0
1001010
100
000
0010
1
1
1
111
000
00
0
0
000
110000
011101
0011
1101
0011
0
1
111
01
00
0
100
10
100111011
00
10
0
10
010010111
111101011
1110111100111101
00
00
11111001
111
10
11011110
0
1
001011001011
1101100
1111
001
1
00
1101
00
11001
01
11
11111
11110111110111011
01
1
0
11
0111111
11
00
01
010
1
0
1001
0
011110000000101000010
110
10
00000000
110
00
10
1
110000
01011011
1111110111
1001011111
01
000
0
000
1
01
011
0111
11
0
10
00
1
011
1
00
1
0
0
0
0
11
1
1
0
0
0
1
0
1
0
0
1
11
0
1
1
1
1
1
1
0
1
1
0
11
11
0
0
0
0
1
1
1
1
110
101
1111
11
11
1
11
000
01
00
111
0
11101
1
1
01
1
11
0
0111
11
110
0
000
0
0
0
1100
1000000
0
111
1101
11
0
10001
1001
10
1
1
0
1
0
0
0
0
11
1
111
0
1111
1
1
111
111
001
11
100011
11
1
011
01
000
11111
11
11
11110
11
0101
1
11
110001111
0
1
1
11
0
1
11
101
10
01
1
00
11
1
10
11
1
1
1
0111101
1
11
0
1
111
0
111
11
01
1
1010110
1
0111
1
1
11
11
1111
1
10
111
0000
00
010
00101
001
110
100010
111
11
0111110
11011001
1
1
0
111
0000000000000000
1
11
10
1
1011
10
0
1
0111
11
1
111
0
01
001
1
11
0
01
0
1
111
1
00
11
1000
111
0
1
11
1
0
1
1
1
00
