01
10111011
1110000111100
00111011111101010001000
1100110101111000001
1000110010001110111111010001100010
010100000010010
01101100000
0
111010110000000
1111001
0
10110110
01001011
1111111
110100101001001
110000010011011100
01100010101
11000000011100
1
10110101011001011111110111110100111101011011
0111000010111111111100101111100000010
11101110111111110111
0011101010
0
0011101111
1111101
00
01110111111111111110111011
01110001011101
11110111110111000111010111
11111110111011101110
11111101101011111011
0111111111111100100011111
11111011110111011101
1101
0111111
1000111000
111111111111100101010110111111
0100011101111101111110000111111
10011111111111000
11111001111100011011011001010
0000
0
0000010
10101111110111110110101101000
1101011101010100110111011111011110011111011110110110110
110100001110111111010001111111100101
0
1110011100110000
011101101101101101111111101
1111011
111111101100
00110101101111011
111111100110111
0
01111110001
011101101001
100111111111111111111101110
111101101011111101111101111111010111110
1111100110111101101111110101111100
10101011101
1111111
101111011110110110111011
1111100110011
111001
111111111101011111101111011110
10110011110111010111011
01101101011111111111111111110011000111110110111110111110111101000
10
1111110
01111111011111101011
01011111111100111101110101110011011
11111101101101
01111001111100110111011
0111100111101101
11111111110101111000111
11110111111111110100110111001
10111
1101
100111111110111
11011111101001110110
1111110
000000011000100
1111110100111111111
11
11111101101111111100
1111011111111111111101111110110111
1111111111100110111
11110111
010110
00100
1111000011
10000
110111111010
1111001101111001110000100010100111101101111
0
110111110110111111011110011110001111111
111
01
110111111101100010111110
111111111110
11111111
101111111011101
011111101111110111111011
1111111001
1011011001
00000101110001101011111010
0100011111011101101101010101100001110011011
1111011111111100
101101010011101000000101011111
111111010110001010100010111000111
1111111
001111111110001010011011010110
10000011100111111
1101001101
11011101101
0000
1011
001001101111111101111111101001101000
100101111
1
0000010010
00100000100011110011010110100110100001
10100111101110111111100000
0
01110100110001
111100100111100
10011100111101010111110010
11111101001
1110
10110111111111110
00010010110011110010100010110000
11101011101101010011101
01110000110011110111010100000000100000101001
0000110
11010101100110010
00000001000
010110100000000001011
1110010110010101111
010000010000010110010
11100101011001
1
01100101000011101110011100110000011
111101100110011
111101001011100010001111111111
11111101
110000000110110110111111010010001001000000101011
01111111110111100101100001
110
01100
111111001111010100101
1101101000110101111111110000001101110011011
11111
0011111011001110111100
101011110110
111111011110111111000
1010001
000110
001001011010
1001100010
0000111001110000001011001010
111101101
00
000
1
0110110111010011111100001
011111011111001100
111
011011111111011101111000111110101101
111111101001111
0000
111101111110101100
010011
110100
11
1111111111010
11110111111
11111
01111111111101000011111111111001111101111110111111110110101101110111001111101
01111110101110101001
11111111100000
0
110110000001010
0
01
10111
10
0
11
0
11111111011111110111010
1111011
000
101
1
011
011
11
110
11
000
000
0000
111
110
00010
000000101010111001001100110111000011
0
01
0
0
1111111101000
1
0001
1100110101101
1111110
0011
1101110101
1110
010000101000011001
111111111101
11111010111011100011
1111100001011
0
0
111111111111110011
11111001101
111100
111111011110
11111011011111010
1111111110101000110111010
111111101101011100
1101011111
0111011
1
000000
0
01000
0
0000
110
10111
0
0
01001101011101011111001000011
001111
0011
010110111111111111111011000111
0110001101100000
111110101101110
10000000111101001
1110000
0011101
101110111
000001000
111
00000000000000000
1110
000111
111100111111100011
000
010111011110
01
111111111110
1101111
101100011011001
1110001
0111110
1101111
111010111111101111111011110110110001111111
11101011
110111011111
11111101011
0001101111111111000001
011
11111001
11111011011111
1111010101
111001111
1
11111110010111000
111111101111
111111011
11101100111100110
1000000
000000000000000000000000000
1110000011011001
1100
11100011111011
11110111
1111111111011
01
0001011011110
00100
111111101111101
0011000
011011101110
111
00000000000001110
01011000010011001110
001111011
1101111111011111100010000
11110000
101111011
011100110010111100101110001000000000010001011010010
01000100110
10010001111111
11011111
000110011
11010
0000
00
111010101
1011111111011010111111
111111111011101101101111111110111101011110111101
0000000000001000
1111101
111010100100001110100
111000111110
1111111
1000000
00
0111011
011100
111111101011011111
100000010
001
111100
0010110010111010111100011101100000000100100000001101011011
1111111001111
110101111011011110
00
1001101100100101011101101011100001001010101111
11110111110110
111110011000
11111111101001
1111100101000
11101111111100011010111011
111110011111101
1111110111010110001111011
111111110101101111
101111111110111111011
11101011111111011101100111101
10110
0101011110000
010000000001110001
1101
0000100101000011000000000001
111111100
1101
11110
10
111111
11001111
10100001011011001001111101
001001001110000111000010111110101001010111011101101000101000
111101111111110000101111
0111110011011
11111001
001111000100
0
1111100111
1
111
1111111100101
01110
10111
00000100
00
11111110111001001
1110111101
101111
111011110001
0111101111100111110
11101011111
10011110
1111101000111101011101010110
11110111001100
11111111101011
111010111111110111011111
11101111111010
1100110101
01011001111110010110000101100101
110111110011110011
0110101011111010101001
10010011
1
00
10001111111110011010001010100
00011010101111010010
111101111111
11101000111011000000
11111111101011011010001100
01011111111011011
1111111100111011
111111011101
10110000011101111111111
011100010110111011110
101010
11110011111
1111110101
11010101000110
0111111101111100010100
110111111101110101110101
110011
1111
011101101110
10
0000000111100
0101110101111111110001101111110110
10110111001
101011011111111011111111110111001001110011110101
1011
1011111001111111101101110101101
1110011111
11111
11011101
11110111111111110011
1111111010
0001010100000100111111101111011
1111111011111
1110011111
111111100110110101111111011111
1111
1111111111101
111111
1011111111001111101110
01101110110111
11
1101111
11111
01111
11
000000001101000001
11111111101111100110111101010
11000001110100
1111
1101101111110110110111011111000101011111110101111111110001101
101010
1100111110111111
00000
1011111010110
1110011101001011100111001
00100
1111101
111111110010111110010101111101111100101
0010111111011101
110011111111111110000111110
0111011110111
111111111110101010001110111110001101010111011110101101111
11011
1111101101011000101101111101111
11101111
1111111
11
0
1111
11
0001010110
1011
11111
111110
1
11111
1111110
1111
11111
00
1110011111011111
0000
0
01001000100
11
1100
000
11111101011101100
000110
10010111
0111100100110
1
0011
1
0110000100
1110010
110
01
0
0
1
1
001101000000100100
0
0
011000001000
111101101111101011000111
011010001000
011100010010100011011
1111110111110001
111111111001101
01111110011010011001011110011011111
10100000000
01001000001011101100100
1101111011110111111011111
0100110110101
10111110011110010111111111100101110101011011010110110
0100
1111111111010111011111
0
1110001111110111
1111
11110000
011111
00001110001011011100
1010111001101100100101111000
11110101111101011001011010
111011
0000
110010110100
01
100
11011011101100001
11011110110111011
1111
0001000000
11111111111111010
111000110111
1111111
110000000
1111110100001
01110000011000100000101000000
10
001
110111111101110000
00
111111
101100
11010011101111110
0
0111100111100100111011101101100111011000011
1001101110101111110010110100110011
100110100111010110110100110000000000000000010111000010011
010111011
00
1
1
011
111
11100
0001
0000
111
001100101
11111101111110101001101010100
011110011101111000111000000100
0
11110010110110111111
111100110110011100
10110011001010101111010101100010000001000011111001
1111111111100111010000111
1111010111110111101
1011011100100111001101000011000101111
101010110110111111111011001010111111100110
11101000001011100011010111000011101011000010010100000000
0111010100011100010110111010010101010001011001110110111
11
11
010
00
0000000000000000000000000000000111000
111000
011111111111110011101011
1110101011101101100
000000000000000
1011100110100011011100011000001000000100000000011111100010
111
111010
00001100011010011000101110111101010000000011101011111101001
11111101101000011100110111
0001011101111101100111100111110110000111011011010010100011010111
1000011100000010000100
111111100111110111000000
110101100111010111101100001110010111111110
1111111110
1110100011111111110011000000011000011111
010101001101111001100010011101110100111011000000011110000001001
1101111111110100001100001001
10011101110110111110110011011010110111101
110101011010110110111101000011111
0001000
00
1110001011111110010110011100101101111
0000
0
0111
10
11111
1101
01101
1
1
1
11
1101000
0
01
1111111111101
111111011011
1110011011000
111111
1011
1111
1111000
11110
1101
1111110010001
110101
01111000010101110001001111
0011
0
111000010
11011111001101111111111000010010110110111
110101011111001
11100000
00
01
0000
000
01
0110000
011
11
11011
101
0000011
00011111
01
0
1100
110
01101110111010111011100001010010100101101011
1110110111010110110000111000111101111
11111101
011101110000011
11
10
0001111110000
1
1
1
1
11
1110
1
00111
11
00110000
10
1101
1
011111
00000
10
111
010010010
111
1111
0
1001
11000111
1111
1111111111001101100111
0110000000000
010
000
01011100101
111011111110
11110000001
11101111101
011111110011111110011101111101101101010111101111101111010110101
0011111101111101010000000001111010
111101111
1000001110110111100
10110
1
111010000111011110
1111101
1110110001011011111100101100111010101111110110111
111001110
001111010101011011001
1100
1110111110100100010101
11
10011101
111
110111011011111111111100011101101110000
11111
11
0111111111
0
111110000
110011101
1111011110111111011111111011111111101111001110110111101100111010111
10111000
1111001101
0101
11111110111100
11111101
111111001111001011011010111011
1101111001
11110011011
1011100001010111101111000
11111011110111101110111101
11
1111111011011111111
10001
11111110111111
00110111101111110100111000001010011110
1011111101001100011
0111110011111111111111111101110101
1
1011
11111110000
1111111010
110011011111
011
11000100100100000011111111110111001010111001101
011111111111111011110100011
1
01110101101001111101111010111111011000110001110111111110000101110111101001011111100101111000001110001110001010
11
111
110100001000000011111111110100100110011110001101111011011110111111
111
1111111101110111100101
11111111001
11
0101111111110000001011111
11
11110110110
1100000111111000111011111
01111111111111011111
111100111011111101100100001000
111
0101011
11
111011101111001110
011
1111111110111
11111011011
011101000000
1110110
00011
0111011000000000
11101
111101000001
11111
1111111110010
0
0
11111
1
11111100111100110011101
00000000000000000000
11
000
100
11001100110101111000001
011011100111111000110110101101
1111
00000000000000000000000
0010
0000010
0111011010000
0111010111111000000000101110100111
01000100
1011
10011010011001001000100
101011111111111111111110011010110
0111100011
1
11111100111001
11101001
11110111110101
11111
1
1101
01110100100000000000011001
010000
11111110
1101101101101111001011000011001100
11110011100001
111
01
01000
110110001
00011
11110
11
000111101101010
1
00011
0001
11000
11111110011111
0
1101001
000
011111
1101
1111
11
011101
011
0011100001000
1011
111000100101
00000001001101101010111110000001
001111100
11011
1110100011
011100000000001100010
11111
101
1
1111111011
001010111
1100001
0
1011100
1111
1011
10
00101010
11111
101
11111111110
1111111111
0010000
0
10111
0111
11101110
1011101011
101111011000
000
1001
1111111111111
00
11
1100
1
100111101011
111100000
010101000
1111111
11101110111
10110
00111
0101
110100111
111011000110011100011110
111
0111001100
1111
111
0111
1
11111
111
111111
11100
111111
1111
11111
1100
111011
00
01
111011
011
11110
111
111
11110100
1
011110
111
1111
111100
0111
01
11111101
111000101
11
11101001101
111111
110111
111111
11111
11111
11111
111111
1111111
110111
000111010011110010000
100011000111
101101
11
1000000011111
1101000000100101010000000000000
11111111000
1001001001100011110101100100000011100001000
001101101110110010011000000100
101
0111011010000100
0110111110000000
110111101
11110101111110110110
01110101101100001101001
010000011111110111101101100001001000100110110
0001001100101
111110111110110111010
1111111111
1110000101100
10111010
011000011
011011110001
0011111111
110011101111
1011110101101100100000110
011111100101011001100011011
1011
11000100
01111011101010011011
0111010001101010
10111110
01001100011
11110101
11100011000000010
011
1
111
11
11111
0111011
10
010
010110
111100001100
110111110001
11111011
0111011110110101
0010
100100
0111101010000
11101001
1111010
11011100110001001
011110101101
000010000001000
00101011011011000111110
10101101000101100101
110
110110000000
011100
00000000000010000000
1111101111011110110000100111011100000010101111010
1111
000011
111000
1111110111100
011000
10
11111111110000111010010
01111011001101001110111
0000
11100111110100
110100000011
0011101010010
1000001000000110010111100
10000111
111101
00010011000010
0000
0001110111111011000111111011100001110
110110000
10111111
111110100111
10000100000000011001000001
1111011011
110
11110011110101001
000000101011111
11001
0111101001001
1011111000000101100111011110111
1011001001000000
0000000000010
000000
11011111001
1111111100110100
00110010
111
011
0001000000
1000110111010101
001111110001110010001
111
1001101
1110
001101111
0
11001001101
1011111100110001101000100010000111
1101100
101111
1100110110001101
00000011100
11
00
000000
001000000000011000000110100000011010000100
11010
001101
1101
11111011010000101100
1101110111
111
111100101100001
00011101
10100111010100100100000001000000000
110010010000111101011111111011
11
111010
110
1100011000010010010100110001111
1110000000
0011101111110100010101011000
11
1011100110
000000010011011
10100001100
0
1110100110000011
100110110011
1
11001000000001
10001100001011
111010000
0010011111001010000000000010001
00
1
010000010000000000
110
00
011
01010000
000000001
00000000
1000010
00001
111011100000
101
000
0011
01111001111
01000
101110101
001101100010001
111101
0101
01111110101
01011
011101010101
1111001
1111000110101
01100000011100000100
010110
101110
1101110001
1110111
0001111
1101011111000
10111
111
10111
1110110
111
11111110
111
0110000111
11
00110
000000010
1100100011000000
0100010010
00011111001000010
0000100000
1111
111110000
0111
11100100
11
100111001
0001110110
0011
11000001
1111001110
1110110111001111111110111011010110011
11111001001
011
10001110111111111011101110111
11
11110000
10111
01111010000000
0011
0000011000001
11111110
101011
11111
01111
01101111
111
111111001111111100110110111101111111
10100111
1111011100000000110
11
100110111000
11011001110010101000
011
1110101
1111
110011111111111101011000
11110010000
000110000
1101001
11100110111111
000
1111
0010010000
00100000
111111111
011
1101100011101
1000111111100110101110
100111111011
111001101110101
110110000010
10
111111111
01100000100
1111110
1111
1101110
1101101001
100
11011
000111
0000
10110
1110
010110
01
10011
010110101
00111101
100101011
0000
01111
1
1001100
1111
1101110101
0110111111
111011101010101000
01011
1010000
000000011
1111100010
11111100101
00000
1111
0
00
01111
0000000111100
11
0100
001110011110011000
0101111
111011110011
1111
11101
110000011011010110000000101010
0110101101111000
1011110011001011
01111
111
111
01101010000001101
01011111011110000010011001100
11100000
00111100101000110111
11110110
111100101
1010011000
11101
1110111100101010
1111101011111101
011
1101110000
101111
11
11
10111001110111110
11111010011001
11
10100101001101100000
1111011110001101
1111000
01
1111011110110110100111
1101010
11111
101
1100
0010010000
0010111011000100000
111101
111110111101111
11111110
110111
00010110111
11011011
10011101
11
11111
10110110001
1111011111100
11110111011101011111010011
111
10011101000110011011010001000000000000000000000
1110111
0
1111111111111110110111111110
011110111111101
11101
11111110111
111111011000010111
111
01110000001100
1111
110000000
1110000
01
0010000000001010010
0011
0
0
0
000111001
1010
11100000
0
00
0
1110110
1
101011110101
0101000000000001
11000110111100001010101
1111
10001
010
101
1
00000
1000
001
00010
11100
0100
11111
001111
1110101
10
11110111111111101110100111110101
0111
11110101101
111110111
11101111100
11110011101011
1
01111011100111101
10
111
0111011111110111111011111
1111111100100
01
110111101101111110011001010
101111
11101011
011110111111111111010010
0011101111101011000001100100101000101010110001001
111101
0
0110
01010011000011010010
11
010
1111111111111101
0001011010000000000000
0000010
1101
10101111111100001001101000000001001001101010
00010
010000
111
000000
11001101010000
1101111
0011110000000110000000101001110110110000001010
1110100111011101101
1110
0110111
111000000000
11111111110111110111110111111
10111111111111010101111111
0111011011111110111101111
111111111111111011100111
11111111101010111110110111111101
0111011100111
0010111110110111111111
1010101101111111100111111011110110111111111
1111101101111111111111111111111111111111110
1111101111111111001111111111111101
1111101101110010111111
111111111111111111111111
11110111110110011111101
11111101111111111111111111111
11001111110111101111111
1111110111101111111111111111111
001010111011101
01111111111110011101101
1111001111111100000110110111101111011111
10111111111111111010111111
111011110111101111110111111101111101111
111111111110111111111111111111110111111111
111110100011111111011
1101011110010011111101110001110111111111011110
1111111111111011111111111111
11111011111110110111111010111111110111111
11110101111101011111111111111111111111
000110
001000
1110101101111110001111110
110111111111111101111111111
11111111111111111111111111111
1111101111111110111111111
1101111110101011111110111111
0110111111101110111111110101111
111100011110010111110
0111011110100011100
011111110011101001011101111111111111111010
1101111111110110111111111111111111111111
100001011100110000010100001
10111111001010001111111110111
1101
1111111111111111111111111
101011111101110101111111011
111111111011111111101111001
11111
1111111111001111011111111
01001011110011010111110001100111011
100011110100001000000
101001
001010101011111111111011
1110000
0111111111111110100111111
01111111110111111111
10001
11
11101111010010100111111111111111110111
1
110001101101011000001100
010101101101001110111111100011
111011111011101001110010111010110100111111101
011111111011011111111111111
11111011101001011
111110
111111111111101111101101111111111
01011111111111011001101111101011111
1100
11
101001111100000
1110
01100011111100
01111
1111010
1111010111110011111100010101
111110111110101111110
111111
111100101
1111
011000011100101011
11111100110
1110111101111001111010
111110000
10111111111011100111011000111
01111
1111
1111
0
11100110011010
11110011
1
1111
1110101010
001101110100111000
111111110110101100000000
1
11110
0
1110111011011
1111
0
10
0
1
0
10
0
10
1
111
100010101000011000
1001
1101110111
11110110111011011
1111011101
1111111
110011101
110111011
1111101
111
111
11111001011111
11110101
111011001101111110
1101011101
0111111101001
0101101010110
11111
111101011
0111110
111110110111
1000111
11111
1111
1111
1011011
0111111010101
1110110
111
1
1101111
1
00101
01111
11111110010
1000
0000011111011111110
001
11011
1
00
1111
1110
1111
111
00
1111
10101
011
0011
001
00010
10111
00000
11101100110001
110101011
11111
011101001000111000
11
10011
0
1111010111011101
000
11110100
11111
1
0100
01101101011
11
11001
1
1
1
1
1
1
1
1
1
1
1
1
1
1
110001110001010001101111010001101101100111001101001011110110
000110010000010011110101100110000100000111011010
101111101111111110110111111011100
00100
0
0
1000
11011110010010
01110
1111111111110001
010000111111110010010110010001110
111000111101010100001111111
111100111110100100010101000011
11011111111010110011100111
100111111111111101111100
01110011011100001
111010111111100110001001
110001101011100101111100111
11111010011111
01111111101001
11101111011011100000110
0011110110000001
000011111111011100001100110111010
0010100001
1111111111000101010001100
1111110001111000100010
0111101001110111011101
1100101001011100111000
1000001000011110
10
111100001000011110
1101010110001111101011110110101
1100001000
110011110111111001100101
1011110101001101100
110110110011000000001111110101111110
011010011001001110100011110101101
111100
000000100010
10101001000101010010110000000110
11111011110000010000100001
01111110111
011111011111111111110111
001111000100111101
001100100101111100100011
010111000101111111111010
11011110111000111101010
0
11010111101110111
111111110
0111101110101
1111110101
11111111111
11101010001
1110110100111010
01111111010100110000000
11111101110000001
011110011101101111001
010011111100101000000001111111
1101011010110110010001010011
00111011011110110011011001
110100110110110010111100101100
001010110110111110110011101101000000000000000000001101000
1
1
1
1
1
1
1
1
1
1
1
1
1
1
1111
1101
11
1
011
1
1
00111011111110111
00010100000110101011000000010100
0011001000000100001
000111111111101010100000001000
10000000010011101001110000001000010001000000100000
101011101101111010000
1011111111100011010000
0001101110011101000011100110
00111011000100100000
00010010100000
10100111011010000001001110
111110111111011111010
111111110100101101
011000000000
1
101111110111000011
1
1
1
1
1
1
1
1
1
1
1
1
00010010111110110110001111001
1
1
0000
10110011
1000001
00010000
11001
1
1
11
1
11
111
01
1111111111
0111111111101001
0000001
01000000
0000
0
011
00011
111
00000000
0011001
111100000000
100000
1
00110
11101000
1
0000
1101100100010100011101
000000000100100100
01
11111000001
1011010111100
000000
001100001
00111
1101
01000111
1110000101
00111
00010
1
11111110111011
0
1
1
1
1
1
1
1
111111
1
111
001
000
0
0
110
0
0
00
0100
0
0
10000
0000100000
00111
10000
00111
000000000
0010000000000
111
01111
0111001101011
011
0000
111
10
000000
000
00001001100000000
11000001100100
0000000
000
110101000010
011
011100110001
1101110110101
101
0
111
0011010111101100
10000
00
111011100101
00011010010
111010101011011111
100000110000010
11111010110001
1011110001010011
0111000010001111101111100000010000110000000000000
00000011010100010001101111011100100001001100000000000000000000001
1110111100110001
1111011111000
111011111100001000
000
1000010110
0
00000
100000000010110010110111100
001011
011101110
00011011
1101110
1011
10
1010011111011100
1010101
01100111010
111011011
011111001001
01110101000011101111011001010011011001000
1111101
111011111101
1111010100011101
111111101101100000110
1000
110001100101000001
1100001011000001110000010010101110000010110
11010111111
0111000100101010011000110100011101000
11100001100
11011
10
111111
101100101
1
001000111
0101110111111
111111010010110101
00000000
01111
110111010000101
0000
0111111110110000000000000000
0111011111111101001
10011011011110011101011110011000
1101111111100000000101
000100110010100000011000101110
1011100000
0000
11101000001
001011
0001110011100010001110101110111100
1111001011011111101
1111011
0101
0010100001101100001101110111011011111100110011111010010001
11111111111111000101111111
111111
1111010
111111
1100010110111011111100011101101100111010101010
011001001100001110
010110111111011011
0111111110
0111011110000101111001
0010111100110
1001111101101001111000001000
000001111101101
11111
011
11011001
11001000110
1110001110
111
01110011110010011110100110001001110111111
0110000000
11
01
1001011
11
1
111
0100
11
0110010
1000111010111110110010110001011101111110010111000111
11
0110011
00011
0000000
111
1
1
101011
1010111110
111010
1011110
01000
01001
1111000
11010111
00010110
111011
0100
1001110
01100000
01011111
0111
1001
011010
000000001000000
110
1011
11
0111
11
111
1111
0011
01
0
0101
0111
1
11
1
00000
00000000000
0000
00
1110
0
00
0101111
100
1000
0
1110110001
11111100110010001
100011100001110011101
00110011100
0011001100010101100001
0000000
010011100010100011011100000000000001000100
1101110110110101001000010001111
010000001
0000001111101110000000100010101010011
11000000111100010000001110011101
00100110000000000010000
01111001
0101001110
0011010110010
000101001110111100001010100010010
1011
11101111000011100101
01000000111000
11101111010101011101
001000111001101100100100001100
00011010
111010100100000101101001000011000011010000000000000010000000000
01101011100000000000
0
1
0010101
1
000
10010111111101100011110000101011101100001000
0101
000000
0
10001111111110101001111100001000
100
1
101111110011100101101111
100000011111110001010
101011111111110000110111100
1100000000
110100
00000001011100100001000001001111101011101110000000
0
0
000
1000000
011
00000000
1110100
0100100010
011111011
101111110111
101111111110111111111110010001001000001
0
0
1
1
100111
0
01111101001100000000000
111100110011
111110101111
1110101101110
1000000000100100
11010100011
0
001
000000
10111
1
000001
100000
1000
000111
0
1011000000
00011
11
01010010000
100001010101101000000010000110
0010001
0010
1111
0
011000101010000
11100011100
100001
10
0
000001111
00001
0000
01
11
10000
0
0
11
0
0010001
0111111111001
0
111111010111100
11001000000011110000
110011001
011
0
1001
0
111
00100
1100
000111011
11011001
01
1110011111110111010101011111
0
00
11111111001111000110100011
111100011101
101110100101101
1110111111001010111111
11001000000
0001110
111010111101110100100001011
1111
111110000001010000110
111110101011111111111
01
1110110110000111
1101110110
01100000000
1111010111
1
0
1
1
1
1011110101111
0
1010011
0
0110101101101111111000101111110111
00011
001110
0000001110001
0
101
0
00000000
1
00000
111111011
0
000101
0110001000000
0
0
111
111
00111
1
111101100000
1
0000000000011110
000
0011
000000000000000000000000000000000000000
00011
0
100100011000
0
10100110100111110000
1001
1
00010100000000000000000000000000000
1
0
0
1
1
1
1
1
1
0
00
0
001101010101111111110011111101101
1011111101111111110111010111011111101110
0
111011
101011011011111101
0
0111111
100111
1000101010011011011111111011100111010101
000001000000
1110001
000
111011010111011111111111110111001011111100011111111100
11
0
11111110111111100110111011011111111111111111111101101101111111010110110111111111111111111011011010110111110011111101111001111001011110110111110110111111011011110111111
0
00
11101101110111111
1111111011011
1110
1111100001
00
101111111111110110110000000010111110
10101101100111110110011
1001111111001110100
111011100111111110011
01110111111111001001111101
1010111100001
0010101
10000101011001
000011011111110111110111
0100011101111100100011110111011010101101110100000000000000110100011111011010010
000000
111011111010000111
1111110011110011111011111111111110101110101110111101101110101
11101111111111
1100110100000
11111010011110111100101111110111011000111000110000000111000111001
00110110110110110011111101111000111110010011011100100101110010001010100101110101110
011010000010000
0111101010001
011101111111101100100011011
111110101011
00000000
11101110101
111111111010011
1101010110111100111111101101011010101111101111001
111110111010001111011011111111101111011111101111101100110011011110010010
10011101
010100101110101111101
111111111101111101
011010111
00000010110
1101
01111111111111111111111001011001
1101110011111111101111100100011110111001011101011
10011
0101
11111001001011111111101111100111101111010100110000000111111111110100110
111011011110100
0
1111111111111000000111111111000110101111111111001011111111011
0
110011101111110011110010010110101
1111110111111101010011101010010110
1101011100010101
11111111
11
001
0
000010111
0110110111101101111100110001000111010110111
0
1011100
100101001001101000000100010000110
10100000100111000
000000
00
001111101110111100010000100000100010
00110110
1
0011
01001
101
011
0010111
10
11011
001100100001110100000110000
0
00000
1111
00
00
000000000
000
0011101111111111000010000001011001
001111101
0
111
00
00100011100110110100011
11110110111001
1111
001010101111011
1001110011011110111110011111000011110
1011101111101111010111010101000110100
110001011110101010111101001
111011011011010100000001100100001
1111101000110
1111110
1111101111111111101011111110
01001111111100000011110101
1111111011111
1111011111100
0100111111111101110100000
10110001111011111100101111111000110100000
0111111100010111010
000000110001001001001111000011000010100001100010000
0110111110001100100111010001010100110001010111111101101101001010101
00000
110101101101101
10001010011001011011001111101111110111111011101111101010100
1011111000100101000100010000101101111011110111110000000110011110110110111011111111110110100000101010000
1101111111110110111110111111101111001100110111
11111111111101111111001110
11001001010101111011010111110011111111111
0001010111010001
1100110010100100101110001111
11111011001011001011110100101111011111111111011111011111000010001001
1111101001110111100001111111111101111110000001111110110011001
01110000101011111110011110011011110010111011111111100010
110111110111011101111110101111111100110011110010101011111101110011101000001000
11101110010110101111101100101100110111010111101110011111111111110011000100001010
1111111011110101111111101111101110010010
11000001101001111000011101000111010110101110110010111010101110110111010111011101111011100000111011111110100011100
1010110100000110001001010111010110110111111111000
1
110101111110010111010010110
011010111111100
1001101101
101011101010000001010111
101011110
1
011101110101101110110110100
1011111011
1111001
111101101101
11111111110110101
011111011010
110
01010011001011100101
01111011111111010
0111
1111001010
100111
0010111
1111010110
110
01
0000
11
11111111110
1111
111
1
0101101010101110101101111001
01110110111111
1101111
111111
11
1111
1101010111111110011001101010
1111001
11110111
011111101111111101111
0101
1011011101111110001111111110111
111111
11001110011110011
101110111010010111110111010000111011011001
0111111101101111110111111111111
110010111100111111111
11010101011001101
11110101
11
1110
11110
1101111
101011
01010111
10110110
0010111000111101010110001011
111110000111111011001
000
1011101
101001001110001110101
111110111
1111
1110010
111
11111
11101001101111101
111111
1111111111101111010111
111101110001111
1101111101011110110100
110111111111111100111011
1111111111011011100
010110011111011111110111110110100100001101011101
111
0011101011101001010
1001110111
10101110101
111111110101
11000011111011111110011101111110111110
1011111110111011111110001110110
0101011111101101101111110111111110101010011101101101001111010011111110111101101011
110110110110101111101110100
11111010110111
11101111110111001
11111101110
01010001101011101010
10001101110101111101111000111110111
111
1100
111111111111011111111111111111111100001111
11111111101110111110111111010011011
01110001
10001010111
11111111
110000110
110011100011110011111100
0101
111110111111110010
11011101101110111101
1111101101
11001011110011111101011011
11001111111111101011100111111
0
01101101100000100010001
1011110110101101000101100110
11110111101010110
111111110
0110110011111010101
001011011010111010101010
11010100001
00001010111
110101
1110011000
0000111110110100
0011
0
00000010110000010100
010100011011
111111001001111110001100101101101001011000110111010011100011001110
111101010010001101101010
00
0111011110
10111011100001
11
100000101111000100111111111111101111101111
1001110111110101
100100101010110011010011001111010010111110100101100111101011111011000001001101101000001000000100010101001100111101111111001011101
1100101101000110100000001111001111110111000111110101101000000000
11001
011
011100110
11100
1101111000000000000
1011
10010101
110
01011111
1100000
11
11
11100011111001110001011001111010110100011110111011101100100011010011001001101011100
011110100
111101111110110000111
11
01
00001111011111
1101111
11000
1
11111111010111110010
11
1
1111
00000000000011001000
0
1
1
11111011111100
0001001
0
0111
0111010111110
110000
111000
11000101000
0011
11
0
11100
00000
111
0000010010111111110011110
0011
11011
0
00
00
0111111111101110111111110101110110101111011
111001111111100101011010111101001000111100111001
00000
0
100
100101001
10
01
11
00111
0111011001100
0101000
011
0111
1100101
0000
0
1100
111
010111
10
1110011100
011
1011
1
111111
00000
11110111111111011011111
0
00
0
110010011101111111101111111111111101111101011111110100111101110101111011110111111111001111111011110110011111111
0111101
10101101101110111011001111
01001011010101110010011001111110100
01
0001001001011111110010
111
111
11111111011
1001011101011
1001011110111100111011101110011101111011
0
111
000010
1111001111010101101110001001101101001111
0
1100111001
0111010111100000110001110001111110111
00
1
1
0
1
1
1
1
1
1
1
1
1
1
0
1
0
1
111111
1000100
1111
1110111
1111011
011001
000000000
1
001
1000
11111
0011111101111101111101111111011111101111111011110110010111011101101011100111111111111110
11011
1111001
10111
111
11111110011111010101111111000111010111110000111001111101111
1001
1001100101
1011111111111011111111101011110010101111
000000000001101110011101101100111110101101011011
11000110111100010011000010
11110011010011001110
1101
111011111110011
01011100100001000011111000011100110000000001001000010100011001000110101
1111111110011101100101001110101111111011
111
1111
1100111
01111100111010
1111011110101101010
0
1011010111101
111111
1011
001111
11110110001
0
011110010111010101110111100
111
110011001
111011011011
11101
101100010110010000111100001
111001
111111
111101
1111
101011110011
10011111011101011010001
11110011110000
11
11111
001111
011110111110110
110010111001110011000101100111110
01101111101
1111111
1111001
01111101100
11110
01111
11111011
1111011011010
00100101110
11010111
01111
010111
01
100
11010111110111011101
101101110101111011
111111
0101110
1
1
10110
0000111110010000000010110
00
000
11
11
10
11
110
01
11
11
00
10
11
01
10
11
0111100011
00
00
0100000000000
1111110111
10010100000100001111011
1000
0
10
100000001110111
1
1100111000001111
00
111111110011000000000
1000110000000011010010100111
111000101000000111
1111101101
01111011110000111100
0101110111110101101000110110
1
00000000000000000000000000
11111111
0000001100101
11011110001101100010010000010011111
110100100110000
111010001
011100000011100
1101011000000
111
1010111
111
00000001
1110
0000000000
01100101
11111
11111000110001101
011110111
0
1111100
00011
0
0000
100011
110
000011
00001
0011000000000000000
1000011
00000000
010110
10101
00000
110000
110111
110011
00000000
00111
100110
1000001
0111
101111110000001001110
111
000010010000110010001000000001001
11001
11111010111111001
11
000
0
0
0100000
1101110110
1101001
0
10011001111101101011
01110111101011100001
00111000010110
11110111011001
1111111100100101
0111110001
1111111010101000
1010
1001011000100
11101110011001
1111110100
0010011000101
1110101010111
01010100100
1111111001
011101001111
1111001101010
100111101101
01100110010110000
11111111110
1110111000111101
1111110001
000001
100100
1100011000000
0
111
00101001
111111100101111
000100001100
111110
1110101010111111100
1001000
00000000
1011110010101
101
00
01
0
00
001000
10
111101011110100101
1101111101100111111111100000000010000000110000
10111111000000001
011100000000001110000010010010011110000
11111111011100001
11001011110011111011111
111111111101111011
0
11111110111111
01001
1100101001
11001010
1000
1110
0001
10010
0001
0
1
0100
0011
00001
1
000000000000000000000000
100000110111
00000000100011101101001011010000000000000000000111110000000
01111111101010111111000011111110011110111101111001111
001101000
111011
0111011010001000101
0000111011110110000111100
000000000
00101001
111
101
0
0000000
1101
0001
1
111
0100000000000000000000000110000000000000000000000000000000000000000000000
000000
01001
01
00
1
00000000000
0
0000000
0
11011
0
00011
101101110011000101100100
000
101
101100011
010000
00
1101
1
0000000
0
0111
0
10111111
1011011110000
00
100100
01110110110001010
10111101
11011101
111110110
001111
10100101
0
000
11101
110
11100
011
11110
11
110
01
11010000
0
11010110001
1110111010
10111
11001
0
10110
000
00111
1111
11
10110111
11
0
11011
0
11011
1001010
0
011101
0
01
0101
1101
11
011
11
1101011
0
110
1111
1001
1
1110100
0111
111
1
101
010
11
0
011
11100
11111
0
110001101
0
0111
111
0
00000000
001
1111
00000
0
100
11
1111111
110011111
10101111101101100
11100110001000000011100
000001000
0
1000000001001001010011110
10101
001
110000001
00010000
000
00
0
000000
10010000
111
00000000
111
0000
00000000
0011000
1110100000
110111
001011
11110
001
00101
0
11
111111110001
1
0110111
0
111111
11111101110101010110101011110
111
1111110
111
111
1
1111
11
0111
11
11100
01111
110111
1010110
1111
111
000000000
1111
01100110001100000100111101111100000000000101000000001000001110000001101110000011
1111111011000000
11111111111
0001010000000000000000010100000000000111100101111101110011111111111110101111001010100000000100000000000000100110100110001000000100000010000010011110010000010
000001001000000000000110101010010000010110
11011111001110011100011000111111
1
0010001100010110010001010
1000000
10
00
0
01
0
111111011010101
111011011101110
1111
1
1111010111
111110110110
1011110
010110000101110000010000011000010000110111011000000001100111011101010110
000
111110111011111001111101000100
11111101111111
1111111111110101011100001011
1110001
111100100001101110110111100
111111111111111000101
1110101111
111
0110101
1
100100010101111101101000111001100001011000
111111111001011101011101
000
000
001101010110
111111
000000000000000000000
11101
1111
0
111101001101
11100110011
100111
1
11010000
11110011
11001
11111110
11111111
00010000
111001
111111
1111100
001
00000
01111001
0100
01111
101110
00111110
01111111
000000
00000000
1110
0000000
00111000110
011111111010
011111
1001011
0
01110
1111111110001
00
100001110001111101100111111001011010010101101110101000000001
000000000000000000000000000000000000
001000000
000000
101
0
100000
000000
00
0
01010
111
01010
11
11000000
110000001000
00010001000000000
1110110111100
1
00
0
100000
011011
011
0
000000101001100101
10101111
1111
100010
111111111111111111101111111011111
01111011101110000011101101111111100101111011
0000000000000000000000000000000
111110011110010111111011111111111101101111
00000000000000
11011111110111010
0011111110001000000011111111111010101111011
00111111110010110110100110111
0111110000101100010111110111111111111
0110010111000000111000001110
111111111111101111001
110110111111111
11111111010111111
1111111111111111
01110111111111111110101011111111
111111111111100110001111011
111111111011111111000011111
111111110001
0000000000000
110001001100
0
0
1
00
0000000010
0111010
110111100111110110
1111111
110111
111110010100
110101010
111100011
1101011
111011010011
111
1001011101011001011
01000
11101
0
0110110
0000110100
111101
1100010111111011001
111100
111111
1
0
0101111101100
0
1110001101
0
1
11011011110
0000000
11000001010000011
1111001100101101
111100101110
11011111
1111
011101011001
1111
11
11111001110101
11011111
001111
1010001111
1
0111110011
0
00110
111100
0
0101100000
0000100
000111000
00
0
10100000
00
1001011001
000000
00
00
011110011000000
00000
00
1111000000000
0000000000000000000000000000000
0100
0110100011001110111101100010
01
0000
01001001011
0
001101
00000000
1101001
1000110100010100000
100001101001
100000100001100100001010000000000000000000001000
111011110001001110011001000
00000
0
11100
0
11110010011101
1011
010110110
110101001000001
10000
1000000000
0001000001000000000000000
001001000000000
0
0
0
00100010111
0
0
1
0
000100010011
11100100001010100
0
111
0
00
000
11
110000
000
0111
10111
1111
0110010
111110
1111
11111
11000
0
10
0000
1
101
0
00
111
11
0
00
001
00001
0
0
011
000
1
0
1111111
0
1
1
011011
0001010010010011101
011110111010000111000
00011100
0
1
0
0
0
10110011100
111111
00110
1
11011
0
000000000
001110000
111000
00001111111
101101
0
111111
111100100111011000
0
11111100010
111000100011
0
0
0
0101111001
0110001111000000
0
1
1
0
0
011100
0
101101000000
00101010
0111100
011000101001110
0
0
0
0
111111
111101010
010000001000
0
1
0
0
000
0
10100100
0111
1
10110100000000
0
1
0000000000000000100000011000111000000000
011010010
0
0
0
0
0
0
011000000000
0000110100100000
0
0
1110
0
0
1101000010010110
0
00000
1
100100
0010110000001
111001101110
1111010111001110
111
1011110100
11010010001
111110111001111000111000
1111101
0000000000000000000000000000000000000000000
010100010001100
0
1000000001000010000000000000000000000000000000
10110010
000000011
01110010001
01100101101111
00
11110111
101011011110000100
1011001
0010
1110111
1110101
11100011101
01111010101
0111011000100101001000
000
00111
11111
110011011101
000110011
0
11111
1111111
1111
11101
011111
0101101
00001001000100010000101000001000000010
00000000
1
01110011011010010101
0000
001101101001011
0111001
111011000110101
0
0
00
111110010
1110111
0
010111
0
1
11111001
1
01110101001
0
1
00100011101
1
00
11000
101
101011101010010111
1111101110011010
10001
00000
0
011101111
0
1111100
00
1101101100110110101100
01101110
11111
11010101
0
111110100110101
1101001
11110110111
0
01111
01
0
00101010101000000
0
1110111
0101001
111001010100110
011011101000000100
11110001010111101
0100000100000000
010011000000110
1
101010001100111
11011001
11000
011100111
11111110
0
0000000
0
1100000101
011010000
0111011111010
0
0
1
000000000000010010
1
01010111010
11111101000
0
11011101
1011011001
0
1010101111
01011
0
1100
0
0
1111
1010110001001
1
1
1
1
1100001001001101
11001110000
00100101100
011
1
1110101111110111
111001
00
0
0
0
001111
1
1100101110
111011100
0
0000000010110
11111
1
0
000
11100100
111111
0
00
1110101011
0
0
1111000
00
111
010
110
01
01
10
00
111
00
110
1
1100111010000
000
1000111001111
001110011111
0
1
011111000001
1100111111111
111010110000110
1111111000010001
0011
1110
1110011
000001
1101110001
1
1
11111
1
1
0
0
0011111
1001011000011000000011110
10111
1001111
0
00
0
0101111110
000
11111010010000000000
111010
1110011
11111010111111
0
0
0
10111100101
1011110000011101
0
110
00
11
001
1
110
11
11
10
111
101
10
00
111
1
11
00
111
000111111011
00
111111
1010111
011
111
0
0
11010111
0
11
01
0
110
000
000
111
11
001
10
111
1
111
11
111
11
111
11
110
11
1
11
1
00
10
110
001
00
10
0
01
000
110
1
011110010011
0001100011101110
1111010101
11101011
111110111
100111101
011110010101011001110111
111
1
101101111010010001101111111111000110110000111011111011011
0
10101011001111
1000010110011110001110001
0
000
00011111
100011011111
11110111101
0101011101110010000
1
1111
01010100111
000
10
111
11
01
00
1101011011110111001
01110111011011000000010101111011011101001100010101101110100100000000000110101010111011110101
0
00
1111111011001111000
0
001000
0101100111110011010101100010
11011111011110010001010011100100
1111100110010
010001110000000111000
0
11100110000000110000
1111101100111
01111101011001011000001
0
0
0
011100111111101100001111101001
00
10
01001
00
10011011010011110110010111111101111
0111010110110
111101
01
1
011100001111110110001
0000001000
111111
00111001001000111110100000000000100010110111111000011100
0101
1110011111
10010101
100111110000
0
0101000111111110
1
0
1010011111111010000111010011100110010000010110
10011111
1110111011000111011110001101011000011
01
111011001
0
00
11111100001
0
00
110111110111001
1111110111111111100
0000011000110111100110010100001000001011010001101
111100100
0
1
1101111100111111110100011101111
00
11001011001101110111101001110110011
00
11010
11001
01111011100010000000001
10000000000
1110001100001100001000011000000100000
00
00
1110111010111100000011111
000
0
1
00001001
011110101100101
00
001110010001000001110
0110011010001101100000
1111100100
0111
10
00
0
0110000110
00001000000000
11111111
11111001101000101101001
0
0
1
00
110101111110000001
1
0011110010011010000
0101101
011
00100
10111001
11111001110111100
000000000000000001010000000000000000000100001000001111111111
11011010111011100000100100000
000
11110101110111001010110101
101111101
0
00
0
1011010011
0
1001110011011111011010001
01101
1
0
01
00011011111101101100000010
101100111
10001000
0001
0
0
0
1
11111111001101011110
000111110000001
111100
1101111110
00
11011
001110001101010001
111011
00
000
01
0
1101
111011010011111110000
0
001100100
1111
11101011100
11111010000
11011110110111110111010
0
0111110
0
1111110111111000
0
1111101
1111110100000001000000000000011101100110100111101011111100000100111110000000000000
11110100010001
1111101
0
00
10111000110111101110
0
0
0010101
011110010
1111
00000000011000
111110111101
101011101101
0
01
000
110111110
00
00111001
11100
111110111001011000
110111100111110000101111010
001000111110
11111000
1111110101101111011111111101
1
00
0001110111
0000000010000000110100000001
10100101001
00
00
11011111111001111011010001101111110111
011110111
110010011
1
111
1111111100111011011010011011
01111011111111110011011101110001110000101100111100100
11
011111101110111111111
11111
11101101
10010111
1001000000111111100
10010100
1011111001
001011000011111000101100111101011111
1110
0
1110000
0
1110111110001
11010111
1111
010
000101
11111011100111111000
10101111111111111
0111111111101110111
1000000010110111010101000000110111000000111001100001011001111010110111
111001100
000
000
0111001
0
0
01
0
1100011100111
1001111111111100101011011
0
111111110010000
0
0
001111011110111101
0
0
0
0
11
1111111111
01
1
1011
111111111101011110111
0
01101101111110111110010100101110000110010001
111
101100001
10001
1111110011101111110111000001110111110100
00
01
111011001101
00
1011111111111100110100111
1
101
100100011011110111111101110110110000000100111111110111101110111
101111100000
01111110111
011
1001110100101011100001
11111010000
01011011001101001
001001
0000000
00
00001011
0
0
1
0
011011110010011101110100
11
111111011010
111
11010
0
01011101110010010
0
000010
011111000001
0
00011111101011000101110111111011101100000000000000000001111100000000001011010110110100101011000000010111100001011011010111010101010001101000111101
11
11110001110100
111
1111110111010
0
1
0
0
111110000000
00
1001
0
110
0
011
1111110
000
1111111
10001100001
11
1101101111010000
11110101001
101
0000000
100101001101100001000
101111001000001
0
001
10101101101101100111011111
1001111101101010
111111
10
010110011111010
00000
111111111010011111
10
1111001111010001
11100
100101001100000001
01011101111
0
0110111000010
01111
111111101100101
0
111
1
11100000000111
11101
00010
0000
0111
1000
0000
000001
0001
00000
0101
00000001
01100
1100010
001010
00000000
010
00101
10000
000
1110111011101
000
11110
11
11011
1111111111111011001101
0000
011111010001111
0110
11100
0000001
111110101110100101
11111
11100101010110111
0
11111101
0000
0010000
10111
1
1111000001011010101111000
111
11111111100
11101
01011011100000000
0001100100010101100011111
111101010101010011
1101111111
110111
010111111
11000111100
01111
11111110100
000
1101100
01
111111
101010
010100101111
101100001010
01000
11011000101100110101011
0011111111011101011
110110100100100011000
110101
01
1000100111111011
10011001111
01
01111
1000011110110101011
10101
10111101
111111
1111111010100
0
1101000
101001111100
111110101101
10
1
0
1111011011
1100101000101
10
11
011
010
001
1
00
1110000
0111
111
0011
111001
0000
1001100000100
0000000000010
1011
0
111
001
0111
111
0
1011
01111100000
11111
000101001
01110000011001010
110
10011
011
00
10
11
00
10011
110110
11011010111111101010000
1111101
0
0010
11
1
0111110011101000
111011
1101
0010
11
10000
1001
101000011
001
01110
0111
0
00
011
01
0000110
11
111111111
00
101110000
11011001101
10010
0
0
000000000001
