111111111
01011
1101100
11
111
1
11
011110
110111
0001110110001110100110
111
11100001
011
11011
1111
111
11111
111111
1111101
0
0111111
00101111
1111011
0111101
11
111111000
111110111011001
111
11111111
111111
1111
1101
011111
111
1111111
111010000
1101111
11
111111
1111011
1100
11
11111
11111101111
11000000000000
11011111
11111
111
11111
1111
0111111
11111111
11111101
11
1111
11111
11011111
1110111
011
11
10110111
0001
11
11111011
1111
1111111
1111
11
111111
11111
1
1
111111
10011
111111
111
111111
1111
11
0
111
0
1111
11110111111
11011
11101111
1111111
1111111
1111
1111
11
011
1111
111
11101000110
11011
11110
1111110111
1
111111
111111
11111
111111
11011110011011
111111111111
101111111111
1111111111111
11111011111
111111111111
11111111111
1111111111
1
11
111111
1111111
11111111
11111
11111111
11101111
11111101
11111
11111
11111
111111
1111111
11
11111
111111
11101111
11111100110
11111111
011110111101
111111
11
1111111
1111011111
111
111101111
1111111
11111
01111010111
1
1111
011111
11111
111111
11111110
1111
11111
111
111
11111
1111111
1111111
111111
11
1
1111
11111
111111
11111
11111
1
1101110011001111
1111
11111
11111
1111
111111
1111
11011
1111
111100
1111
1111
1
10111
0111
111111
0111
11111
111111
1111111
1111111
111
111111111101
101011110
1
01011
11100111111011
101010000011
111111001
11111111111
0110
111011
1
1111101110111
011111111111
1101111011000101
11
1110101010011011111
111111111110100100101
1111101100111
111111010
0
1111
111101101001
111111111
11
111111110
111101
11111011111011111
111111111110
111111111111110
11111101111
111
1
11
111011
010
10101
111001101101111011
11011111
01101010111001
1111111011111
111111111111
11111111111
111111111101
111111111111
111111111111
11111111011111111111
111111111111
01011
010100
111010111101011011
101111011110
0111
0011111111
111101
01110001111111
101111110111
111011100000110
1111
111111111111111
1
1110101110
01110
0000
1111110111101111
1111111111
11111011110111111
0
10111
0111011
0111011100011001
11
0011101111111
11
1111
1
1111111
111110111111
1111110111111
1
11111111111
1111101
111
11
11111111
01111
111
11111
111111
1111111111
111
1
111111101
111
0
110011110111011101111101111
1101
1111111011111111
110101110
111
110111
1111101001
111111111
1111111111
1111
111
1111
1111111111111
01111
11111111
11111
111100111111111111
11
100110010100
111111100101
1111
10011111111111
101111
1111111111111
101
111111101111011110
111111111100
11111111
11101011111
011
101111111111
111011
00110111111111111100110010111
1
11111
111111111
111111111111
001
111
1111111111
010011101111
11
11111111111111
01110111111111111
0111111111
11
101
1111111111101
1111111111
1
1110110111111111
0110101101011
11111111
011111
1111111111
110111111111
1111111111111
111110111111
1111111111
11111111111111
1
11
111111111
11111
111111111111111
1110111
11110111
000111
11
00011111
111101
111111
11111
11110011
1111011
1111111110111101
1111111111
111111101111111
111111101101
1111110111
111111111111
10111111
11
1111111111
111
111111011101111101
1
011111001101011111111
11111111111
1111111111
1111111111111111110
1
0011111
111111110111111
111101111111111
11111111111
11111111111
1001111111
11111011111111110
11111111111
1111111111111
1
10011111111111
1101
1111111
111
1
1
1
0111110110110
111111111111
1111
000
0011011111111101111101
111111110110111
11111111111101
11111111
1111101111111
11111111111
1111011111101111110111
1111111
11111111111
11111011111
11111111111111
01011
111111110111101
11111111
11111001110
11111111
11111111111
11111111
11111
1011
111111111
111
111111111111
1111101110101111101110111
111111111111
11111111111
1111111110
1111111110111
0
11110011
111111
1
1110111011
111111
111111111101111111
1111111111
111111011111
1111111
1111
1111111110
11101
111111
011101111
1111
1111
1111
110111101
110111
111111101
111111
111
11101111
1011011
111111011111
10111111111101011011011
001010001110010111101111
1
0111111111
111110111111
0
1
0101111111010110011
111111111101
11110011100
0010111111111
0011110
11001
111111111
11001111101111
11110
110111111001111
110111111111
001100010111110
0011
111111
111111111111
11110111110100111
1101
0110111111111
111111111110
111011111101111011
11111111111
1011111111
1
1111111111
111000
111011
11111111111
111011111111
111111
1111111111111111
1111111111
111111110
011100
111111
01
111111
0000011
11111111
1111101
11111111111
11100010
00101101110111001010000011000000010
11101111011
1011111
11111
1111111
1111111
111111111111111
11111
101011111111
11
1
11111111111101
11111111
11111111111111011111111111111011111111111111
1111111111011001111101111111111110011101111111111111
1011111110111111100011111111110010111111111111111111111111
1111001
11111111111011111111011101001111111100111111001001110111111111011
01011001101110001111011001110011101000111
1111111110110111111111111111110110111110111111111111
1111101111110011100110111011111011001111111111111111111
111001110110111110010111101
10111011111011000011000
1111110001011100000101110
110111101
010111
01000000010101101010101010001100010011011101010001111011111111011110
111111111111111111111111111011111111111111111
111011111111111111111111111110011111111111111111
111111011111101111101011111111101111111101111110111111
111111111111111111111111111111111111111111
111111111111111111111111110010110000110011111
11110111011
1110101111111111111111001
1111111111111111111111011111111101111101101111111011111111111001
1111011110011111111111111111011101101111111111
1101011010101100111011101111110111101010011110111010
01111101111100111111111001100101011010000000
1111111111111111111011111101011011111101111111111
01111111111111111011111111011111111111111111111
00001111111101111000111101111111111110100101111110111011101
11100001100100010000011111111111111111111111011
1111111101111110011111111111111111111110111111111
011011011011111011111000111111101101100011101110001111111101011
010000111110111
1011011
1111111111111
1101
11
11111110111111
1111111101111
11101111011111
00
111
111111111111111111111111111111111111111
1111111111111111111011111111010111111001111111111110
11111111111111110111
100001111101100111010111000010
1111111111111111111111111111111111111111
11111111110111110111111
011000111101111101101111
111111011
0111011111001010101001110
111111010111011111111111101100101111110001111111111
11011111101111010101011011101111101111111110100010
111111111011111111111111111111110111101011111111
1111110111111111111111111111111111110111111
0111001011011111
1111111111111111111111111111111010111111001011011111100
0101000000110110011101111111110001000010000000110000100011011011
000
11111111111111011111111111101111111111
10111101111111111111011111
11111111111111111011101011111
0111111110111111111011111110
1
11111111111111111111
1111111111111111111
111111111111111111111111
0
0
11111111111111111111111111
110111
111101111111111111100111111
0
101001101
1111110111111111111
11111111111111111
1111111111111111011110111111111111101111111101010111111111111
10111011111011111111101011
0111111111101
01100110101100111100111
111111111111110111011111111011010111111111111111101
11111111111111111111101111111111111111101101
00111000101100101010001
111111111111111101111111111111111111111111111111111
11111111111111011111111010011100111111101111
10111
110
1111111010111111001011000110111101010110111111111111111111
1111110101011111011111000111010110111101101011001111111110011
1111000100001111111
101110111111011111011111111110111011111111101111111
111111111111111111111111111111111111111111111
1111111111111110111111111111111101111111111
11001000
11110001110111100
111111111111111110111101111111111111011111111111111101111
011111111111111111110110011111110110011011000101111111111111111111
11111111111111111111111111111011111111011111
111101001101101000011111111111111111111111
0011101111101111111111
11111111101111111111111111111111111111111111111
1110100000010000111
0111111111111110010110111010001101111011111111111111111
1
01100110111001010011111110011111
11111
11100011
111
1111111110111111101111111111
111111111111011111111111
1111101111111110011110111111111
1010111111111111110111111011111010
1
1
11101111011111111111111
1111111111111111111111
1111111111111111111
101111111101111010110111111110111
00111
001
111111
110
11010110111111000101111011
111111111000101110
1111110101
1111101000
111
1111111110
1101000111010101111101101111110101110101
111111111101110111
1111111110100101011011
11111110
011111101111111
1111011101111011110101101110110
111111101110011001
1
011
101111
011001
1
0
101
1
11
11
1
001111
11
1111101
0
1111
11101011
11111
111011011
111111
110011110
11011
111111
01001111
0
1111
11111
1111
110
111111
1111
11111
111111
11111111
111010110011111001
11
1111110
111
011111
11
11111111
11111
1111
011101
11111
11101
1111101011111
111111
111111
111011111
01111
1
11001
111111111111
101
1111
011111
11111
1111
111111011
1110111011
1
11100
1111101
1111111
111111
111011
11101111
10011
1111
0
11101110
011011
111
1111
11110110
111
10000
111
11101011
1
111011
11
0111
111111
111
1110111
1101
1111011
11111
1111111
1101
1100101
01111
1111111
01111
11111
10111111
0101
0111111
011
111111
111110
1011111
10110
010011
1111111
1111111
011111
1111
11111
11110
11111
1111111
1111
111101
111111
00111
11111
111110
110
011110
111111
1111
11
1110110
11111
11
11111
0111
1111
111111
111110
111111
1111
11111
111011
11111
111
11111
11111
11111
011111
111111
1111111
11111
10101
011111
1111111
11111
011111
11
111111
110
111
11111
11
11111
1011110111
111111
111111
111111
1111
11101
11101111
11
01111
0
11101
00101
000
11111111111111111
01111101111111111111111011
01111101111111011111111
11111111111110100111111111111
011
1
1
0
1111111111111111111111
111111111111110111111111
10111111111110011111111111111
1111110111111111111
0
110011011101001
00101
010
11010
0011
0001
011111110
11100100
00000
1111111011111111111111
110111
1111011
111011
11110011011011
0111111
1110
111
1
111111111
11111
1111111101
11111
111111
11111011
1011111
111110
11
011101111
111111
11111
111
1111
1111
11
1111
11011
11
011
111
1
1111111
1111
111
11111
11111
111110
0111101
10
11111
1111
010
1111111
11101
11111
1001
111111
11111
01111
11111
001110101111
11101
110111
11111111
111111
1
1101
111111
111
1111
111111111
1
011111
1111
111
11111
1111
111
01111
111111
011
110111110
000000000
10111101
0011011111
0111
1111111
01
010
11111
11111101
111111
10
1111111
11
111111
1111
1101111
111
11
1001
1
111
1101
1111
1111
1
111111
111
1111
11111
11110
11
111101
111111
11110111
11111
000
011011
0101100
11111
110100
111011
10111
11111
01110111
001
111010100
0000
111110
1111
110
11111
1111111
1111
111111
111
11111
111111
011
10111
1111
1111
1111
111
111
111111
1111
111
1101
1
010101
011110
11010
11011111
11001101
1111
010
1111101
0111110110
1111
11111
11111
011011
000000001
11111
01111
11011111
0101
11111
111111
1111
0001
11011
01101101
11110001
1011111111110
11111111111
11001
1111
0
1100111111110
11101
110111111
111
1100111
110101111
11101
11111111101111
111110111011
01101
11110100111111
1110111111
101010
0110111
100011100
11111
1
11111011
111
111111111110
0001110011110110
01100011011
11111
00100011111
011101110011110
110110111
11111
001
1101111
11101001111
100
11101
00101110
11111
11111
1011111
11
11111111101
11
111011101111
1
11010101010111111
111101101111
111111111110111
11111
1111011
0
11111011111
00
11
111111110
111101011111
111101101
01110101
11101010111
11111111
01110110111111
1111111
111111
1100010
11111111
11110110011010011
000111111011111011
11
1011101
11111111011101
1101111110
110011
111
011
1110110111
1010001101100
01011100
10111
1
01
0111
01111011111111111111011110011111
1111100111111111101111110111111101
0100111110011101001
1111101
11011111111110110111
111111
111111111011111011111011111111
11111111
111110111
1
1
1
1
11101000
11111111111111111011111111111111110011111111
111
011111
11
01111
111010111111110111111111111111111
0111
1111101110
111001100
011
111110
111
010111010000000110
01011
011
1
0111
011
011
0111
111101
011
101111
0111111001100
11
0111
1100
0
0111
011011011011
1111
11111101
11
011
11
11010111110101100011100
11
011000011
0111
1011110111100010111011110
01111111011
11111
1011
11
0010111
11
111100
01
1101
0111
1111001110
0111
111
111
1111
1
01
1111
111001
01100001000001000
1111111111
011
111011000
11111111
111111
1111011111101110111
11110
111111111111
100011101110110
1
1111111111010
0011111111
011110110111011111
11011110111111
111111
1111111111
1010111011101
110111111111
111111111110
111111111111
1111111111
0
01111110111111111111
111111
111
1
0000000000000000000000001000000
1101
111111111110
111
00110111110110111111000111111
1111
1
1111111111
1111101
1011010
000000100101111111011
0
101111111110
01111110111
000110001101111
1111101111111
1
01
111111
0111111111
111111
1110110111111111111111
1111
11111
10
1111110
11011
11
11111
1111100011
111110111
111101110001
111111101
0
1
1
1111011
11111101111110111011110001111111
110111111
10000101000
111111111111011011111111
01111
11111111
0111111111110100111010011100100111111
11111
001
11110111111111101000100011111011
011111111
111111
1111
1111101000
11111
1011111
11011111
1111111110111111101
1101011111111111111
011
100011111
00101
11010
01111111111111111111111111111100111101
010101
11111111011010
1111111101
10010011010100
11111
110001
0110101100111
11
11000111110111111
111011111111
11
11111
11111
1111
1110110111
1111
000111111111
111111
11001100
111001001
111
11111011100
111111
10111
101
1111111111
00101111
11111
1111
111010111
0011110
111101
111111
1111
11110000
1111
111111
00
010101
111
111
111
01
11111
0111
111111111110010111110
11110111111
1110011
111111
111
11
11011111
1
1111
1111111111111111111
101011111
1
111
11
0111
1111
111
111111
1011
11
11
11011111
1111
1000110
11111
111111111101111
111
11
1
0001000011
1111110111
11111
11001
11111
011111111101
1111111111110011111111011101
111111111011101011101111
0010100
1111
1010111
011111001
111
1111
110
111110101011
10111
1111
00
11110011011
1011111
1
11111111111
11111
11111111
11111
11111
10100
1
1011100
111
01110100110100
11111101111111111101
111
111111
1101111101111111111111111111111
01
111111
11111
11
010
11111111010
1000
10111
1
111111100000
11
011111
10110111011100111
11111
011
111111111111111
110111
11110010
00111
0100
1111
1
011111100
1
111
111
11111
0
1111
101
110000000
11011
1111011
11101110
1111
111111
101110000001
11111111111
11
1111110111
111
011
111
111
0110110001
0011
000111
0111110100
111
0110
1
111000111
111111101010010
1111111111
011111111
11101
11111111
011111111
1101011
10111
1
01
111
1110001101001010
10011
11111
11011111
01
011
11
101
01111
10111111
1110
1111
110111
111111
11
11
111111
111
1100
0111
11111
1111
111
111
111001110111111110011
011011111111111110
1111111111111
111100111111111
1110100000111111111
110111111
101001011111110
1111111111111
01101111111
11110001111111
11111101
11111111
1
111
1110
01111
10111110111
111
1
0000
1111
11011
11111
1111111
1110
110
10111111
11100
1111111110
11101111111
111101110111
1111
11111
11011111
111
111111
111001
1111110
11111
1111
10001110111101011
1011111011
111
1111011111
111
101110111
111
111111
1
0011111
111111
111
11
11111111
11111
11111
111
11
1111
1111
100111
11111
0111
101111
1
111
1111
1110
1111
1111
1111
101111
111
111
111
111
11111
11111
11111
1011
11111111111111
1111111111111111
01110111111111
1111110111110
1101111110101111111111
1011111111111111111
1001011111111111111111
10101001101111011
010011111111111
11111101111111
11110001011111110
1111111111
111
11
1011
11
11100110011
1111
11
11
1110111
1110110111
11111
1111
0111111001111
1101111
111
11101
111
111101110110011
11101
110001111011101010011000110
0
010
011011111
111
010111111
011111100
111
1011
11101111
11111111
0111
1110011
10111
111111
1111111
110111
010111111
111101
111
1001111
111111
1101
1110111
0011111
1111
1111111
110011111010000111
11101111011
111
11110111
1111
100111
111
11
111
1111
11111
11
101111
1111
111001111100
1111111100
1110
111
0011111111111111111111100111111111000101110110011101101111111
11
1110101
11
110111
1100101101
011
11
111
11
0011011
1111101011
111
11
001011
1111111
001
11
01011011
110
11
11
111
111100
1111100
110101010111
110
0011
1011
1
1
111111100
11111011
1
111
11
110
11
11110
11011
110
11
111
11
1
11
11
11
1
11111
11110
11
1
00111
101
0100000110011001111
111111
1111111
11
1
101111
1
101111101110010011010111011111110111011111111111
111
010111
111
11
1
111
10111
1011111
1111
11010111011
110001101
111
10111
1111110
101010111011
111
111
111111111
1100111010111111
11
10111101111
11111111
1011101111
1011111011
100000011000101111100001
11111111
01010101110110
1111111
110111100
10001001001010
111101110
11100111
110011111111
1110100001111
1111101111
1111111
0110111110011
0011110110001100001100010
1111110100
1111111111
000
101011101111
111
110111111
110000100101
11111111
1100100111011010110111011110111111111111
111110111111001
111111
111111
11111
11
10111111
11111
111110110110110
1101
110011111
111110010111
111111010
111101010
111111100
11010011100001
11110111
1111
1111110111
101
111111
1101
1011111
110111
111
111
10111
111
1111
11
11111
1
10111
1111
111111101101
001000
1111100111
111101111
11
1111
111111
1111
11011
111
11
111
11111
111
111011
11111
1110111011111
1111
11111
0110100101001101
10111
1000010
1000
011111
10111
11101011101111
01111101111
110111100101110
11101101100
11000010
1111111111
110111111110
1110111111
11101111111
111111111
11111
0111110101
0
11111100111
0111101101100101
11111111
11101111
11111110
110001101111
11111110
11110111
110111101111
111010111
10111
111101110101
11001
01010110010
11
0011010
1011001011001010
111110010101
111001011
111011000
111
11000
01111101110
110110111111
1111
111
01101
111111111101
11
111
11111
1111101
11111
111
111
1111111
111
11111
11
110111011010
1110111010111101101
1
11
11111
1111
0111
11011111
11
1
1
111110
11
111
111
11
101011
111
11
011
1110
11
011
1111101
111011110
10000001
111
111
111
11
01011111
11
111
01011
1011
1
11
111
10011
11111111111101111
1110110
111001111
1
11
1101
111
101001010011000
111
11
1
10
1
1
011100111
111
111
0111011
1110100101
111111
01110
1111
10111
11
111
11111
10
10111
1
1001
0001
11
1110100
0111
01111
1111111
11111
1111011
111111
1001111
11110111100
1111111
11111
1111111
1101110011111
1111010111011
1111110111
11111
111111
11001110101
1111
1111100
11011
111111
1
1111
111001
110101
111
0000001
11101111
1111111
1111111
1111111
11101
11101
1101111
100111110111
11101
10111111
111111
101100
1111111
001111
111
111111
1111
111111101
1111111
11111
111110
10111
10111111
11110
11110
1111
111111
1010101
1100011
111111
11111
11111
01111111
11001
101
1111
1001010
10111111111011
10101
1111010
111111
01011
1111
11010
110011110111111011111001
0001000
110
1
0111
1010011
111011110011101011101111111111111111
1111
1100110
0
101
10110
11
11111110110110111101
1111011
11101101011
11
1111111010110
111010
1111
11
1111
1
11
100101
1
111
11
1111
111110111
01111111
1111
1111111100
11111
1101
101111
1101
100011
11010111
10100110
1100101110
1011
10
11111
0
111011011111110111
1100011111
1101011
11
1011
11101
110
001101110
111
11100011
010011
0
1111010
1110001001
0100
11111
11
11
01
111111
111
11
1011
1011011
1001
111
111
10111
11
011
010011011
11
10010100100
111
11011
0111
11
110011
111111
111
11
111111
1111
1111
11110
110
1111111
111
11111
1111
111110
111111
111111
011111
111111
1111
111
111111
11111
1011
10111
1101
11111
01001
011100
11011
011110111100111010000000111000110010
101011110001111110111101
11
00000001011
111
11111111101111110111011111011110101111111111111111111
1111
111
1110
11111
0111111
111
1111
0101
11111
111
11111
1111
00000010010100001000111001101101
11111101110000001
11111110111111111001111101
110111111100100000000
1111111111001111000001
11110111111111111011001110
01001010101110010000
111111011110110110111111
010001111111000000000010110
11111111111110010111111
0110010011111001100011111010010
1100110100110000111110000001000001011001101111
11011110111111111111110111111
111111111111111010100101110
11010111011011101110000000110110
001111111111001000110010001110
01100000101110111110111
111110011101100111111111111101
11110110111001110100011000010010
1111
111111111111011111011
00100001
10
011
011
000
000
001
01
000
00
100
011
1
00
00
11
11111101
111111
11
01111
1111
01111
111
110111
11111
111111
1111111
11111
1111
1111
1111
111111
1111
111110
1111
1111
111101
11111
111101
1111
11111
111
1110010111
011101011101110
111111011
111111110110111
110010101000111010
1011001110111
11
111111100011
11111011111
11
1
111011
111011111011
11011
1111000
111011
10111
1111
01101100101111111111110110011101111011101111001100100001001
1110111100
011111
11111010011101
11101
111111
1111101
111110001
11011
0
111100100
001
01011
11110
111111
11010
11111
111111
11001
011111
1111101
111111
111011
01111
110101
101111
11
1111010010111110
0110101000011110101011010010010
110
11111
11110111
110110
1100101101100
11111
0
1111
11
111
101101
10011
1
1111
1110
101111
111
11011
111
111101
111111
11111
1011
011
0111111
111
11101
101101
111
1111100111
0111
11001101
1
01100111110
11111111011
111
11111
11111
11111
11
11111
011
111
11111
111
11111
00111
11011
00110
11111
11111
111
111
101
11100
111111
01
1111
110011
111111
01110
111111
1111
01111
01111
1111111111
01111
1110
11101
0111
111111
111111110011
100010
11111
1111111111
1111
1111
1111
011111
11
11111
1111
011
11111111101
111
011111
01101
11001
0
10011
0000
00111111111
10000101101100
1100
1101
111
111
1111
1000111111111
111001011101
01110101
111
11111
11
101111101
11
11
11111
11111
11101
10011
11011
01
111111111
11111
1111
1111
01111
11111111111
11
1010
11
11
111
1111
111011
1100
0
111
0
0
0
1
0
0
0
0
0
0
1
11
111111111
110
1010111
111
01
1
110
1
1
1
11
101
1
11
1
10111010
11
1110111
1110
1
010000011
111111
111111
1110
110101
001
100001111
0011011110110101001
11011111
11101
1001111
1110
0100111111
101111
0111
1
1
1011
0
0
1100111
00111
000
01
111100
0
0
1110
1
00
1100111
100
0000
11
00
1111
01111
11
111
111
1110
0111
111011
111
110
1101111
1111010111
101011
111101001
011011
0010111
0111111
110111
0100001
101110010
1111101
1110110
1010111
110011
111110
111011
10101001100010101010111
11010101
1111111
0111111
1011111
111
111111
01010000
011110101
10111110
0010
101011111
111
1
1111010
11100011
111
11
101110001
111
00011100111
0101111111111
1
1001011011110101111101011111
10110110111
11
1
000
1011011111111
1
1111111011011
11111
10101110101
111
110010
01
1010101
010010110
11010111
1010000000111011111111
11111
10010110101111111
111000011110101010011111011100101110010110010111011101101100001111111
111110011100
111110011100
111111110
111111011100111111001001100011011
110110
100011100111111000
1111001111110011001111
100101001111011000011110111111101
111100101111010
111111011
001010111011
00
111
11110
1111
11110
10
1011
1010
00110
1100
1011
11110
11
0111
1111
1100
010
1001111
11011
001111011111110110111111111100111
11010111101111101101111011011000101
111110111111111110110100000110011000
1111011111110111001111011111111010111101
1111111111111111110001111111
1111011111111011110110001111111110010
1101111101101111010100001
10011111110111110101001111001111111
101111110111110111100001111100110
100101111111011111111111101110111
11111111111011111111011111111111111
1111110111111100111111110111101111
11110011111111111111101111011110
111
00100111000
11110
111111101
0111111111111111011100110111111
011011001
1111011
011101001100000001100001100
111111
10101
110110010011
00010101110
000001000
11111111111110011
11101111111
1111111111011110101
11111110011
11111011101
111111110
111111110011
11110010011
11111111110011
111111111
111101111111101111
0111111111111100100110101
1101111111011
111111111111
110111111101011
111111111
110111
011111111111101111101101011101111
1111111111111
1111011
111
10111
1110111
101111
1101
1111
111
0111
11111111
101
1111
101111
1011
00101
1
111
1101110
11100
100001
1111111
110
1111111
11111111
0100001
111111
111
1111111
0001100
1011111
11111
11111
11
011111
111111
11100
11111
111101
111111111
11111110111001
11111111010011111
101110111111
1111110100000001
111111111111
1111011111111011010100100
1111111111111
111101111111001101101
011111111011
111111100011110010001110011
111101000111111101111
110111111
11
1
10011
00
11
111
11
1111101101
111111101101111010110101010100
111111110
11101111111011111111
110111111101
11111111
11111111
1100111011111111
110100001
1010111
1111111111111111
111111111
11111111110011
10111100111111111
1111101111
11110111
1111101001101
1111110111
11111111110
1111110
11111101110
11110001010110001010
111100011
1110011111010101
011110001001110
111111011
11111
101
01110100000101100
11010000
01001110100
10101111
1
0001010000
1101
0110
111
1111
0001
111
01
111
0
101
111110011111
1101
11
01
1
0100
110001100100111
0111101
0
0110111
11111111111
1
11
11110111
1100
1101111011
10110111111101
101110110111010
11
11111111011
110
111111111011
10111111
1011
1111111
1100111011
111111101
111111
111100101110
1100011011111111111110111111011111011
11111110111111011001111
111111111111
11111111110111111111
11111100111111111111
11111111111111111011111
11111111111111111
111110111111011111011011
11111111111111001111111
111111111111101111011
111111011111111111111101111011111111101
0111111111111101111
1111
111
1111111111111111
1111111111111101111001111
11111111111111
111111
111111111111111010111111010
1111011111111011111111111111
1111111111111111
111111111110101011111010
1111111111111110011
1100010111111
111
1101001111100
1111000101110011111100101111
111
0111011
00001011111
111111111111011
100111111
1110011110110100110110
011111010011
111111111011111
1111101000
1111111111111111100011111101101
111111111111101111
1111111111111
1111111111101111011
1111111
11111111
11111111110
11111111111011111
000000101111101
0111101
111110111111111010111
011111101111011
11101101000010
11101111101
1111111111010
111111110
11111011111111101111111010110101111111011111
11111011111111111111110111111
01110101
111101111111101011111001110111001111110101
111111111011111111111111111111011111
1110101111110111010111111011101100110110110101011
011111001111110101
00111011111111101111100011111111111111
00001110011111111110
11111111111001111111010011101111111111111
1111011110011111111111111111111
1110111101111111011101011011011
0011001011110111111101110111111111
0111110110
0011100011111111111001111110010110111110110
10
01111111011110011101010111010111
10
1011
1111111111
01101111101111
1111111
110110111111011
111000101100010
11110110
101111
0111
1110011
1110011
111101110011
000111111111111110111100111
11111110111
11111111101011100011011001
1111
111
1011111111
1101111111110
1111111
1111101010011
111111101101
11011011111111111
11011101111
1111
111
1
110111
1
1
1
1
1100
01111110
11111001
101
00
011
111
10011
1
110010
11
01
011
0
11
111
1010100010111
00000
1111001
101111
0100110110001
01111111011001101011101011
01011111011
11111111
11110111
1101011111010011
1000000101110
1111110000000
11111011
00
010
1
01111101
1
101011110111
000001101011010001110011111011100101110111111100000111101100111111111110111
101
11011111
111111110011
110111
1111100
10
11011011110001000001
111
1111100111
101111111
1
1111
111
0110110111
11011011
11111111011111111110101
1001
111111111
11111111
111111111111
111111111
10110
1
001100111
111
11011111
011
111
00111100
00111
111100
11
11101111
1001101101
1111111111101
111101101
111011
1111111110
0
11111111110011
0
01111111
1010
1111010001111010
1
111
111
111
111
11
0
111
111
1
1111
11
111
110
1011
1
1011111110111111111
01000
111101111001111110100
1111000010
011100101
0110100110010110001111000110000101
0100
1000100111110110111000011
00
111
111111
11111
1111
1111110
111
01011
11
0101
1010111
11
11
11
11
100111001000110011000110101
111110100110111111011111110010001110011111
11111111111111111001
01101110110111111111110101010111010101
01010011110111101111110111011001110
11111111111111111110111111
111111111111001111111011111
11111101111111110010001110011111
1111101100001011011111111101101
00110110000110011111001000
00101111110110110000111111001
111111100111111110110010111
1111111111111
0000000000010
001000100
11110001010111
110101111111110111
100110011010001011
10111111101111110011101101110
1111111111100111111
111110100111
1111111110111110010110111
0101111111111011111110010111
11111101001011011110110010111010101001111101001110
10101111101001011
111
01010110000000011111110111101111100011000111111
111110111001111011
11111011100101111011
11101110101100011011
110111110101110111111010011011
0111101111111111111111101
11110
111101011101101101011
1110111110101011000
0011011
01001111000110110111
101101
0100000001
101111110111101101001110111101
11110111111111111001110111101111111111
1110011111011111100111011
0
0
0
0
11011001
1
11110
111
111
0100110
11
0
1001111101
111
11
1
0
0001100011111100001011
11100100010
01101000001
100011101011
00111111101111101110010
111101000100100111101000
1101111100101101011101011
0111100110001000000001000011111110
100011110111
01011111111101101111
10000000000
111111111111111010
01001110011111111100101100011
01000111100111111101
1100111010101010111010
11111110100110100011
010000111111001100
001
001001110110111011011111111010100101011111111011
1100010110001110011
10011111011
1101001110111111010101111111101110011001010111011
11001110000010010
11011111001110110010011111111
11111111111111111110101111
11111111110111101110011111001011010101111111001011110101
11111111111
1111111111111111110110101111011111111
111111111101
11111111101111111101111111101
111100
11111111
111111111
1
1
0
0
0
0
1
1
0
111111111111011111100111111111
0
1111011001
0
101011111111101111100111010001001110001
0
11101101111111111110111101001010
11111111111111111101111110111
1010001001011111100010111
111111111100010111110011110
111001111111111111110101111111
11111110011111011111110110111
1111111011011011101
00001110101111011000000011100
1110101111111011
1110111110011111110011111101011010011111
11111100011110000000110111
111101100111
0111001110
011000011000110101
11111110001111
10111111011011011011011111110
11000111001101111
11110111111011101111
1111110111110110101000
1110111110101111110111001111011
111101010111100110001
101111011111110111111101011110
1111111111111111111001010
1111110101011101
000
010000
1101111101111111111111111
1110111111100101011011
111110010110001101010
00101110110101111011111010
101
1110000110111111011110111
1011110111100011111101101110011111100010
10011111111111101111110111
1011101010011010
0010
11110000010111001101111
0000000110001
0100001010101
0111110011101011110100001110
0
1111111111011011110111100
111
111
1
1011
1101
111
111
11
11111111111111
11
11110111111
11
1
11
11111111111
111111111
11111111100
1
1111111
1110111111011
111110010110110011110
111111011101111011111111
11111100111111111111
1111110101111110000011
1111111111111111111111
1110111111101111110111111111
0111111110011111000101110
11111111111001011111111
11111111111011110101111101
111111101111111110
11111111110111100111
1011110111101111001110
111111111111110111010
011110111111110111111
11111110111011111
11111101111100111111011101111
1110111101110111011111
1011011111110100111111000111
11111111111111
1111111100101011011110
011101111111111111111011
11111111110100110
11111111011011010
1111111001100
111110111111101111011
1111011010
01111111111
111
01011111111101011101001101
0011101
110100111110011111
11111111111101011111111
11111000111101110011101
10000000101011101111100
110011001110
011101110101
111111111110011111110
011100101011001110011010001111
111001011010
11111110111101110111011101111111110
111111
1111
11111111100001
11110101011001
110100111100110011101
1101111010111
000
1111001101
0111
111111011
111101111110110001101110
110101111111001011111111
101111111011101111111111111001110
1111
11
11
111
10
1111111
11111111111101
1
11111111
11111111111
11111000011001
1111110010100
001010110001000000000001
11001101111001000111
0111101111110010111010101001000100101001
110110101111010010000100110
011010100111111011011
111011111111
1
11010
111110101110111
1111111
11111110001011010100001011
11111111111
11001100111101110110000101011000000
1
1
11110110001111001
11111111111
111110011010100100011
11111111111011111111111101011111001101
111011011110000001111100101
1100111101011011011111110111011111110011110111011111011011101111111110001010111111110100111011111111
111101011111111111111111
10011101000011011111111101111
10111111111111111011100110011110111
0110101111001110101
1111011101
1111010111000
1011111111100111101111110
11
1111101110010001111
111011111111111011010111010
111111111110101110010100111110010111
10011
10
11
010100
1011
111
1010
00
1101
1111
00111
1100
001
1010
111
000
1010
0000
10000
01111
1101
11111
10000110
111
1
11010111010
011111111
111101111011
101
11
1
111
1100
011
010111
11
00
000
1110
01
1
0
11101010011011011111111101101010100011111011111010111001111111111011111000001110
111111010110011110111111111110111010111111111001111001000100111111011111
011111011110110101111111111111111111111111000111100110011000110110101111
11011111111111101111111111111111101001111111111111
0110110001110001110101101011111111001110101010111010111111
111110111111010111111111011111101111110111111110111011000101
11111101111011111111110111111111111111101110110011011111111110
011111111111101011111111111111111110111011011111111011111011111110110110
0111111100010011100011011101000010111001010
1010110111111110111111011011110111011101100110111111111001101100111100101011
1111111110111111100111101101111111111
10100111111101011100111111111101111111111110111110110011100111011111111110
0101011010110111111100110000111101111110110110110
111100011001111111100111110001111101111011101101011110111111011011111111
111110101111111101011001110011111011100101111101111101
11100101011111000110111111111101111100010111010111000100111001100000100001101111110000011111011010001000001001000
10111011111111110110111011111111111100101111111111111
0110111101010111110111111111111111110111111111111
111110001111010110110001101111111011110011110111111111
1111
01101101011
111
11111111110010
1110111
111101
11110111101111111101
1111011001101
1001001110111011110010111111111101010000101010100111110111110000111111111111
11110001
0
000
1111111110
11111111000
10000
0000
111
1100
0101101000000
11
00
001
001
100
1
01
0
01
000
01
011
10
001
001
100
01
0
11101111111111111111
111
1010011
10
00110
0000
00
001
11
01100011100
10111
11
11110111111100111111111111111111111111101110111
1000111011111001100100101101010110011100101001111100111111011100
0111111111110001111111011110101111111010110011111011111111111001
1111111101111011011111011101010111101111011101111100110111111111101111
1111111111111111001000101011111110110111001101011100111011111
11011110111110011011011110111101111111111111111110101111100
1111111111010110111111101111111111111111111011011111111110
01111111011111001
11111111001110111010111111111101111110101111111111111111101
11111111111111111111101111111011111111110111111
1101001010010011111010110111001111110001100111111001101011110110101110011011111111110111111010111001111001111
1100001111111101111110111111111111111111110011111111110001011001011011000101
11011100111111111110101111111011011111100111111011101010011111
110101000010100010001000101100101101101111111110110100111
1111111001111111000000111111111101110011100111011010110011000111001111111101110011110001110111111111110
11
011110000111111101110010111111111111010111000011111101011111111000011110111111111001111011111110100110100011
0100000110011100000000101110010000011010000000110100001001001100001011111100011110101000011011110101010111110
11101111101111111001100111111100100111111111011011010111101111101101111110110000000011001
01100000010100100100000101111101010101101111111
0111010110101
0
0
1
0
111111101111111011111101101111011110111101101111
1101111100001001011001011100010111100111010101111001101110100110111000011111100110101010111010111111111101
011111011111111100111111111111001111111001110111111110011011111111101011
0111110111111111111111111111111111100101110101111111110110001110101110011
1111111101110111110111110111101011111011111011111
11110011110001111001110101101101110111011110011001111110110101110001111011111011111001110101111111101111010111
00001111111110011101110001100000111110101001100111011010111111111111010000111111101111101110001100101010101
1110101101110011011110001111101111110110001101001
101111111111111111111111110111101001111111101111111111
1011111111111111111111111111101111111111111
11011111110111111111110011111111111110111111111111
111010011111111101111111111110111011111100111111101111111111
1111111111111111110110001111010110010100111011100111110111111111010101101
1001101110111111111111110111111110110111111111101011111
001110111010111010110011110111111111111110010111001010110111110111111100110011001111111
100111111111111111111111111101101111111101101011111101111
10000011101100
110111111111011011011111110110111011111111111101111
10001111100100000
11111101000010001
0111001000000
1111111111111111
111111100011011111
11111
1101111111101111
110111111011111111001
00011111111100111
11111
1111
1111111011111
11111
11111
1111
11111
1111
11101
11111
111111
11010111
1111
1111101
110111
11111
011
11111
1111
0111111101
011111
11111
1111111111111111111111111111111111111111
0111111110111111111110110110111111011011101
11111011111000101101111111111110011110110111101111001110100101111110011011110110110111011100
10111111111011111001111111110011111110011111111101
011111101011110101111111111111101001101110011111011110111111000100000101101
1101111110111011110100010110011111011011110111101100101111110010011111110001001110001111110111000011001101111111100
11111111111111111111111111101000111111101011111111111101
01100111111001111100110101101100110011111100111111100000101001111111011111011110011111100101111011110
011101111101101110111011101111101101010011011010110110001101111111
1100100111111111100010011011111011111111011111011111111001110011110011110111110001101011111101111101100111110010011000101010000111
110111011111111110010011110000110011111111111111001011111111111111
1101011111111111111110111111111111101111111111111111111111
11111111111110111111010111111111111110111111101
10101101101111111001111111111011111101111111111011111111111001
111101111011111100110011110111011011111111110110111010011111110111011111
011011001100001110101111111111100001101110110101000000110111111101111111111111111111111
11111111111101101110101101101111010101011111101011
11
110001110100110000101111111011111111011101111110111110111111011110111110011010010010000000010
1111111111111111101111111111111111111110111101111111101111001010110
110111111101111101011111111111111111111111111111
11011111111110101011111111111111111111011111111111010111111111
11111011111101001111111011111111110101111111111110111111
0111111111111111111110111111111111111111111111111
1011111111111111101111111011111111111111011111111111111111111011
1110111110111111011111011111011010110111101111111001111111
01101111111111010111111101111111111111111111011111011111011111111111111100111
11011110111111111111111111111110111101111111111111011
1101110011111111110111111110011111110111111001111111111111111111111111
11111011111111101111100111111101110111111110011111111111
11111111111111111011111011111111111101111111100111100111
11011111111110111111111111111111111111111111111111
1111111111110111111111111111111111111111111111101
111111111111111111111111111111110111101111111111
1011111001111111001111111111111101111011000001111111111111111111101101
111111111111111111111111111111111111
011111111111111111111011011111111111111111110111101
1101111110001101111011010110111100001110011101111111000000001111111000011011111101111011100011010111111000011
1111111110111111111111111111111111011111111111110111011011
1111101001010111111111011101010111111111011011111111111111111111
11111110111110111101111111111111101111111111111111
1111001100111111110111111011111110000101111011001001111110000011111111101011101111111111111111
11101111111111111110111101111100111111111111110011101011110110111101
00010010010000101110000101000111011110010110000000010000101001101010000110111110110001100111100111101100000010110100001010000100100100101110101100110111101100000011000011100000011011110111011011111111000111
11111010111010110110101
111011101111111
100111110110111001100111
11101111111111
10111111011111111
11111111111110011110111111111111011111101111
1111111101011111111111001100000111001111101111
1111111111111111101011111100001101111001111011110111
1011110011100000001
01111011011111101
111110111111
11111011010110
0110111110111011101
001111111110011111
111111111111111111
01110111101111010101
1110111111111111111111011100101011111
10110011010110001
0111111111111
1101110101111111111
0101
0101
10011
01111
1101
1111
1110111
1011111
111
11101101
1111
111
1111
1110111
1111
11011
1111
01110111
111111
111
100110111
11101
11110111
11
111111
011011
01111
1111001111
1
111
101111111
0
101111111
00011
0111000
11011110
0111
1
11110
0
1
0
0
000
011
00
1
011111
0
0
11111111110111111111111111111
11111
11101
11111101
001
1
1
1
1
1
1
1
1
01
1
1
11
0
111
01110
101111111110010101101111101111100011110111110101100100000111111111100011111101111001011001
010
0111111100000000110
11
101
0111
1011
111
1
1
1101
11
101
11
111
1111
00
1101
001
11011
1
11011
000
111
1100
1101111
0111
1
00
11
0
01
1001
01
111
111
0
1
000
1
0100
100
0
000
0
0
11
0
1
1
0
1
1
0
11
1
100111100011100000011
00011110001110
111
11100111
11011111111111111111111111010110111
1111111011110111000111111011111001
11111111011011111
00000000011101111011
11011011110101011110101011100000
111111111101101111010011100001011001
101111101111111111111110111110
111111111001111110
11
100000001111111111
00101101111111111
111111011111111
0110110111111
000110011011011110110100010000011000
110111111011011110
111101101111010
001111111101101111111100011111000011101011
111111110101
1111111111
1110101101
1000111111100
1101
01111111111
111
11110101001
1111111011
11110011
1101111100
1111100
001111
11111111
011
1111
1111110111110101
0
1
101
110111
111011111110101
1010001110111101101111111010011
10110011010111110110111101111111011100111110100111111011110111111011111110100111001101111
1111
0111
01010
01
001
111
1111
011111
111111001111110
111111111
1101111110001
11011110111110
11111111
0111110111111011100
111111111101101
101001101110001000110111010
11111111100
01101110010111010111
111110111101001
11001111110101
11111011011
111111
0111110011101100
11111000101111001
111111111
11111111001111
110111111111
1111110111100
1111101110100111
0011111100110111111110110010111011101011101101110
111111011
11
111111
1111
1111
111110111
10111
01001000101
11011
1110001
11101110010111
101111
111001110111101000001
1111101110
111111111
111100111
110011101000111
11101000111
1111111100011
1111111101111
111111011
11111010001100
0110110100101110111
11011101101101
0110100111111111101
11111001111101
01111110101101
11111110011111
11101111
11111011
01100010000111111110000000
000100
0
010010011
011
0
110
001100
000000000
10111011
000101111
1101001
0010000
1100111011110011
0110
001010001101111011
011110
110
00101000110
1011011110
111111110111111
001001111111010
011001111
0
100
01
00000
000
0
111011101011001
101101101
011010000
11
011
11010
11111
01000
011
11
0
1
1
0
01001101000111110
1000
0101
11101100
00110
01011
1110000
0111101
0
0
001
0111001001000
0110010110110011010
00
0
1
0
0
1
11011110100101
1111111110111
1101110
1111111110001111
11111101010001111
1100111101011111
01101011111
111110111111
11011110101
01111100111111011
11111101101100
0111011111101
1110111111101111010
110101101
1111010
1100111011111001110110010
1101111111111011111
11011110111011111011111
11111110010
11111111
1
111111111110111111110
0
1111
00
111011
11
1111
111110111111111111101111011000111
1111111110111101111011111011101
110111010111111111111111111101001110111011011101
111010101111110110111111111111111101010011101111110111011111000110111011
011111101111111111111111111111111111111
111111001111110110111011111111111101111110111110111
0011111111101011011111011010111111111111111011111
111001111011101110111111011111011111111011
11110110
111011110111011111100001111111110111110101110111111111
111111111110
11111111101101111101100111111111111110111
1111010011111111111001111111111101111
111111101111111
111110
011111100100110011111011111111111100111101
1
0
0
101111
11
01
11111111011
01111111101
1111111100101001111
1110
0011
100000100001
0101
0011101
00
11
00100
0000010011010010
000001111000
000000011000
11000010011001101
01001
0
0100001111
00111
0010
0110
11111111
0
1111010
1011
110000001111111100
0011000101000101110
011
001
1
11000
100001100101
111010111
10111
010111
111010
111
1011
000000100
00000000
1110
0000
101010011
1
111111111101
11
1
11
01
1
11
1
1
11
11
1
1
1
11
11
101111
1
1
11
1
1
1
11
11
1
1
11
11
1
1111110111010110
11111110011100001110
010100001011101001110100011110
1111
1111
101
0
11001110
010011
000001011001
1111001100
11
001000100010111001111010
110110111100010000
000101100011101110
11111111001100
11
11111
111100101
0
1010001000101
1111101
0111
0
110
110100111110000000101
0
11
111111111111
1
100
0
010
0100
0
11
0111100100000010111010
011000011100100011100
10011101110
1110
11010011
110
111101
00011111
1111110110
00000
111
000
01111001
110
11111
1101111
111011
111101
0101
100010111111011
01
11100011
101111
1011110100
11110101
11
11101111111
01111
1
101
00001110010111100001100101000111010
1
111
11
11
11
101100100
011
111
111
111
11
11
111
1110
111
11111011011
0
000111110011101010010111111
1
111
110111111111110
11101111111111111111100110111
1111111
101011
101011
011
0001
111
11
101
111
11
11
1101
0
11
11
11
101
011
111
11
11
11
11101
111
0100
010011
0
01
0000001001000000
01
0111110011101010
101011
0111111101011000001
00100010000
0
11
0
0
01
010
10
110
11
11
1000111110010100011000
111110000
01010001010101000111000101
1
00111110100001110000000
00
101000
00
01
100
1110010101101111111
01
0111001
1101100
011
0011111001
00
010
0010
0
10
001
000
01
000
0
10011011101111000110100110
110101111001000
011001010
011001010110101
0
1
110100110001000
111000001
0011011111001000101101101111
1111101111011010100
00
1111110111
001001011000100111110111000000000010
1010000001
000
111010010010001011111010
0
000101111100000000001
10
000
010
001101111
01
010
000010100110111000100000000001010010
11011
000
100010001
00
1
00
1001111101100001
110
10110010011
0
01
01
1
0
1
1
1
1
1
0
0
0
1
0
1
1
1
1
0
1
1
0110010010
1
1000
0
01
1110
111111
1
1101010111
111101000110001
00
110
0000
0
001
0110111100010000
0
01
011
111
1
111100001001001
110001
0000001
1
1
0010000
11111001
0111111111101111111111001011
0
1
0
1
11
01000000001
1
11111
11111011
0111
11
1
011111
111110
1111
1111
1111
1111
11111
101110
11011
11111011
111100
111111
11111
11
0110000101111
1
0
1
1
1
0
1
1
1
0
1
1
1111111
1
0
1111
11110111
01111
1111
11111
1111
11111
11
1111
111111
111
11100
111
111111
111
111111
11
11111
111111111
1111
11111
111101
1111110
1111
111
11111
111111
11110111
1111
1111
11111
11111
1111
1111
111
111
11
111
1111
01111
1
0
1
0
0
1
1
0
0
0
0
0
1
0
1
1
0
1
1
1111111
111011110
01111
111
1111
11111
11
1111
111111
011110011110001111110
11111101
111111011100110001
1
10111
0
010010101000111111000110111010100000001111001000101001
1011111100101111000111
0111111011110111
101001011110100101111101110000001010
1110111
110101111011011111111101
010010011110011010000011101111
111111001110101101111100010010
10100101000
1011010011111
1110011011111010010
00110111110000011101001011000001000000000
0100011111010100011110001100
11111101
11101111111011111111111
0111111010110
111
1110111011111101110110011111111001011111
01111111101111111
11110100100111110111111011101111101011
111101011
11101011111110101110111001101001100011011
1101011011111111111100101110101
1111011101111101
11010111
11111111101111101
110011111000011
0111101010111111111111101000110010001001
1111111111111000
111
0111100111110
001111
01
1
1
1
1
00
11
11
01
11
1
00
11
11
01111
11111111111111111111110111111111101111011110111
11111111111111011111111111110110011101011111111101
111110011111111111111111110111111001111010111000101111110011
010110111000111011111111011110001011000101101111010011111111011101
110111111111110111111111111101111111111111
111100111111111111111111111111101111111
111111111011111101111111101110111010011110111101101111
1100101111111101111111101111100
111111111110111001111000
01001101010111101001011111111011101
111111111101111111
111001101011100
00011110111111101110011001011110
1110011001110101101111111101001111111100011111
11111101111101
111110111111111101111101111111111111111111110110001000010001001110111001101110
10001100111010101100001111101001111111111000111100101110001100010011011011111111010110101101
0011111111101111111010011111111110101111110111111011111111
1111011001110111111011111010100111011
01011110111100111111110111111010100001101001110111000000101101000100110001
111111101111111111111111111011111111111111111
100111
010111
10101001101000010011111001011001111110011010111111
11110
1111
111111111111111101111111110111111111100111
111110010001
000000000101110000011001101110000
1111001101111001011110110111110101101111110111111111111111101110
1111011110111111111111111111110011101111101010111
100111111111111111111111111111111000001100001101110111111111
0001011111011111011111111110010001111110011111111111011110
1
1
0011
111111101101111011111111111101101111111111111110
1101101111111111111111111111110101101111011111111
110111111111111111111111111111111111011110
11111111111101011101111111100111111110111111111111
111111110111111111111110111111111111111111
1110011110110001110011101111010101111110111111000000000111111111110011110111000010011101000101000011100100110111101110000111110
1111011111111011111010110011111111111110110000011000111001010
1111111111111111111111111111111110111100011110011111101111011000001
011010011111111111100011001111110111111000111111010111011111011111110011
0111110101101111111111110111111011110111111110010111011111110111010111
11110111101111001111101110110110111010100011110010001100100111111011001011111101000011
1110111111001101011111111110101101001110111010111111
01000101111110001100111011111101100011001011111101101011111000111111111101011
111111111110100110011111100111111100110011111110011010100110011010011111101101110111
00
111110111
011000111110011111011001111100100011111
10011101101111101000111101011101111100100000100011
101111111111101111111111101110001111010
111111100001011110011111011011
10011010011111101111010111001111111010000001
11
1
11
1
11
11
11
11
00
1111
1110101111010111111111110001111111001111111000
11
1
101111
00
0110110010111011100
01110011111111111111111111111
01111011011101010010111110110111110101110101110010110
1111101110111111011
11111100011010111111100111111110010000101
0111111001001111110011011111101010100111
111111111111111111000011110
1110010011111110101
11111101100011011111111101101
1110100111110011000
1111101111111111110111110111111
10001000101111111101111101110111111111011001000101110
111010110111111010011111000111011
1111011101111101011011101111110
0110111111100110111111110001111
111101
10001001111111010111010110111000
1111111
110011
110011111
11111011101
01111
1110111
1110011011011001111000111111111111001011
10011111101111111101111111101011110011011
11110111111110011111110111111111111110110
101101101111111101111111111111011011110111
1111111101110110011111111111111111011
01111011111111111111111111101101110111111
01111011010011111011101111110111110111011
11111100011111
110111111111
110111111111111111111011
01111111011011011
11111101100111111111111111
101001110111111111011111111110111110111010111
11111111111111101101111111111011011111111101111111111
011
11101111111111111111111
11110101111111101111110101111111
1111010100110111111111010100101
0110011110111111111010101111011011011101101
0111100
11111
0111111
1110
1111
110110111011
1111110
110111
110011000111
111111100
110011
101111
11
101
111101
1011111010
011
111111
011101
11011
0111111
11101
11011
11011111111111
0
0100
111011111110011111110101111111111100110101110111111111011101111
111101
1011
001110111001
1110111
1111011100100001010111011011111111111011101011110010011001011111101101111011
11111001111111110111101101101111111111000111111
00
11
11
00
1
1
11
11
00
1
1
11
11011111
1
11110100110011101110101111100100001
0000000000000001110000
1000110110000111
00100001000010110
10100100001111111000110010010100
00100100110111101111
110111111001111
01010110111
010011001111
000000000
01110111000001111111011
000010000000101100
11111110100011001100001000010
111000111110111001101101011111001101
001110001000010110001001000110
000010001001111111110110
01000001110111
111110111
1111
00111010100010110010000
011000011101001111011
100000001100001011101
0
1
0
0
0
1
1
0
1
00
0
1
10
11
01
1
1
1
1
01
00
1
1
1
11
110011110111111111
110111001111101001
011011001110011101111110011
11111101101100001011011110
1111
1111111
101101001101111100011
0000100010101100011111001000111000101110111
11100111110111111
1100101011100111101
00011111100100001001101111001001001101000000
1101100010111001000100100100100
111101
0101011011011
101111111
010111111
01111111111011101101010110
11111011111001
11110101111111
11111011011
011011100101111111111
101100111110111
01111100101000
11111111001111
1101010101111111111
111011101111101100
11111010011001110010000111111
11001111111011111
010111111111
11001100
1110101000
111101
0
1
1
0
111101111
10111
111111111111
1001
111111
11111110
111100111110111
111111
1111111111010110
11110011111101
11111
01111111111
111011
11
1101101110111
11110
11010111011111101111000011
111101001
11001011011011011111110111
001101010000100101011111011
1111110101011000111
1011101110110111111101
10111100111001000101111100
000111010011111011
11111110101111
111111111011
1011001011010011111011
100101011000001111011101001011110000101010110011110
011100100100110110
101101
011110010111110
11110101111111
1111101111011111101
1110111001100111100110
11010011101101110011110
000111010001101000000001111110000010
111111
1111110100111
011111110010111101100
10111110110111010011000101000110
00100011101110101011
1110111101111111110
1110111101111101
01100000110110111001110000
11111110111110101101
011100001111000010
1101
1
11
1
11
10
11111
11111
1
11
11110
0
1
10
10
10
11
11
1
1
01
0
1
1
0
11
1110
11
111
1
11110
111
11011111111
10111
1000100100101
11
11
11
1111
110
1100111
01101001110111110110
111
1
110
1000101000000100001000111
01100001
11
10111101111011
100010010
111
0111
11
110111111
11011000111
0
00000
11111111111
010001100111100011100000100010010000100100110111110001010010001100
01111101111010110010
1101101010
11111111
0
11111111
010
11111
0011001011100111111010010110101101
01
1
1
11
11
11
1
1
11
1
01
11
11
1
1
00
111
1111
11111
11111
111
111
1
11
11
11
101010011010000000010011
11
11
11011
11
11
1
11
11
11
111
11
11
11111
011100
1000
0000000000
1111111101110111
0110111111
011010110100000100011
1110000111
111111110101101111010001
0001011011
1001010001111
0101100011100000000111100000110000100
0110100111110
11101011110
0111011100001101100
1111101010001101
011001111
110001111111
000000010110110001
001011100000111001011
001011101101101001011011111111111111111111111111100000000000100011001000011011101001110010
1
1
1111111110
0
0
0
1
1
11
0101100
111101110010110
1
1
1
1
1
1
0
1
1
110100101
10111
110010110110100
111
111
1111
011
1
111
111
1
11
0011
111
111
01111
011
0111
11
101
0111
101
11110
1
01
111
111
0111
11
11
1011
001
0111
1110
0
011
1011001
10
11
11
111
101011
11
101110011000
111
001
1
1110
101001
111
10
110
110
11
111
111
111
0
0
10
0
00
111101101111
1111
111100111
011111110
0
11
11
1
11
111110101111
1111
111101101
1101111
11010
11011111
111111
0011010111100001
1011011100
010100000
1101
10000001000
011100111111
0111010110101
011
111010
011011011101110
010111110
110100000
11010101010
111
1001
1
0111
110
1
101
11
1110
011
011
11
00001100101110
00111001111101
0111
1111
10011111111010111111111
111111010111
11111110000001100110
001110011100101
101111
01111111
1101100
1000100001110
1111101111
111
10001101000010111001
11111001
11101101111011111
1101011
1111100
1111
1110101110
0011010111
011100110110
1110111
1101
0
11110110111110
0111101110110111110000
1
11
111111010111111
110
01111
111
111
11
101
11
10011
1111
11111011111111
11
111111
01
111
10
11
11
11
11
11011111
111
111
111011
11
11
10110111110
11
010111011111111011101011100000011
01011111011111001101010110111111111001111111111011111101111111010001000000001101101000110100001110000001010101111010
111100111111111100111111101
1111111111111111111
111111111101110111110001111011110
111111111110110111111111101001101011010110111111101100111
11111111111101111100111111111
111111101111101111111111111011111111110111110111
110111111111111111011111
111111111111001111111110
0101010100011111011101000110100000100101001011
111111111110011111111111111110
1101111111101101
110011110111111111001
111001111011011011101111011100011011111110111010011011
1101111111111111110101000110101100111
11110001111111111
111111111111111111111111111111101111
1111111111111111110111111111111
111111101111111111111101111111111111111
11111111111111101111111110111111111111111
111111111001001111111111010111110111111111111
1001111111110111111111111111110111111111111
1111111111111111111110111111111111111
1111110111111111111110111110111111111111
111111101101
11111111111111111111111110111111111111
1111111111111111111111111111111111111
1111111111111111111111111111111111
111111111111111111111111111111111011111110
11110111111111111111111110111011111
1111111101111111111111
11011110111100111111111111111111011101111001111010111111101
111111111100110111111111
011001111101
1111111111111111111111111111110011110111
1111111111111111111111111110111111101
11111111111111111111111011111111111111111
11111111111111111111111110111111
11111111101111111111111110111111111111111111
111110001
11111111111011111111111111111110010111111011100101
10011111110011000100000010111111111
111101111111111110111111111010111101111111111100
1111111111111111111111101111111110
11111111011111111111111111110111001101110101001100110110101100101111
1111110111111110100111010101000
1111111111101111101
111111111111111111111111111111111
1111101010101011110111101000110110111100111010011
110
11101111111111111111101111101
111
000
111
111
111
11
111
11
1011110
11
111
1
11
111
1
0011
01
10
10110
1
111
11110
111111011111111011111110011100011011100001
11111111010111111111111111110111011110001001111101111001100110111111011000
1010111111111111111111111101111100111111111110
1101111111111111111100
11111111111111101110101111111101
1111111111111111111111
11111111011001110111111111111011111101101111001111111
111110111010111111110111111111111111111000111110111101
0111111111111111111111110111
110101100111111110011111111111011111111111011110011100000101001011001000001001111110000000000
111011111111101111111111111111111111011010111111011110111011101111111101
111101111111
1111010110110111111001100111100101
10101110
1011011111111110111111111111110
1111110111011100110100011011110
111111111111110001111
11111
11
011
1
11
110111
11110
11111111
111
1
11
110
1011
1011
1
1101111111101011
0111
111
11
1011
11
11
11
110
1110110100100010000111
00
1
111111111
011011011100011111
1111111111111001001001
011111111111111101111111111
111011111111111111110111111101111111101101111110110
111101111111111111111111111110101110110
11011000111000101110001111011111110
1111111111111111111101001111111111111111111
10011000000001
11111111111111111101111111111111011111111001011001111100111
1101111111001101001111
111111111111011101110100111
11111011101111110101111010011110
111111111100101010111011111
1111111111011111111111111000
111100111
11111111101111
11100111111111011
1101001111101101
1100011011111111111101101100010101011101000
10111111011000101001111110110100111111111111110100
110110111111111011011111111110000010
110111111
1111
01011
11101100
11
111
1111100110111
111
11
11
111
1011
11111110111
0111
111101111111
111
11
11
111
10
011
11
11111
011
111111111111101101111111011001101111111110010110001111110111111110101110
1111111
111111111110100011011111
1
111
11110
1111111111111111111111111111011111101001111111111011
10111111101100101111111111111111111111111101011011101100101011000000011011111100101011101011
111111111111111110111
1111111111101111111000
1111011111101111111101001010101010101100000011011011101101100
00110011111001101111111110101111111101010101111101111111110110111111111001101101001000011101101110110001011010111111110000011000100001110111001111000000110011011
1101
10111101
1001111011
1110
11
01
111101
1
11
111
1101
1
111111
101001
101110111
10111011
0100100
00100100
00
1111111111111111001110111011000010011111111011000
0000110
1011111110111110100001001010001
1110101111
111
11010011111
1000010111
011110010
10011
0100
001111
1101100
10101001
01010
00110110
101110
11011110
1
1100
01
10111
111
1111
1101
0
100011100111
010000100100111000000
00110001
011100
1101000
011101111101110111101111110111111
011111111011011111101111100100111000000001010110011111
1111111111100111111
111
111111001100110110111101010100110010111111000111
0
1111111001001
111110110001
111111101
1111111
111111
11111101101
11111111
111111111101100000
1111111011
1111101110011
11111111
11111011
111111110
11111111110001101
111111100001
01111111
1111111
01111111
111110111
111111111
10011100111111
111111011
11111011101
11011111111110101
1111101010
010111111
1111101
11111111
11111111001
11011111100
11111011111
0111111111101000010
11111101
11111001
1111111010
1111101
111111011100
11111110011
111110100
101111
10011
11101
0111111
11111110
11111111
0001100111000
1011111111001100011010110011111001111011011111
0111001110111111111111111010111111101111111110011111
111
10
11011
001
11
101
111
01
11
1
10
1
10
1
1
11
100
111
1
1
10
1111
11
1
10111101101011101
0010110111111110
11111101111011
0110001100101
011110100000001101100101100111
1010
111111101111101111000
1111011100
001111101
000100111100011
1
01
0
000110100001001000000
111111
01
101
01
00
101
1
11
01
01
01
101
1111
011011
111
11010110
11111
111110
1111
1101100
11101111
111101
111011110111
1110
1111
1101110
11
1110101
00111
1111
111011
11111
111111
11111
11111
111
1
1
1
1
01
1
11
1
0
11
11
11
11
1
111
1
10011001
0
1
1
11
0
1
1
11
01
11
11
10
1
0
1
1
00
11
11
1
11
111
1
11110
111111
11111111
111011010
1101
111
01
001
0
111
11
01
00
11
1
01
1101
1
1
011
111101
11111
11111
11111
11011
11111
0111100100111
1001111011
0111
1
101
11
01
11
111
0
11
00
1
11
111000
11
1
011
10000011101010111
1
111
1000010010100110001110001010000101000100101010010
1100
1110011
1
1
1
1
1
1
1
110
11
0
111010101001
1111
011100010110
1
110111
111111101
010111100111101100000110011
1111101011
11111100100000000
1
1
1
1
1
1
1
1
011
11
11111111
11011011
0111
0111010000000001000
111011
10011111011
1
1
1
1
1
1
1
1
1
1
1
1111
010100101111101111110111110101111110
10000110110111
111111
1111
111111
11111
11111
111
111111
11111
1111
1111
0101011101001011111110111001011001111111111011011111111
11111
11111
11111
1111
111
11111
110
1111
1111
11111
111101101001111111111011
111001010111111111010011111101110111
0101001010001110101110011110101111010100100100111011
110111111010111010111001011111011
110110100011111111111001111100110111111100111011101101100
11011101
11
111
0
00100
01001111
010001100110
11
11111
11110101111010111111001111
001100101
111111111100101101
1101110001011001111
110100000010100100010011111001101100100000101
11010110101111
1011100
111111111111111011
11111011011001001
0111001011100111
11010011111101111111
101111111011111111110
100101110111110101
111111111111101101
1101011111111
111111110111
1111111111011111
1101001110111101
111110111011111110
0111001111111111000011011101110
111
10110001111111011
11110111111011110
11111110111
111101110011
110111110110111111100
111111101
1111110101
1111101
110111111100111111
1
11111001101010
111110101111111
110
011110111111111111
11111111001111
01111111111100011111110
1111110001011111011111110
1110111110101111101000110
110011101111111010001101110
111111110101001110
011111110111011110111
00111111101100111111000
111111011111110110111101110
111100111001010111001
10111011
0111
001101111111111101111111100101110100111000
0111011111101101101
01110001000110100100011
0
11
0111011111
111011
11101101110111
11101011011011111111100111111111101111111
11101
1
111110100110111111
00001100011010110111100111
000
1
111000100011111
10
10001011100001111001100010110100111010
0011111
01011101010110110
11110101
11
001111111111
1101
0000101
1111111111101
0
11011
1
111011111111
00001
011
11
1100100000000
1110
01011011
1000111100
1100
00101
1101001
1111111
1111110110111101
1
0011
100
00
00111010
01
1
0
01
11111
1111101
0101101001110
1111101
1111100110
1111
11110
1111
01111011111111011011100111100111100111111001111
1111
11
11111
111101
000
1111011111111110111111111
101
10
10
0
0
0
0
00
010110111
00
11
11
0
11
1
0
0
0
0111100001111
001001110
1
01110111
10101111101011011
100100101
0110111001110100001
11111
011111001
0111011
1111101001101111100
1111
111011110
11111
1111010110111011001
1111111111
1001111111
11100000110
1110110110001101001
10110110111011110000100011000111111
1
0
0
0
1110001111111111011111111111100111
111111111111111111111111111111110010101
1110000
11111
001111101010010
1100011110010111001
11001
0
110101111011
0100000101001
11111011
1110011110111100101100
001111011011101100011000001
0011010011101100011110111101
111101100000101
1100001
10111100111001111111110100111111111110001111111011
111100110010111111111101111111
00001111110111101010000101101001011000
0
10
1
111110111111001111111110011111011111110110011111
01101101110
0110011101110111011010101011
11111
11100011110011000000
1100101111011110111101110101110010111110
1011111101101111110111111111101111111
11111001
110110111001011001
11100111110010
111100111111
110111011000000
111011101101
1111101110111110
11010110100
1111111
11111100
11111111111111111011111111011011
111111111000010001010111
001110011100000
11101011100111001000100
0010001110111101101111110111011111110101111111010001011111
11001001011111001111110110100100011011111111111000111000111111111111
01011010111111011111100101111101111111111010111111100010110
111111
1110111
11110001
1110010100101
111101100
11101100111100011011110
0111110110000111100
110011101
111001110011101001000000110010
111101101100001
1110011
1111101000100
110011111101001010110
111010101110001100001
1101
11111010011010100001
11110111101110101
0101000111100111110101001101101111010
01100010011010
1
00
01
00
0
11
0
10
00
11111
111
0011010111110110
11110110110010
11001110110111
111111011011
011110110010101100
111
11111111
011111
111111
011011001
1110001110
0110011111011000101111
1111101101111100010
011111101
111000111111001
1111011011001
1001010100
010110001101011111001110001
1001010
1011111111110111101101110000101111011111
1110110111
111
0110111
11
1110110111101111
1
0
1
1
1
1
1
1
1110010111
1
1
1
1
1
0111
1111
001010011101011111010111110110111001
1
1
1
1
1
1
1
111111
1
1
1
0
0
0
0
0
1
0
1
0
0
0
1
0
1
1
0
0
0
0
00
10
0001
0
0
0
1
01011111111101001011
1111111
1111
1011111
1000011110111010111
11111
11111
111
01111
1111
111111
1101111
1111111
11111
1
1111011
11011
11101
11111
110111011
1
11111
11
111101111
111011111
1111101000101111010
001111111
0
1
1
1
1
11
1
1
0
0
0
0
0
11111111
0
0
0
0
11
0
0
1
1
01111111
111
1
1
1111111001111101110111111111100100111111100111
1111111
110011111
1
11111
1
1
0
0
0
1
10110111011000011
1
1
11
1
11
10
10
1011111
111111111
11111111010111
11101110
111
11
0000000001110000000
11101
11100111100111111
101011001
11100101111000101000
11111001
11111
011111
1100000
11111011
111111101101011011
1
111111110
10111
1111
1
1111100100
10010010111
11111011
0
1
11
1
000110111111111011101101011110110101111
111111111
11111
111
111
001
010000
0
0
0
00
00
11011
101
1111
0
0
1
11
11
0
0
0
1111011
1
1111111101111
1100111011001101
1110000100
1111110011
1111101100101
11011111101
1101110
1111111
11111010
111011110
11111101011
11111101
11111111011
110111101001011001
11111111
1101110
1111111101
0111111011
111111100
111110111
111011011110110
11111100
11111110011011
111110110
111111010000
111111111
11110111
1111101111
111111
11111
111011010
11111011
111111110
11011101
1111111100
011111
111111110
111111
111110111
1111101101
1111011100100001010
11111011001011001101
0
1110110
11111100101100
111111111
111101111
11111111100001
011111111
1111111
11111110101
1011101101110
11110101111
1111100110
1101100000
111111101101
111111110010
11111100001
1111111
11101111001011
101101101
1101010100111
1110101
0011111111011101011100010010010000
11110101100010000100
11011111
11111
00111
1110
01111101111
111111101111
010111
0111111
010000
01110
0
11
111
011001
01111
1011111
11
010
1100000001
111
1110101
010010000
111
10
1111
1111
111
11111111
11111
11110110
1101
1111
111
1111001
0110011111
1111111
111011
11
111111
1110001
011111011011101010
1
110110001
11110101
0
01111
11
1111
0111001101
0
111
0
10
1
110111
1011
11110
1111
0110111010
1110111
0
11
101
01101000000
1111
11101011010100000
1010010111
11110111
1001101011100
11110
011101011011
1111
0111
1110000010
1111000
0111110100
11011
100000101101111
0001000110111
01001101100
111101
1010111
0100011110000
01100000
001011010
110111
101001111
111110
0111
11111011
01
11100111111101111110000101010111010111101011111001011
11010110
11111111111110
111111011
00
000
00
000000000
1
0
111100
011
111111110011
11
1011
11
111
101
11
11
1100111011
11
110100101
111
11110
0100111
111
11101
011
11010010
1111
11111
11
111111
1
111
1
110111
11111
1111
11
111
111
11
111001
11
111
1101
111
11
1111
111
1
11
011
00111100000000
11
1
111111
1111
1101111
1
11111111110
11111
111110101
11101011000
11
11
111111
10111
111
11111
111111
01111
11111110010
111
01111
101011111
1111
11111
0111
011111
11111
11101
111
010111011
1
111111
11111110010
110111
111
1111
111101100
011101
011111
11111
01011111111
0111
10111
1111
01111
11
111
10111
111111
1111011
010111
111
1111101
0111111
111111
111
000111
11111
111
11111
1111111111
11111
111
1111
111
01
111
101000110
111111
1111
111
11111
111110011
1111
1011101
0
110011
0111
111
1111
011110101
01000111010000
11111
1
110111
1111
1110111
111111
11111
01000
11
111100111
0010011
0011111
111110
0111010111
01111
111111100
1100111
0100010011010
110000010000110
11011111
111111
110110110011110
111111
0001000001011
011101111
101101001110
111101101
111111111111100
1110011
1111011
11000111
00100001000
11111010110101
1101
101111
111001101
111110111
00100101110
000110001100001
11101011000011
11100111011
11101101
110110111100110
10110
00
01
100
00
110
0
0
01
10
00
10
01
111
0
0
01
1
111
1
01
0
1
111111
111111111100110
000000100110000111001001010000
0
011
0011011
11
10111
111
11
101011
11
0
1
1
1110
11
00
0001111
11111100
1111111111111011111111
1
11110111111011
0000000000
1111
11011101010010001001111
11111
1
1
1
1
1
0
01111111111100111101111111111
1
1
1
0
1
1
1
0
1
1
001011
11
1
1
1
1
1
0
1
1
1
1
0
1
1
0
1
0
0
0
0
1
0
1
11
11110111
0100
01
10
0
1010
1
0
110
0
0110
0111
011
1011
11111
010
0
110
1111
1010
0101
11110
110000
10111
1111
00111
101010
1111111
0
100
011101011111
10
10
00
1100
11
1
1
0
10
0
1
0
0
1
00
0
1
0
0
1
0
0
100
0
00
1
11
0
1
1
101
10
11
00
0
00
0
0
1
1
1
1
10110010111111111011100110100
1
0
0
11111111
0100100001110000001000010110000001010000111101001000000001100000
1
0
11011
111111110
11110110111
111001
011011111110111010101
1101
011111011001101
0
11
111
11111111111111011111101110111111
10110101110110111000011
1101
11111111001
0111111111111
1001101100110011110111
011111111111
11101111111111
0
0
0
1100
11
0
0
1101101111111
111111011111
011111011111
1111111011111
11111110111001111110111111
111
11101011111010010010
1101111001110110000
11101
11111111
110101101111101
111111111101
0111
10
1101011110110000111011
111111111010
011011
00
0
1
00
00
00
00
01111
11
011
110001000000010
111101
11011111
1
1111110
1011110101111
111111111110
0111011101111101110101
11101111110011010
11111111
11111101101
101111011
1111101111
011010110011111111
111111
011
00
010111111011110011010
111110111111
11111100110011101111
101011100010
11111
011
1010111
000
011
0010101
1
11
11
110111111
00110110
0
1
11111111111111100
11
1
0
1
11101011111
0
111111
111111
11111101
1111
1111
111111
1011111
111111
111111
111110111
111111
11
1110111101
1111111111000
111111
11
11111101
011111101111101101
1111111010111
11
1110111
10111
11111
111111111
11110111
11111
11111
11111111
101111111
111111
111111011
1111111111
1101111
111111
11
11111110
0101010110
110011111
11100
11
1111
1111111
111111
110111
11101011101111101110
111111
111111
1110111
111101111
111111
0111111110100
01010111
1111
01111111
11
11
111111
11111111
1
011
111
1000101111110
1
11111111
1111110111111010
11010
1
1111111111
11111101110111111111
111
111
101011010111111110111111
100111111101111111100100100110
011111111111101
0000100100000011001101111111
1010111101111
01111111
111
1111101011001101111001
11101101111111
111011110101111111000
10110111
01111111
0
11111101111
1
1
1
1
1
011
1
01
1
1
0
0
1
0
1
1
10011
111
1111001011000111101100
1011010
0001
111
11
11
11
11101
100111
01010
11
111
00011
1100001101011
111001000
1001111
101111
0
011
1101
11
111000101
111
11
1
1
01
0011
1110100
01
11
1101
1
010000111
111
11
1
1
11
0111
11
00111
111011
111
00011
111
110
1000111
1
1110
10111
11
11
111
1000000000010110101110000011000111
11011110111
10011111
1
0
0
111011
0
1
1
1
0
1
01
111010011111
0111
1101110011011
111111011
0111
111101
101111
111111
101111110
0110
0
01001
1
11001101011000
0011
01001000110010011
1001110111
1110100
1000100
111
111111
111010
11
0
11110
11
1
00111
011110
100101110110
01100
0
0
10
11101101111010
101111
1
10111
111
101
0
00000100111
111011111
1111111
110111101111
111010111
11111111
110111
11111
110010101110
1110111010111
011111
111011111110101
11111
111101011
111
111
1
1
1
0100010011101100100
0
011
0
0
0
1
0
0
00
0
1
1
1
100011
111010011
11
1
1101
11111111111101111
0011001001100101011
10
1
1
0
0
1
1
1
0
0
0
1
1
111011
010011
11100111
10111
11011
1100101111
1111
100111111
1100111110
110
01000000
11110
11
11001110
110
1011
01010101
10000
1101
011
0110101
110
000
011
0
010011
0
00000000
01111110
010000110
001
11101100
011010001
010000
0100
110001
11000
111
0000000100
100
0
0001000
01
0010
1
1011
1
1
010001000
0
0
110
010
0
0
11
0001
11111
10001001
001101
110001
11
0010100
1111000
0101
000001
1010101
1010
00000000
1011
0
00000011000001110000010010
0001000000000100000
0111101
101
00000
00
00100000
0010000
110
0000000
0000110
00001000
1
0
01000000
011
100000000
0000010010
000
1000000
01110101110
1
0
1001
1
00
0000000
0110
010
0111000100
0000
01101
00000
001100000
00100001
0000000
111000111
000
000
10111
100001
1000011111
01000000
0111
10000
0010
011101010
1100000
11101111
11101010
1011110
111111110
0111010
11100011111
0000
1111
0111111111
0111011
001
100
01
1110011
011
1011
10
11
0011
01
11011
011
011
11101100000
1100000
11
111
11
111000
11110101111000010101
0111
1
0
11
01110101
00
0011111
10111111
01101010
0
0011001
0000111
011
110
101
10101
11
110010101010100011
1100100
1
10
1111010101
11111
11111110100
1111101
11
1
01
11101
11101111
111111
10100100
1111
11
110011
11111
110011
1111
11010010011101
111010110
101111
111111
101011111
100101011110
1111
1111
111111
1001011110
1111001101
111111
101111
111
1110111
11111
10111
11011
1011
1101
100011111
111001
111111
110111
0
0
1111
11111
001111
11011
111
11101
11101
111110
10110101
11111
11100
1101011001
111111
101111
11111011
1110
1111
1
111
1111
111111
01111101110
1111001
00
1111110111
1111
1111
101
1110111
0101
0111
111111
1011111
11111
110110
11111
1101001
11110011
1111
1111
11111
1111
111
111111
11
11011
11111011
11111
1111101
01111111
1110110
11
1100
101111
11011
1111
11111111
1110111
1111
1011
10
1
1110
11111
1000111
11111
1011
110111
101111001
111111
111111
1101100
1111000111
1101
111011
11111111
111111
01110111111
11111
11
11
1
11111
11111
11111
011111
1
110
111111110
1
101
110110100
111101
1111
1110110111
110111
11111111
10111111
1111
1111
11111000
0011
01
1
1110
11
00111
1111
1110
11010011110
1110001
11
11000
01
11111
01
10
1
110111
10
11
11011111
00
1111
1
00
00
01
1111110111
0001
10101110
11
11111
0
1011111
11111
011101
0
01
0
1
11011111
1
10111111
11
0
1110
10
1
0
101001111
10001
11101011
111001
11
11
0
0
1111
00
11111
1110111
1111
01
10
01
01110111
1111
10
111101
0
11111
1111101
1
1111
00
1111
1
111
1111110
1
00
11111
1
111111
00
1
01
101
11
111
1111
100111
00
1111
11111
110111011
10
0
0
1111
111111
0011111
111111
0111011
00
0
10011010
1
1111
110110
0
00
10
0
1011
11
1
10
00010111
00
0
111110
1111
1
1
11111
11011
1111
11111
1
10
010
011
00
00
11
1
101
1
11
01
1110110110
1111
11001101111
01
11
0
10
11011011
01
111
11111
11
111
11101
0
11
11
11
10
10110101001
1
111111
1111011
10
1111011
0
11111
11111
00
10
1
101101
001
1111
0
0
11
11101111
0
1101011
111110111
0
1
00
1111
11111
1110111110
1111
11
00
00
11101
00
11
11
1110
11111
1111
1010111110
111
01111011
0
1110100111
1101111
111
0
0
01
101111
11101
11
10
0
01
1111
0
10
1
1
1110111
1101111
1111
1
0
11000
111101110110
11
111111111
111111
1011
1
11111
11111
1011101
1111
1111111101
11
110101
1
1100111
11
11
000
1111
1111
111111
10001
0
1111
11
111111
10
111111
0
1
111111
0
011111
00
1
01011
10111111
1
0
11101110
11111110111111
11001
1
11
011100001100
1111
0101111
11111
111
1
1101011
10101111
110111
111111
11
0
1
10111111
11101111
1
11
0
0
0
1111
1
110111
110101111
111010111
10
11111
11111
11111
00
011111
11
1111
0
00
11011
1101111
01
1111101
0
111010111
11
11110
10
11
010111
0
11111
1111
0
1111
11
11101110000
10
111
11101110
111000
111111
11
111011
11111
11
10
011111
11011101
1111
0
10
111
1
1111101
1
1111
0
11111100
111111
1
11
10
111
11101
11
11111
0
111
1
1
1
101011
111101101110
1
111100
1
1101111
10
11100111
1010101111111010100
00
0
1011
11101110111
1111
10
11111
00
011101
111111
10101
0111
1
1011111
1101111
111101
01111
10110111
11
110111
1101111
111
111111
1111
0
111111
11000111011
11
1100
0110000110
1
1111
101111
01
0111
11101011110
11
1
1111011
11111
0
11101111
11
1110
1101
1011
10
01
111111
01111
1
11
10
00
01
1111
11101011
10
1111
11100111
110111
11110
001011111
11111
1
1111101011
1101110100111
111
10
01111011
0
1111
0
111
11111
1111
0
11011
111
1
0010101111
100001011111
1111
1111
11
111111
0
111
11011100
1111
1
010001011
11111
111111111
1
01
111110
11101111
1111111
11111111
110110111
110111100
111110101
10111
1100110
11100110111
1111
11111
11
00
110111111
10
0
101011
1111
110
11111
1011
1
1111
1101111
1011
1100011110
0
11
1111
1
110101
11111
1011010111
11011101
11111101111
11
1
11111001011
11111011
10111101
111
1110111
1111
111
11111
10101
11
1111
00
111110101111
110111
11111
11011
10111
111101
11
0111
11001001
1101
111111
11111
1111011
11111
10111
111
11111
1
10
11111
00
100111
111111
100111110111111
11111
11111
1111
1110111
011111
11111
111
111001100
111
11
110111
1101111
111111
1110011
11111
0
1001010111
111011
01111111
111
00111001
1111
11111
111
10
11111
1
1
0
01111
1
0
101010
11111
1111
1
0
1
010111
1
111111
1111
1111
111011
1111110
1111111
1
1
0
1011
011011
1111
11111
01111
11
101111
11001011
111
1111101
010
1111
11101
11111
1110011
11011110
111111
11
011111
1110110
01
1100111001
111111
10110111
1111
110111
0
11
1110111
11011011
10011
011
1101
0
001011111
1
110111
11
111
111001011111
01111101110
11110
110111
1011110
111101
1110
11111
11
11111
0
10111
0
11
111
0
1100111
111
11111
111
1110101
11111
111111
111
11
0
0111111
00
111
111
1011
101101
111011
1
011
11111
1101111
11111
11111
101111
010011
0
111111
1
111011
11011100010
111
11
1111
11
111010111
00
01
110001011
11011111101
110111
1
0
0
0
1
1
0
1
1
10001111
101
1
101
1
0
10
10
10
10
0
11
1
01
110
01
11
010
11
00
01
010
10
101
01
10
00
01
0
00
110
1
10
100
0
11
000
111
111
001
0
10
110
00
11
0
1
11
10
100
01
01
10
0
110
10
001
11
1
01
110
00
11
1
11
00
101
010
10
10
11
0
100
10
100
100
11
11
100
1
01
1
01
00
1
00
1
01
10
01
0
01
00
0
111
001
00
10
001
00
100
110111
001
010
111
10
100
010
011
001
01
00
0
00
001
11
0
1
111
111111
10
