111111101
111
101
1111
111
1111
1111
01
100
100
10
00
1
000
00
00
0
100
1
00
1010
1
00
010
1
000
0
0000
100
00
1
000
0000
00
01
11
000
11
00001
11101
00010
0011
011
1000
1101110111
0
11000
00111
11011
111
11
011
10
0011
00
001
01
00011
100
1100
1011
0000
101
11
1
111
001
0001
1
10
11
1
1001
11110001
1011
0011
111111
0
010000
11
11111
001
1101
00011110111
1100
000
01111
111
1000
00111110
111111101
100
0
111101
111
110
00
000
010
0
000
1
000
1
1
1
1
00
0011
101
00
00
00
10
00
0101
000
000
000
100
1
000
00
0000
0
000
00
0110
0000
00
0
00
1
10
000
0000
0100
00
00
00
0000
10
0000
00
00
000
0
00
11
0000
001
00
1
0
0
1
0
0
0
0
0
1
1
0
1
1
1
1
1
1
1
1
1
0
1
1
0
1
0
