1
11000
011011
11101
1
00111
1111
11
111
11000
0111
10100
10011
101
101001
01
001
0111
1010
110
110000010
0000000
11
0101100
11100
111
011
101
000111
0011
0000000
11
000111
00000000
1111100
01111
0011
10001
11
1
0111
11111010000001
101
11100010
101
00110
000101
10
1011100110
111
1111
111100011
11
11
1111001011000
11
0111010010101
01111
1100001110
1111111
11
1
11111101
10
0111
1
11
1101
111
1111
0011
0
111
011
101
1010001
1111111
10110010000000011110001000001110010
1
111
1
1111111
01010
1100000
0
1001100
0011111
10001
11111
0
111011
11111111
0111011
1101
1111
0111111
01
001101
111
1101
111000
1100011011100
11110
111
10111
0
00100
11111
0
1010
1101111
11011
0
00111
1
1110111
011111
0
0
11101
1
0
0
110110
01111001
00101
1
0
0
111
111
11
00
1111010101
0
10
0111
11
11
01001001
11
01111
01
111001110
111
011
010
111
11
11110011
11
11
011111
111
11
111
1011
11
0110111
11
111111
11010100001101
11101
1110100
1
11111
111
110111100111001
011
111110
0111010101010011
11
11
1
01
010101111001
10
1011
010011
111
011101000010101001101
111
101110101000011
11111
11
1111
10
00000
1
0111
100
01
11110
1111
1
0
110
10
01110100
1011110010
1001
1100000
11
111
1110
0
10
01111
0001000001000
1000
0111
001011110100000000111
11110
010
11
1
1
11111
000010
00011
01011
110000
1
1
100
1
100011
1100010
0000
11
01111
1
111
1110111
111
1011
0110011001
0111
00
111
01111101
1111101
000010
11101
001010
1111111
000001
1111110
01101
0
111
1111100
0111
0
11010
1001110
000111
0
111101111
10100101
0
00101
0111111
1101
1111111
0111001
1111010
0000
1
1
111110110
111
111
00001010
000000
1100111
101
011011
01001
10
111100110101
11010
0100110010
0111
011001
110111000
11
10101111
110100001
00011
11011
11
101111
0000
11110001
011000111
11111
001000001001010
1101
100110
11000
0
00101101
0001
00000010000
11111
1111011
000111
11100
1
10000
11011101
11110
001100
01011
10
1
10100
1
0111
0
00011
0101011
001110
011
1111
1111011
11100
111
111
110
00
1111101
01
00010101
10
00000100
1111
11101
1
10110001
111011100110001100000000
111
1010
110111011011000
0
00111
110111
10
110111
100
11
10
010
1011
0
11
11
1
001
110
011
001
1
00010111
01101
0
1100
111
001011010000
11111
1
11
11010
1101
100001001000010010
01111
11
111111
0
011011
1110
011
01101
0
1111
1
1011
1
0
00
111
111
011
011
11000000
111
00111111
11
111
100111011
10
1101101101100
011
00
111
11
1
1111011111
0111111
111111
111101010111111
11111110
1111
1111000001101
111111111
1111101001101111
111111
0011
1110111111110
01000111010
111011111
11110111111
1111111
1101111
11110111
011101111111
0101111
0
010
11101011101111
00000
00010000111001
00010001100
1101
1111101
11
11
11
111
1
000
00
1110100
111
11
11110000
110
01
1
011
1
01
011
11101
01
101
11101
011
0
1
0
1
11
0010
111
1
1
111
11
1
101
00
1110
1
11
111
11
1
101
1
101
1
0101
11
1
1
1
1
111
1
1
1
0
101
11
1
0001
11
111100
1110
1
11
01
101
1
0
0011
11
111
01
101
1111
111
100
11
11
1
1
11
111
1101
11
0010
1010
1
1
1
1
011
11
10
11
11
1
111
11
11
11
1
1
11
0
1
1
1
11
11
01
000
11101
1
0
011
1
1
01
11
1
1
110
0101
010
1111
1
0
111
101
1
111
0
111
11
0
0101
111
1
1
1
11
1
011
1
00
000
01
1
11
011
10
1
1
1100
1
000
101000
1
001
1
111
11
1
1
01001
00
1
1001
01
0
11110
01
11
011110101011111111
01
1010
1010
111111
11
0
10
110
0
11
10
0110
000000
0000
111
1011101110101100111001
0111
10
01100
0
10
1
1111111101110111
0
00
111111011100011
1101111001100001
010011
11111100100000001
1
1101
001000
11111011011100
11111
01
111011001111001011111
010
1
110
1011
11111
01000
11
0111101111111
1110111111
110
0000
110
011
111111111
11
111111011010111111
11
10001
111
11
11
0
00
01
1
00
1
11
0
1
00111001111
1
10000
111101
11
110010
1
11
1
1
10
1
1
011
1
00
00
1
1000
1
101111
11111
1101110
1
1111110101011
10000100000000010101
011111
11101
11
1111
11
0101111
11111110
00010000010011
11
1111
110101101
11
0010111
11
1
01
111
10111
111111
1
111
01
1111101010
01000011
111000
0111111001010000000000100
1110111
00
11111
000001111
0000000
00111011111
001000100011101010010
1010010
01
011111111101011
1110111
111010011100
11111001101110
1000101000000011000000000
11110010101111
011
111
11
1101011
1101101101
111
0
01100
110011110000
110000100011
00
1
0
1
1
0
11
1
111
111
111
110
1000
1
10011100
01
00100
111000
0
0
1
10000
11
111101111
1
101101011
110
01011
011110
1111001101
111111111
1
11
1000
1
11
0
10
10
0
1
00110
0001000
1
1
10
1
0
1
010111
101
11111
000
01
01
0
01
1
1
0101111
111
11101
111000
1
0011
11
1011
0
111000
010011
11
0001
111
11
111011011
1110
110001
0111
1
00
1
11111111011
1101
000
111101101111
1
0111100001
0
1
110
11110111
0011
1100
11110000
10
111110
1011
1
0111
1111101
01
111
11
10
0
00000000
111
111
000111
101
1111
11011
1101
01101
010011010001
11110
111011
111
1001
10
110
1111001
11101011
101111
111100101
01
111
0
1
0
0111
0
1
1111
1111
01111
1
0111
111011
11111
001101
1111
011010111100110111
011
000100000110
101101011
000000000000
0
11101011
01001010010101001
00010
11
1010
0
01100010
101001
0011
11000
11
0111011
10
101
1
11
11010100
1101
111
110
101101
10
111101110111
111
111
1111101011111
10001010
110
1110
000
11001
111111101
1111111111
11111111
01100001010
01110
110
0
111111001
0001101100
111
00000
000101
110110
11011
10000
0000
111
101
1000000111
001
10001111
11111010011
110100
1101
11101110
1011111
0100
110110001
111
11
01
11101101001
01111
01000101000000000
111001
0101110
1011100
110111
11001001
1
1
101100000
100001
01011110
111
11
111
1
000111
0111010
1111
111
01111111010
01
111100
010011110
11
110
1111011
001100
111000
111
11111
0011
1101
1101
111111
1111
11
11
11
1011
100011
0011
01
11
11
10011
1
00111111
0
101
1001000101
100
00
00
00010011
11
001100111
1001
11001111011111111
1
1110
00111
111011
0111
1111
01
0010
111
101
00
101000001
0
000000
00
000
010
00010100111
10110010
111
111
0111
1101100
10111
11110
0110
0111101000001
1
11
11111
111
11
011111
0001
111
1100000
011
011
10110
110
11011
1
011100
11
1
111000
0111
10111
011
1111
111
011
11111
111
01111000
110
1111
11101
111101110100
01110
01
11
11101110
11
111
1111110110
111111101110100
11
01
1110
01
00
011
0111
001
1110
1011
1111
10
001000010
00111111
1100000000
001001
01101
11100
10000110111000000
11111
011
01111
1111010010
0000111
01011
1100
101011
00
11
1
1
0
1
1
1
1
1
1
1
1
0
1
1
1
1
000
11111
1
1
1
1
0
1
1
1
1
1
1
1
1
1
1
1
1
1
1
1
101
0011010011
11110100010
10111
0101011
0
0
00
1001
1011001
01
11100000
0101000001
1
00101000010
111
110
111011010110110100100
01
01010011
11
1
010100110000001
0
1101110100000001000
10111011
1
01
011
110001011000
11
000111
111
001101
11001
11
0111
011
011111010110
0111
111
011
01011
0111
111101010000
110001
11
1
111
10111
11
1100
111
11
11110
0111
11011100001
1100010
111
111011
011111
1
1
11
0
0
01
0
1100110
0
01000010
00
10
1
10
0
0
11
0110
11
1
111
1
1111
01
11001
11
11
011
111
111
1
1
1100000
11
1111
1
11
01
10010
0111111101011
111111101
1111111110
000001111011
1111111
1110111111100
000000110
1
0
0
11011
1
1
1
011
1
0
1
1
1
0
1
0
0
1
0
0
1
1
0
1
1
1
0
1
1
1
1
00110000
0
10011
0
11
1
00100111
0
1110
1
1
1
010111
10111
1011
1100101
111111010111
1
110
111
00111111101
0001110
001111
1101
1110
1100
01
1000000110
11111110100
0
110010110111000111110001
1111
01101001000
01101111010010011
1
000000001000
01111101101111
1111010100011100101
100010000000100
0110100
111111
00001100010
0111100100011110
11111101011
111111111
011
110010
10000
00
11011
000
1
0
1
1
1
1
1
0
1
0
0111
11101001
000011
000000
11
11
00
111101
11
10111
11
1111
11
1
000010
1
10000
1
11
1
1
01
0
1
1
1
1
1
0
1
0
1
011
00000001110
11111100110100100
1110111111
1111011
1111011
00000100011000000
101001
111101
011100000001001
11
1
11
11
111
1
11000
1111
111
1101
111
101011
1101
111010
01
0111
1000100010000100000100
000000100000
010100
011011111
111010
1010000
101001
111111
1000101
011111010100011010
11110111111
0010
01110
11
111
0
111
010111
011
1110110
111101
011
011
11
11
0011
11
11
1100
1101
11010
01111
1
1101011
1
10010
1
011
111
111
10111
1101
1
1
1
1
11
01
1
0
1
1
0
1
1
0
0
1
01
00011
0111
1100
111
11
0
11
01111
111
11110
11
001010001101001
11
0011
01
11
11
11010010
10110
010011
1
101100
110
11
1111
1011
11
1
1
1101
111
110010
0111
01
010101
001
1
01
1
1
11
1
10
1
1
1
1
1
11
1
10
1
0
0
0
00000000111001
0
0111
1
1
11
000000
01111
1
100
101
1111111
111
11
0100
111
111000
0
110111
111010
11011
01110
0111
111
110
10110001
000100
100
10
0
11101
01111010
101011
111
0011
111
10
0
11111
00110
111101
0101
1101
101111
110
0110111
10110011
00110111
1
1111
1110
111001000
11
111
1110011
111100
10111
1
110100
11
1
1
11
1
10
1
1
0
01
1
01
0
110101
0
01
0111
110
1110011
111
11
01011
11
11
1
111
101101010
1
111000
011
11111000010001
10110011011001000010000010111001
00010101110000111111010001100010001001
11011011011
100111111101100000000000
00
001100011111000111000100011010
0100
01001010101000110000
010101111011010110011100
1111000111000
111101101100100
00000100000100
110011101111100000010
011
1111
1
1
1
1
0
0
1
1
0
1
000
1
1
011
11
11
0111
111
0111
011
1100
0
00101
011
1
11101
010
1
10110010
01010
001110000011001
1111
1100
1
1
1
0
1
1
0000
1
1
01
11001110100100101011011110110
01100111100001100
101
10111
111
1111
0101111110111000100000101110000
1
100110110
0000000000
11
01110
0
111
01111
11
0011011
011100
011
10110
10011
011
11110110
0111
000111
1
1101
11
011
11011
111
111100
01
0011
11
0111
11001
11
1
011
00011011
0000110
1
00010
00
00000
0010011
0111001110010
001100101001
011001
0001001001100101101
01010100010111001
0110100100010
1111110111100
1110100111110
01110110111
001100111110111110
001101111110101001
000100001111101101
01110111100110
00100011010111111111
01010001001010110011111
111011001
1100101111111110
1101011010111111
10110000
000
000100000
01001011011110111111
111101111101001100
11000011101100001111111
11110
1001111101011100
10010000000011010
0001110101111
100001001100100101110
00110111000101100001101110011000
111011011110010111001001
0011001011101001000100000000100100000001
11111100111101100
0111
00100001111111111
10
0
111
0010101110
10011
10101101111
0111010101
01011
110101100100
01001001111
0001111101
10111
10
0
1010001100
001
111011110101111011111
1111001001111111111110
111001110101111111
10001101110110111
01101111110101111111
11111100100111111101110
00100111011101000010
1010001111001111
11110100
1000100110100000100
01101001
011
111
1011
011011
0111
10101
000
011110101010
1111
1011
10111
01111
111
111
1111
111101
11110101
111111
111111
1111
1111
1
11111
1111
1111101
11
111101
1111
11111
1000110
000000
1001000110111000100
1111111010010111
1101111011111
00
101101100100101
100100111111011111
00011100111011101000
110
0111
1
1011011
000011101001
10001110
0101011
000001101101011
01111011111
11010011011
1101100000100001101
01011111
10111
100010111100
001100100111
0100011101001
1
111
11
11
11
11
11
111
11
11
1
11
11
1011
1
110010
000
0010110010
001101
10
0
0
1111
101111010
010
00101
001011
1111111
1111
111100
0
110110
111
1111
00
11001
1111
101111000
111101
110
10100
000000110
10100
1
1100
1
1
1
0
1
1
1
1
1
1
0
0
111
0
001
0000111
01
11
10001001000001
11
0010101
0100001
0
0000011
111
111101001
00
1100010
101111
100
010
10110110
1
100111001110110111
0111
111101001110110
111
0000010111
010
011
101111111111111110
11101000
0
011101100
00010
000
11100
01100111
1101110
000
01
1110
011111
00010000100
111
11100111
110
111
11111
11101
111011110
1100110111
10000111
1101011010110
0000000010
00000101000110
110111
101000010
0101100101
0111011010
001111101111
111111110111110
1101111
111101
1111
00100111
1011
0111
1010101
010
00
01
1011001000001011
0111100
101111
101
0010
1111011
1
11
1111001010100
1000110001100001
00
11110
1
1
11
011
01
01
1001
1101
11
0001
1
1
1011
1
101110000011
101
01
11
0110
1
11
1
0000
11111
1111
01
1
111
010010010010
1101100001
1010000000
1000010010
11101000
1000100
01110000010101110
11001110
010000000000
0000000000
00000000000000110000101100
00101
10010
01000001
0111000000101
1010110
001101001011
101
100010
10010
10100000101
1
01111100
00011
10
011
1
111111101111111111
111
1
0
0100111100
1111
01
1111100
1
0
0
0
0
0
0
1
0
1
10111
1111
111
001
1111
011
1
1
1
111
10
11110
110111
1111
10
1
111
110
0
0
0
11001
1111
11
01101
00
00
01111
1111
01111
1101
110
001
101
11011
10
1101011
1
111
0
101
111
0
111
1
111
111010
101
1101000
100011
01
1
001
0111
11
1101100
11100001
11
111110100111
11101
101
011
011011111111000
1011
1011
00
1110
10100000000
0001000010000000000
111101
01
111010
11011
0100010000
11
11100000
1011
11
100000
11
10
11
11
11
10100111
11111
00
0
0
00
0
000
00
0
0000000
00000000
00
0
0000000
0
111
00000000
0
1
000000
0
1
0
11
0101
11
0111
11
11001
101
1
0101
0
110
1111
11
1
01
111
111
1111
0111
1
1111
0
0
11110110000
0011
1100
0111
10
110
111
011
01100010
1011
110110
1
11
110100100000100
11101000110101
11011
11
11
11
11111
1110
11
0111
1111
10
11011
1011
110
1111
0
0
11
1111
1000
11
1101
101
1
100
111
01011101010011
1111
10000111001
1101
110
01110011
1001010
100110101001
1111010101
1
1011001111001
1111
1
011
1
1
0
1
1
1101111
11
11
000000
00
100000000000
0
0
0
0
11
111
0
100011
1
1
11
0
11100000111000001
0
1
00
00001000001
111
111
0
1
0000000000000000
0
1
01100
1
11
1011
0
11
01001
1
110
11
11
111
1110
1
0011
11
10111
11
11
111
1
01010101
11011
0100110
011111111111
1110000000
0
1111
0111
1
11110
111
01
1
11
1
1010
001011
111
011
11111
11101111
1000101111101
00011111
111100
110111101
00001
101111111000110000000
0
11110011101
111100111
1000110010011
0
1000010
11110101000100011010101
0010010100101000000100000
0000
00011011011001010000
111011110
000111
001000101
00
0
00
0
1
0
010
0000
00
0
001
1
0001010001
0101000110100
011000000000101
00000
0111110000
0
0000010110000000000000000
111010100011100
1
1
1
1
1
0
0
0
0
1
0
0
1
0
1
01111
1
1
10
1
11110
10110
001
1001010
00
1001000
001100
111
0
00011100
011
01
0
1
0
1
1
1
0
0
0
1
1
1
1
0
00
0001
110110100
1101
0011
0111
111000
111000
01
11
111101000
11111
011111
110000
1101
1
1
1001111010111
1101
10100110100111
00
0110000
1
1
1
1
0
0
1
1
0
1
0
0
0
1
1
0
111
1111
000000010001010
110000
1110111
1101
0010111110000000000000000000
11110000001
100011101
0100101110
111100100
1111
11111110111111
11011000
1111111111010010100
11110010110111010110001001010
101011011011110110110011100110001000101001000000000111001101001000100
110001100011111110010101000100000000
0000111110111011111100000001101011101011
1011110111011111110111100001100101101
0111000111101111000011100011
1111101101101111110100100001000110001110
1011000011100001011100001000011100000001111010001001001101000110
1111101101111101011
101110011101001011110001111000110001000101101011000100001
11111011110101011101100111001111
1111111101001
011000111110010011011110000101001111100111000001110110110010101000101
10111011101010111100010101001101011110011101000010001111011
0
10000110000
101
0000
001
1
1001
10
10
011
01
0000
010010101
11110001010000000
10010001000000000100
11011011101
00
00001
000
1001
10
000000000
01011110
01000000000
000
1110
100
0
1101
01010000
11111101001
100000111000
10100100
011100
1001111110100
1100111
101110100
11110100110
011001101110011011001010000000011100
1110000111111000000001000
110011001110111011101111101
1001111010001111110101111101101110110011001010101101
0100110
1001000
1111001001100111001
11110101111110111100001110111010
111111111110111011
11111011
01111
111101111011111001
11001
1111100001
1111110101011101111
01111111111100001
101101111001010
1101101
011111
110101111011000
100110011101
11111
011
011
110011
011101111
01110
000111
111
0011
1001
01111
1
00001
011
0
1
0
0
0
11110101100001
01110101
1111110101011111
1
0111
000100
11
11
1
0010
1
11
1
11
0
1000000
11
000
0
11111
011
000
01
111
011001
100000
111
1
01101
100
1
00
10
1
1
11
0
1
1
00
1
1
1
1
0000111
000110
101100
011110
0
00001011100
10011000
00011110
11001111101
000101
111110111
1101110
000001
011000011
111110
1111111101
011111111
010101111
110010101
011110
11101
101111111
101111111
001011110
111111111
111110111
1001110111
101001111
1111101
01111
111110111
1111111111
100111
11111011101
111111
11110
11011011
1101100
111111
1111111111
11110111
10110
11111111
101
1
1
100
1111
1
1
1
101011
1
11
1
1
0000011
10
11001
1011
11101
1
101
11
1100100101
11110001010101010
1101
100111100
1111
1011
111101
010111110010101
0001111
1100
111
1011
1111101
001
01111000101101100
1111100101
01
0110010101
111110
0
11011110111
1111
11
010111000011100
00
110
1101100000011
000
0
11111111
11111
11111101
111111
111111
1111111
11011
1111111
111111
0111111011
1111111
0111111111
011111
11
111111011111
11
1111111
111111111
11111010011111
111111
11111101
1101111110
001111
111100
111111100110
101100110110
11
111
1100001
1111
1101
100001000110111111110
1111111
01011
111001
111110101
011111111000101000
110111001
0111011111
0110110111101101010101111
1110011
10111
111
010101
1
000000001
0
101001011100
11111
11111
11111111
0000000111101100
111011
0000
11111011110
10100000
00111000101
111111110
0
0
0
111011011011
1001
11101010010
11100
10011
10100
1111
011111
001
0111100
11001100010
1111110001
110000000011011
011000101001
0110111
1110000
111000111000
0111
11110011
00111
1
011011
01001
011
1110
0111
11111111
1011
1110
111
1101
111100
11110111
11100001000110
11101
010011
1101
001010111
11111001
1
1011010
1111000111010110011101
0011
11111
111111000110011011111
10111110
11
11001
01101000
0110111101110110110001100101001011111001010001011100
0001
01111
01
1101
01
11111011001
10
0
0
1
1
0
111
00
1
11
0
0
10110
11
100111
011
001
001
1
011
11
010
11010100001000111
110100
00000
11
0
11000
110111110
1111
11100011
111
00001010
10
000
001111
000101
01011
1001
01
01111111
000
010010
100011
110000
0111110
0110110
111110
0100000
100000
01111011
101110
101
101101
100000
1
1011011
11000010
10
00001101
1000100
01
10010
10111011
11
1110
000100
00010101
11
10
110
1111011
101110
01100
1100
001
110
11
0100110
100
00
10111
01100
00
111
1111101
10001001
01
1
100
1
111011
11
0011110
0001010111
0001011
011
011
00001
0100
1
110
001110
000
11111
1001011
111111
10110
01111011
00001
1
110110
000
011010
11111111
110101
0000
1100100
1111000
101101011
111101101
10011
001011
01011
110001
111111101011
11100
011111
00100
01
0
110101111
0
01
00
00
011
1
100011
0
111111
1
1
1
1
101
11010000
000
0
0
1
0
0
111101110
1
1
1
0
1
010
1011111001111111001111001110010011
11110111011111100000
011101101000110010100000
01100010111110010001110000101
01110111000111011101101001110000100110100100000110111111010010010101100111
1
1
000000000000000000100
010
101
1111
111010110111001
0
1
0101000
01001000001
111111
11011
1100
001001
1
111
0
1
0
0
0
10
00
0
00
01
00111010101010010
0000000000001
1101
1
00010010000000000001000000001010010
111
0
0
0
1
1
1
0
0
1
0
1
1
0
1
10110011111011111
11111010101111101
101111001
011110101010101
010110100101001111
0
1
1
0
1
0
1
1
010000010000110
1
0111
1111111
1
1
1
1
1
1
11110
00
1
1
1
0000
0
0
1
0110
11110000000
01
011111
11000
0
1
1010111
111
011110
11
11
011
0
11
0
11101
011110000
011
1
00000
0
01
10
1001
0100
0010110011
111
001000
00
10
0
10
1000
1
01001111111001110101100011111
0
11
11010010
1010
1101111111100111100
101000000
11001001110110001011101101101110110111
011101110011011101101001011011101000000
0111111
111111
0111
0
1
0
0
101
1
1
1
0
1
01
1
1
1101001
0
11101101
01000000110100111010111001001000111001011
010
001100
010
00000
0000
0000
0000
10
0000
001
000
010
1001
100
0
1
01010111111001
0
00000
1
0
00001
100
01
011
10
0
1
0
110
111
00
00
0
11
10
0
11
1
1
1
11
0
10
10
01
1
01
11
00
01
0
1
0
0
1
11
10
1
1
0000
0
1
1
1
1
1
0
0
0
01
1
01
1
0
0
10
1
00
1
00
0
00
00
0
0
0
0
00
0
0
00
1
0
0
1
0
0
0
0
0
00
0111
0110111
01011
11
11
01100
000111
111100
01100
001001
111
01111
01101
0001111
111001
011011110
01101
1010110111000000
1000111
1111
0111
1110
11111
01011
1110
11111
10
1100101
01100111
11101
10100100
110
0111
111111
0101011110
11110111
1110001001011
1111
110101
0111
01011000111
11001
00001010
001100
011100
11101000100010010
1110111000
0101101
11101
101101
1101111010001
1111
001111
011100
110
110110
011111001100001011
11011
1100
01110
0111
01
000
1
1100
101
11
1111
011010111
0
1
0
11
1110110
0
0111
1
11
10
11
1
1
1011
11
11
1
1
0
11
111010000100
011
00
1
11
000
0010
0000
0
011000
1
01
1
11
11111
0
0
11
0
1
1111
011
0
00110
110010
001100
00
0000
0100
01100
100001010
0
1
1000
1
11010000
1
0
0000000100000
00
001
101
01
111
001000110100
0111
00000010110
110
000000000000
11
111100111
0011
0101
0001
101001
1000000100
000
00000000000100
01111100
000
1110111
101
0101101110
1111001000
01011
0100111101100101010
000
111
1111
001010001
11000011
11101
1011
00111101
11100
101
1
1111
00111
10
0011011
111010
000101
0000
100111010
1100010100
01000000
001110000
000
0100000000
111
11110010
111000
1
110111
000101
000
011000
00000111
1100
0
1
01
00000010
111011010101
01
000011
1000000001010
11100
101
11000000
1111011
01
1010100
0101111
00100001001100010
1011110011010
1
111
00010
111011
111111111
011
0010100001000000000
000
11
0100
1
1
1
0
1
0
11
0
1
0
0
0
01
0
10
11
1
1
1
111
111
100
0011
1101
00011
00001001
011010
01101
101
1
011011
1101111
000110101
1
0
0
1
1
0
1
1
0
0
1
0
0
1
1
0
1111
0
1
1
1
0
1
1
0
1
1
0
1
0
1
0
0
0
1
11
0
1
0
0
1
0
0
1
01
0
00
1
1
00
1
0
0
10
1
1
1
0
1
0
1
0
1
0
0
1
11
01
0
10
1
0
11
01
0
1
011100001100001110001111011001100100011000110000100
1
1
1
01
00
0000
0100
111
111000
11011
101001
111
0
11010011
1100
0
1
1110
1
0
0
00011
11110
1
011
001
11
111111010010100001110
00100001
01110
110000
0
011
00000
0000
0000111
00
0
1
11
111
0001000011010
010100
0
0
0
11
101101
111
01111010110001010
11
11101
011
111
11001
101
111
0
00000
11
01
011
11
11
1101
11111
0011
111
1
11
1110
11110
11
1111
101
11100
1101
11
11
11
110
01100
11
1
101
111
101
01111
11111
10111
1111
1111
11
110
11
11
1
11
11
11
1110
111
111
111
110011
101
111
10011
1
1111
111
11110
1111
111
011010
10000
1
11010
111
11
11
111
010
000
101
000111
010111
00
1
1
1
111
0000110
1
011
11101
10101011
01011
100110
0001101101
110111001
00
11001110000
10110010000001
001111
111100101
00000001111111110100000011100110
1
111010101000
00000000000
111101
1011010000100
11110101101
000010011110101000000000000000
101101110
111
111101011
100000011
101111111
1010111101
111101101111001
0111101
111011
00010000100011
111100110010100100
11010111000000110
11001100100100100
0000000000
1110100101100011
0011111
011000010010101101
1110001
01101011001
0111011100000100000000
011
0111110100
110111000100001
0010011110000010000010
111100000000
110111000000
00000010001001010000000000000010
1111011
11111
11
01111010101000
11110
111011100000011
00011
111
111110
11000111
100101010
00
110011001
1
1111110
010000001011010000
00
010000000
001111
011111000
111
1
111
0111
01
0
001000010
0
0
01100
0
0101
0000
0
0
111001
0
0
1
0
1
000
11
0
11
00
1001
01
1
00
100
1
11
01
0
1
1
100001
10
1
0
0
0
0
11
11
00
100
1100000
11
10
0000000100
0011
11
00
1
1
0
10000
0
10111
0011
11
00
1110
011
111
11
011
011
1100
0
11
1
1101000100100001100
1111100
000
1
1
11101
1
1
0
0
1
0
1
1
0
1
1
1
1
1
0
1
1
1
1
0
0
1
1
1
1
1
0
0
11
1
1
0
0
1
0
0
0
0
010
1011
1011101
0001001110
1111011010010
11
101
0001
10100000
11011000
1111
1
1
00
0
0
001
1
1
1
1
1
1
1
0
1
1
1
0
0
1
0
1
1
1
00
0
1
0
01
0
1
0
01
00
0
1
00
00
0
01
0
0
0
00000100
0111
1
0
1
011
1
00
1
1
100
1
000
1000011100
1
1
1
1
1
1
1
1
1
1
1
1
01110100
1
1
1
1
1
1
1
1
0
0
1
0
1
1
0
1
1
1
1
1
1
1
1001
1
1
1
1
1
0
1
1
1
0
1
1
1
1
1
1
1
1
00
0
10
10
00
1
1
00
0
11
10
1
1
0
1
1
1
0
0
0
0
10
1
1
1
1
0
0
0
1
0
1
10100
1
0
10000
1
111
1
1
1
0
1
1
1
1
1
1
010111
1
1
11
1
1
1
1
0
1
1
1
1
1
1
0
1
1
1
1
1
0
1
1
0
0
1
0
1
1
1
1
0
1
1
1
111000
1
0
1
1
1
0
1
0
1
1
1
1
10000000000000
1
1
1
1
1
1
1
1
111
1
0
1
1
10110
1
111110100010000
11
0
1
1
1
0
1
0
1
1
1
1
1
11011100
1
1
01010100
0
1
1
0
0
00011
1
1
1
1
1
1
0
1
1
1101100
1
1
0
0
1
1
0
001
0
1
1
0
1
00111
1
1
1
0
0
0
10
0
0
0
0
0
00
0
0
0
0
01
1
110100
