111
111
1111
011
111
11
1
11
0111
01
11
1101
11
11
111
111
0011111011
10111
0010
101111
110000
0100111111
01111000
011001
101101
100100
101
011100
0010100
0000
1
0001000
101
0110
10000
000
00110100
111
0111
001
11
11
11
111
111
1
011
11
01
110
0111
011
11
11000
101110
10111
111111
10110
11111
0111111
111
111
01
111
101
11111
1111
11011
101111
100111
1100011
111
1001011
11001
1111101
0110111
1111001
11110
011
10
00
111110
1111
010111
001
10100
11101011001
00001011010
0101000110100
00101001
000000000000
1000000000000
0010001001
0000000000
0000000
11101
0010
00
011101111111111101
00100110
0110000101100101100000111
01
