1
0
1
11
0
01
1
1
1
0
0
0
1
01
00
1
11
1
1
00
00
11
10
1
1
11
01
01
11
0
0
1
0
00
1
0
00
0
10
11
0
00
0
1
10
11
0
00
0
0
01
01
1
11
01
1
1
01
11
0
10
10
00
00
10
11
11
1
00
0
01
001
1
0
010
1
0
01
0
1
1
1
0
0
1
1
1
0
1
1
1
1
1
1
0
1
0
1
1
1
1
110
0
01
11
10
1
1
10
1
0
1
01
1
0
11
1
11
0
1
1
1
10
0
1
1
1
0
11
11
1
11
1
1
11
1
1
11
11
11
11
1
11
1
11
0
1
1
0
11
10
1
0
11
11
11
11
1
1
1
1
1
11
10
11
1
1
1
1
1
11
11
1
11
1
11
11
1
1
1
1
1
1
1
1
0
1
1
0
1
1
1
0
1
1
1
0
0
0
0
0
1
0
0
1
1
1
0
0
0
1
0
11
10
01
00
00
1
11
1
00
1
1
00
11
11
11
0
11
0
1
0
0
0
10
1
1
0
1
1
1
1
1
1
0
1
1
1
1
1
1
1
1
1
1
1
1
1
1
1
1
1
0
1
1
