011100111
1110
0010111
101000
110111
111
11101001
011
11
1110
010111
110101
011
11011
01101101111
001
1010110011111
11101011
01101
1101
11
01101
11111001
1110111
11111001
111
111000101
110111
11111
01
1111011
0
0110101111
10111
11
111
11
011
111
1101
0011
1111011101100001
011000100
11
1
111111
000010000011
11
11011
1111
00
11010
01
000010
011
0
010001111
0
0000
1101010
101000111
0101
0000
10011000000
1
1
1
1
1
1
1
1
1
1
1101
1
1111
00
101010101
11
1
11110
11111
111111100
000
1100
000
0111010010
0
1001
10
111
0001010
111000
0011101
0000
001111
111
111
0010010
1011110010
011101
1
011100101101010101
111
1001100001100
0011
011
111010
110111100101111100
111011101
1111010
11011111011111101
111111011111011
10111
0011
0000
1111010
0011
011111
111111
00011
100111
11111101111
1111111
0
0
0
0
0
0
0
0
0
0
0
0
0
110011111111111
0111
111
0
100110
11
10100010
0
0101
10101
110111
11
1100110
0
11011111101111
11
1111001
01
111011111011
11111111111111
11111010111011
11
1111
0101000
111
1110000
1111
011111
110111
00000110
011
01001100010
10111
0111
111101
0111011
11101
11
0000111
11011101
11111
111011000
0011
10110
0010111
1110001
10111
111111
1100101110
111
111
11110
0101111
01111101100111
1011
11
11
001101
110000
0001011001
11010
011
10011
11
001111
0111
00
111
1110
0111
11
111011
010011101
011101010101
1100111
01011
011111
0011
011011
1111100011
1010111
111010110
111101
111
11101101001011
111111001
011
1011011
1111
1110
0011010100
101111
110
1101110011
11111111
1111
11111110001101
11101
0
1110
000000000010001100000001
010011
0
0
0
1111100000110
10110
1101
1111111111001111
111111100
10110111011
1101
011
1101111
0
1
111
11
1110110
0
11001001110
00
1110000000001
00
00011
0
01
0
11101111
11100
1011111
0001
1111
1110
110111
11110
1011100111
11111
011
1111
11110
111
111
0110001
11
11100
1111011
010010
0
1011111101
11101001
011110111
1101110
000
11101010111
00
111101
110110101
1111100111
111001
111
1100101
11101
11011
1
1000
0
0
11
1101111
1100
010111
0100
10
011
01111
0
1101110
0
