1
0
11
1
1
1
1
01
1
1
1
11
1
11
1
1
00
1
1
1
1
1
11
1
1
1
1
11
11
1
1
0
1
1
1
1
11
1
1
1
1
1
1
11
1
1
1
1
11
1
11
1
0
0
1
1
1
1
1
0
00
1
1
10
1
11
1
11
11
11
11
0
0
1
0
1
1
1
1
01
1
10
10
1
1
0
1
1
1
11
1
1
11
1
1
0
1
1
0
0
1
1
1
1
1
1
11
1
1
1
1
1
01
1
10
11
11
1
11
0
0
1
1
11
1
1
0
111
1
011
111
11
11
11
111
11
101
010
1
11
011
1
111
11
0
01
011
011
110
11
1
11
000
011
10
011
01
00
11
0
111
10
11
011
00
0
110
11
11
0
11
111
10
111
011
01
111
11
1
11
001
111
0
100
101
1
11
01
10
101
11
111
1
11
11
11
00
111
01
111
001
111
001
0
10
1
1
1
0
0
1
011
110
0
1
0
1
1
1
1
11
0
0
0
1
1
11
11
1
1
1
1
11
1
111
00
0
0
0
0
1
11
1
1
0
01
1
10
11
1
1
1
