110111
1
1
11
1
1
1
11
1
01
1
0
1
1
1
1
1
1
1
1
1
1
1
1
1
1
1
1
11
1
1
1
11
1
1
1
11
1
1
1
0
11
1
1
1
1
1
1
1
1
1
11111111111
011111
1
111
11111
0
0
0
1
0
0
1
0
0
1
0
1
0
1
0
0
0
0
1
1
1
1
0
1
1
1
0
11110
0
111
1111111
111111
001101
11111
0010111
110
0111
00000
0111111
1111
111111
101011
1
1
0
0
0
1
1
0
0
0
0
111101
11110
111
1110
1111
1111
1111
11101
1000
0101
00000
1001
00000
10001
0011100
10111
11111
110111
1
0001
0
0
1
1
0
1
0
1
1
1
1
1
1
1
1
1
1
1
1
1
0
1
1
1
1
0
0
0
0
0
0
1
0
1
11111
111111
11111
1111
11011
11111
11111
0000
11111
1111
111111
0111
1110
111111
11111
1111111
111111
11111
111111
11011
01111
1
111011
11111
111111
110111
111111
11111
111111
1110111
11111
1111
111110
1111111
1111
11111
001
01111
11111
1111
1011
10111
111
10111
1111111
1100
1111101
0
0
0
0
0
0
0
0
111111
1
1
1
1
111101
1111101
001
1
0
1
1
101111
0
1111111111
11111111110
11111111111
11111101111111
1111111101111
1010011111111
1000001111
1111011111111
1111101111
1111111111
110011111
11100011001111
11111110110
11011111
0111011111111
1111111110
11110110111111
11110100
11111111110
1001111111110
1011111111
1100111111
01100111111
1111011111110
10100111110
01101111111
1001111111
111111111111
011110111111111
111111111111
1101011111111
111111111111
11111111
11111111111
11110111111
0101011111
11111010001111
11111111111111
1111111111011
11000111111
11111111111
11111111011
110001111101
11111011111011
0011011111111
0110000101111
01000011001
00011111111
01101111111
1111111101
00101111
11
011110011110110
111011111101
100110
0
1011011
11111001111
11101
100001000
1110011111
1
1010
1
1011
0001
11
00111
1110
000
0110
11
11
111
000
00
111
00011
111
1100
01110
111
110111
111111
1111
0001000
0
0100101
1100
111
1111
111111
110
1111
11011
1111111
111111
110
1111
111111
1111
11111
1110111
111111
111111
00111
01
10110
11111
111
1101
11100
1111
111
1011
111101
0011
010
0
01
01111
1110
001
000110111110
011110
0
10010
00001
001
000
11111
1111
11111111
11111
11111
111011
10000100
111
011110
11111011
111010
1
0001
10100
00000
110111
000
11011
11111
111
111111
10
11011
1001
111
011
0010
1111
1
111010
11
1
1
111
111
1
1
1
01000
11110
111111
111101
111111
111111
11111
1111111
11111
11111
1000010
011010
11111
11111
1111
101001
11111
111110
11111
111101
001
00100
01101111
111
111
0000110
110111
1101110
010
10110
11110
00
01000
1011
0001
111
11111
111
11111
01001
111011
011011
111
11111
1111111
0000
1111101
11111
10110
111111
11111
111110
1111110
110
1111111
11111
11011
0
11
1
0000
1
1
1
01
11
11
01
011
1111
111
1110011
0101
1101
1111
1011101
1011111
11
1111
11101
1011
11110
1100001
11111
111
1111001
1001111
1111111
111
0100
111011
111111
10111
11111
110010001110
011
1110
11
