111
000
1111
111
1
1
11001
11
1
0
1
1
0010
11
10000
00
011
10
11
01
01
01
11
1
11
1
1
111
11
11
1
1
1110101
11
0
00
0
1
01
1
1
1
1
1
1
1
1
1
011
00
1
0
010
00
1
101
1
01
0101
1
1
0
1
00
001
00
1
1
11
1
011
1
0
1
010
011
1110
111
1
1
00000
1
11
1
11
0
0
10
1
11
011
11
11
01
1
11
11
1
1
1
0
111
01
1
1
11
11
11
11
1
1
1
11
11
1
1
111
1
1
11
011
11
00
11
01
11
1
100
1
1
111011
11100
111
1
111
11
1
1
1
111
111
111111
101111
0111
11101
111001
1
0
0
1
1
1
1
1
11
1
1
1
1
111
111
1
1
1
1
1
11
1
10
11
1
1
0
1
01
1
1
111
1
111
1
00010
1110011
1
10001
11111111
10100100
111
010
011
1
1
101
0001
111
1
1
00
1
1
01
1
0110111
11
1
0100
100011
01
0
1100
111
11
11
1
1
1
1000
1
100011
01
10
111
11
11
11
11100
100
11
01
1
11
1
1
001
1
11
1
11
11
11
11
11
1
1
0
1
1
01
11
11
1
01
11
1
1
1
0
00
1
11
1
11
1
101
101
10
11
0
11
11
1
1
1
11
11
11
11
11
11
11
1
1011101
11111
1
110
11100
1
111111
1
1
1
111
11
11
11
101111
0100111111110101110100001011
11
11
11
11
1
01
1
1
11
1
11
1
11
11
1
1101
11
001
1
01
11
0111
011111
11
11
1
110
1
1
11
11
11
10
11
1
1
1111
111111
111
1
11
10101
0
1
1
1110111
011100
01111
111101
111
1
111101
1
1111
01
10
11
11
10
10
1
1
1
00
1
1
11
1
1
1
1
11
11
11
11
1
11
1
11
11
1
1
01
11
0
11
1
1
1
11
011
11
1
11
1
1
1
01
1
0
11
0
101
110
10
0
0
111
0
011
100
11101
1101101
01
1
00010101000
0
0
001
11
1
1000
0
111
100010100
0111
1
111
10
10
1
111
111
1
0111
1
1
11
111
01
0000
0111
00
1111011
001
1
1
1
00010
11111
0110
11
1111
111
11
10110
00
1
00001
0
0
11
0
11
1
11
000001
0
111
11
11
11
1
00
0
010
1
0
1
0
1
1
1
1
1
1
1
00
1
1
1
001
1
1
1
1
1
1
0
01
1
1
1
1
1
011
01
001
01
0
111111
11
01111
011111
111
1
1
0100011111
1
11
11111
11111
1
1
000
0
00
0
000
0001
111
11
1
1
11
01
1
11
1
10
11
00
01
1011
011
1
1
1
1
1
11
0
1
111
11
1
11
11
00
100
1
11
11
1
011
11
001
010
001
1
00
0
010
1
1
01
1
1
1
11
11
1
1
010
11
0011
00
0110
0011
01
001
0101
10
100
1
011
1
1
11
1
1
1
1
1
111
1
1
1
11
0
1
1
11
001
001
1
110
001
101110
1
00
1
1
10
0111
011
1
001
000
1
111
1
1
11
1
1
1
1
1
1
1
1
1
00
101000
11
001
011
11
111
110
0011
1
01
1
000
111
101
101
001
1
01
01
10
1100
1
0
1
111
1
01001
1
000
110
01
1
111
101
1
1
1
11
1
011
1
11
1
1
1
0111
11
1
1
11
1
1
1
1
11
1
0
0
1
11
1
1
111
1
1
1
111
1
1
1
1
1
11111
10110
11
11
1001
1
1
1
11
11
11
11
1
111110
11
1
1
11
1
10
1
1
1
11
1
01
111
0001001
1
11
1
1
1
011
1
1
111
11101
01
1
1
111
11
11
101
11
1
01
1
1
11
1
1
011
1
0101
1011
11
1
1
111
1
111
1
1
111
0
11
1
11
1
11
00
111
1
1
111
11001
1100001001
1011
11
1
1
1
1
11
01
1
1
11
1
10010110
111
010
01
1000111
00000000100
000011101
111011110
01
100
111011011
100011111
11
111010
111
001100011100110
0110
1101
1010101
01
0
111
11
111101011
1
1
101
011
1
0100
110
1101
1
1111111111111111111
11111
1
1
11
1
1
1
111111011101
1
1
0
11
11
01
11
0001
11
11
1
1
11
101010011000
101110
00110
10101
011
111111
001101000010000
1101111
001101
111000
010110
0100001
1
011
0
110
11
111100000
01110011
11110000
11
1
11111
111
110
001111
111111
1111100
1010001
00
1111000011
11111
11
1111
110000
101010101
001001100
010010
001001
0000100000
1011
0
01
11
0
1
1
11
1
10101
11
010011
01
111
1
11
1
111
1111
11
1
1101
00111
111111
101
011
110111
01
100
0100
11
11
010
1000011
110011000
11
0
0
0
0
1
0
1
1
1
0
0
0
0
0
1
000
10
1
1
11
0
1
0
1
0
1
1
0
0
0
0
111
1
0
1
11
111
1
1
100
11
11
1100
1
11
1
11
0
110
11
11
11
1
0
0
0
0
0
0
0
0
0
0
0
00
011
1
0
0
0
0
0
0
0
1
0
0
0
0
111
1
1
1
1
011
1
1
1
1
1
0
1
0010
11
1
1
1
1
1
1
1
011
01
10
01
0
0
0
101011
0
1
0
0
0
0
0
0
0
0
101100
00
0
0
1
0
1
0
0
0
0
0
0
0
0
0
0
1
0
0
1
0
1
1
1
1
11
11
111
110
111
1
01
1
11
1
1
1
1
1
010
1
1
1
1
1
1
1
1
11
11
11
001
1
1
111
1
1
1
11
0100
1101
0
11
1
1
1
1
1
1
10
1
1
0
1
0
1
11
11
11
0111
1100
0111
1
0
0
11
0
1
00
10
0
01
01
011
1
1
1
11
1
11
0
0
0
1
01
11
01
1
11
0
11
0
1
10
01
01
11
11
1
01
1
11
11
11
01
01
01
11
0
1
1
0
1
01
11
1
1
01
11
11
11
1
1
0
1
11
1
01
0
0
01
0
01
010000
11
1
0
1
10
11
11
11
1
1
11
11
01
1
0
10
1
0
11
1
1
01
1
1
1
11
01
110
111
11
0
1
1
1
111
111
100
1
11
1
101
11
1
011
11
1
11
11
0
11
000
101
1
11
01
10111
01
1
1
11
01
1101
001
111
1
11010
1
01
00
00
00
1
111
1
0
0111
1
1
111
11
00
00100001011
1110
11
11
0
1111
01000
1
11100
11
1111
0000
01
1
10101000
1
1
11
101101
11
1
00
11
11
0
1
11
101
1
1
1
011
111
00
1
00111
0001011000000
1
10
00
1
10
111011
1111111
111111111
11111111
111111111
111111
11111111
1111111
1101101
11111111
11111101
0111111
1101111
1
111111111
111
1
111
1
11
111
101111
11
11
0
1111111111110
11001111111
11111111111
1111111111
1111111111111
11111111111
111111111
1111111111111
1111111111111
11111111111
1111111111
111111111
011111111111
1111111101111
1110101011111
1111111111
111111111
11111111111110
110111111
111111111111
11111111111
1111111
11111111111111
1111111011111
011111111
1
110111111111
1111111111
1111101111
11111111111
1111111111
111111111
10111111111
11111111111
11111111111
1111111111
111011110011
111111111
111111111111
111111111
0
1
1
110
1
11
111
01
1101
1
11
1111011111
111111111111
1101001111101
11011000001
1111101111
11111111100
111111111111111
111011111011
1001011111
11111111111
11011111111
11101111111
111111111
101001111
110101111
11111111111
10110111111
1100
1000010110111
1110101111111
111011111111
1111111
110110111
11
1
1
1
01
11
11
1
1
110110001100110
1
11
1
1
0
1
10
1
1
1
1
1
1
0
0111
1
111
1
1
11111
0
1
1
1
1
1
0
110011101
10
1
1
10
1
1
1
1
1
1
11
1
1011
1101000110100
101
0000011110011111111
1101
111110
001
11111111
1
111
111111
11
111110010
0011
111111
00
111
1
1
1
1
1
1
0110
1
0111111111111
1
11
1
10
1
1
1
1
1
1
0
1
11
01
0
0
100000
0011
01
010
110010
1
11
0
0001
11000
1
111
1
11
11
1
11
110100
1111
1111111111
11001101
11111111111
01111100111111
111110111100
1
1
1
1
1
111
11
11
10111111111
01101011011
111111111101
10110111011111
1111111111111
11111111111111111
11111111011
1110111111111
1101111
1111111111
1111011111
111100111111
10111111111
11100111
1111111111
1111111111111
0
1111111010011000
0000010011100001
01101000101100
0001100110100
0010
0001101000001101
01111110
0100
110110
011
01
11
1
11110101001011
11111110111111
1011111111
01111101111111
11011011000
1111111011
1111111111
011101010111010
01110111111
1011111011101
1011011111111
1111111101111
10101010110110
1111
011
11
00111
00100101010101011101001
110
001110000111111001000100
1110101010100
110000101000011
1111010011
1
11
1
111111111110111
001
01000001001001001110
0111111111111
0001101111
111
110111011
1111101110
1111111101111
1110001010110011
111101110
0100000000101011
1111101111
0
00011
11101
1
1
1
11
11001
011
11
01
0001
1100001000
11
111
1
00010001101
001010000
1
01
1
1
01111111111111
1111101111
110111110
11101110111
111111110111
1011111111
11110111110
11111011111
111100110111
1111111111
01011111110111
111111111111
111111011
111111110111
11111111011
11111111011
110111111
10111111111101
111111111
10111111111111
00111101
01110110101111
11
111111
11
010001111010
11110
1111011
110000
0111
111110111101001001
11011111011
11011111011
1111011
1000010
011
1000100
001111101
0100001
0001
1
11
1
011
11
11
111
1
11
1
1
1
1
1111111111
11111111111
11111111111
0
111
011111
11011
1000
01
01011
0
1
111
0
11010000
11101111
11
1
1
11
10
1
110
1
1
0
001
0010000
0
0
1
0000
1
000
1000000111000101
101111
0
1
1
01
11
0
11
111
1
0
1
11011111111
100000010011
11111101101
11010001111110011
100101000000000
11111111110
11011110001
1011111011
10111111011
111111101
11011111011
011
0
1
1
1
1
1
11
11111001111111111
1
1
11
101111100011
1011011110111
110011110111
1111110101
11111011111
1111011100111
1010111111
11001111011
111011010111
01000001100
110100101110111
111101101111
001011110010
11101111011
1111111111011
111011100011
1001
0101100110010
1111111
11110111101111
1
1
1
101
11
1011
1
11
1
11
1
1
1
111
01
1
100011
1
0101
1
0
11
1000
1
11
1001100000
110
100001
1
10
01110011
011
0
111000
1111
0011
1
11
11
11
11
1111111
1
111
101
110
11
1
11
11
111
11
01
1
11
1
1
1
1
1101
101
1
11
111
1100011
01
1
1
1
1
11
1001
001
0
00
01
0101
11
1
11
11
00
11
01
1
101
100
11
101
0
10
1
111
111111
11110111
1111111
1111111
111111111
011111
1111111001
1011
11111101
111111
11111111
1111111
1111111
11111111
11111111
11111
11111
1
11
1
11
01
01
111
111
1
1111
111
101110100
1111
0110111
11
1
1
11
11111111111
1111
1110110111
0111
1
11
1
00
111
1
11
1
1
1
111
001
1101101011
10
0011
01
1111111111101111
1111101111110
0
110111111110
1011111
0111
1111111
1011
11
110
101
1111111
0011
111
111
11
11
10011
1
1011111110
0
1
1
1
01
11
01010000
111
110
10
10
11
11
111
1
01
0001
0
00
11111111011
11
10
0
1101
11
0
0
0
0
0
1
0
0
0
0
0
0
0
0
1
0
0
0
0
0
0
1
110
0
0
0
0
0
0
1
10
0
11
01
1
1001
1
0
0
0
01
0
111111
11001110111
111
011
11
100
001
1
0
0
1
1010
01
1
0
100
00
0
11111
1
1
01
1
10
00110
1
011
1
1
000
1
1
1
1
0
1
0
1
01
1001
1
1
010
1
11
11
1
11001
0
00
1
11
1
1
11
1
11
111
1
1111101
1111111000
011000100010001100010100100
01111110110010111
111
11110111001
111110
11000100010
1111
101001001110
1111000101
111111
11101
11011111010001
11111
111101101111101
1111
111111
111111
111111
1111
110111
0011
11
000
0
01
0100
011
100000
0
0
00
011
1
1
0
1
1
0
00
00010110
111
1
0
1
111011011
1
0111
1100
11
001
11111
1
1010100
11100010011010
1111
001111
0
1
011
0011
1
11
1
0
1
11
1
1
0
1
0
1
1
1
1
1
1
001
1
1
11
01
10
0111
111
1111
1
001
1
1
0
1
1
1
0
1
1
1
1
0
1
100
1101
000
1
0000
1
1
101
11
0
1
011
0
0
1
11
111
10
1
1
011
11
1101
1
1
11
1
1
111
1
1
1
1
1
1
0011
1
1
11
10
1
11
01
1
1
111
111
1
11
1
11
01
11
11
1111
111
1
1
0
11
0
1
11
1110
11
111
0
111
101111
1
1
1
11111
111
11
1
1
1
1
111
11
1011
11
10
10
1
1
1111
1
11
11
11010
111
11111
1100101010
1
1101
11101
110
00
11
1
1111100
0110
1
0111
111
111
1011
011
111111
110000
1101101
1111000
0101
111
11
1111
001000100100
111
11
1111
111
01
11111
11111
111
10
0100010
111
111
1110
1111
111
1111111
111
11
1111
111101
1011
11
11
1111
111
1111
11101
101101001
01011
10
11
11
111
111
1101111101
01
11
11111
1101101001
11
111
1
111001000
1111
111
00110101001
111111
1111010
110001000000011
00100010
111
111
11
10111
111
111110100
1011
11
00
000
1
01100000
01
011100101
1
1011
1
1
10110111
1
01
111
100100110001
11101111
1
0010
00101100
010001000111
0100
10110
1111
1
1111
1
1
11
011
00101
111
1100
1
1
0
000
1
111
111
01
11
1
11
11
1100101
00
1
11
11
1
0111
011
11
0111
01
1
1011
11
1
1
10
01
10111
1
11
1
11
1110
1
1
11101
10
0111
1
1
011
1
111110111100011
1
0
1111010100100011
01
11
01110
010010100110001100010
11
1
1
11
11
11
11
1
1
1
1
11
11
11
11
1
11
1
1011
10
0001
1
1
111
101
10111
111
1
1
1
111
011
01
0
1
1
0100
11
1
11
01000011
0100
11
1
10011
1
1001000
011
1
01
1
1
01
0
1
11
1
11
1
1
1
111
1
11
0010
1
1
000110011000
010
0001
011
1
0
10100
1
11
1
1
1
1
1
11
1
11
1
11
11
0
111
11
1
1
11
1
11
1
1
011
11
11
11
1
11
001
1
1
1
1
01111010010011
011011100000110100
111
1
1
0
0
1
01
10
0000011
1
1
1
1
011
11
100
1
11
1
01
1
11
01000
011
11
1
10000
000011
01
11
11
111
11
0
01
111
1000
11
1011
11
11110
1
1
11
1
010
1
1
11101
11
0
1
111
11
111
11
111
1
11
11
1
1
00100001010100001010011110000
11111111
1111
0011110110000
1010111000
1
1
011
1
011
000
1
11
1
111
1001
000
00
11
1111
10
0111
101
00
101
00
1111
1
0111
0110
011
011
1110
1011
101
110
0111
110
11
0111
0001
01
1111
110
1111
1011
111
111
111
000
11
111
1001
11
1
1
1
01001111
111
11
1111
000
101
1001
1111
111
011
11
1101
1
1000
1111
1
1111
001
01
111011
11
11
1011111
10
0111111
1
111100
01
1
01
110011
111
11
10
010001111000
1001011010000
111101010
10111
11
0
1
111
01
11111
11
111
11
10011
11
100011
01
1
11001
011
0
011
0110011000001
01
1111001
1
011
0011
111
11101
11
11
011
1
011
11010110100
110000
01001111
111100
0
0101
0100100
111
1001
11
1111
11
01001
11
1
1
11110
1
1110
100
1
1
1
01
1
1
1
0
1
0001
111
1
1
1
1
0010100
01
01
11
11110111
1100100100
1
11
10111
1
1
1
1
1
00001
110111101
1
11
1100
0
00
1
101
1101
001
11
1
11
11
1001
0
1001
11
00
01
11
111
11111101111101
11
111
011
1100
1
01
0111
11
101
1
1
011
0000
11
111
01001011
001000
1
11
11
1
00
0
1
0
1
1
0
0
0
0
1
1
1
1
0
1
1
1
1
0
0
1
0
1
0
1
0
0
1
1
1
1
0
0
1
0
0
1
0
0
0
0
0
0
1
0
0
1
0
0
0
0
1
01
011110
0
0
1011
1
00
1101
110110
10
0
11
01
0
1
11
1
01
010
1
11
10
1
1
1
01
0
1
1
01
1
110
00001
0000
010
01
0100
10
010
000
100
111
111001
11
11
00
1
1
11
1
1
1
0
0
000
01
111
1
1
1
1
11
11
1
1
001
1
1
1
1
0
11
11
1
111
11
11
1
11
0101
1
1
111
1
11
110
1
1
11
001
1
1
01
1
01
1
10
0
001
1
11
1
11
111
1
11
1
1
11
00
11
11
1
11
00
0
1
11
11
11
0
00
0
1
11
0
1
0
00
11
00
0
00
00
00
11
00
0000
11
00
00
1
1
1
11
111
1
1
1
01
1
11
1
1
11
1
11
11
1
11
01
1
11
1
1
011
1
1
1
11
011
11
01
1
111
0
