0
1
10
11
11
01
11
11
1
11
00
0
00
1
1
11
10
1
11
11
11
0
1
0
11
01
1
11
1
0
1
10
01
11
1
00
1
10
0
0
10
0
10
11
01
10
1
10
1
1
0
11
11
1
01
11
10
11
1
00
11
1
1
1
11
1
1
11
10
1
1
01
11
11
1
01
1
1
0
10
11
11
11
1
01
1
0
00
11
00
00
0
11
01
0
11
0
10
00
00
1
11
11
11
01
11
00
1
1
0
11
10
0
0
11
1
0
1
1
1
1
00
11
0
00
0
0
0
11
0
11
10
11
1
11
11
10
10
110
011
011
01
011
101
11
01
011
011
01
0
0
0
110
1
0
000
00
11
11
11
1
011
00
0
0
01
101
110
00
1
010
011
01
00
110
001
01
1
11
11
00
10
00
01
010
000
011
1
11
11
00
01
0
011
011
1
10
10
001
01
00
011
010
1
111
01
01
011
000
101
10
011
0
000
1
1
1
1
1
1
1
1
1
0
0
1
1
1
1
1
1
1
1
1
1
1
0
1
1
1
1
1
1
01
0
11
11
0
0
1
01
1
010
0
1
1
00
11
0
0
11
0
01
00
1
0
0
1
00
0
00
0
0
0
0
0
0
1
1
0
11
0
10
00
01
00
0
0
0
0
10
00
1
0
0
00
10
00
0
1
10
01
00
00
1
