011
111110110
0
111
1
1
01
111
10101
10
111
0
00
1
1111110
00
011011
0110
000
0111
11
111
111
0
10
01010000
00
101110
011
10100
0
1
111
1111
101010111
111001
1
11111101
010111001001
111111
1
11100001
110111
1
1
111
0
10
1
0
11
0
00
010
1
1
11100010
00
01
11
00111
111101
0111
0
1
1101
1111
11
100101011
0
11
1111
11
111
1
00111
00
0111
1
1
1011
01
1110011
100
11101
10111
0
1001
10
1101
0
11
1
11
011
1101
101111
11011
111
1011
111110
10111
0011
000
000111
111001
11
1
01100011
1101
1110
01101
01
1
11
001
100
111000
01111
00
1
00
011
0
11
00
0000
000
11
01
00
0
01
0000
0
00011
0001
111
0
01111100010
11110
0000111
11100
1
0
11011
01111
1011
11
0000
11
1
0100
11
111111
110
001
00
000
011
00000
10
01
1110
01
11
1
0
1111
111
00
111000
111110101
011
11
1111
011
1
1001
1
10
1111
1
100
1
001
000
011
1
001110
10011110001100000101
0010111
11100
111
11
01
11
1
00
00
00
11011
0000
111110011
11
0101
0010
011101111
000011
1
10000
0010
011011
1
11001
00111
1
11
1
011101
1111110
1
10
1
111111
11011111110
011
11101111100
11100
0111
11100
11
00011
00
1111
1
1100101111
111
01
0
00
111
111101111
1
10
10111
1101
1
0100
10
100
1
001
0
000
10101
1000
00
0011111111
11
1
00
0
1
10
1001
1111
1
11
1111
0101
111001
00
1
11
00
1
00
11
01
0
010101000
00
111
0110100
00
101
11
1
11111
111011
1
1011
1
010
11010001
0
0100
1
1100
11
101
1
11
00
1100101001
111
1
111111
11
00
00
000
1001011
11
10011
00111
00
00
0
00000
111
11
0
111
111001
00011
111011
11
11100
011110
010010100000
1
11010100000
101
000
000
1
1
0
1
1001
10
11010
110111
11
00
11010111011
0111
1
111100011
11
1
00
001111
111
111111
000
1
10111
1
0
00
0
0
0
0
1
100
0
111011101110
10
1
000
10
1000
1
111
110
10
00
1
1
111
11111001
00
1
101101
1
1011
1111111
10011111
00
0101
0
1011111110000
0100
10
011010111101
0101
1101101001100
10100
011000
10
0
01011
1110011
0
1
0
0
1
1
01
1
11
1
1
1
11
1
00
1
011
00
0000000
0
0
0
10
10
1100000010111111000001
01
11
111
111
1101111011011
0111
011
111111
10111011
0
11
0110101
11
1011
01111
1101
1
01
0000000000000000
01
1
0010
11110
1111
00
00
11
101
011
1101000
0
11
100000
111
1
111
00010
01101000001
0000000000000000000000
0000000000000000000
011
111101
110
0
00
00111
11
111101
100111
1001101
0111100101001
11
111111
011
1
01
0
1
111
001101000111
11010111
1101
00001000110
111
101
1111
11
111111
11
0
00
00011
0
10001
011
110111
101010
0
11010101000010100101101001100001000001000101010111111001011
1111000110101
1
111
011100010001
00000
00111
1111
0
111
1101101111
101001
11
000111
001000
10
1
110
1
100
00
100
1
11
11111110110000011101
1
00
0
1
00010
100
111
1
1
10
1
0111
10111
11
111100
100111
11
111010
101011
1
1
000011
111
1101
1
10
1
11
1
00
1
00
00
10
111
11
11
1
1
1
00
0
11001001
111
1111
11
0
0001
11
0101
0
1
1
0
11
0
111000
01
1
011
11
1
1111
11
0
1
0000
0000
011
110110
0000
110
1
01111
00
0
11
111011
00
1
1
0
1
0
100
0
1
0
0
0
0
0
0
0
0
111
0
0
11
0
1
0
1
1
01
100
000
0
11
00
0001
1
0
1
0
101
0
0
11
1
0
11
111
100011
1
1
111
0
11
1
1
0
111
1111
0110
11
0000
000
1
01
00000
00
11
011
0
1
0
01000
110
000
011
0
0
00000
1
0111
011010
1
011111
1
0000010
110010100
111
0111111100
001101101
0
1
00
00
1
1
01
00
0
00
00
00
00
10
00
1111
00
1110010
000
1110
011
1
00
0
11
0
0101111
11110
0011
111001101
1101000
0
001
0111110
10011
1001111000100
111
01111
11100
01111
110010
10111
111100
010111
0
01111
111
01
11011
11
0
11100
1
00010
0
0
1
0
1
1
0000110000001
1001
11
111
11
11101100
0011
1111
111
001
0
1001
00101
011100010001
111
1101
11
1
11
