1011010
0
1
10011
100100111
11110010
101
111111
1
1011110
100011
111010
1
1110111
11101100101
1101101
1011
110111101
110011011
11101100000
101111
101010111
1
111
11100111101011
11101000
1110010011110101
11011011
011
0100010
011111
111100111111101
1101
0111
1110111
110110001
01111
11111
1111100
0110
1101
1110111
01111
111111110
111110111
1100
11
101111110111
111101
111
0111110
1111
11111
110111011
111
111
0111110
0011
11
1101111
1110101110011
11111101111
1111011
11111000111101
011111
0101
1101
111110101011110101
111
1111
10
1111
0001100111
111111
001110111111
1
1
1
1
1011011101
1
10111111101
01111111
00
11
1
0
1
11
11
10111
0
0
1
1
1
10
1111
110111
0
1
1
1
1
1
1
1
0010
11111111
11111011011101001
111111111
1111111111011
110111111
1111111
011111
01111111111
11111111111001
11111111111
111110110101
111111111
100011111111
1111111
111011111
111011011111111101
11111101
1111111
111101111
1111111
11110111
110111111111
1110111
1111111
111111111
11111011110
11
111111111011
110111111011
11111
111111001110111101
11111111111
111
10111111111111010
01111111111000
11111011
1101111111
1011100010
111111
11011110101101100
111111111
111111
11111111111
1111111
111101011011
111111
10101111111011011
111111
001111
11111111
11
1111110
11111101
01111111111101110
111111110
11111111110
11
11011111011
011
11101
111
111111
101
11
111100111
1111
11111
111111111101111101
1
111111
110
111111
1110110111
11101011100
11011110011111100
1
1111
1
11111111
01
11100111
11
11011
111011011111
111
1
111
11111
11
1101111110
1
111111
111110011
00110110101011010110111001000
111
11111111111
111011111
11110111
1111111101
11111111
1111011110
110111
11011101101111101
1111111
1111011111001
1011
1
01111
0
1110
1
1
101000
000111
10
010100100010
01
1
111
11
0
11
11
011
110010011
1
1
00
1
11
1
1
110
1
11
1
01011111
111
0000
1
11
01
10
11
11
011
01
11
111
1
1
0000
110010100
0
1111
01
1101
01110
00000
0
0
01111
111
011110
1
1
00
0
1
11
11
11
01
000
10010
11
110
11
110011
11
1
1
111
10
11
11
1
10
11
11111111110
01
1
1
10
1
1
11
1
01
11
1
01
1
11
011
011
11
0111
0
11
1
0010
11
1001
11
11
1
0
0
11
11
0000000
11
1
1
11
1111
1100
11
0111
11
1
1
1
0
00
010
1
11
1
11
11
11
11
1
01
1
111
1
1
1
0
0
1
1
1
1
1000
1111111
1
1
111
0111
10111
10
1
1110
01
110111111101
1
10101
11010
1001
1111111011
1
1111
11
11110
00
11
1
11111110111111
00
0111101
11
1
1
11111
1
11
0111
1
111
1
1
111
1
1111
0010
10
1
10
1001
1
1
1
01
11110111
11
11
11
10
11
01
001
11111010000
1
10
11
0
000
111
11
01
00
00
11
1
111111
00
111
1
11
011011
111101
1101010
11111111
110111111101
0
1
01
11
0
0
1
0
1
10
1
1
1101101
0100
1
1
1
1
1
1
110
111
0
11
1110
0
1
01111
111
11
11
11110
1111
1111011
01111
00
11001
1
111
11
11
01101
00000
111110
1111
10111
1
11011
11
101
0
1
101111111110001
0
11111
1
1
0
1
00
111111111
0111
10101110011
11
11
11
11
11
1
11
100
111
111
11
11
111
111
1011
111
10111
111
011
11
00100
1001
111
10111
1
1
1101
111
0100
11101
111
111
11
11
1
111
111
11
111
110111
111
111
0111
1
11110011010101
0
10
111
11
11
111
11
101101
1
11
0
1
11
11
011
11
11
1
1
1
1
0
1
1
1
0000
1
11
01
110
10111
1
11
111
111
1011
1
11
1
111
11
111
11
1
011111
11
100
111
1
1011
1
1
1
1
1
1
111
010
110
11
011
011
1
1111
11
11
111
11
1111111111
11110101
111
10110
11100
011
11
11
11
1
111
111
111
1
11
011
11
1111
10
0
01011
111
111111
011
11
001
1
1
1
1
11
1
1
1
1
1
1
1001
111
1
001011
1100011
1100
11
00101
1011
110000111
1
11
111
110010111
1100
111100011
11
11101
11111111
111111
11110011
1111
1100111
10111
11100
0011111
0100101
110110011
110111
1101
11011
110111
101001
1
11001111
11
0100111
011111
1110
10111
1000
0110
11100111
010101001
11
011
01
1100011
111
11000011
010000
10001
111
111111
11011111
101111
111110
11101001
11101111
110101
001010100
1010111
1111
101101
0111
111110
1101
101110111
1
1
1101011
1110
01000100101
1010110001
1101010101
11
0111
011
101
10011
010111
11011111
0111
11
11101
111
110100111
101110
10011
11011
111
101
1
1111010
00001
11001
110111
1110
111
10001101
11111111100
0011001
101001
11
001010
001001000111
10011
11101
111
110110011
110011101
1101
011111
1001101
110000
1
000000001
1011010
11111
1101111
1011
111010
101001
11110
110111
1001100110
111
00011
110111
1101
10111011
11001
11
011
1011
01110100
10111101
01
0111
0
1101
1111111
11
0110
10111
100000101
11010
111
101010110
11101
00110
10
10110001
110000
011
10011011
1101111
10111
1110
001
0101
11000111
11100000
1
1
101
11
1
1110
10
0110011101
10010011
11111
111
11011111
01011001000111
1
10011
111101
00
0000
1
11
1110110101
001
111
011
11
11
011
101
11
0
110000
1111
0111
11
1
11110
1000100001011
111
011111
1111
0
111
1
1
01
1
1
0
1
111111010011
0
111
1
1110
1
0
0000
11
0
011111110
1
100
11
10
1
1
011
1
1101111
0001001
110011100
1101001011
110
11011
1
1
110111
100100
1110
1
1011
00111
00111
1
0010
0
10
0
1
1
1101
0000
0
1
1
10
11
01
100
11
1
1
1
1
11
1
111
1001010
11
11
0
0000000
1
1
111
1
11111111101111111111110111111111111
1
1000
11
01
11
00
11111111111111111111011111
010
1
1111
1
1111
011
000
0110
1
1
0
11
0
11
1
1
0
0100110
000
0
11
1
11
01
11
1
11111
11
1
1111
11000
1
1011
1
1
0
1
1
1
1
1
1
1
11
0000
1
11
101
0
11
0
111
11
110
0
11
11
1111111
1111100
111
1
01
0
1100000
0
11
0
000011101
11000
0100111
111110001
001100111
1000111
1110010
000101
0110010
1111111111
11110010
10100
000000
00001001
111101
010010010
111101100
1111
0001100
0000000
101
10101110
0101000
01101
00101111
111
0
1111111100110000
0011111
000110010
000000001
1000000
01000
10111000
0110010
0111010
1011111
001110000
11101110
110111111
000010000
0000010
000100
1001110010
0000111
00100
0001000
01100010
100000
11110111
1
111111
01100111
10
000010000
1001111
0
0
0
0
0
0
0
00
0
1
1
0
11
101
1
10110101
01001101
11111111111111
1001010
111011101111110
1101110
00000000
0
10100100
10000101
10010
11110000
1000111
10100111
111111
11111111
000111011
11001
01000001
111100111
0101010
010001010
11010
11
01
100100000
100101
11100100
11101011
1
00110111
111001
1100001
111110101
011110011
10011
1111011
110101
01000001
100110011
110011001011011101
111110010
10
1
00000000
00110011
1001101
1
0100110111
10101110
0
11
1
0
111
1
0111
00000
0
10
1
1101
11110
0
1
1
1
111
11
11
11
1
00
01
101
11
0111
01
00001
1001
111
11110111
11010
11
0101
111
1111
1
111
1011
101
1101
111
11011
11
01
1
111
0000000
1
1
0
0
0
1
0
1
0
0
0
11
0100101
11110000
1010
011
11
11110001
00100111
1001
1111101111
11001001
00011
11
1
0101
1
11
11
01
11
010011
11
001001
10010001111
10
111
1111
1010
11
101
0111
1
101
1
101
11
111
111
1111
11
111
11
111
0
111
111
1111
11
1111
11
111
1111
101
111
1111
11
1111
111
11
1111
111
1011
1111
11
11
1111
111
1111
11
11
1101
111
111
00
0110
1
1
1001
111
101
111
11
111
111
11
1111
111
010
1110
111
1111
1011
1100
10
111
1111
111
11
1111
1101
1
11
100
0111
0
1111
1111
11
111
1111
11
111
1111
111
1
11
1
1101
0
1101
1
10
10000
1
11001
1011
1111
1101
1111
11
11010
1
100
1
01
1
1111
10111
1
1
111
11101
111
1
11
11
0
11
0110
01110
110
1
100
1
1
1
1
1
1
0
0
1
1
0
1111
11
11111
1
1
1
1
111
1
1100
0
00111
000
01
101
01
10
1100011
1
1
11
1
111
1111
011
000
101
111
11
11
01
11
1
101
111
01
110101
1001
1111
01
10100011
001
1
101
01111
11011
11110
011
11111
0000001
1001
0001110111
11011000110111
111
11110000111101
0101100001111110011
11011101110111
01100
111111011010110
111
10111
11
1
1
11
1
1
1111
001
110
11
11111110
010111
1111011111
0101111
1110100
10110101
101011
1101011
11101000
0100111
1101
1100111
110100001
1110111
11
1
1
1
11
11
1
11110111
001001101
1111111
1111110
000010111
1110111
1111111
1111111
11101011011111
00101111
1111111
0110110
1111111
11101110
011111010
00111111
01101100
1010010
11111111
10110111
11111111
11111111
1111111
101111111
1111010
11100
1111
111111
11110110
01111111
111111011
11010111
10001
01111
01000101
110000
11111
111111111
1
01001110
0000
0010010
010111000
1001111
1100101
110010
10001011
111000
1010
1100011
000110
0110000
1111010
11
001000
00
1
000001000
010
010000
11
1100
1
11
000
11
1
110
00
00
11
1010
1
000
00111
011110110110
00111
0111
1111111001000111110
10111
11
110
1
1111111011
111110011111111
11
111
1
0111101
10110
11111
111
10111
0110110010
0000100
000
01
0111
00
11
11
1100
11
111
110
11
010
1010
01111
1111
111
1
01001100
11
101111
11
11
101
10
0
0
111
111
110
11
1
0110111
1
11101
111
1
1
1
1
01111
111
01
1111
0
11
1
11011
1
11
1
100010
00001101001
1
010001
1
1110110
101110101
0000
0000001
1011110001
11
00
1
1
1
10
0000
1
11
01011
1
1
11
11
1
1
01110
111
1
11
1111
0
1
01101101
1111110
111111111
11111111
111111
101111
0101110
111111111
101010111
1011111
11111
110111
111011
11111010
11111011
11010111
00
1111
1111
010
1110
01111
110
11
1
110011011001
11101101111111
11101101111110
1011111111
11111001
1111111011011
1111111
11011110010
01011111
111
11
011
1101111111
1101101011100
1
1111111111
11111
1100011
111
110111
1
001110
00
1
1
11
1
11
1
1
1
10
1
11
11
1
1
11
11
1
1110
001111
11111110111100010111
111011111111010
00011011
101100111100101111110
111101
011110111010010101110101
1111101111
11110
1111110110
111011111
011111
1011101011110
1100101110100
0011111
011011111100011011101
1111111
1
1
1
0
111111111
011111
111111101
111011111
1111100
1101111
11111011
011101111
111111
111101110101
111111
11111
11110011
11110111101
1111
011111111100
110101011110
111111110
1111
1111
1
11111111
1111110111
11110111111
11011100111
1111101111
011111101111
111111
11
1111111
1111
11111
111111
011110
1111
111110011101
1111101
011111110101111
111111
100000111110011000010
10110
0111
1111
111110111
111111111
1111111
11111
110101111111
11111
1110111111
111101101
111111
11111111
111111111
1111110111
11111
111111111101
1111111
11011101111
111111111
1111
1111111
111111011
1111110101
1111111
111111011
01111110101
11101110111111110
111111
1111111
111111
1101111111110
111111111110
11111011011111
11111
111101
1111111
11111
111111
11
111101111
11111111001
111110111100101
011
1110111
1011001
101110111
11111
1101001
11110
011101
110011
11111
1111
111
1110000
011111
1111101010
1111
011010111110000110
1101011
1111
1111
1111
111
11
1111
110111
111111
1011010111
110001
111111
111
111111101
11111
11100
101
1111011
011111
1
11
11
0
1
0
11111
0
1101
11
111
1111
111101100
10111
1111
111
11111
1111111111111111
1110110
11111010101
1111
1110111
111110
1111110111
11111101011011
11111111
1111110010011111111001001
01010000010010
1111101110110110
0100111
1110111
1111111
001
111
11
101010
11
01111111
1111111111
1111111110
000001110111
00111110111
001111111111
1011110
00000010
111111011011
11011011011
110111111
1101111111111
1111101111
101110110
101111111
110111111
101101111
11101
01011101101011101010111100
1110
11
11
0
1
1
11
1
0
0
01
1
00
1
1
00011
0000
00
11
1
10
0
01110
1
11
11
1
11
00001
1
11
10
00
11
11
01
1
1111111
10000010110000011110
111110
11111
1
01
00
11
11
11
10
1
1
11
1
11
11
1
0
00
11
11
00
00001
0
1
11
0
01
11
10
0
00010
11
1
11
0
11
10
11
01
00
01
1
11
011
1
111
111
1
10
1
0
0
0
1111
0
1
11111
1111
0
1101
1111
01
1
111
110
111001011111100
011101111111011
1
1111001
11111
0111111000111
0
1
01
11100000
1
00
0
11
10
11
1
11
0
1
11
11
01
1
01
0101
010111
1
10
11
111101111011
1
100110
0100001
010010
01111111
0
01
0110110111
1010
111
10101
01111
11
111
11
1101101011
001
11
10101
111
111
11
111
11
1
11
1
111
11
1
1
111111111111111011010111
10111
1
1111111111111111011110111
111101111111
111111111111110111001110110110
1111101
111111111111111111101111110011011100
00110111011111
1111111101011
11
11111111111111111
1100111000111
1111111111111100111111011
001
1111111
001
001
0000
110
0011
01011
0000101
101110
0
111100
111101
1000
0111
1111
111
1111
111
111
110111
11111
1111111111111101111011
100111111111011111101111011111111111
1101110100110110
1111010111111111101111101111111
1110011101
1110101111111111111111
110111011101111010111111
1101111101
11101
110111011
1111
1111111101111111101111111010
110111111111101101111101111111111101001101101101
1111
01111101010111110110111111111111010
11110
11111
001011110001011111
111
11011
1
111
1
10
1
0
111
11
11111
000
11
110110001
11101110111110111
11111111111101101
10011111111111101110111010111111
1111111111110101111111110
111111111111001111111
1111111101101
00111111111111
0111111011111
01111111111111111
0111111011001101111111011011101110110111
111111111111111111
11111111111110
1011111101110111111111
111101111111
1111111
111111010111111
111111111101110100
111011111111
1111111011111
01111111011110101
11111111111
1111111110111111
1111101
1101101111
11
11101
11
1111
11
11
1111111
11111
1111
11
111
1111
111
1111111010
11111
111111011111111110
000111101111111100111111101111101111011
111000111111111101111000101111001100
111100111011001111011111111011
011111111111110110011111101001111110111
111111111111
01110111111011100101101000
1111110111110111111110111
11111111111111111111101
1111110100110111111110111
111111110111101111111111101
10111111111111111101111011110
101100111110111111011111111110111001100
01110111110111
0111011111011111111111011111001101
11111111
11111111011111111101111101011110111111
110111101011111011111101111111011110110101111001
011011111111110111001001001111110
1111100111111110111101101110
1111101011111110111001
11101101001010011101110100111010111
00000111
101
100
00110
01111
0010
1000110
1
1111100
11100
0
0111111
0
111011
01
101
1111100
11
00
11111111010100011111
1
1
111
1
0
1
1110111101111
11111101011
111
11011
1110111111
110111110111100
1
111111
11111
111111
11
111
111110
0
1011
1
11
01
11
111
111
101
1
1
01
0
1
1
0
1
000000
011
000
1
1
0
11001
1
000011000000000
11011
0110
111
11
1101
0000000
1000
11111
11011
1111110
11101
000010
0110111
01111
11111
11111110
110101
11110111
11111111
111111
00111
111101
11011
001111
101
01111111101011011
1011101011110011101
0111
1111100
1010011111000101011011100100
1001111
01101111111
1111111100111100
11111111
111111
1000
01
111111
11111111111010
111111111
111
11111111011
1011111111
1111111111010
111111111111
111111111
11111111111
1111110111001
1101111
111111111
11111111111
111111111
11111111011
1111111111
1111
11111111
1110111110100111010100
11110111
1111
1111111111
11111110110111
1110111
101111111
11101111111110
11111111
101101101
111011111011101111
111111101111101
11111111001111100
111111
01111
011111111
11100011
11111011101110001
111110101
0
001101
11001111
111101
111111111
111
111110
111111
10100
011
11111
11011
111111
11111011
011
11011000000
011111
11
11111
11011111
1110111001110111111
0111111111011101
1110
10110010100101
11111011111111
1111101101111100111
1111111110110
11111110
11111111110
110101011100111111
1111110101
011011101
111111111
0111001110001001100101
00001
1011
1111111111
1110111
11110
0111
11111111
1111111
111
1001
11111
00001
11110
011011
111111
00000000
111111
0110100
1
1
1101111101
1111
1111101111110001
011111110
1000011100
111101111111
0011011
111011111101
1010111
0011111111111
10000100000100111
1111101
111111101
10101
00111110
111111
11111
1111
0000
1111
11
111111
10110011
11111
10111111111
11111111
11011111
1011111
11011111
101111
1101110
1111111101
11111
00111
1111111011
1110111100001
11111001
111101001
1110011
11111000111111001111110111
1111
11011110101
01111110
111111111
01000101100
10111111
11111111111
100111111
0101111111010
111111111001
11111111111
11111000111
1111
0110
1
1111111111001
01110100
10110011
111111111
1101011011
0101101011
10011100011
1
110100
1101
1111
011
1110
1111
111
1101
10111111111111011
1111111
1
1
1
1
1
11
0
1101100111111011
1011101
111
01
1011
11
1101
110
1110
1111
1111
1
1
01
001
111010110001
1101
111
1
0
1
1
0
1
1010
001
00101
001
1
0
1
1
1
1
1
1
1
1
1
1
1
0
1
1
1
1
1
1
1
1
00
1
1
01
01
1
1
0
01
1
111
111101101110111111111111111
11011010001
0
1000
111101111111111111100111001111111
1000
1100111111100111111111111010101
11011111111110111011111101
101110111110111101111
010
11101111111111110110010111110101100
11101111111111111111111111111110111111
011
1111
1110000
110110
010101
0
111111110
11111111
111110
1111101
11111101
110111111
11111101
1011111
11111
011111111
111111
1111111111
111011
00
0
10
1
00
11
1101101111111111111110111110110
1
10
10
0000
111111
01
111
1
00
00
0
0
0
0
1
101100
0111
1111110111110111111011101110101001111011111
0
1111111011111111111111011111111
000
1
0
1
1
1
0
0
0
0
1
1
1
1
0
1
11
11
1
11
1
111111111011001110111111111100
111
01
111
101
00
1
1
0
1
1
1
1
111
1011111
0010000
000
000
11
11
101
0
1
1111111101110110111100010111
111
1111
11110
011111111
10000110111
0101100
111111
01111
0
1
0
0
0
1
0
0
1
1
1111
11010011101000011111100001
011011
110
111
101
11
00
0111
110
1
0101
10
11
1
111
0001000010
111101101101011110111101
0
00
111111
11
11
11
100
000001000
111
101111100
1101111
011
11111110
11010001001
1
111111
1
11
1
0
01
0
10111
1
0
11011
1
111111111
0
11
111
1
1
110
0
1101
001
1
0
00
0
1
01110001
00
11
1
011
11
100111
1111
1110
0
1
0
11
1000
0
1111101
00111111
0010
10111001
11101100010011110100001
111011
1
1
00
11
1
0
00
1
1
11
0
1
1
11
10
01
11
01
1
10110
11
11
11
11
01
1
11
1
11
11
11
1
01
1
000
0
0
0
1
1
11
01
1
1
10
0
11
11
10
1
1
11
10
00
11
01
00
11
1
00011
11
1
0
11
1
1
1
0
1
0111
1
0
000101
1
11
1
1
1
01
0
01
1
11
0
0
1
0000111
0
10
11
1
1
0
01
1
1
00
11
00
1
10
11
01
00
01
0101100
10
10
1
01
1
00
11
1
1
11
0
0
11
000010
10
00
00
1011
0
101000
0
11
11
1
11
11011
1
11
111
111
11
110
11110
1
011
1
11
010
1
1
0
11
1
0
1
01
111
0
1
11
1001110
0
00
00
00111
000000
1
1
1
111
0
1
0
0
1
1
11
0
1
10
0
0
0
1101
1010
01
11
1
0
1
11
00100001
11101
011
11
1
0
11
1
11
11
1
01
111
11
1011
11
1
1
011011
11
11
011
1000011
11
1011
1
1
111
1010
11
1
1
0
1
1
1
11
1
11
01
011
011
11
11
1
000000
1
0
11
11111
11
1101
00111
110
01
001
11
01
01
011111
11
111
01
11
1
1
10
0011
0111
1
1111
1
101
11
1
1
0001
1
1110
10001
1
1011
11
1000
111
1
1
1
100
1
11111
01
1
111
011
11
0000
11111
1
1
1
1
1
1
0
1
1
1
1
0111
01
11101
01
0
111
1
111
1
1
1
11
1
1
1
1
1
11
1111
11
111
1
1111
1
1
1
100
1
1
0
1
11001111
1
1110
111
1
1
1
1
1
1
1
11
1
1
1
1
11
011
1
1
1
1
11
11110001
11
1
1
1
1
1
1
1
1
101
1
1
1
1
1
1
1
11
1
1101
1011
100011
111
10110111
111
111
1
111
00011
1
111
111
01
100001011
11
010111
10011
11
11
11101101
11
11
1110
111
11
00011
11
11
1000111
111
1
1
0
1
1
1
1
1
1011
1
1
1
1
1111010
11
1
1
1
1
0
111110
111
1
10
1
11
11
0100
1
1
1
1
1
1
011
0111
1
1
1
1
1011
1
0
110
11
1
1011
111
11110001
1
1
1
1
1101
110
1
11
1
1
111
01
1110110010
1
1
1
1
1
1
01
0
100
00011
1
1
111
1
1
11
1
0
1
1
1
1
11
001
11
0
1
1
1
1
1
1
1
1
1
1
01
1
01
1
11
1
1
1
11
1
1
1
11
01
1
1
1
1
1
00000
1
1
11
1
1
1111
1
01
1
1
1
1
1
000000
1
0000000000000000000000000000000000000
0000000
0
1
1
1
1
111
1
1
111
11
1
1
1
1
1
11
1
1
1
1
1
1
00011
110
1
1
1
01
1
1
1
0
0100111
1
111
1
1
0011
0
1
1
1
1
10
1
1
1
111
1011
1
111101
01
11
10
1
1
1
1
1
0
11
11
10111
00
1
1
1
1
1
1
1
111
1
1
1
1
1
1
01
0
0
1
0
0
0
1
1
1
1
0
0
111
1
11
1
11
1
1
1
11
1
0
11
11
1
1
