011
111
11
11101
110
1100000101111
1110111
1011111
11111
11110111
111
101111
1111111
111
11010001
111111
11
11011
1
11101
111111
111
11
101
101111110101100
1101111
111111
1
1111101
111
110111
111
1111
101010
1010011111
1111
0101
01111
11
1111111
1111
11
1
111
11
111
111
11
10111
1111
110110
11
1110111
111
1100110110
0
0
11
1
101111111
01111
11
1111100001
01111
101
001
11
111111
11111111011101
1111110
1110101110110110000010
100111101111
11111101
11111000110110
1011
111101
1111
0
1
0
1
1
0
0
0
0
0
11
111011
11111
111
101
11111
1111
011101
1111
001111110101
11111
0101011110001
101111011100
111
111111
11111111
111
1111110
01111111
1
11111
01111011011100
11111
111
11
111
11
111111010111
111
111
00111111010101001
111
11111111
1111111111
110
1
110010010101
111
111
11
11
111
111110
11111
01001
1110111
111111
0101001111
0
00
111
11011110111
11110
1100111100
1
1011110110
01
011
1
111101101
11
11111100010
11111001
1011
11111111
111
111111
11011011111
11
0111
1111011
11011111
10
111
110011111101100
101011
1111
1111
1
1
1111111010001
111
111111
0111110011001001
011111010
1111011
001111
1011110111001
101101110101001
111111
1101100110110
1111110
10010010110011
11
1111
0111
011011011111000
11111011111101
1111
10111110100101110111
11111111111
11011110101100
111000000110
1111111
1101101
111111101011111110
111111
1011
0001111
0101101
111101111
00111111
011111011
1001111
1111
0011111111
1111111
00100011001
011111010
1111
11
111
111110
0
1
1111101111
110
0111110
1111011
111011111000
111111
11111110111
0111111011
111011
1110110
111
100111011110
1011111
111101110011
11111
10011111
1111101001101101
01001110110100
1110100101101
11110111101
01111111
11111
00011
111
110010111
011110101110111100000111100
101111011
1111101
01110110001111
110110010011011000001
000111111101011001110101100
1110110101
1110
111001
1
11
1
01111
0
1011111
110011101111
11011
1011
011110111
11101010111000
11
11110111
01111011111011
00
1
01111
0000101
1101
111111111111
11
11111
1011
0
1
11
110
110101111010011001111
010011100
111110111100
11
1111111111
0
111
1110
1111101001101
111
01
1
1111111011
00111101000001
1100011100011100001
111001
01111010010011100001
111000
1111
011111
1
1
1110111100
11
1111101001
111111
1111
111111
0
0
01111
001011
11111
01111
11111
11
111001
11110111
001101101
111
011111110
111101
111
0111
111
11
0011011
11
0111110000111110101
111
11011111
0
111
01001100
01001000
0
11100100
00000000000
1
010111
0101111011
111101
01111
1
1111
1111
1011
0
111
101111
1111111
111101101011
11010111111
111
1011
0
011
10100011
01
0
0001001110
0111
11110001
00111
0
11
111
111
111
11111
111
0101111
11
1
1111010
01110111
1110111
1111
111111
1111
1111000110
11111101
111
1100
11
11
1111
1
11
11110
011
11
0
00011
111
111
011
111
11
101011
10
11
1
011011110111
111
11
1
1
1111
001011
10
1
11
11
11
101111100
11
11111
111
1011101
111
0
111
11
10111
1111111100
0011
11
1
11
1
11
10111
011
0011011
1
111
1
111
11
11
1
111
11011100000101
11101
111
11
111
111010
101
11110
1
00100001100
11110000010
11101000000
01
1111011
100100100101
111
111111100111000
001001110111
1
100111001
1000111001111100
1111111000
01111
110101
1111100100101110110000001
11
11101
00011110
10
1
1100101000001101
1
1
1
1
0
1
0
0
1
1
0
110110
11110101
1111
1
1
1
1
1
0
1
1
1
1
1
0
1
0
1
1
1
1
1
1
1
1
1
1
1
111010
101111
1110110011011
1
1
1
1
1
1
1
1010111
1
0
1
1
11111
01
1
1
111
1111
1001111
111
1111
11010
111
11
01011
11
11
111
111
101
1110
011101
11
101
11101001
11
11
101
010110000100100
00111
0
1
1
1
1
1
1
0
1
1
1
1
1
1
1
1
1
0
110
11
01011011
0
1
1
1
11
1
1
1
1
1
1
1
0
0
0
11
1101101
111111
101111
11
1
111
11
1001111101
11
111
1
10111
111
11
1101
1100
11
1111
111
11
01111
111
00000
111
11101011
111
1
1
11
1
11
1
11
11
11
1110
1
101
11101
01001
0111
1
1
1
1
1
1
1
0
0
1
1
1
1
0
111
111
10
1
1
1
1011
1
1
1
1
1
0
1
1
1
1
1
1
0
1
1
1
1
1
111
1101
011011
011
0111
111
1
11
1101111
11
111
11
01011
111
111
11011
1110
1011
1
1
1
11
0111
1001
010
0111
11
1001
11111
00011
00
00
11
1110
0001
1
01
0111
111110
01111
010010101001
1
11
1110
0
111
11
101
111
10101
11011
111011
010111
0101110101
00111
1111
01
101
1
1
101111011110100000100010
1111
111
1
111
11
011
11
10101
1
111
11
011110000000
1
1
1
11
001
11
11
11110
11
1
10101
01111
11
11001
01111
10111
00
111110001000100
10
11101000000
1011
00
11
11001
11
011
110
00111
011111111
0101100
10000100
111
1111
11100
011
0111
11100101000001
010111
1100001
0111
11
11110100000
1
111101
11
111011
000
111
00
011011110
11
0
0101
0011
110
11
001010111
1011
10
0111
1001
10111
011011
0111
11
11
110
1111
10
00
0
1110110110
11
1
000
11
100
11
11
11
1111
01110
1
01
111
000
1
1
111
111
1
01
111
0
1
0
1
0
1
1
1
1
1
1
0
111
100011
1
011
0
0
1
1
1
1
1
00111
0
11
01111
1101
011
011
11000
0
1
01
10111
000101010
110111
01011
111
011
011
11
1
001
10
11
011
111
0
111
11
11
1011
1
011
01
10
0
110
001
01
10001
101011
1
0111
11
11
11
011
11
0111
11
11
011
1101
1101
0111
111
11
110
111
11
110011
0110
1111
011
01111
1
11
111
110
0001
0
00111
1
1011110010
10101
1010001
11
01111111
101000
11
1111111
11000111
1111
11111100
00
0111
111101110110111000011
1111011
01011
1
101
0
11
111
10100
0111
1111010
111
110111100
1101
1111
11101011
111
110
1110001101
11001110
1110110000010000
10011
0110011
1111
11111101
000
11
0111
1111
1
1111
11111
1100111101
0111
111
11
10111
11
001
011
111
101111
111
11101
111
11
0111
1
1111
1101111011
1101
1110
111
0111
10111
11
011101
1111
1101101
110
11
1111
10110111
111
111
0101
111
01
11
1
100111
10111
101
111100
0001011
110111
111110
1010
01011011
10
001101
0110000
100110
10111000000
110100
01111011
1
1
0
1
0
101
0
00
1111011111010
11111
110000
1111011
01000101
1111
11111
01111
0
11011
111111
0001111
11111001
00111111
11110011
0000101111
111101110
111111
01111
1101
1
1101000
11
01
11100001
111
0011
1
111
111
001111
0011
1
111
001111
1111
011101001110
111101
10111111100101000
01101100010
11111
0111101
111101
01011
111101
101111100000
110
111101011011
011001100001
111111011
1110111100
111111
10
011111011100
1111011000
11111100101011
11111
0110111110001100
1111001
11111
11111
000011110
11111
111111
1111111100
1111011
01111
1111111
1101101111
1111111
0101
010011100
111111
11101110101
1111011
1111
111111001
1111101001
1111101
100101
01111101011110001
111
011101010111
111
1101111
11111
11111
11110111101
111111
1101
110101111111
11101
111
1111
1111
11
111011101
0011111
11111
01001111
11111110
0111
1
11111101001111001
100101101
10110001
01
111011
01011
11
1
1
11
11
11
0
11001000
0111
011
110
11000
011111
01100
11
011111
001111
1010001
0111
10111101110
101
010
10001111
111
01
101110010
11
11
1
111
1
001
01
11
111
111
11
11
00
11
011
111
011
1
111
1
011
1
1
1
11
11
01
10
0
0
1
111010011
110
111001010
01
111
111
111
010001
00011
111
110101
00111
11
111000
0
0
11
11001101110010111101
001
0
0
1111010101
1
1
111
111
1110101
11
111
101011
1101
111
01100
111
101
100
111
10101
111
111
1
1101
011
11
001011
011
001
111111
1111
1
111
11
1010100111
11
111
00110011111
11
11100
11
11
0
000010
1
100111
00
0
110111
111
111
10
11
11
1011
11
11
000001
1111
11
111
111
1100
010111
1011
1
111
1111111111
110000
00111
1000000
11111000
1
1011010
00001110
011
111
1100
110100111000111100
0
1
111
011
10
110
001
111111
111
11111
0111
101
111
0101
0011
0
110
0
11
11
011011111
011
1
1
010
001111
1101
101011
111
01010011
1
00
1101
111
10
11
10101
111
1101
111
011
111110
011
01
11011011
111
011
11
111
1
111
11
11100
1
111
011
111
11
10
0
110
011111
01
11
0
0
1
00011
0011
11
1
11100
00
11111
1101001110110001
111110111
111
011111
11111011111
11110111001101000110001110
011001101000
1111111
0111011
111111000000
01011100110111
110011101
11100101
111111010000
0001111111
0110100
0000010101
110
11100011
111
1110111001
1111
1111
1110111
111011111
01110011100111001110000000001110011000001
001110110110000001001100100
0111101000110111100
011111
11101000111100001101100
0111110100000001
1111101
111100001011101
01111111000010
1111001
1100100
000
1101
0010111
111010101
1111101
0111
1
1
1
11011
110111
11100101
11011
111
000
100011
1101
1
00111111
011111100001
11
000000000000
11110000
0011
110
111
10101
111100
111
0000000
0101011
000110100
111
110111
01100111
0
00010000000100001000110
000
1100010
0111
000000000
0000
0
01111
1000001
110
01
1110110110101
11000
1011
01111110001000000
011
1111000
111
1101
00011100100001
11
111
11
1110110
11
0111
1
111
101
111
1
111
111
11
111
11
00111
111
11
11
11
11
111
1011
1
1111011
111
11
010011
101011
0111
110011
1001
01110
11111
1101
1111
0111
1
111
11
11
1111011
1111
101
01111
11111010
111111
11
1110101111
01
1111
1111
111
11111
1
01111
11101
111
1111
101
1111
01111
1111
1111
1
1111100
1111
100011
111
11
1111
00
11
01100000000
1100
011
1
1011
1100
01101111
1100111
111110
11
0111
011
11110
0000111
001
1
101
10111
01
111110
1110000
1111
0011
11
111
111
011
01
0
001111
111
01110000111
101100101
1101
111
0111
11
111000
011011
1101
111011
0100
1
01011
0
0111
0
0
11000000
100110100010
110
111110000010
00000111
1110000
0
011
0
1
111
1
0
0000
11
0
00111
0
1101
011
0
0
0
0
011
10
11
1
1
1
1
1
1
1
1
1
0
1
1011101
11
1
10010
1
01100001011100
11
11101011110011000111
1100
10001111
1101
101
11010011
11101
11
00110110111
101001
10011
111000
010
0011
111111
11
001
00001010
0
1011
0
0
111
011000001
0100001011
000
111
11
0
001
1011
110110
10011
01100111
0000
0
0
1
1000110101
11100110
1111101011
10101
11
0011
11
111000
111001001
11
01
0
1101
111
1
110101
110110
11
11
111
10111
11
00011
11
11
11011100
0
1111000001
110001
110
01100111
11001
011
11
10111010
1
101
1101010
11
101001
111
11
1
11
1101
010111
1100
11010110011
111
11001
11111
11101101
11
011101
101
111
110010
000011
0
1111
1101
11
1111
11
111
110
11
1011
001010
1011110
1111
111
1110
010
01
00
011
11101
01
1001
0110111
0011
11110
011
011
0110110100
1
11110
0011
110111000
011
011
0011
1100
11
111100
01011
10111
11
1111
0011
01
0
11
0
01111
00111
01
010101
1110
011
1
11
11100
1
111
011
0111
1101
0
01011
0011
111
0
01001101010011
1110000000000
1
11
1010100101
11
00001
11010000
011
111
11
110001011011
10111
1
110000
11
11110
11
101
11100
1
01
00
1011
1
110110
111
1
11
11
1011
101
11
0111
11110
1
1
1110
111
111
11
10111
1101
011
0
1111
11
101
1111
00111
1011
111100
10110000
111
1011
10
111
11010000
0001
1111
00111
01
10011
11100
1111
0001
011
10111011
110011
0
11110010
11100110100
1000100001
011
10
01100001
11
1
1
001
110011
111
000000000
11111
00
0000
0
00111
00000
011
1
0
110
1
110110
11010
11
0111
10111
1101
11
111110
111
11
11
0
1
0
0
01
0
1
1
0
0
000000
001
000
0000
00
01
0000
11
01
00
10
1
11
0000
0000
0011
0000
000
100
100
0000
00
00
00
100
11
100
000
0011
011
000
000
000
000
10
111101
011
11
11
0
1011
111
000000
0
0
0
