0000
101
0
0
011
0
0
0
1101
10
11
1110
01101
0
11
11
000
11
110
1
11
1111
1
1
111
011
11
1
11
10
1111
0001
1001
11
111
1111101100
1
1
1
01
1
1
0
11
1
1
1
0
1
11
1
1011
1111
10
1
1
0
1
0
1
0
01
000111
0000
1111
1111
1111
000100
11
0
1
1
0
0
0
11
00
11
0
010
11
1
01
1
11
1
100
11
00
11
1
11
1
0111
111
011
111
11111011
011
01
111
1
1
10
1
110
1
01
01
0
1
1
0
00
11
00
00
11
11
11
0
0
111
11
11111
11
01111
00
00
110101000
1101110110
1111111
111110
0111
1
1111101
11
011
111
111
11
11
1111
001011
10110001
11
001
101011
111
11111
111011
10001100001
111
11
11010111
11001
0111
11
0111
0111
0010000100100
100111
11110111011101111
1001
11
111
1
00
111
011
111101
100
1110
111110011
11
1111
1110
11
1111
0111
111
111011
101111
1111
00
10010100
111
1
00
000
000
11
11110111
1100
111
1
111
111
111101
11
1111
11
0101
0010
011
01
001
11
000
111
1
1111
1111
01011
1
11111100110
1
110100
11
11
010101
10
1
0
111
11
111111111
11110111
1111111
01111111
010
1101011
11111110
111111
1001110100
1
1
1
0
00
0111
00111
1111111
111111
11111111
11111101
1111111
11
111
111
1
1
1
11
11
1111
1111111011
111111111
1111111011
11111111
1111111
1111111
1101111111
1111111
1111
1111111111
11111111111111
0
00
011
1100
0
1111111111
11101
111011111111
11110011
101101
1111111
1111
1111111101
1111111
111011111
10101111
1
1
111
11
11
11
1
1111
0101
0000000
1
1
0
1111
011111011
01000010
11111111
11111111
011111110
1111111
1111111
111111111
1111
1111
1111
111110
000111011
11
010
1
0
0
1
1
10
111111111
1111111
11101110
1111111
11111111
11111111
11011111
11111111
11
1011
111
111
111
000
111110111111111
1111111111
111101110111110111
0110101010
1101
000
000
0
00
111
0000
0
011
111101
1111
010
000111
1
0
11
01
11
11
01
000
100
10
0
11
1
0
11001
1
1
00
01
11
0
0
1
01
11
1
11
01
11
1011011
010101011100000
1
1001111110
11111101
111111111111
000
10111
100101100111010
100
111001
11
01111100101
111111
1111110010101
000
1
1
0
011
1
1
00
11
0
10
0111
00
000
010
1
1
1
0
111
000
00
1
11
11
110
111
01
01
110
1
100
1
110
0
00
1
00
111
000
11
1
0
11
1
1
1
1
01
10
1111
1001
111100001
10
10
11110001
000000
001101
1101
1
1
00
11
10
111
1
111
010
1
1
1
1
111
1
10
0
0
100
1
0
11
101
010
11
1
1
1
1
001
011
1111
0111
1
0
10
0
1
1
11
0
1
0
11
10
111
1
110
11
1
11
0
1
1
1
0
1
1
1
1
11
11011111
111
1111111
101011111
11111
11111111
1111111
1101111111
111111
0111101
011111101
11
11
1
1
1
1
1
0
0
1
1
1
1
1
11111111
1
1
11
01111
1
0
1
010
1
11111111
1111111
1111111111
11111111
1111111
111101
11111
11111
11111111
11101110
11111
11111111
11111101
1011111
111111111
001111
1111110111111
011111111111
1111111111
1
1
0
1
0
1
0
0
0
1
1
1
010111
1111111
011111111
0111111
1110011
110111111
111111111
111111111111
1111111
111111111
111011111111
1111111111
0011
111
11111111
11111
111111
1111
1111
011
000
0010
11111
1
0000
111
1111111111
00
11
111
1100101111
111111
100111
110111
1001
11
0
1
11
1111111
111011
0001
111
00101101
111
100
011
11111110111001
010010010
1101
1
1
1
10111
10
110
1111111
0
1
110100
111111
1111
11
11
1111111
111
11110111
10011
1011
111
1
11111111
1
11100
111111111111
1111111
111111
11111
1111111
1111011
111111111
11000101
00
101
111
000
1
11011
1111011
0011
10010001001001
00
00111011
11111
0110010111
1
10
111
10
1
11
0
1
11
1
111
110
0
11
1
100
1
111
1
11
1
111
11
111
101100
11
11
111
1
1
1
001
11111110
11011
11111110001
11
11101
11111110
1101
111
111
111
01
111101000001
1111101010
11
11
111111101
11
0100111
11100
0011
0111111
11
0000
1
110
11
1111
01
11
00
1111
111
0
11111
011111111101
001011
011
1
0
0
0
0
0
0
0
00
0
0
00
0
00
0
0
0
1
0
1
0
0
0
0
1
0
0
0
0
0
1
0
0
0
0
0
0
1
0
0
1
1
0
0
0
0
0
0
0
0
0
0
1
0
0
0
0
1
1
0
0
0
0
1
0
00
0
0
0
0
0
0
0
00
0
0
0
0
0
0
1
0
0
0
0
1
0
0
0
0
0
1
0
1
00
1
0
0
0
0
0
0
0
0
1
0
0
0
0
111101101
1
1111
1
00
111
001111
0
111110
11
0
1111101
01
001
10
00
11
111101101011
0
111
1
00111
0111
0
1111110101110
0
01100000000000
110
0
001101
1
1
111
1001
10111
0
10110
11
11
011111111111111101110111111
111111111
111111111
0
11111111
11
11
11111110
1111110
1111111
1111
1110011
111010
11
1111
1101
110
0111
111
00
11
1
0011
101101001111
0
1100
00
11
0111
11111
0
1011
1111101110
1
11
1110
011
001
1
110
111
111111111111
111001
101111111
0
1111111
11111111
11111111
11111111
111111111
11111011
1111
111111
0
110111
11101101011111111
11101101111
11111
1
111111011111111
1110111111111
0101111
11011111111011111
1
1111111111111
011011
11
1
1
1
0111111
01
11
001111
11111111
11
1111111
11111111
1110111
1011111
111011
111011111111
1111111111111
11110111111110111111
11111010011111
1111101110111111011
11101111111111
111111111
111111
1111111111111
10001
0
0000
101
1
0101
1
1
1
11100
1
11111
1
0
0
1
0001
0
0
000001
1
11
1
1
1
1
1
1
11111
111
110
01
1111
0
11
1011
01
1
1
1111
1
10
101
001
011
1
11
000
111110
0100011101
0
101
1101
10111
1011100
01001011011
1
10111010
110111
11
1
111
0111
000
110
000001
000100
11
1100
0011
111
100111
00
0100
0
1111
010
0001
100
0
1
111
11
1
00000
11
1
1
110
111
111
11011
1
1111
1
0
0
0
1
11
000
0
1
0
0
0
1
0
111001000
0111
01011
000110101
000100
111
1110100
0011
111
1
011110100
0000
101101001
111001
01011
111
01
01100
1
1
1
0
1101
0
11001
1
0
1
0
0
0
0
1
001
11
100001
0
111
00000
11101
011
01
01
11
0
1110101010011
1100
0011
1
111
00111
1
00
011
1
00
1
11101100011011100011000
0000
0011
1101
11
01
1
00110
111
1
1110
1
1001
10
1
110111
1111
11
010
1111
111
1
1111
1110
1
11111
111
11
000
001
1
0
1
01110100
1011
0
0
1011
11
111
011
101
1
11
1
0
1
0
0
0
1
11
1
0
111
11
0
1111
1111
10
111
110001
111
11
1
010011
11010
010
111101110
001
0111
01110100
011
11
1101
11
011110000
1111
111
01101
11001
011
1010111
01111110111
1111110111001
11110011101101
1111
1
1111101111
1111111111
11111111110
111111110111011110
111010100
111110111
011110111
111111111111
11110111111
11
0011011
0111111111
111111111111
11111001101
111111111111
1
000100111
11111111010
10111
11111
11111
111011111111111
1010111101
1111110
111
1
1111
1011111
01111010110111
111011111101101
101111101
0000
1
10
1
011
11
1111111
111
00
00111
11110
11101
110
10
1
0
0
1
1
1
1
1
0
0
1
0
111111
11101111
0
0111
000
1111
11
1011
1101
01110010
11100000
111
111
1011110
01011
0011100000
0001
101111111
01
011
00
11
011111
1
111101101
1110
101
100
010
000
01
100110
111
1
011
111
01101011011110101011
1
11
1
1111011
000111
0000
1
11
0
0
001
101
110
1101
101
1101
0
111
11101
1111
1111
1111
11
11
1111
111
111
11111
111
111
1111
111
10
001
1111
010
00
111111
10100
111111
1011111
110111
1110
0011
0
1011010
0011
000
111
1011
000
1
1111
1010
111
11
11111
111101
111
111
1111
111
11
11
1111
11111
11
1111
1111110
101
0111010
11111111
1000
1101111
1111
111111
11100011
1011
10000
000011
011100
1101
011011
00000
101
0000000
001111
110001
010
1100010
111000
0111
1
0000
101011
11011110
110000
11111
01011
01100
11101011
011
1110010
00011
11
1
0
111
11
1111
111
011
11
11
111
101
11
1
111
11
111
110
1
110100
0101010
1100110011
0001000
1110
10101101
0000010
010010000
1100001
1000101
11101
100011
1000000
011
11111
011101101001001
000
10000000
110010
1000000
01000110
000
11110001
000000001000110001001000010000011010000010010000000001101011000000010010010000
1
11
001
00
1
1001
0
0
0
0
0
00
001
001
11
11
1
01
1
0
11
101
000
11
0
01
00
01111
1
00
0
00
11
011
00
000
10
000
1
1
011
10
11
10
1
10
001
1
11
110
00
111
1
101
0
0
100
101
11
001
10
011
100
11
0
11
0
11
101
0
10
01
0
0
1
11
0
1
011
000
11
0
110
1
100
11
001
10
00
101
0
11011
1100111
1011
10101
1
00
11010
0011
1101111111010
111
1111
11
11010101
0011
111011
1111
11111011
11111
0000
000
00
000
10
100
101
00
00010
101
011
11
0011
0
0
001
1
1
01
00
1
0
1
1
11
0
11
10
111
1
1
0
11
1
10
10
00
0
1
0
0
11
0011
1110
10101100
1111
10
100
111
01
111
110
110
11
110
00
001
110
000
1
11
1
00
1
0
1
11
10
1
1
1
00
0
00
010
100
101
101
1100
0011
1111
00111
110
1100
011
01
110
0111
111
01
0000
0
100
1110
01
10
00
10
1
0
11
0
0
11
11
1
111
011110
1101111
011
1
00
0
1111
11
00
1111
01
11
11
11
101
011
10
1101111
10
000
11
001011111
111011
0110111
10011
11110101
111101
1
111
111
1100
10000
1
11
001
0
0
0
11110111
11
11111
111110
011111
110110101011111
111100011
1111101
101111
11111110
111101
111
111110101000
11111
110001110111110
11011111100
1
00
11
0001001
01111
101
0
1
0
1111
10
1111
0000
1111
1011
000100
1101
01111
11111
11111
111
11011
110
1101
11011
100
01111
0101
1001
111000
110010
00
00
011
11011
110
10100
0
0110
0
10011
111
1
11
1
11101
1
0
0
0
11
1
1
1
1111
111
10
111
1
111
1
10
01
1
11111
0
0
0
0101
101
0
01
0
11
0
1
1111
1101
11
11111001110001
1
0
1
0
1
0
1
1
1
1
1
1
1
1
1
0
0
1
1
0
1
1
1
11
0
1000
010
100
0111
011
0
0
00
101011
111
01011
11
10
111
1
11
110011
1
11011
0001
111
111
111
110100
1011
10111
0
11101
011
11
011
10000100
111110
00011
01011
1101010
111
111
11
1
1011
1
111
000110111
110000011
11011011100001
1
0
011
0
0
0
1
1111
0
111
10
1
1
11
011
0
10011111
0
00
11
111
1111100
01001
1
111
011100
11
1
1
1
0
1
1
0
0
1
0
0
1
1111
1101
1111
100
1111
10
111
0110
11
0111
111
1111
111
1111
1111111
0111
01
1
1
11
111
11
1111
011
0010
01
111
110
001
01
01
000
1
0
0
1
1
1
1
1
1
1
110
1111
0
0
0
1
1
0
1
0
0
1
1
0
0
1
1
1
1
0
1
0
1
0
0
0
1101
1
1
1
1
0
1
0
0
0
0
1
1
1
0
1
1
1
1
1
1
0
0
1
0
0
1
1
1
0
1
1
1
00
00
101
1
0
100
1
0
1
1
0
1
0
0
1
1
0
0
1
0
0
0
0
1
1
1
0
1110011
0
1
00
1
01
00
0
00
10
1
01
00
00
00
0
0
0
100000111010
1110111
0100
0
111111
101110
11
1111010111
111111111
11111011
1111111001111
11
0111111
11011
111
111
11011
11111111
01
1
011
001
11101
0010
1
11111
11101100011101
11
1011
111
1
1111010111
111
1
11101000110
1101
11111
11
11
10
01011111
11110110
100
110
11011
111100
111
101000110
11
1
1
1
01
00
1
10
11
11
11
1
11110111
00100000101001101111
11101111
0
01
1101
11001110
0011
110010
11111
11111101
111101
1
111
11
11
0111011
11
11
1
11
011
1
11
0
1
1
11
0110
1
1
11
01
11
1
0
1
110
1
0
1
01
1
1
0
1
11
1
1
1
1
11
1
1
11
11
111
011
11
10111
10111
001
10001
11110
1
1
1111111
1
111
1
0
1011
11110
01011
1100
0010
101
111000
00000
100000
1101
101100
11
1011
1
01111
01111
0
1
11
1111
1
0
1
0
1
1
0
0
0
1
1
1
1
1
0
1
1
0
1
1
1
1
1
0
0
1
1
1
1
1
1
0
1
1
1
1
0
0
1
0
1
1
1
0
1
1
0
1
1
1
1
1
0
1
1
1
1
0
1
1
1
1
1
1
1
0
0
1
0
1
0
0
0
1
1
0
0
1
1
0
0
1
0
1
1
111111
0011
110
1
1
1
1
0
1
00
110111
1
1111
110101
11010111
01011111
100100
0
11101111
1
111111101
111110011
1110000000
011111011
1111111100111
111111110
011111110
110111010
111011111
110111110111
110110101101
111111011111
01111101011
11111101111
111001
1110101
111111101
1010011
1010111
11101
11101111
1
10101100
1
111101000
0011111
1
1110101
0
010111
10001101
11
0
10
1110
101
100
111
11
1
1
111
001
1
11
11
11
1
11
111
1
11
10
011
11
100
1001010
1
111
01110101
1
111
000
111111
111111
111111111
111
11111111
01111
1111101
1111
111
11111
111
111111
11
0111111111
111111
110111
11
110111
0
1111111
11111
1111
10101
111
11
1
1
1111101
1110110111
010
00
0011
011101101111
0
11101
1
11000
0
1
0
111
1
01
1
0
1111
1111111
1110101111
000
00000
1101111011100
00
111010011001
11111000
111111011110
1
100100001
00
010
10101101101
00
1
110111
011
11
11111
1100
0010100111
1
1
11
111
1111
00
111
00
01
100
00
0
01
1
0
1
00
0
1
01
10
0
00
11
111
10
11
0
11
1
10101
001101
10
0
10
101
00
0
0
10
1
101
11
001
11
10
11
001
01
00
101
01
00
01
0
00
0
0
11
10
0
10
0
11
1
00
10
0
0
1
0
01
000
0
10
1
10
00
0
0
0
111
11
00
101
0
0
11
11101
1
1
01
11
11
0
1
11
10
00
00
111
1
0
00
11
1
0000
1
10
0
00
1
0
11
1
00
11111
1101
00000000
0
1001111
11
111
011
0000
11
111
111
00
0
1
0
0
111
111001
1
1
11
0
1
111
1011
11
1
00
110
001011
1
1
001
11
001
101
110
11
11
0000000
1
1
11111
11
11
111
11
1
1111
011
101
01
1
1
0
100
11
0
0100111
0
111
1
00
0
1
0
111
10
0
0
1
1
1
0
0
0
1
1
0
1
0
1
1
0
0
0
1
0
0
0
0
0
0
1
0
1
1
0
1
0
1
0
1
0
1
0
0
1
0
1
0
1
1
0
1
1
1
1
1
1
0
1
1
1101
1
11
10
10
0
0
011
010
000
1
1
1
11110
01
01
11
0
011
11
00000
10
000
11
1101011
0
10
0
0
0010
00
10111000
00
01
10
01101
0
11
0
1110
1
00000001110
0101
0
001
11
0
1
11
1011
10111
111
1
111
111
11001110111
0
11
101
0
111
11110
00101101001110
11001
1
011000
0000000
1010
11
1
11
1
111110
1
1010
0
1
11
10010111
0
0010
1
0
0101
1101
11
111
10
11
000
000
01011
0
01
1
1
11
