0
0
0
00
1
1
01
1
0
0
1
1
1
0
1
1
0
1
0
00
1
0
0
1
1
0
00
1
0
1
1
0
1
0
0
00
1
1
1
1
1
1
0
1
1
1
1
00
0
0
0
0
1
1
1
1
0
00
0
0
00
1
1
1
00
01
1
0
0
1
0
00
1
1
1
0
0
0
1
0
11
1
0
1
0
1
1
0
1
0
1
1
1
0
1
1
1
1
1
00
1
0
1
1
0
1
00
0
01
1
00
1
0
1
00
1
01
00
0
1
11
11
10
00
1
11
1
00
110
10
00
1
1
0
11
1
0
01
00
1
1
00
1
011
0
11
01
11
1
1
0
11
111
1
11
0
000
111
01
11
111
1
1
01
0
111
00
01
1
0
0
11
01
11
00
1
00
00
01
011
1
11
11
000
1
10
10
11
1
001
1
01
11
011
0
00
1
1
1
0
1
00
00
0
1
0
0
0
011
00
1
1
0
1
0
0
0
0
00
00
00
0
0
0
0
1
0
0
0
00
01
00
0
0
0
0
1
00
0
00
00
00
0
0
00
0
0
1
