10
00
00000
11
01
11
1
11
1
0
11
1
1
11
1
111
11
1
0
111
11
1
1
10
11
1
11
1
0
1
1101
01
0101
1111
01
110
0111
0111
00
110
010
10
0
11
0
0111
11
01
110
0000
11
1111
0001
1
101
00
011
01
110
10
1111
110
00
010
001
0011
00
00
1101
0
0100
01
10
011
111
1
01
1011
111
110
010
001
000
0101
111
1000
01
0001
110
00
111
11
111
011
111
00000
010
01
01
00
0101
0101
10
0
001
000011
10
000
010
01
10
000
00
11
1
01
1
1
1
1
00
01
10
00
00
00
01
11
00
00
0
0
00
10
0
1
1
1
0
10
0
00
00
0
00
11
10
1
0
0
01
00
00
0
00
10
00
00
0
10
1
01
10
00
10
0
00
1
01
0
00
00
0
01
00
10
00
01
1
1
00
01
00
0
0
0
00
0
00
0
00
01
10
01
00
01
0
00
0
0
0
0
10
00
0
00
00
0
10
00
0
01
0
0
00
0
10
0
0
00
00
00
00
00
10
01
0
10
10
00
00
0
0
1
00
0
00
1
00
01
0
0
0
0
00
0
00
0
0
0
00
00
00
00
0
0
0
00
00
00
11
0
11
01
00
111111111110111111111101
00
11111
1000
1
0
1
1
01
11
10
1
1
1
1
0
01
1
1
1
1
01
101
1011
01
0
11
11
10
0101
01
01
01
000
1
1
01
0
111
1
1
1
111
01
111
011
101
110
11
11
01
00
11
11
111
111
0
1
11
00
110
110
11111
111110
1011
1
1100
0110
100
111
00111
111110
10011
0111
0101111
1101
111
011110
01111
111110
011111
11
10
00111
1111100
0001
110
110
011
111110
111
111
111100
00111
111
01111
111
1111
11111
1111
110111
1111
110
01111
111
100
11111
100
00011
110
0011
111
11111
0110
111100
1111
1
11100
00
1
10
11
011
111
11
111
111
111
0
01
01
1
11
0
11
1
11
111
1
0
111
11
00
110
10
11
111
101
101
111
0
1
111
01
11
11
010
01
110
1
111
11
1
111
11
1
1
1110
10111
01
0
0011
0
010
0111
11
01110
0110
1100
111111
10
11
001
111
000
00111
11111
000010
11101
1111
000
111
1111
11111
110
10100
01
01011
010
01111
111
111111
1111
1010
01110
110
101011
11111
011
01101
11111
11111
11111
11
0011
111
10011
100
11111
101111
11110
111
11
00001
0
01101
1111
0000
1010
1101
101
0
001
1011
111101
1100
1111
1
11
10
1011
111
00000
1111
1101
11
1110
011111
1111
1111
111
1110
11111
01
11111
111
01100
110000
110
1
11111
1111
1111
01011
111110
00111
11110
1111
1011
001
01001
0101111
010011110100101101001
011001
0
110
11010
011
111111
11111
1
0110000
11
111
111
01
1111
000
11
111
00000
101
01
1
11
0001
10100101
101
1
1111
1
11
1
11
1111
111010
111
1110
10111
1111
11
11
00110
11
11
1
1
0
11
1111010
1111
111
11
101011
0
0
0000111
0
01001
1
1
1
1
11011
0111
1
111
000111
01011
1
1
1
00
01
10
1
10
11
0
11000101
1
00
10
101000111
1
1
00
11
1010001100000100100010
11000001111
111011010
11111
11
01
011
10
10111
111
11111
1
0101111
10
0111010111000
001100000110000
11
01
11
11
0
1
00
1
1110
1111
01111
11110100000
1
0101
0
11
00
1
1
1
1111
1100011100010100
110
000
010
0100
011000
01000
0110
0011
110100
1111
00111
1001
1011
100
0100
10011
011
11010
0111
10
11101
01011
110011
1000110
1100
011
1001111
0000
000110
10111
1100
1101
1100
110010
110111
110
11011110
11111111
100010
11110001
1011011
111111101
11101111
011010011
10011
1111010
1001001
11111111
11011010
1011111
001111
1110011
11110111
1111
111101
01111111
1011011
111111111
1111111
11111111
10
11
010
111
11
01
00
11
1
101
1
00
0
11
1
101
1
11111
1110111
11111
11110011
11111111
1111111
111110011
1111101
11111111
1110011
1111111
1101111
11111111
1001111
111011
11111111
1111110
11111
10
1111111
11
1
101
111
1
11
011
01
10
0011
111110111010
1
111111011
1110
100000
1
01100
000
0000
00010
01001
01
1011100111
111111
11
1
0111
1110
0001110
101011110
01110
1
11011
111000011
100110
1
0
11010000000
100
00
1101
01
10110
00
00111
00010
111
001
0000011
0
011
0000001000000
1100
11
11
1101001001
11
11100001
1
111
0
11111010111011
010
11000
111011
11
