111
10111
1111
111
1111111
11111
1111
11101
111
1101
1111111
111
0011
111
11
1
11
11
11
11
100
1011
111
01
001
1
1
111
1
001
1
111
1
111
111000
111
1110010
011
11
111
111
111
11
1
111
111
11
111
11
111
11
1110
111
11
1
111
1111
11
011
11
111
11
11
1
101011
111
11
1101
10001111
111
01
11
11
1100
01
111
11111
111
111101
11
11
10
111
11
11
1101
011
11
011
1
11
101
11
1
11
111
111
1
11001
11
010
0111
11
111
11111
111
11
01111
111
1111
111
111
111
011
11111
0
01
111
1110
111
1
11
11
111
11
11111110101
1111011111
0
1
11
1111111
111011111
11011100010
011
111011000110
111111
0111000
1001111
111
1
11001110110
111111
11
111010
11111
1111011
11111
111111
11001100111111
01011
1111111
111111
00011111
1101
111
11011111011
0000
1
0
111
00100
1
11
111
1
111
0
111
11
11
111
11
111
111
11
1
11
0111
0111
11
11011000
111
0011
111
11
11
110
11
111
11
111
111
111
11
111
1
1111
1
11
01
11
1
11
111
0111
011
1
11
11
11
1
0010010
111
110111
110
11
1
1
0
1
1
1
1
1
1
1
1
1
1
1
1
1
1
1
1
1
1
1
1
1
1
1
1
1
1
0
1
1
1
1
1
0
1
0
1
1
1
1
1
1
1
1
1
1
0
11
10111
111
11
1
011
11
01
1
11
1011
1010001100000
11
11
111
0011
11
11
1
0110100100000
111
111
001000
1
11
11
000001100100101
111101
11
1100100
11
111
11
00111
11
00011
10011
0111
11
1110
111
1
1
11
001
11
1111
1111000
111
11
11
11
11
111
111
10
11
1
011
111
111
1
111
111
1
111111
111
111
0011
11100110
11
1111100
0111
11
111100
111
111
1
011
1
0111
1
0
11
11
1
00
11
0011
011
11101
11
1111
101111
11111
1111111
10011
111111
1111
000111
1111
1111101
11
11
0001
111111
010111
1111
11111
100101101
111
10111
111
1101
11
1
1
111
000111
1
1
0
1111
01
111
1
10011
1
01
01
111
1
1
0111
11011101
11111
1010111
1
1111
0111
1111
11111
111111001110010
11
11
11
11
111
101011011000
0111
1111101
111111
1
1
1
1
111111
111111
1111111
11111
111111
0111101111
1111111
1111001111
0101
11111011
1111
111111
01
111011111100
11111
1111111011000101
111
11111
111111
1111
1111
110111101
11011111
111111001
11101101
0111111011101100
1111110011110
111111101011
111000000
1011111111
10000
11011111
11111111
01111101
1111111
111111
111011111
111101110111
11111111
11
111111011
1111111
1111111
111111
11111
0000
111111
111110111
00001011000
1111111
00001001001000100010000000000100
0
111
1111010
1111
001111
111111001
1110111101
11111110101
11001
111111
111111
1111111
111111
1111111
111111
1100111110011011111001101
1111111
111
0111111
1111100111
11111
11111111
111111010110100
1111101001
1111
1111110110101
0101010001100
111110111111101111
11111101110
011111
111111
11111
11111111
111
111
1101111
1111
10111
1111111
111111
111
11
011
11010111
11111100
111
10111
101111
111
111
1110111
1111011
0100111
111101100111
11
11111
1011111111001
111111
1111
11111
11111
10011
11111
111111
101111
10111
1
1111
1
11111
111
11111
111
11011111
11111
111111
11111
111
1111
1111111
111
11111
111101111001
1101101110010
1111
11
111
1
11
111
11
11
111
111
111
111
11
11
111
1100000001000011
11
11
11
11
111
11
111
1
111
111
1
11
11
11
111
111
111110
111
11
1
0110010
11
111
111
111
11
11
111
1111
111
1
0
111
11
111
111
11
1111
11
11
1
111
111
11
11
1
11
111
1
111
11
11
1101
1111
1
111
11
111
0
1
1
11111
11111
11
111111
111111
11
111111
111
111
11111
11111111111111
1
1
1
1
11101011
11
11
101
0111
1111
011
011
1
1
10
111
1
111
11011
11
1
101
101
111
11
100001100
11101
0111011
111110111101100
11111
0111010011100000101
11111
111
111
1111111
110
111
111
11
11
1111101000010
0
11
0111
101
111
11
111
01111
11
11
11
1101
11
11111
111011
111
1111100
11111
01
101
110
1110
11
0111
10111
11110
101
101
1101
11
0111
11
11
11
11
1111
111
01
111110111
1
1111
111
111
1
11100
11
1111
111
10010111
111
110111111
11
111111111111
1111
111101
10111
11111110111111011
11100111
011
111
1110
111110
111111111110
11111111111
111011
11111110111111101
111001
11111011001
11100111111111
1111111
111111111
1001111
11
111
01101101010010
01111
1111
0011
1111111
00010111101110111110000000111111011111011100
0111111101
11111111
1111110111010
000111111111111000010
11
11111111111101
11111111
1111111
11111
11110111011110111
1110011100101
1111
1110011111101
1011000001
111111110101
11111111111
1000001111110
1111111101
010111011
111
11
11
11111111100
1
11
11
111
111
1111
1111
111
1111
111
11111
11111
111111
111
1111
111111
10011100
111111
1111111111
111001
0111
11111
1111111
111101
111111
11111100101110
111
1111111
11111011
1
1111
1111
11111111
11111101
11111
000000010
11111011
010
011111
1111011
11111
110101110001
11100010011110
110111001101
1011111
101
11111
1111111011
1111101
01011101
011111
111111101000001010
111100111
1101
1
1111111
1111100001
0111100110110111100000
111
1
11
1111
010011
111111
111111
11111
1111
1111111
111111
110
1
111101
1
1
0
111
1
1
0
1
1
1
1
0
1
1
1
0
1
1
1
1
0
0
1
1
1
00011
110
11
101
0010111
11
1011010
1011111
1001111
111
101100000010
000
0101010001011
11000
01
111
11
111
101
111
11
0100100
1111111111111
111111011011
0
1
1
1
1
1
1
1
1111110111101111
1
0
1
1
1
1
0011111001110111
11111101111
111111101001
111111101001
11101010001011
11
111111111
111111011111111
111111111
1111
11
1111111111
11
111
00
0
01111
1
1111101111101
1111
00110000000100010001101101101
11110
000111
1
111
11
0011
1
001000
00100010
111
11
100
11
0
10011
111
111
111
0111
11
111
010111
11
1
11011
111
11
11
111
101
11
111
111
111
11
11
111
11
1
11
10010110
111001001
111
010
101
11
111
1
111
1
0111
011111
1
10100010000
01
000010110000000001011010000000010000000010010000001
010111
1
111
111
111
11
111
11
111
111
1
11
0
111
11
1
1101
111011000
11111
11
11
1
11110
1011
111
11011
111
11
1
111
111
010111
010110001
111
11
11100
111
111
110110
11001011111000000
111011011001
111
111
01
1011
00
1011
11
001100010
11
1000
1101
1110000
111
111
111
1101001
1
0011
01
1
11
111
1110
011
1011
11
111
101
1101
011
1111
111
001
0000000
111
11
0011
11
111
11
1110111
11111
0
111
111
11101
0111
1
11111
11
111
11
11
1
11011
111
11
