0
1
1
1
1
1
1
0111
1
1
11
1
0
1
1
1
1
1
1
1
1
1
1
11
1
11
1
11
11
0
1
111
1
0
1
111
11
11
1
1
11
11
1
011
11011
1
1
11
1
1
1
1
1
1
11
1
0
1
1
1
101
00
11
11
1
111
11
1
11
111
1
10
1
111
10
111
1101
1101
1
11
0111
1111
1011
1
1
111
111
111
1110
11
11
111
11
1
1
1
1
1
1
1
1110
11
11
110
1
011
11
111
1
10
11
11
111
1
1
1
1
10
1
1
01
0
1
111
1
101
11
111
11
1
000
1111
11
11
10
101
111
111
1
1
0
11
0
01
1
11
1
111
01
11
1
11
11
111
11
1010
110
111
011
10011
11
1
1
011
01011
1101
001
110
11
1
011
10
00
111
1
11
00
11
111
11
1
11
0
11111
11
0
01
101
111
1
110
111
1
1
1
1
111
1
1
01100
1
01
10
1
1
111
00
1
1
1
1
1
1111
011
11
1
1
0
1
111
11
1
1
0
1
1
1101
11
11
1
011
1
1
1
1
1
111
1
11
111
11
11
011
101
111
010
000
111
111
01
1
1
1
1
0
11
11
11
11
11
110
111
111
111
001
111
111
11
000
101
1
0
1
1
1
1
1
0
1
1
1
1
10
1
111
11
1
111
110
10
11
110
1
10
011
111
01
111
11
0
1
0
0
1
1
1
1
1
0
0
1
1
1
10
1
11
11
11
1
1
1
10
11
10
10
11
1
1
10
0111
0
1
11
0
11
01
1
1
11
1
1
0
10
11
1
1
1
11
11
10
1
010
1
1
0
1
11
0
1
11
10
0
1
0
0
01
11
11
11
1
0
11
1
10
1
01
01
11
1
1
11
11
1
11
00
10
1
11
11
11
1
1
10
0
1
0
1
1101
11
11
11
11
10
0
10
0
10
11
1
11
1
11
1
1
1
1
110
10
11
0
1
1
11
11
1
1
1
1
0
1
0
1
1
0
1
1
1
1
1
1
1
1
1
1
0
0
1
0
1
0
1
1
0
1
0
0
1
1
1
1
1
1
1
1
1
1
111
11
1
110001
01011
011
0
101
111
1
1
1
1
1
1
1
1
1111
1
1
11001
1
011
1
1
1
1
1
1
1
1
1
1
1
1
1
1
1
1
00
111
1
11
11
1
0
1
1
0
1
1
0
0
0
0
1
1
0
0
0
1
0
1
1
0
0
1
0
1
11
111
0
111
11
11
111
11
11
11
0
1
11
1
0111
011
11
10
1
111
111
11
111
11
11
11
101
1
1
1011
1101
1
11
11
1
1001
1111
111
1
111
11
1111
1
00
11
11
1
11
01
1
11
11
111
