0111111011111010010001
11100111111110010001110011
11111111111101
11011111011
1011
1111001
101
10111
1111011011001
11
00
01
111110
1111111
10111
111110111111
111
11001
11111101111111
111111
1111111000101101010100011011
111011101111101111101111010111
1
1
110111111111111
111111111
1111111011111
11111111
1
1
1110001110111111111101
11111110101111101111
1111101111011101
0
010
11111111111
11011
11111010110010001111111
11111111111111001010101011111
111111111101111011
000110
1111111111
111111111111100011
111111000011010011101111111
0111111111111111
11110011111
1110111011011111111
1111111111
1111110110111111111010
111101111111
111111
11111111110
11
111111111101111111
1
1111110111111111
11111111101
1111111111101
1110111111111011111011
111111111101
11111111111
111111111111
1111111011111
111111110
11111
10111
1
1
1
111110111111
0
0
00
00111111
10111
0111011
1111
111
1
0111
1
111011111
1
11
1
11
1
110111111111
111
1111
101
111
0
111
1
10100
1
11
111
111
111111111
1111111
11011111111101111111
1
1
11111111
0
11111110111
1
1
01
101011111011111110111111
1
11
1
11111
111111110011101
1111
1111
1
0
0
1111111110111
11110111111111
11111111011011
11110101
11111111
1
1111111111111
11111111111
11111111101
1
111111111110111
1
10
111
0
1
111
011
1
1
1111111111
1111111111111
0111111011111
111111
111111111
1111011
111111
11
1111110111111
0111111101111
1111111111111111000000101100001
1
101111
111111111101
1
11111101110
01111111111011111
1
1
0
00
11111110
11111110111111
1
0111
1
1
1
1111111
111111111111
0
0111111111111
1111111
10111111101111
0
11110
111
111111101110
1101111
111111111
111
1
11111
111111111111
111000101111101111111
1111111111
1111011
11111111110111001
1
1
1
1111111111
1
111111111111
1111
1111
101110
1111110
011111
1
1
11101
1
0111
1111
011
1011
1
11
1
111100
0
11
1100
11
111
111
0111
101
1111111111
11011
11111111011111110
1
1
11111111111
11111111111
111111111
111111
111011
101010
01111
11111
1111
11010101101
11111
011011111
11011
111
111100111
111
011111
11111
11111
111
10101100
11111
110111
111
11111
001011
11000000
11001111111111111111110000
11111111110
111111111
111111
11111111
1111110001111
0100
1111111111111
111111101111111
111111111111
111111110111
10111101011011
1111011111101100101
111011111011
10100100001010101
10111011
111100010
11101000
1111110111111111
1110001111100011
11110110
111111111111
11110010
1110001000100
111111101111
111001111110
11101101111111
110111111111
110101111011011
001100111011
111111111110
11011010110
111111111010
11100011010110
001000010
001100010111
011100100100
1101111
111111111
1010000101
01101101111110
0111111111011111
1110111111111110111
1010111110001
0111111110010
00000010
10001101111111111
01010110011
1110111111
001111011000111
111111111111
101100000
011111111111111
1111111111
11111111111
00111111111
11010110111
11111110100110
1111111111
1111111010101
111111111111101
111001110000011
1110111111111
1111101111
1111011
110111111110
10000111111
0111111111
11111011100111011111
0111001110101
01011110110011
11111
1111111111111
11111111
0111111111
1111110001101
11110111000111
11001000001
0110000010110
010010011011
11111111111
111111111111111
111111101
11111011111
0001011101010
1101111111
101110
01111110110111
1100101101010
11110
1111101111111
1
111111011
10000110101100
111111111111110
01111111111
111111111111111
11111101111000
000
00100011011010
11001100010
111111011001
11111111111
01111111111011101
110101110
1101111111
00110110100
11111010111101
11111111111111
110111
11111111
1011111111011111111
11111111011111101
11111111111111
1110111111111011111011001111
1111111111111011
101110111101110111
00
111101111111
1
11
111111100111110111
111111101011100111110
11111011
111111111001
111111111111111
111111101
11111111
010000010100
110111111
1111111011
111111111
11111101111
1011
11111100101111
11111111111
01111110
1111111111
0111111
01111111001
11111111
11111111011001101
11111111111
11011111011111
110101101
011111110111
11111111111
01111100011
10110011101
011101101111001
11111111111
101111111011
11111111111
010101111111
110111101
001111111111111
111111111111
011010101
000000011110
11111111110111111
111111110111
1111111111111
111111111111
1111111111
111101111111
0
111
111111111111
0110111111100
111111111111011
1111
000111000101
1100011101111
0
1110011111110111111
1111011101111
1
11111110111
0111
01111111110111
1100
1
11111010111111111
111001100111111111
11111101110011111
011111111111
1111
111
111011
101111
1001101101
01000110
11110
10
1
111101001111111101101111
01
000011
111101111110110111
1
1
11
11011011001101101110110100001000100011010101
111111111101
11101010111111100011111111111
1101111110111011111001111
0111110111001
01111111111
01111101100100110
1100000000
1110111101111011011000110011011111
10
1000
00111111
001111111100001101100
11100110111
10111101110111110
11101
1011100101110010100011101
111
11101111110
111101000111001
11110111
1111111
110111111011
11111111001
11111110111
01110111100101011
000011010000
00
11111100001100111
0111110101110101
100
0111011111101
111111110
1111111
111111
011111
111111
00011
100111100110100010000010111
111111111
111101101
11111001111100
0111111001111
1110111111110
110011111
111111011111101
0
1111
11111111111111
111111111
1111
1101111
11111111
111111111100101010111
11111110111
11111111110111111
1111101110011
11101111110110
11101111
1101111011
010101101111010
11111110100111111
1111111110
1111111111
11101
111110111001111011
11111
1111111111
11011111111000011101
101110111111111111
111111100111
1111
11011111110111
1111111111110111001
11111111
111111
1110111111111101101
11101010
101100111010110001111010
10111101010010
0111111
101
1111111
011111
11111111101101
1101011011011101000001
11110101111
1110111110001101001
11
1110011
111011011
1101011111010
111111111100
11
11
000
0
101
11
00
1
1
1
00
11
001
00
1
01
0
11
1
10
10
11
0
0
1
0
10
01
11
100
11
11
0
1
10
11
10
1
11
00
1
1
1
1
0
1
1
1
1
1
1
0
1
11
1
0
11
01
0
01
1
11
11
0
1
10
1
1
11
11111
11
1111
1101001
111
111111
001111111
111111111
11
11111111101101
1001110111101110011110110
01011001110111011010001100011001
11111111110111111010001
11111111100110000
01100000111111101111111100101111110001110000
1111101111101
1111101011011101111111000111100001
100011
11111111
01
1110111
1111
1011111111011111
1
01
00
101
1
1
1111111011111
0011
000100
10001110101111
111111111111101111
0111
011111100
1011111001100111111
11011110111
010
010111001
111100010
11111110101011011
111111111001011011
010111110101
111111111
1111111111101111110101100
11111101
111111110100100101101111
111011011001101
011
1100111
111111011111111
1
111110111111111
1111111111111011111
1111101111111
011111111101
111111011111101
0101111111010101
1101110111
0011000
11000111111100111111
11111111111111110
111
1011111111011
1010110100101
0111111110001
100011111
01110100
0110111111110111001100100
0110011111100011
11111011101
111101111110110
11111111111110111
01111111111101
01000110011110
1111111101001
0
1111111111
001111111111001
1101101111111111
11111111111111101
00110111111111111
111111111
0101111100001000001111010
111111011
011111101011111100
11111111
110111111
11
01
1011110010000001
11
00110
111110001
011
111011
1011111100010010
1011110111111111110000
1011111001011
00111
1110
011
111111
1111
11101111111011011
11
111111111
110111
0111000101
11
1
11
1101111
0111
101100111111011111110101111
1
0
11
11
111101
11111
1
11111111
1111001111111110
0111111111
111
01111101100111
1
1
1
1
0
11
11111111
1111111
1
1
11111011
0111
101111111111
1101111111110
1100
110111
010
1
1
111
100
1111100111111111
11111001
11011011111111110100
011111111000111111111101
111100100
1111011111111000111010110011010
1111111111
1111111111
11111101
111111111110111
111101
1111111
011110110111101
111111111
110111111111
011
1110101111101100000001
111111111111
1011111111011011010100011010110
11111111
01110111111101111111
11111
1111100101
1101111111011101
1010110100011
11101
111101001111010101
111111111101
1111111
0011101111110
1110111111
1111111
00111011011
11111111
0
11000
11111011111110
111111111010111111111110111111
111111
1110111
111111
111
0
11111
111
111011
00111111111111
111010011000001111111111
0
00111111
0111110
00100
111111111
001001100
011001010
1110111
1111111111
011
1100011011111
1011000
11111
11011110
1010111
01111
11111111101
1111111011
01111111
111111011011
1110101
101111
0
111101
0011111
11100
01111
10
11110111
111
10101011111
1110111011
01111
111111
010111
01111111
1000110111
111010010111
0110111111011
1000
111
1111
111111
0011
11101101
110011
011111001
01110
10
011111
1010011
11101
1111
01111
11111111101101
0001111
1111111
1101111001
101100
0111
0110110
10011101
101001
1111111011
1111
100111
11111001
11111110
11111011
111111001
101111
10111011
011111
111011
111
010101
1111111
111101
110111
11111001
0010101
01111001
11101
0111011
110111
1001100
0101001111
10011011010001
110011
11111111011111
1001011
01011
1111011
011111
11111011
1101101
11111111
01111
100
111111
1111101
1110111
11111101
111111
1011101
10101
0011001
111
1110001
01111111
101111
11111
101101
101
01111
001
011110
11111
11011110
1110
10111
011111
01101
110
01110111
111111111111
0011
10100
11110
111101101
11011111
11
0110
111101
011
1111000
111
1111011
10011101
0111
101111
000000001
111011
1111
1111110
01100101
111110
1111
00101111
1011111
101011
1111001
111111001
0
1111001
00111
11111011111110
101101
101101
11111100011
10111
10111111101
111101
1111111
11111
11
111111
1
11
1111
011111110111
11111
1
10
110111
11111001
1
1
1
111
1100
1111
01
11011
1
1
11101101111
110101011
01111
01110101010
11011110
111
111111
11111
11
0101111
11011
00
1111
0
1
0
0
11110100
01111
011111111110111111
1111
111111
101
111
111111
1
10
1111
11111111111110
00
1
111101
10
11111
1110
111
00
11111110111
11110
1111
1011111
1111011101101
111
0
01
001111
1111
1110111
0
1
1111110
00
1
1
11111
1111
111
1
1101
0
1
0100
01001001
111011111100011111111
11011111111110
111111111110011100111101
1101110100111001
11110111011111111101
0011101110111110010000111111
0010111000111111
0111111111111111
1111101101010111
01
11111111101101111101001
1011110111111111111
1101100110
00
111
0
111
1001110111
11111
1111111
0001110110101
11111
1
101
1110111
11
1111101110111011
11111111101110
111011110111
011110111010101
1011111111000111111111
1111111111
0111111101
110011010001
11111110001110
101111111111
01101011111
1111111101110
1101011001111000111
011101111111101011100010110
011111100101111101
111111111101111111
11001111001111100011111100
11111111110011001
1111101111101110111101
1001101011110
1100101100001110
111111011101
111110101111111011000
1111111111
11111111
101111011100
0101011001011110011101110011
1111101111100001
011011111111110011101010
1111101111111000
0000010001110100110111111101010110
01
1111
1
11111111100010001010
1
011111110011101
1111111111111110
11101100111111000111111111100101
0110111111101111101111010111111
0110111110111111111110110001111000
0111011011111110111110000111100
1110110111111000011011
110111111111101010101111110
111111110111110110111
101111111111011100111110110111001011
011010101110111100101001111101111101111
01111011111100000100110111111
1001001111111111111110101
1111111101001
111110011101111001000001
111101111111111111000000111110101111
1111110101011
111011111001001
1101010
011111111011111000011110001
011100000000001
110111101100100001
10000000
00000000
1111100001
00
111111001001111110
111111101000001
1110011111011011001111111
000
000
001101000000
111111101000001
1
11111111100001
11
10000
10001001
1
11111000010
00000
00010
0000
1111111111110000101
1000000
0000
01110110111111110010000000000000
1111111110011111101001011101101
1100010001100101111101111110011
1000
100010111
00000
000000
01111000101110111101
11111111101111
000
10
00
0111101110011110100001101101
1111111100011
11111111011100001
110110
10100000111011111010100100001011000111100010
10
0001111111110110100001100001111101
000
000
11111110110
000
01111100111101000000
000
00010
0000000
111111111111010011100
01111101
1
11111101111111
01111101111111
0111001011
0110011111010
11111101111001
11111111111111101
0010101110
01011110111011
111101011111
11000111110
110111111
111111011
1110010111
1011111111
011110011001001
111111111110
0110000000000
111101111101
1111011101
11011011101
000000110
11101101111
111011110
0111000000
0100111
111010111011
111001111101011101
00
00
1111011110111
0111111011100011111001
11111110001
0000
01
01111111111111
110101001111101111001001111100110110111111
100111110011111100001011101011101
1111111001010001
11111111010000000111
11101111110111111101011101111111101
11111110111111
11010111111011111101110100001000111011
011111000011111110011111110010
111111111000
0111010001011111110011010100010111
01110010111001101111010111
11100000001011010010110110
00011111100010010110011011000110
11101100111111111110000011000101101
1001111111110001111001110
11111111111101101011110
11001111101111110001111110101100
110101110110100
000011111110110111000000110000101011111001
011111110010010010
1111111111100001
010101000111101101100111110000000100101000011010110110
110111111011100100011111
10011010000110000000000000110
101111111011100010000001011111101
1111100111110011110000000011111011011000
111111111011
1111111100100010
111111110001
1111101011111101111
011111111101111110110010001
110111
11011011110011111010101
11100001001111111111110000000011110110000000010
111110111011011000
1111110110110111000
100000000001010111110000001001000000000000100000000000
101101111001011101110000010001000100
0111011111101100011111100001111011011011100
00111111100111100010
111011111
01111111011
01100101000
11110
110000101011
1011111011
0000101000
10111111001
111111111
110110111111
11111110001
11101111111
010100000
1111100001
1011000100000
010011101
0110111011
101110111101
11111111010
01111110001
00111111
110111111101
0101111110
10001000
111011011001
111010011
111011001100111100
0110101111001100100
11111011110101101011
000111101111110010
111111101100
110000011101100
1110001011111011011110111010000
111110010100111100111010
1110111100100011111111
111010111
00101011111111101010011011111011100000101
110111100000010001110010000100110
11111101100100110010101000110011
01110001
111111101111
01110111011111111101001110011101110
000000010101001011001111101
111011011111111111111000
00
100
1
10
111111100110000
111111111111000
01100100100001
1101
111
1111011
0101
1011110001011
11101110
1100110111001
0010110001111
1111001001
00000000000000
00000
11111111111111
111111001111
001011101111101100010110011
00101111111110111110011011111
00111111011101111100111111111100
0111010111010111101110101001
11001111011110110111111
11011101010110011011111110111101
11111111111111010
011111011111110110100110100111
010110110000010001111000000
011111111101011011
11001111111001101110101
111011111111011010110000011
101101110111101
0111011100111111101011111111001100
11011111111100111110
00
1100011011001
10101111111101111
1110011000101
110011111000
1111101010001110111100
11010000011
1111100111
01101111110100
111110101110001
1110000110111111
11001011111110111
1111111111101
11111111110101
11001111110101
111111010011101111
0011111110011111011
1111111010001000111000
101111111011000011010110
1001110100
111101010110001
011101110111110100
11101111110110
011
011100001101100011110000001111001001100
11
011000100001110101111110010100
11
11
11101110011111110010111111010
01111111001
10001110001110111111111001111011111010001101
0111001
0000
11111111110011000111101
0000001011011110111100100111111111001
000000
000000000
100
011001110100
111100001
1100111011001
1111101100
11111010001110
1101111111011
1110111111111000
01111111
111100110011011
1111010011101
1111011111111
1111111111001101111
110011011111000
10100011111
111100011110101
10000111111111
11110101110100010111111
1101111111001
110011110001
11111111111011
11011011011
1111111111011
1111111111
101110110
1110001101100
111101011101
11110100101
111011011101
111110100000
11000010
10100111111110101
11011110111001
110110011011000
100110111
011011111111110111000101101110111
1110100111111101100010000110110
111010011111110100101001011001
11
101001011111100111010111
011111011010000
11111011011011001011
11000001011010011000001000001101
100011110001
1111011111010
000001000
11101100
1010111111100000
10110100111000010011000
1111001
1001100101100000
111011111111011110100010
011111111011111111
1111101001
11111010101011110001
11111011111001111001010100001
1111111100100001110001
110111110101001100
11111111110110110001
111011011111011111
000
11
111111
1
1
1
111111
1
111111011
111111110
0
10001
1
1
1
111
00110111101101
0
11
11
0
1
1
110
01
1
1
1
1
1
1
1
1
1
1
1
0
0
1
0
1
01
1
0
1
11
11
11
1
10
11
0
01
1
0
0
11
11111111111111
1
1111111111101
01
11
0
1
11
11
01
1
01110
11
11
11
0
111
11
101111010
101110
111101
1111
101
1101110
1111
11
11101
0110
11111011001
1111
1
0
111101
111111111101100011000
00
1
01
11
01
11
11
1
0
10
11
100111111
10
1
01
1
10000000
1
01
1111101011111101101
10010001
111
1111101
11101000110
111111
1
1
1
111111
1
1
1
1
1111
111111
111111
1
11
11
1
11
11010111111
1111
0
1111
0
10
01
100
01
1
1
11
11
0
10
11
0
01
11
0
1
001001110101010111001001110111110
1
11111
01
11
10
1
0
11
11
1
11
1
0
00
1
1110
110
1
11
1
10
1
1
1
1
00
1
11
01
11
1
11
11
11
1101
0
1
111
11
1
11
11
10
0000
11
11
0
11
11
111111
10
01
11
11
00
1
11
1011
1
111
0011
1
11
1
10000
011
11
100
1
11
011
11
1
11
01111
1
011
1
11
01111
11
0
11
1
000
1
0
1000
0
1
11
1
1111111111000
1000
0000
00
0000
0
10
000
0
0
000
000
0000
0100
110111111110011100
11110010
0000
111
11111011
1
1
11111111
11111101101
11111
1
1
100
0
0000
1000
1
0
001
110111
1
1
0011100011111
1111111
0
000
000
11
0011011001111100
111111111101110001001101
1110101111
110111
1111
1101011111
111
111111111
111111001
000011
0110110101
1110111111110000000101100
0101011
111111000
1
11111
111
1111
11111
11111111111110111010
11
1011011
11110
011101
111011
11111
1111
111111
1111111
11100111001
11111101110
1
01
1
1
11111
000
110010010
10000111
001
0001
1000001
0010
10
111111
00100
011
110111001
0111
0111
0111101
1
1011
01
1111110
0101
101
01111111
1111101
111
111
11
110111
11
111
111
11
10001
11
111
11
11
111
1101
111
011
00
110010
01
111
10111
1100010011
1110
11
00011
0111
0000
1100101
1111011
01111
0111011
1101111
111
111
11
1101
0
1101011
11111
0
11
011
1
011000100011
11111001
1010
011
11
1110
00011
001
01
11111101
010111
011
01111111100110
111000111
01
1000001111
10101110
0111
01111111111111
001
11001
01000111
111011110100
1101
001
101111
110111111111111
111
011001110010
1111111111110000
0
110011101
011011111101001111100
11111100111100011011111
111111111111011001
1111111101100
111110111001111000
01111
110010
1110111100011
000001010000101
111111
0111111101010
0111010111
1011100110
111111111111111
0010101111111111
111100101111
01111
101001111101000110
100001001111
010000000011000
111100101000
00111111001111101
111110110010
111011110110
1111011
1000011
11110
1110011
1010111
1111110111000001
11111
111
11111
11110
111
010111
1110101111
11111101
11111101111
0001110110000100111000
0100111011
01100101
001010111010
0
111
11111
1111
111111
00
1111
1111
11111
11
0111
111
101
111
00
0101010
11111101100
1111001
111
0010
0
11111000
111
110100111001000
100111
11
01
11
11111
0
0
0
11
01
00
11101011
10
1
1
111
11
00
1110111
111
1101011
111
111
111
1100
10011
11
11
11
111
1
1
11101100111101
1101111101100001
110
11111011
1110101111011111
010011011110110111111
11111111
111010010
1111000111111
0111
11110011111
11111111
111111
11111010110111110
111
11111111111110011
0
010110
11111011111
01011100100101101
111111
1110111
111011111
1011
110101
1111101
00
100
101
1110111111
1111001111
11101111111
111
11111111
111111111
1101010
1101111
01
10110
0111
00
11101111
0111111110
11111111
11101111
111110
111011111110
1011101111
0111111
0101110
0110101
1101001110111110111111000110011111011
11110011
1111111111100101110
11
11001000
0
111001011
1
101100111111
11
01100001110110
1111
1001100000000100000101000010000010110
0
0
11
11101111011111
101111
1110111111111001
1111
11111110101000101010011
111101011111111111101111100000100000
101101111101100101101011101001111111110
100110110111111101111
1111010101111111101111110
1011101101111011111100011101111011
000110111100110111101011100100111000
111111010110111001111110001100100101
11010111111111111111110111101111111
00110000000101010101101100110011100110
00111010001110000111001100111011110111000011111
1110111101111011111111101011000
11111101111101011111101110011111111
111001110101101111111110011100101
011001011111110110010101
1111111101010111110010
1111
1111111000001
011011010101000000000000
111
1
11
10111
111
111
011
11
011
1011
1111
1111
000111
111110110
000
0
0110010100
111
1111110111111110111101101111
1110011111111111001111
1111010111010111101110
01110111111110110110
0100101111101100111011111
11111011111111110010011111111111110
1111111111110
110011
1001111111111111011111011111
111111110110111110111111111
111111
1111101101001111111100011101011110110
11100
11111111111111111
111101011110
111
1011
11
0
111
110100010
011
000
0011
1101
11
111
1
00111
00
1110
1111110111111011111
11
0
1011111101111110101101001010010001
1100010
110011111
0000
00
0
01
10
1
0
0
1111111
1101101
11110110011111
00
00
111111
1101110
01
00
1
11
11
01
1011
1
00
01
1
1
0
1
1
011
01001101111110010
111
011
0111
11011010
011
0011
11
0111
1111
11111111
11111
11111
11111110101
1001011101000011101111
1011000111010111110011111011000001011110111111
0101110011111111111111001011111111101111000110010011110001111100111110
1011110101011110001110
00000011011000110100000001110
110001010101000110011010010
1011110111110110001111110111001011000001010001010
001101010101000101100000000
1111011011111111001100000110010111110
10000011010000001001001000001
010110110010101010011001
1110111
1111111100000001
10101101
1111
1111110000010
1111111
11100111
0101111
11001
1111001001
11110000111
10100101110111111101111111111101100000101100111010101
0111
01011011
110
1111
101
1111
101
1111
1101011
1101001
101011
1101
011
01
110
0111
011101110000
00111
1
1100
0110111
00000000000110
1
011110011111111111000111
1
0100011001101001011111001
111
111
1
000
00111111111111110011011111
0011000111011101000010101
11
00
10000011011001000
10
101
1
01
01
1
1
10
101011001001101101001111
00
1110101111111100110111100000
1
0001111
0
011111001
10111
1111
1111
1
1100110
111
11
00
100
111
100
000
11
00
110000010
1011001110100110000
1
110
0
000
111
00
011110000
001011100011010
00
11
0
01111011111001101
10
00
0111111111111111111111
01
111110110101100011111010101
00
01
0
1
11
01
1111011111111111111011
00
01101001
00111
0100011011101011100111111110100111011001000111111001100111
11111011111111111101111111
1101111101011100111110011011011011011101010000110010000100011011101010111101110001101100
11001001001111011110001
11
101010011101111000111111011011001110001110110
1111111
1
01111100110101111111
1111101110110010
11
11101111011
111
11
1111
01111101111111
0011
111
0101111
111001010
1111
11
11110
0011
011111
10111
110
010
111
1
111
111
00
000
11
11
00
0
0101100
1
00
1111
01
01
0
1
110
11
101
11
1
000
011
0
0
111
100
00
101110
111111
11111
1
10
0001010
110001
1111111
11101101111
000
11111110111
11101101
1
01
1
11
1
1
11
11
1
01
11
01
1
1
1
11
11
11
10
11
01
1
10
101
000
011
111111111111
10
00
11
111
111
110
000
00
101
000
11
0
01
11
01
0
01
0
100
011
111111111011
01
00
1111
111
111
1111110101101
10
11110101
11011
1111110110
011100110
1110111
10110111
010110000
1
111111
00111
11111
110100111
10011111
11
110111001110110110111110011011101011111101100011110111111011110011011
11111111111111011010111111
1111111101
10101111111111111111111111111
0001111111111111111
1110111100
11101
110111
1110
011
11011100
111
111001111011010
1
11
0111
1111
1101
1111
0
0111
1101
11
11
1
11
11
1101
1010011
111
11
1
0
1
0
1
1
1
0
0
00
1
1111011111111111
1111011100
1111
0
011111111010101
111111111
000010100000011110001110110
1111001
1
1110100000111111110011
11111010
0
11101100010011000111
1110101
1
01000110101
00
0000000010000000001100
0000
00100
0000
1100
1
0
0010
000000
011011111110101110
11001111111111000111111101
1001011101101101000111011000100101
11011110011111100111
11111111011101
101011100111101111001100111111011
1111001011111111
11111100111101101111
111010101100101000001
01101111001110111110110111011111
1101111101111
1011111110111100111111001
01001000000111111110
100001111011101010111110000011111
1100111110111011011111100111111
11111111101111110110
111111101001110111010101111111
11110110111111101
1111011101111111111
1111101111100001
0
11111101
111111
11101
1111
11111
10111111
100111110110111111011111
0100000001000
01
1
1
1
1
0
1
1
0
1
1
1
1
1
1
1
11111111111
111
11
01
011
1111
000
1
1
1
1101111000011001
01110111000
1111101110111111110
101111011111101011100111111011101
0011110111101101100001
111111110000111
1100101001111011111100
01111111010111011111
100011111111111010011001111100111101111
0001111110111110111111101
11111
111101111111111
1111111110111111111000111001
01111110111111101
111011111101111100111111111
1101011110100101111111101011011
000111111000011000
1110111111111000111011110101011110111001000111
1
0001111111111101011100111101111100
1001111010100101000011011111110100100101
011110111100101000100101001110
00011111111111110
000
1111011111100011010101
111110111101110100101
11010011
11101110011011
111111110
1110101010111000
0101110101001100011
1111111
111111111101110000111111
11001111111100011111011101111
1111110111111110111
101111011011111111
0111111110110101011111
1110101111111100101111011111
01110110111110011111101010011110110011110111100011
01110010000000001100001000111111
110011110110111111111011
11111111
0110100110101
1001111111111
0111011110101100101
0111111110111
00111011111111101110010011000010001111
11111111111011110
110010
111
1111011
011111
0001
11101
11111
1110101000
11010111
111111
111111
011111
1111111111101
11111011111111111000
1111110101111011111
0111111110011111
1111111101111001100101111
0101110111111
1111110111110101101111111
011011111110110010111110111111
0011111111010000001
10111101101011001111011110111010101111111010110
011111110111111010
11111011111110111111001101
1010010110011001111011011111110001
10111111110001
0101001111011101100011111101011000111110
111111111111101111010
1101001111010110000100110101
11
0
111011100111111111100111111010100101
11111101101111110
011011111111010111101
011011101111000010111
11111101
111011110011
1111111
111101111011
111011111
101011100
1101111110
01111011000011
1111011111
11111101
111011100101100
1111101111110111
11111
0111111011111111
111100111
111111011001
1111
101111111100111101001111001
111101111
011101111100010111110
11111
01101001011000110111111000011100001000100010111110
1111101111
011111111
1111
110010011101
1110110111100
1101111111111011110000101110000111101111101
111101
10011101
11
11111
11101111
111111
1100001
11111
1111111
111111
010
011010111
11111
1111111
1101111
111111
11
111
1111111
10110111
1
1111
1
111111110
0
1
01
11101
0
1101
1
101110
111
11100
1
1
0011
11110
11010101
11
11
000111
111
11110
01
011011
001
111101
111
111
1111111111111
1
1
111
001111
0
110011
11
1
01
011
1
101111111110111110110010111
010
101
1
11
11
11
1
11
1
1
0
1
1
1
001
1
110
0
1
1
00111
1
1101
01
1
11100110
1
1
1
1
1
0111
1
1
1
11
0
1
1
110
00
0
1
01
0110
00
11
1
1
1
01
1
1
1
1
1
11
1
0
1
1
001
1
1
01
1
1
1
111
0
0
1
0
1
1
11
1
1
00101
1
01
1
11
1
1
111
11111
1111011
1011
1101101100
0111
11111
1010111
111010011
1
1111011
11
1110
1001
0010101101101001
111011
1111
0111101110
11111
1001
110101111
001111
1111
11011
1
1111
000101
1100
00000
101
1
00
000
110
11111
1111
1111
0011110
11111
01111
111111
01101110
1111
1111111011
00110101111
011001100110
11111
1000000010
001110010010
00101000110
11111111101
1110111
000110110
11101110
01000001111
110010010
000001000
111111101
100001011
110000111
11111011
01011111
11111111111
11111000000
1111111111011
111111001
11111111111
011111011110011111101
111001001
0
11101
0000
0111
111
001
111
011
11000111111111111111111
1
1
111111
0111
111
1011
111000111101110000
1
1111110100101001000
1111110100111101
111011001010
11100
1111111
111100
111111
0111
1
1001
11111
100
101100
100
11
1
1
01110001
1011
111
11
011
11
0111
1111
1
0
111010101
0
0
0111
11
111101
011
11
11
011100
100001010000000000
0101011001010001100
0
101
11
111
000000
10
1011
0
0
0111
0
0
0100000000001110000100001001
01
00
0
0
000
1
0
1
10111111
01
1
001
000
0
11
1
11100
0110010000000111001110
1010
01011
111110110
1000111
101011
110110011
11110101
1111
11111
1111
111
11100
11
11
111
111110
01000000
111
0
111
1101101010
01001011
11
1
0
100011111111
11111111
1111111
11011
0
0
000
1
0000
1
1111111111
1010101101001
10010000
0
011111011110100110000110
11111111111111
11010001
000
111
101
0011
1100
1111
11
111
1100
111
111
110
101
111
0111
100
11
1100
001
00
111
1010
11
1
0011
0011
1110
01111
010
11101
11
011
00011
101
0111
1101011
001
0110111
10010
01
011
11
0111
111110011111010101100
11
01010111
10111
0
10
101
0110111101000
1011010000100
10111
10111
0111
0
1101
11011
0111
0111111
010101111
1110
1110
11100010101
1011
10111111
1
01
0
0
1
11
1111
11110
1
01
1111
1
10
100
1000010
111111
10010000000000010100000011101001111101111101011110000000011001000010001111111010110011100111000011011010011110101100
0110110001101100110101110011100101010101100010000000111000000000000
0000000
111111000000110110000000011001000000000
0111000010101111011100000000000001110
11111110101111110101110000000000111010
111111111001011
010
11111101011011110011
0
1100101
011
00
011
11000001011
1101111
0111
11111
1100101
00001111
111111110
11111010
1101
00111
00001
110011110001100000000010
01111
111110011
01110111011010101
101
1011111111
11100
010111
0111
00110
11
111010111000111011
001111111111001000100011
1111111111
101110110
1
0010
1
1
1
1011
111
11
11
11
101111
1
011
01
01
11
1111100
1
110111
111
101
0110
010110010101
1
0111
1
1110
1111
01111
101111101111
0
100111011111100
1
1
1100
11
1
1100
0
1
1100111111
001
011
111
1
11
11
1111
111
1
11
111
11
111
1
1
01
111
1111
1
1
11
11
0111
011
1111010
01101
101110
01110
11011
1101
01
1
101
11
10
1
11101
101101001101
0110
111
1
0100101010000111100111
01011
0
11001
1
10011110001111101111
1110111111
1
01
00
010
110
00
0
01
111
00
00
0
111
0
00
00
1
110
00
000
00
00
000
1
1001110111110100111
11
1110
1111
1
1100
1011011111
00011010111
0111000100111
1
101101111110
110
11
000
0011000111111
101111011001110111
011111111
10
10
1
10
1
0
10
1
111011
111
10
10
1111011
1
0
011
101111
10
1
11111
11111001111
00000000
0110111111011111010
11111011000001001
1010111
11001011
011111111010110011111
11000011
0001111111110111
101100
10101110111111
111111
111010111110010
111110010
111111101
011011011111110110111
1
11
1111111111110011111
0
00
110
11
000
000
000
11
00
000
0
00
10
10
00
11
000
01
010
00
11
1
00
011
000
0
110111110110101
100111110
1010101111
11111
11
11
0
1111
111111
00
00
11
01111
11
11111110
11
111
11101
0111100000
10111110001
101
1111
0100000000010111
10111
11111
00010101011001100011110
111011
11111
100
111111
1111
11111
0111
1111
11111
11
11101101
11100111011
1011011101
1111
111
000
01011
111
1111
1111
1110111
1111101
11100111
11011
111111100100101
1111110
111111
111
1111
11101
111
0101
1111000101
011111
1111
111101
11111
10111
111111
111001000
000
000111111
1011011
10000011001
011101000010
11111
1111111
11
11
111
011
111
111
11
10011
111
101
1
11
0011
1100
00
00010100
1
00100111
1
111
011
11011
00010
111
0111
0
11
01
1
0
1
0
10111000101100100
1
001
1
1111111011111
11100111111111
011111
1110101011110111
010110111111111111101011011
111111101110111
11111111
1111111111111101101
111111011011111001
0111111111001111111011
11111111111
1110111101
1111111111101111101
1
11
111
11
1111
1111
1
101
1111
010
11
1
011
1110
111
0
1111101
011111
111101
11010001101
11111001
110111011111110110
0001101011011101110111111110001111001111101
01111111011111011101
11101011110000111111
111111100000111011
011111111111111100111
1111111010111101101111110110011
11111001111011111110111110
111110111111
11011101111101011111011001
111111111001001110
01111010000
11111111111
111011101011101110110111111101110110011001001111110010
1111111110
00011110111101110010101110111010000111110101
11111111100111001
11000111111111011101111110
111111111010111111
100100111101110111111000000111101000111011110101
111111011111111
1
011111111110010101110110100011100110010111101
110011111000111110111111
010011111000011
000000011000000000000010
1111111001111000010110111111
000111111111101100011110111
1111000111101
11111111111100
1110111
111
1111
0111
110
11111111111111100
1101101111111011111111111
11111111111
11111011110111111
11111011101111
1111111111111011
1111110011110111
1100110111110110001111110011111001101011
1111111011011111
111111111111111
1111111
111111100111111111011
111111110111101011011110111100
1110111111011111111
111111
111111011111111111
111111001111101110
11111111110
111110110101011100111
11111101011111111
11111111101111111
1111100
11111111111111
10111
11111100011110110011111100111
100101110101111110000101001111111110111
11101111110111111111
1110111
011111111111110
0011001101101000111000011000100000100011110110001010001100001111001
111001011111111111110000011
1111101011111110101001
01101101111111011101101
011111011010111110000111111111000101101110001110001111101
1111111101001111111011110001110111111110111010
1110011111011110111111101111110111011000010110
0111010110010000000010110111000111100000011110010101110011100101001011111110101101010100011100
1001111100110111011010001111111010101101011000111011111100001110
10001
1111110
1111111111101110
1111011011111111101110001101110111
11011101111111011101110011
11110111111111
011110111111111110111
10
111
1011
010
1111
11111111
0111
11
101
000
111110111110111110100
111
01
1111
101111
00
00111100111111011011111010111011011111111110
1110111011111111
111111100101
11111111110001111
000111101110111111111111111001111001110010
11111111111
001111101111110010011
1111111101111
100110010
1111000111111110111111011111100111
1011111000111111111111000111101001111110
110110111111110
11111111111
11111111011
11111111111111
111111
0111100110011110101010010
1101001101110110111
1110101
11100000111101011
1110101
0111101101
1111
111111110101100
111011101
1101111011
0111
11101111
111
110
10001111
111000111
1111110
110001
00110
0110111001
111111
111111
11100011
110101101
1111101
111101111
111110101
111111101100
011111111110
1111011
11111
1110111111
111111101
01111111
111110
11011000111010100
111110
111110100111100
1001110111111
111111
111011111
10
1111111111
111111111111
11101011111111
1111101
111
100111
111111111
111000000
111011001011
111111100111101001110
011001011011111111110000010000111111111
1
11
100
1111
11
0001
10
0110
111
11
0
11
11
11
110
111
11
111
101
10
011
000
010
1101
0100
010
1111
01
000
0001
10
10
01
001
010
11
1111
00111100
1111
01100
00000000001001000000000000
011
10001011101
01101
11111001
111100111010100
1010111
1111
01
101000
101
111
111
10
101
00
010
10
0011
11
0111
1111
01
1111
001
11
111
11
11
0
101
1111
1101
011
011
11
1010
1001
10
1110
111
1111
1
1111
000
111
0010
010
1100
111
11
10
01010000
11
1
1
1
111
0
0
110
000
100
011
0010
010
10
1111
00
0011
110
0101
11
111
11
1110
10
1001
010
11
1100
111
111
110
000
001
000
1
1
0
1
1
0
1
1
1
1
0
01
001100
1110111
0111111101
0011
11111110
111000
111
0110011111
1111011
101
0000
1111
1100101
0001101011001
101
1
00
111
11
111
1
11
1
11111
111111
101
11111
1111
11111
111111111101000111
1
0
0
0
0
1
1
0
0
00
1
1
1
0
0
11111
111
111101111
01
011
1
11
1111111
1011111
1110
10111100011
1101
11111
1101110
11111
1101
111111
1
0
0
0
1
1
1
1
0
1
1
1
1
1
1
000
1110011110111111
11110111011011111010001011111011101011
10011111111
001111110101
1101011111111
111111111111
011111111111
1111101111111011
11110111111
101111111101111
11111100100001
101100111001111101011111
111010101
1111101111110111
110101111110101011000100101
1111110
1111011
101011110111000111111011
11111111111
11111111111110
111111111111101
11011111110101111111
111111111
11111111
1101010111111111
11
11111111111
1111111111
1111111110111111
11111111111
1111111011
111111111111
00011111111011000011101111011
0111111110110111
111111111
11111111111111111101111
111111111111110
1111111111
111110111101111
1010111011111101110
111111010001111
111110111111111
11011110111000100111000110110
11100111101111
011111101101101110
0111111100011101111111001010101
1110110
1111111
1111111110111
101100001111111
111001
11111111111111011
1
0
0
1
1
1
0
0
1
0
1
0
1
11010111111
001101010011101011111111001011110
11010111111111001100110001101
0111111111110011011
11011110011101011011011000111
11111011111111
111111011111111
111110111011111011
100011110110111111101
111101001110011101111
11111011111101
111111011011110011101
1111100111100
111110000011101
0110011111011111111
01111110101110110
100
1
1
1
1
1
1
1
1
1
0
0
1
1
0
1
1
01111101101101011
0111110101001010101011011111100011010101111111100001011010
111101000111
11
0111
1
1
1
11
111
11111111101111
11111110110011111
11111111111
10111111001
1111110110111
101110
111111101111110111
1111101111
11111100100011010000
1101001100111
100010
11111011010111101111011
1
11
1
111
1
0111011101101111111111111
1110001111001111111011100111111010
111111111111111011111
1111
1
1
0
1
0
1
1
1
1
0
1
1
1
111011101010111110
1111
01
0011111111110101111
11100000
111
111110
1111011001
11011111100
10000100
1111011111
010
0110000
0
0
1100111110110111010011
0110111
1
1001
1111111111
111111011001
11111111101
11
1
111111111
1
11111111100100111011100
11110
1110111111111100001110101
11100111110
011111
1011110
1111101111
1001101
110
1111111111110111
1010001
11111111
1
111111111100
1
10111100101
1111111011110
11100
11
11110011111
11110001
111
110111011010
11111
1
011000110101
11111
111100001101101
010011
0111111
1011
111111
001110
1111
1011111111001
111
100
1111
001
1111111111011111000111111100111111
111100111111100111111
000
11101100110
11010111
00111
0
01110111101
1110110
110111
1011111
111101
10111
101100001111100
0001
00111
111111
101111
1101
11111
10111
1110
110110001111
00010
11
111111011
11
1111
11111
0111001111111011111
110111
1101101
0
1111
001111100010100
1011111
000
1
11111100111
1111111111111
1111111111
11111111101
111111111
1111111111011000
11111111
11110111100111010
1111111
1111011111
111111001
11111011
1111100111001101
111111111
111
111111111011101
1111111
11011101101100101
1111101110
111111011
11111110111110
111111101
1110101110110
110
10011
1110111
110110010110111111
11111
0
1
1
1
1
1
1
1
1
01011
00
011101
1111110100
111
00
111
11
01101
001
1
1111
001101
11111
1111
011111
0111
11
1110
00000
0001
11111
1111
1111
1111
111
111
111
1
101
111111
011
01011
110000
110
11101
1101
10
111
1111
1111
111
111101010
111111
11111
111011
1111
1100
11111
1111
001
10111
0111011
111111
1111
1111
1111
11111
1110111
111011
011111
1100110
111011
11111
11
111
11111
11110
0
1111
0
0
1
011
001
11111
1111
111
011
111111
011
11
1
10
101
01011111
111100
1111
111
1111
1
0
11
01111
1111
1111
101
011
1111
11111
111101
11110
11111
11
1111
11011
110
0
011
111
000
11101
00111
1111
1011
101
1111
10
011
110
01
111101
011111
111
101
1111
001111101
11111
111001100
111
10111
1111
11
01111
00000
01
00010
0110
1111
11
101101
111
111
11111110100001001
101111
11
1
1111
10111111011111
11101110010
111
1
11
1111
1
1
1
0
0
1
0
0
11
111111110111
111111011010
11011110100
111111111101000
1111001100110
1
011010110111111
011111111010010
1101
111111001101
1111101
1111011011101110100010
111001001111
011011111
11111110001101
1111110111
101110
0
1
1
1
1
1
1
1
1
1
0
0000
111
0111100011111110001110001
11111111011011
11111111
0
111110110111110
0
1000100111111
111011011010011110
10010110101
111011110110000000
1111100
1
1
0
1
1
1
1
1
1
0
1
1
1
1001
01
1011
111111
1
1111011111101011111111
1111
101100111
111011101
010
111
111
110011100111111100001111111
11
111
0101111111111111
11111011110010111111
11111111111
011
11101101111110111
11
111111011011100110
11111111101111111
101111101111101001
11101001111111
111111111111
111111111
111111011111111
1111011111111111
11011111101
10
111111110111
111
111111011
10111111011101101001111
11111011111110111101111
1111111111011011010
11111111111110010000001111
1111011111
0
10
10110101
111
1
01101
111
10100
11
011
11
111100101
11
11
111
11
111111
1111001
01111111
0
0
000011
00111
000
011110
1111
0001
0000
1111
01
011
100
10010
000111
0000
10111
11
0000
10111100101
111
00
00
00000
100100011
001
000011010
0011111
1000
00
111
011
100
0100
0000
011
11
1
111
111
011
1111
000
111
111
11
111
11
111
111
001001110
11101111001
0001
00111111111010001011110110111
10
1101
111
11011
111
111
111
111100
11111
1
11011
1011
111
11011
1
1
111
11
111
0111
1011
111
10
10001
00
1110
11
011
11
1
110
11001
111
00
11
100100
111
111
1110110
11
11011
111100
11
1101001
11011
11101000
111110
1111000
1
111
11
11011
110
1110
01101
111
110
11001
1110000100
11
111110110101111
11111
011101101
00
0101
11111
11111011110101000
1111111
00000
11
00001
11000111
111111
110001111101
1
1111
01111
110110
101111110111
0011
0001110110
1101111
1111101101
01
00111100
111101
11110111111100
1111101
11111111
1111111
111110110
1111111
1011111111
11100
1
011
110001
11
111111
111101110001
110101101
11101111101
111010110011
111101101
111001111110
11110010111
111111
01111
1111010000011
011
00
100
0
0011011101011
011
111111111111111
11
1010
100
110011101101100000
111111
0011
101101001
1110010
01100111
11
01
0011
11
11111
011
101110
111
11
00
0
10
1101
00000000
1111
01
0
0
101
01110
01
0
111
1
000
1
00110
0111111111111
0
111111111111111111100111
111111101111101
011101111110
00
111
11101
111
1
1111
111
111
111
111
1111
10111
1101
1111
111
11111
1111
11111
110
111101
1111
11011010
1
0
11111
1111
0111
111011
11111
111111
111110
111110111101101
101111
11
11111
01
1
01
11
11101
1111
11111
01111
11111
11110101
11101111
1111101
11001
1111111000
10111
10111
01
11
11111
11111101101100
011101
00000
11111
1001
1111
11111
10100111
1111111
1111
11
11111
11111
1111
11
1111
1
1111
1111
1111
1
0
0
0
1111
11111
11111
11000101
11111
1111
1111
111
11110111
10111011
111111
1111
1111
101110
11111
11111
0101010010
111111
1111111111111101111110011
101111111
1
111100111
10001
11111
111
1011
11111
11
00
10101
11
11
1
0
010
0
111100010110011
0000111101100000001011
11
1101011000
1
1
00
110110
1111000
001001111000011111000011001111101011111
1
1
1
1
11
11
1
0
0
00
00
111011
111
111011
101
1111111001110111100
11111111
1111
01010110
1110110010011
111
111010
1
10111111111001
10111
111
1111101100111111
111011
011011100111
1111
11111
10110010011000
11111110
1110001011
101
11111101
111
001100010111101101110000000001001101
00
0111
01
10
11
11
1
11
0100
0
0
0
01
10
11001111101111
1111111
11101010101001
000
00111110111010001101010
001000110011001111101111111111000101100
111111
1
1
00
10
1
011001
01
01
10
00
01
10
0
00
0
1
1
1
011100000
11
00
01
0
11001
11101110010
1110
00
1111
01
1
11011
10
1011011
11
00001110100100
11111
101011011000000000
11111
111111
111001
10111
0
1101
101110110
1111
1100100110
10111
1111
1101111
111001
000
11010111110110
1111011111111001
111111100110111
111111
111001101011111110
111111111111
11111111
111111
1111111111
1111111111100
1111001
111
10111
1111111110
11111
11111
111111
11111111010111010011
11111
1111111
01000111
11111
0111111
1111111111
11111111111111
1101111011111
1111111001111
1111
1111111111
111111
11111
1111111101
1111101111101
111
111111111
1111011111001
10111
11
11110
11111111111
111111110
1110110010011111
1111110111111
111111101
111110111
1111111111
11111
11110
011110111011
1111111111
1111101
1101111110011001001110111101110
111111111
1111
1111001110
1111111
10101101
1110111110
111111111
1111111111
101111
11101011
11111111
11
011111111101111111
111111111
11111111
111111010011110111
11
111
00010001
111101
011
000111
0000
0111
11100000001100
11101111001
1101111
1110111
110101
111
11
1111
11111
1111
11111
111
1111
1111111
111
10111
1000011
1
00
0
00
0
00
0
0
00
0
11010101
111111011101
0000100000
011
111
010
11
111
11
0110111
1110100
1010
0
01
00
1111111
11111111111
1111111111
1
1111
1101
0111111
011
0100000000
1
11111
11
11
011
110
11111110
1011
10
111111
111111111
111101
1111101111
10111111
111111
011011100111011
110011101
0111111
1111110100110
1111101
1011011
01111111
11011011
111001110
111100011010110111
11110010
11101110000110011
11111101
10111111
11111101
1111
1101
111111111
11111011
01111100111
11111011
110110111
110011101
001
0110
011111111111110
01
010111110
110101111
111101010001110
01110101001110
1111100011111110
1111011
101111100011
01111
11110100101
01
10101110001111
1111110111000110
111100001
1111111
1101
011010110110
10011101
00011011110000
0111111
11111
000111000111
10111111110001100
1110010111001
101
11110010000010
111011110
11101000
10100011
11111110101010
00001
01101
1111101
0110011
1111111
11111111
11111101
1100111011101011110
00110000
0111
1111110011
111101111011111
11111001111010000100
11111010011
1100
1101111101
111110111
11110111
111011100
111101
111111010111
111111
111111
1100100000000
110110
1110011111011111
1011100
000
1100111
11111101111
11
111
111
110110011
111111011
1
1
11
1
0
1
00
1
0
1
1011111
0011111
1
111
0111
10111
0111
1111101100
0
11110111
1111
10101101
11111
11111
1110111
11110011
1101011
111
11111
1111
11110111
111
11111
1111
011111
1101111
111011
111110
111
111
11111
110101101111
111111
11111
0110101110101010011
1011100010001100
110111
1
1011111111
11
11
0111111
1
0
1
11110000111
1
01111111111100
1111
11
11101101
11010111111101011011111111001010001101101001
11
111
101111010
111
1101110100100110
1111110
0111101111110111001
1011100101100001
1
101111111111011
1011111
1111011001011101
110110011011110000011101001111
11111111110
011011011
00001000001000010
111111001011011011101
10100100111111111
1001
01111100000
101
11111111010101100000
00
1101100
1111101111101111
11111101001
11111111
011
111
1111100111
11010000111000001110001
1110000
0
111011111
11
01110
1101101111
1111
11111101101010
1111101
100010000
11111110110000111011
1
111111111
1111
1101
1111
111111010001
0101011111111010110
11011
1101111110101101000
1111111
01111
1101111
0011101000
1
11111
1111111
011111
11111
11
11111
01111
111011
1100110111
111
1001111101
11111
111010
1111
1111
1111100111001110
1111111110
11111001111
111
11111
1111
0011101
1101111
01111
110
1111
11
1111000
110101111
0100
111110110
1111110
1111
1111
11111100
1111
11
1
1111
011
111
11110
11
11111
1
0011
111
111
111
001
11
111101
01
011
111
011
1011
111
11101101
11
111
1101
111
1
111
111
11
11
11
0011
1
11
011
11
1
111011111111100111111011
11111110111101
1001
0
1111
111
111
11
1
1
1111
111
111
11111110111
11111111
11111111
111101111110110111110000111
111111111111
11
11111111110101
0
1
110001
101111
11110010
0000111
1100000
010
01
100001
0000111
0111
110
111
11
0010000100001100110
100
0
000000
111
0
111
0011
1110
01
10001101000011
011111
01110000010
0111111001000000
0001111
000001111
00001
10010111
01000001000001
01000001
1111000011101
010110
0110011
01000111111
0000001
0001001
0111100101001110010100
01101110010111
11111111
10101100111
10100
011000110011
00
11
10
10
10111
1110100
11111111
11111
111101
1100
1011
111011101
11110001100000110010
11111101110011011000011
011011110111110111000000100110010
1111001
11
11
111011
11
11
11
111
11
0111
1111
111
111001
1
111
1
11
111
11
0
11
1
111
011
11
110
11
0110111
11101
1
11
11
01
1
1
110
11
11
111
111
10011
111
11
111
1
11
11011
110
1
11
011
111
1
1
11
111
11
11
1
00
101111111
1110101001110
1
1011011110111111
1111111011
001111
001000001
1110011111
100011
0000011
111111111
101101011
1111111111
11111111
101110100111
11111111
11101110101101
10001101011
100
011111111
11111
11111
10
01111
111110
1111111
1111
1111
1111
01111001101100
011
1110
00000001
0100111010011110
1111111
01111000001100
100111001001111
1101101110
00
110011110
011001000110
111011110
011011
1
011001
00
1011111
110111
1001
11010
1
11
10
1
1111
11001100000111
111001000100111
1101101110111001
11011001111
0110000101
101111110111
00000001000
1001110111
00000100010110000000001100000010100000
01010000
111111110
0001010100001
1000000100101
11100001
0110100011101111000001010
101010001000001
11
11
11111
1011
00000
101111110001
110
00011011
101
11
111
01100001
111111110111
1111
111
01111
111
1
01
11
110
111
111010011
11
1011011110111
1
1
10
00
1111001111
0
11
111110
101
111101100
0
110111
110110100
1111
000
0
11100101010100111
101001100000001111
111
011011
101
11
11
11
1
10111
01
11
11111
1011
110
00111
11
01
0101000
0
11111
11
1
11
01101101
0
1010
0110
111
110110
11111011
11111
11111
111110
111
11111
1110
1
11
11
111
11111
011
1111
000000
1
110
10111
010
010
1
111
0000
1
0
111100
01100111
1111
1011000101
0111110
110111
1111
1100
0101110
1100111
101
110111
10111
1111
11011
111001111
11
1111011
11111
11111
10111
111101
110001101100
1
1
1
01
1
11
0111
0
1
11111101
0111
1
1010
01000111
1111111
1111
1110110
10001111010110
111
0
1
00
0
1
1
01
1
00
111
00
00
011
00
1
001000000
11
110
111
0111
1110
11
111
011
111
11111
111
1101
00101
1
11110
111010111
10
1011011
11
111
111
1111
110
1110
111
111
1110001
01
011
11
0
11
11
0111
0111
11
0111
011
0101100
1
11
11
1100
011
101110111
11
000010000
11111100
11
11111
1111
110
0111
1
11
01
1
11
1
1
11101
1111
11
110
11
01101
1
011
1
11
11
11110111
111
11
1
11
1
11
111
1
101
11
111110
11
111110111111011
1101
1110111111
111111
1
1111111111101111101010111111111111111110
1111111111
010
0
10
111111111
110111000011
1101
011
11
1111110011
11100
110
1
11111111010011110111001111111110111111111111101100111111111100110111101001111101111111011101101
011101001011
1111101011111
1011001100
1111111111111111011111011
1011
110
100
00101111
0
11100010
000111
10111
101
10
111011
11111111111
11
110101
1111010111111011111
11001
1
11
10
1
11
00
1011
11100
01111
11
110
1
11
0
011001010
1
111
011
0010001
011
1110111000000
11110
001001
001110
011110
0011
10011110110
1000
11100000
10101100
11
1111
11110101
1111
111111101
1111
11
11001
111
1111
011100
10
11
1001
0100
1111
00
110111
111
100
0100
0
000
1
00111111
111000
111
0
101
0
11
11111
00111
1
001
1
0
1010000001011010110100000010000000001110
01
11
1
0
1101111
11111
0111
0001
1111110111
0111111
1
1
0111
110011
1
011
11
0
010
1010
11111
1
11
10111
1
100
01
011
10
01
1011
001
11
111
10111
11
111
11011101011
1
110
1
11
11
1
11
1001
1
01
000
100
000
10
00101
00
0
01111
0
010
111111
000
11111
01
111
0100
110
11100010
11
11
001
111
11101
00000
10
01
11110011
11100
000
1
00
0
1100
1
001
1
1000111011011010
1101110
1
00
0
0
11
11
001
0010
001
01
01
010
1100
11
00
10
11
0
1110
11
11
1100000001
11
0111
0111
00
0
000
00
01000
00000
011
00000
111
0
110
101
101101
00
000
0
0000
101
11111
111
00
0
00
110
0
10
1110
01
1
1111001110000
0
0
0
111
010
00000
1111
000
00000
1010
1010
0100
00
0
10
11110
01
0011
000
11
00011
10001
1110
000
00
11
0111
0
1
11
0100
1100
111101
0
11111001001
1111
00
11
0
1101
010
0
1
11
101
1000011
1111011
111110
0001000000000
1000001
1010
0000000
00000
1110001
1
111
1011101
111011111111
1011111
110111
1010101111
110000
111
110
111
11011
000
111111
1111
111111
11111
1111
11110
1111
11111010
11111
1111
11111
111111
111111
1111
1101100
01110
11111
11111
11111
11111
11111
1111
111101
1111
11111
111101
1111
110111
1111
111
10011011
1
11
1
1
1
1
1
1111
111
11111
11111
1111
1111
111111
11111
11
111
101111
1
1
1
111
1
0
111
11111
111
111111
11111011
11
11111
111
1111
111111
1111110
01
1
111111
1111
111
11
1111
11
11
110111
1111
1111
1
01
01
11111
11101111
1
1
1
1
1
1
1
1
1
0
1
1
1
1
0
110111101100
11101
1
1
11111
1
111111011
0111011110011001010
111111
1111
11111
111010111
0
0
10
1
0
1
1
1
1
1
101
1111
11111
111
1111111111
1111111111
111111111111101111
11101
11
1011001
111111111111110111
1111111101111111
111111111111111
1110
0111011011011000
111111
1
11
11
111101110111111011111
111111
1111110111111111
111110
11111111111101111111
1011111111010
11111
111111111111
111
1010111111
1101111011
11111111111
1111110111111111111
0
11111
11111
1111
1
1110100
1
11111
1111
11101
1111011111111101101111110101010011010101111100111111
1011111111
11110
1
111
1111111111111
111111111010111011110111
11111
10011
1000
1
001111011
11111
0111111010101111
10111
0111
1111
111010110010011111
01001111
1
111
10111
11111
111
0111011
1111001
11111111111111
1111
111111
11111
1111
11101110
1
110110
11011001
110
1111
111
1111
111
11111111
11
1101
101111
01111
11110101
1
1
010111
11111111
1111111111111
11111
111111111111
1
01
1
1111
111111
11111111
1
11111111111111
1111100111111
1
1111111111110011
11110001
1111110111111111111
10100110
11
11111110111111111
1111
1
11
1111111111
111101
111110110000111
110011
111111
11
0
111111110111
110110111011
1
11
11111111011111
1
0111011
1
1
111101
1
1111
1111111111111
111
11101011
011111111
11111101011111111100011
111111111111111
1110100
1111111111
11
110011111111
1
1111111
11010111
11110111
111
111101
1
111
111111
1111
11
11
11111111111
1111111111
11111
11111111111
111011
10111
11011
0001111010101110111
1111111
111110011
1100110101
1111111111111111
10111111
1010111
1
11
111011011
01111
11111
11101
1
111111111111111
11
1101110111011111
101000111101100111
11111
111111111011
1
1111
11111
00011111
011111101111
1011
111111111011111
1010111
111111
111111111111111
1111
101111111110
1
111
11111110011
11101
11111101
111101
11
101111111101
111111111
1111111011111
1111111111
01111111111
11010
1111
111110111
11
1111
1111
1
111101
11
101111101
1011111011111111111
11111111111111
1111
1111
1111111
1111
11110101100
11111010111
11111
11111
11101101
111010000
11111011
11111011111
1
0
11111
10111011
1111
01111110
111111111111111110
11111
1111
110011111111
11111110111
11111
11111111
1
00011001
11
11111
111111111111
11011011110111110100011
1111111111111
1111111101111111
11111111111
1
111111111011
11111
111111
1
010111111
110101101
1
1
1
00
11
1
0
11
10
11111
111111
11111
111111111
1100
111111
1111011111
10010111101
11111111110
1111
111
111111
111111
111
11110000
110111010100
1
11111111111111101111
110111110011111
1
110111101001
01111110
10110011
11111111
01110011011
1111
1111
111111
111110111011101
1
1110111
110111110
1
111111111111
110110
110
1001111011110
111
1
11111
11110
111111101010
11111
1010111111
1111
111
111
111001
1
0011111
10010110111010
11011101
111011
111111
11111001
1110100111
1111111
11
0
1
11111
11111100000
1111110111
11111110110010
1
111111111011101111
11011111111111
101111111111
11111
11110111111111111
1111111111111
0011011011
11111
11101011
11
11111111111
11
1111111101
11011
1101111100
1
11111
11111
1111111111
1111
1
11111100100001100011
111001110
1111
101011000
0011
11111
111111111111
011111
11
111111111111011011110011
111111111011
11
1
11011111101111111
11
11111111
11111111111
11
11111
1
0001111
11110
1011001
1
10000110111
111
111101
111
0
0
11111
11101
11111
1111
11
11
111111111011111
11111
11
1
111111
11111001001
111111
1110101110
1101111
101111
11111
1000000
1011
11110111011
1111
1111
11111100101111111011011101
111111
11111111111111
111001
0
111111111
1
1111
1111
111111
11
11111
111
1
00
1111
1
10011111
11
10110111
01110111101
111110
111
11111
11110
11111
1111
111111010100
1111110
111111
11111
111111110
1111011
11110110011
111
110011
1111011
111010101
111
1111001110111110
111111
11111
01110100
1110111
1111110
0111111111111111110111101
110111
1110110
11011
11
11111
01
1111
1111
0
11111
11111
1111111
111111110
11111111111
1111
0111
1
1011100
1011011
111110
111111
111
001110111100111111
111011
1111
1
110011
11111111111
11111
11111011
11111110110100001
1101111
1111111
1011011111001101011
11111111111010011101
101011011100100011
01110101100000111
101110011
11111
01
110111
1111111
0111111
1011
1111001
11111
1111111
111111
11111111111
1011111111
1111
11
1111
0
111111111101
1111
0110111111010000
010111111100101
111001
110101001111
1111100011
11011
111111
11111111
1110101010
0111101111
11011011
11
111011
11111
11101
1111
1111101111111
1
11101
111111
11001101
110111010
111
111111
111111010000
11101111
111111110111
0
10111
11111
01110100111
1011011001
1101111
111001111100111
1
1111
1
1111111
1011
111101
01011111
0111111110
1111
11
111111
1
110111
1
11
11111
1
1
1111110010010101101
111
101111111111
10111
0111111
1100101
11
1111011
1111111110111
11111010111111111
11111
111001111
11111
111110010
0110111011001
11111
11011
1110111
111111101111
1111
111011110
11101111
11111
10111111
011111111
1
1111
11
0100111011
111111111
111001
0
1101111
111111
110101
11111
1111
1111
1111
0101
11111010
1111001111
1111
11111
1111
0111111
1111111
1001
11111
111111011111
11
0
1111
111
101111
111110
1111111
111
0111101
11101
1111
10011
111
0011111
110111101
1
1111011
011111
0111111
111
1110
111
1111111110111111
111110
111111011
01111110100000110
1111111
10111111
11101
111
1111101
0111011
110011
011111111
111111
1111111
11110010111110
1111100001
11111
111111
1111
111111
1101
01100111
1111
11110011111110
101110
111
1111
1
111
11111
101
111
11011
1111
11
01111
0000000
1111111
1111011
01111
11111
011111
111011
1111001
100
1111111111111011101
1001
11111101
11111
11
111
10011111111110111
11101
111111
1100100
1110111100011
111
1111001
111
01011
110110001000
11111
01101
1
1101
111
0011
11100101111
10111
1111
1100111
11111
11111111
111
0
1111
11111
111
10
111111
111111111
111011
0101
11111
011111
111101
0011111
10
11111111
1000001011001001
111
1
1
111111
11001
11111111
0111111110
1111
11111
11110010100
111011110001
11101
11111101
111111
111111
101101
111
111111
11111
1111
111111
10111
0111
11111101110101
111110
11111
111
11111000
1110111
1111
11111
11111
0111
111111
100
11
111111
111100000
111
011
111
0000
000011110110111
01010101000111
111
111101
10011011
11111101010
1111
11101110
11111
111011011
1111111
111
1111
11101
111111
1111
1111111
1111
11111011
01111
111
1111101
100111111001100
10111111
1110011111
110111
111
111
011
01111010001100
110101110
111011
01111
11
1111
10101
10111111
1
111111
111111
111111101
111
1111
01111
1
11111
1111
1111
111111
00
110111
11001
111111
11101
01110111
1111
0111111
111111110000010
11111
100
11110101
11111100
1111
110101111110100000101
11101
00001
11010101
11111
11110111
111111
1
11101
1111111110
1110101
11111
1111
111110
111111
1101
11111
1111
111
1111
11111
1
11011
111111
1111
1000101010111
0010
11111
111
111
1101
111
11110
1111
11011111100
0
0
0
1
1
1
0
1
11
0111111
0
0
1
01111
111111111
1011101110
1
11
1
11
111111
1111111
1
111001
1
111
111111
0
1
111111
1101101
111111110110
0
1
1
001
111
1
11
11
1
0
0
11101
0
0
0011111
11
0
1
1
1111111
1111
111010111
111111
11111
11111
1111
0
1001
111110
1
0
1
0
1
00
111
11
1
10
00
11
0
0
11111
0011111
1
1
11
11111011
1
1111
111111
1111
110110111
011110111
01111
11
11111
11111
11110101
111111
111101
0011111
111111
11111
111
1111
1
1111101
111111
1001111011
11011
11101101
11
11111
11111
1111011
1111111
1111110
11
11111
1111
1111
11000000000
111001
111101111001
011
11001101
11011111
1
0011111
111
1111
111111
111111
111111
1111
111
1110111
1
1111
1
1
01110
1111
1
1
000
111111
111
0000
01
1110000
11011
1111
1
1
