11
11
0111
1110101
1111010
0110
1111111001
01111101
1010111
10111111
110110111
1111111
01110
001
1111011
111111111
111011111
11110111
1111111
011011
11000
011111
00111111
0011111
000101
1111111
1011001
1101111
001111
111
111111
01000111
101
11
111
111001
000000
1111
101111
111001001
111110101
0
101111111
110010
1111111
1110111
111111
111
00111101
11110100
11101111
110110
0111
10001
101111
10100
0010001
1100111
011110
011111111
0011011101
11010011
101111
1001110
111111110
111
11
100101
11111
10011001
10010
1111
00011011
11111011
00111
1111101
1111111
1011011
11100101
011110
00111101
11
1
1
11
11
0011
101
1100111
111
111
10011
11011
011
111100
111
11101
011111011011101
110
0
11
111110
111
011
11
11
11
1
1111
111
1
101
10111
11
11111101
11
11
00000
1
11
1110
011
1101
11
11
010
1011111
1011
0
00111110
11
11011
0111111
11011
1
11
100
1
111110
1000
11
1
1
1
1
1
00
1
1
1
1010101
0
0
0
1
1
1
1
1
1
1
1101
111
1
1
1
1
1
1
1
1
1
0
1
0
0111
11011
011
1
1
1
1
1
1
10110111
1011011
1111011
1
1
0
1
1
1
1
1
1
1
0
1
1011
0
01
111
0111
010100011001
11111
111
1011
1
1
1
11110111
101000110
01
0001011
111
11
11011
011
111111
011
10000
11
1
1
1011111011011101
11110
0011111100
1111111101
0
0111111111111
1111
00111111110001111
0111111111110
1101111111111111101
1111111110111010111
1111011011
1010
111100
011111111101001
011111111111
01101
1011111111101
0
1
1
0
1
1
1
1
1
1
1
1
0
1
1
0
1100000
1
11111111111
1
1
1
1
1
1
0
1
11
1
111
1111111111111011
1101110011000101111
11111111111101100
111111111
101111111101
10110111101111010101
1111101110101111
1111111110111110111
11110111111010111111111
10011111101
10101100001010000
11
11111101111110100111111110
11111111110111111011
11111010111110110101111111
11111101
011111111110110
11111111100010
111111111
1111111111111111101111
11111111111
111111111111111
01110
0111110111
1110110111000111
10101011110111010111
11111111110101111001
0111110001111
1111111101
0101111101
0010101001
11011110110101
110100111010000
011101
111110101111011001111110
1111111101101100011001
1010
1111011111
1111111111111
01011111110111
11111111010011010
11111011111
1111110110110
11011
110111111111010100010001
11
1110111
11
11
11
1001001011
0100
0
111
010
1101011
11010
0000101
111100
11101110100000
0111
1101101
0011
1001
1
0
11100
1101
111
111
111111
11
0
1
1
1
0
1
0101000
00100101000
10100
1
00000
111
0
110010001
101111
111
011111
1
0
100101110101110001001
0
11
11
111
0
1110
111
11011
111011
111
111
010
1111
11011111100
011011
111
0101111000
11100111111
1111111
111
111101
111
11
011110111
111111
111
101111
11111
111
1111
11
1010111
01
111
11111
111101
11
10
1110111011
11
111
0010000000
111111001
011
11111
11
111
111111
111
111
1110111101
111111
1101
01
1
101111111
1
1
1
0
0
1
1
1
0
0
1
1
1
11000
0
0
1
0
0
1111110
1
111
000111
01
1100
000011
111000001
011
111
000
01111100000110
1011
0111
1001
111
10111
0
011111
000
0
101100
0111111
010101
1101101
111
011
000
011
11111
0000
1010
111111
00
111
00
011
000
1
001
111011
111
01
1101111101
11111
001011
0
0
1
111
10111
110
0010111
1011
0000000
1111
01101
111
11
1
0
11100010
000011
11010100010
00111
1
0011
101
11
11
1111111111
1
1
1
0
1
1
1
1
1
0
1
1111111
00001
00000
01011
110011011001
111
001111
11
1
0011
0111101011010
1
1
1
01101
111100
1
0011
1
1
1
1
1
011
1100
10
11
101111
11
00010100
010110001
101100101
1101
1111110
111
01110
1111111011101
1111111111
11
11
1
01
11
10111
11
01
11
0111
111
111
11
11
11
11
001
1111101101000
111
1111
10111
111
111
11
11011
0111
11
10111
111110
00111
1
11011
11111
000000
0011111
1000011111111
1111111110001
11111111111111
11111
1111111111111011
1111111101
1110
11
11
111
11
1101
1
11
111
111
01111
10111
110
0110011
111
1110001110
011100010111
11010
111111
1110
1
010111111101001101011
11011111111
11000011111001000001
11011011000111100010010101
01
1
111
00011
10001
01010001
011
01
1111111111001101
01001
11
1110100011
010111100
101010001010
11001111101
00111111
0111101011
110011111
0110000110
1101011111
00101111101
0111111111
1111111111
01011100
111111111
1011111
01
1001111001
1001011110
111000000
0001011101
111011
11
11111
00011
00
111100101
111010110
0
110011011
11001111
11111
1111
0100
1111100011
11000
11111
01
0
01110111011001000110
1011
11010101
1
111
1100111
01111111101
11
11
1
11
1
0011
0
101110111
1111011
1100111100101010111
1110101
011111
111101101
011111
1111
111
1
111
1111
01
11
0100
11
111
10011
11000010000
1001110
111
10001
101
10
10111
111
11
110
000000000000
00000
0
0010100111
111000
00
01011
11
0
0111
1101000100
1
1100110
0101
00000001
11
0101010001
0111111
11
11
11
1
11
0111
1011
11110
1101
111
0110
111
111
11001
1
011111
011
11
1101
1
111
1111111
1110101
110
11
000
00000111
111
101010100
0111
01011110001100
011011
001000
101011
11
111111111111000101110
011
111
11111111100
111111111111
01110111111110111
111111011111111
111110111111111011010101111
1111111101111111111011
11111111111111101000011111
101101111011111
10111111111111011111111
111111111111001000
1111110111101
1011111101111111
11110110
0111111111111011111
11111101010101100100111001
111111
11111111111
111111111111111
1111111111111111
01111111111101
10110011111101011
0
01111111
1
0
1
111
00
1
1111111
0100
111010010000
011
111100
00001
11
111010
00000
00111111101
111010
111111
01
0
111011
0
1110
11
00
000
00111
011101
1111
1
11
1110
011
010
1110
111101
1011
1011
11
110101
1011110
10111
101
11
0110111
0010
01
1110
01
1
10111
11
1
10010
01
11
111
11
1111
0000101000001000000001000000000
0
11100101001
110100
010
1
011
01011
110100010
0011
1111000
110
1
1
0
1101
11
0101
1111
111
11
001
111
101
010
11
01
11
0111
101011
111
1011
0100
11
1011
111101
101
1
11
11
1001000
1011
0011
1100
01010111
11101
1111100110101101010110000
011
010111110000000000
00
101
11011011
10100
11
01
0
01
00
01
1
1111
111
11101
101111
110
111
1
1
1
11
1110
1
11111
11
111
1111
1
10111
11001
11111
01011
101011
111100
111
11
11
0
1
100111
1101
0
01000
11110
1
1100001011
0
1111111
011
1
1
1
11
1
0110
