0
11
101111
1
11111
11
1101
1
0
11
1
011
1
1
1
10
1
1
010
1
11
1
1
11
1
1
11
11
11
111111111
1
0
1
0
1
111
111
00
111
1
010
111
1
1
1
1
11
111
1
11
1
1
11
0111
1
1
11
10
10
1
111
011
011010100101101
111
111111
111
01111
1111
10111111
1
1
1
011
1
1
1
1
111
0
11
11
111
1
111
1
11
1
1
1
1
1
111
011101
1
1
1
0
1
01
010
1
1
1111
0
1
111
01
111
1111
1
11
1
1
111
011111
111
1
1
11
111
1
1
0
1
1
10111
1
11
11
1
11011
1
1
1
110
0
1
11
111
1
100
110
1
0
11
110
0
11
0
1
1
101
00
11
11
110
011
11
111
1
11
111
10
1
11
1
0
110
101
0
1
00
001
111
111
010
11
0
111001
111
0
1
1
1
111
100
11
111
11
11
011
1111
000
0
111
01
111
111
00
10
111
11
00
11
1
111
1
1
1
1
1
1
1
1
1
11
111
11
1
1
1
1
1
0
11
1
1
1
0
110
0
0
0
1
1011
11
0
1
11
1
10
110
1
11
0
010
1111
101
10
1
1
01011011111101101111
11
110
111
1111011
111
111
1
1
1
11
1
0
1
11
0
0
0
1
111
1
111
0
1
0
1
1
111
11111
1
1111
1
111
1
0
1
111
0
11
0
0
111
11
0
00
0
1
1
1
0
1
1
1
01
1
11
01
11
1
01
1
0
1
1
1
0
01
1
1
0
1
0
1
1
1111
0
1
1
111
11
1
11
0
01
10
11
11
0
110
101
101
110
10
1111
1001
1111
111
11111111
11111
1111111
110
111
11
100
1
000
110
01
0
1111
011
1
11
1
1
1
1
11
01
111
0
1
0
0
1
10001
1
1
0
111
0
0
1111
1
1
1
11
111
0
11
11
1
1
01
1
0
111
011
0
1
0
11
1
0
0
1
0
110
1
01
1
1
11
001
0
1
1
0
1
111
0000000
0
1
1
1
00110
1
11
0
0
10
1
1
1
1
1
1
0
11
1
110
01
1
101
111
0111
1
0
111
110
0
0
00111
11
11
11
1
1
1
111
1
0
1
01
00
1
111
111
111
11
011
11
11101
1
0
0
1
0
0
1
1
1
01
0
1
1
10
11
1
1111
111111
01011
10110111
111
111111
11101
11111
111100
011
1
111
111
11
11011
1111
11101
101
1111111
0
11001010
1
0
1111
1
11
111
1
1
11
1
1
1
1111
11111
110111
11111
11111
011110011
1110111
111111
1111011
111001111
111
11111
1111
111
011111
11110
111111
111011
1011
11111
011111
1111
11101
101111001
11
1101
11111
11111
1111
111110111
11
11111
011
11010000
1111111
1
1011111
111111
1101011
111111
110111
1100111
1101101101
01111
11011
1111
11111
111
1111
001
1
1100000000001010100100000
1110101
111
1
11
000000
11111
101
111
1111
1
1
111111111
11110111
1111110
001110111
111
11111
1101011111101
1
11
111
1
01
1
1111
11
1
1
10
1
1
1
111
11011
111
1
111101011
111
1
0
00111
1
101101
111
11
10
1
01111
111011
1
1
1
1
1111
1
1
11
111
111
0110111
001
111
1
1111
1101111
0
11101
11
0
11
11
111110
1
1
0
1
111
1
111
1
1111
1
1
1
11
1
10
11100
1
1
1111
1
11
1
1111
011011001
11
111101110111
111
101111
110
01
11
1
11
111
11
0011
111011
011
1
111
111111
1111110
11111111
11
1111011
101111
1111111
111111110
11101011111
1111101
1111101101111
11111
1001010000000110
1111
111101
0
111
111
11
01101
11
11
11
1
1
11
11
11
1111
111
11111
01
11111
110111111
111
1
11111111
011111
00
11
110
011
00111
11
1
10
1111
11
111
0
11111
111111
111111
1111111
11110111
11101111
111011111110
111111
11110111
111111001
111
1
111
1111
101111
111
111
0
11111
1
110111
1111
111111
11110
01
11
1
10111011
1111
1
111
1111
111
111
111
011
1
110
1
011
1
0011
1
11111
11
11011
1
1111
1111
111111
1
11111
000101011001
1111
1
1
11
10
111
11
011
101
110111
111
1100
1001011
111
1
1
1101100
111
1
1
011
0
1
1
11011
0
0
0
1111110000
0
000
1111
0
000
0
01
1110
111
11
11
101
11
111
111
11
1
11
11
1101
111
1
111
11
11
11
11
1
11
01
01
01
11
0
01
100
01
111
011
111
11
11
111
11
001
111
101
00
111
11
11
010
1
1111
1
11
10
1
1110111
1
10
001
11110111
11111111
100
11111001001
11
1
1
11
01
011
1111
111
111
111
110
011
1
100
00
0
01
10
0
011
11
010
0
011
0
1
01
01
11
01
0
1
010
01
101
01
00
11
011
11
010
111
11
11
1010
111
1111111
111
1
1
111
10
1
001
01
1
0
1
1
1
1111011
111
11
11
1
1111
1100
0111
1
1111
0111111
1
0
00
1
1
0
1
000
01
011
00
1
0
0
00111
001
110
11
011111
11
111
111
11
1110
11011
11
011
1
111
111
111
11
111
11
11
11010
1
0
1
1
1
1
11
10
00
11
10
11
01
111
111
00
1
0
10
11
111
000
00
0
1
1
01
11
1
1
111
1
1
10
1
1
11
1
01
111
1011
110
111
0111
1101
111
111
11001
111
11
11
11
111
0
1
101
1
11
0
1
1
01
1
011
11
01
11
11
11011
11
0111
111
111
11
0111
1
111
10111
1
1110
0111
111
11
01
1
10011
11
11
1111
1
111
111111101
0
010
0
000
1
111111000
00
1111
1
0111
1
1100
11
11
01
111
1101
111
111110
101
0111
111
1
111
111
111
11
11
1
1
1
0
1
1
1
11
1
10
10
1
100
10
110
1
01
00010
1
1000111
011111
01
11
1
111
111
0
1
111
1
1
111
1
1
11011
1
1
0
011
10
111
0
1
1
0
1
1
1
1111
1
111
111
111
11
1011
11
11
11
11
1
11
11
11
00011
11
0
01
0
1
1
111
10
0
000
010
110
00
1
0
1011
10010001111
11
1
1
0
111
1
00
001
1
11
001
111001
11
111
1011
1
111111101
1
0111
0111
11
1
111
10
101
00
111
111100111
1
11
111
111
101
1
1
111
11011
1
1
1
1
1
1
1
1
01011
11
01
11011
11
11
111
011
11110
11
11111
11
00011
1111111
11111
1111111
11111
111
11101010
111
1111111
1111111
111111001
1111
011111
1111101
11
111
1111
111111
11111
11101111
111111
0100
1
10111
010
0011
0111
011
001
1
10
1011
11
1
1
111
11
1111
1
11
11
1
1
1
1
1
1
1
111
1
01
1
011
1
1
1
1
1
1
1
1
1
1
1100
1
10
1
011
010000110
11
0
001
00
01
000
111
110
001
10
000
11111
1
01
1
1
1
10
0011
1
11
1
11
1
0
1
1
1
1111001
1
1
1
11
1
1
1
1
01
1
1
001
1
0
1
11
1
11
111001
1
1
11
11
11
111
111
0
1001
0
0
1
0
011
001
11
11
11
1
11
011
1
0
1
1
11
1
1
1
1
11
1
11
1
1
111
1111
11111011
111111
11
11
11
11
1111
011
11
0
110
11
01
1110
111
0
1
1
0
0
0
0
1
1
0
0
1
0
0
0
1
1
0
0
11
0
0
00100
10
0
111
11
0
0
111111
11011111
1111111
1110111111
111111
110111111
11100
11111
111
1101110101
11110
1111111
1111101
111100001111000111
111111
1
11
11
1
0
0
0
1
1
0
1
11
1
1
111
0
1
1111
11
11
11111110
0110110
1110
1
111
111001001
011
11111
11111110
11011111
1111
111111
111
101111010
11011100
1111
1
11101
00
11111
11111
1111
011111
11
11111
11
11111111
1
111101110
111111100
11111
11111
11101111100101
1111
111011
1
1011001
110101
11111000111
111111
1111
00
11
11
1111
111
11
111
111
111
110111
0111
11
111
1
1
1
1111
111
111
11
111
1
111
1
1
1
1
1
1
1
1
1
1
1
11
1
1
11
1
1
1
1
01110
11
010
0111
11110
001
1
0111
1
1110
0101
1
1111
1
0
1
11
1
1
1
11
111
011
11
0111
11
11
00
00
1101
1
1111
1
0
11
1011
11
11
111
1
11
111
11011
01111111
11
1
11101
1
11
11
0
11
1
0
011
111000
1
011
11011
1
011101
11
1110011
1111
11110
00111
111
111
11
1011
11
110
111
1
1111
01
0111101101
0111
000000
0
10
11
1
1
1
1
1
1100111100000001000
00111
1111
11111
11
111
11011101
1110
101011
111
1
11
0101
1
1111
0
0
1
1
1
1
0
1
11
0
11
01111
11
011
0
11110011010100101
1
0
0
1
1
1111
1111
1
01111
00
11101
11
1
111111110
11011111
00111
10010
1111
1111
111
1111100
1110111010
011
1011
11
1
11
1
1
111
111
1
111
111
1
1
11
11
11
11
1
0
11
111
111101
1111
111
10
1
00000000
000
1111
1
1
1
0
1
0
111
0
1
1
11
111
1
11
1
111
01
011
11
0
111
111
1
1
1
1
1
1
11
0
11
1
11111
0
11
