1110
0110011
1
0
11001
11111
11011
11111
01011
0001
011
11111
0101111
111011
01111
101111
11111
1111
11110
11011111
100
0
1
1
1
0
0
1
1
1
1
0
00
1
0
0
0
0
1
1
0
1
0
1101
11010
00
111
10011
0
1
1
1
0
11110
1
1
0
1
1
0
0
1
1
0
1
1
1
1
0
11
1
0
0
0
0
1101111
0110100
1111111
1111
1111
111
1111
1111
1000
1111
110110
1111
0101
111
1111
1001111
1111
111111
10101111
11110
111111
11101
11111
0101
100110
111
01011
11111
110
0100
00
11001001
11111
10111
11000
00000
11111
111111
111
0111
1101
1
0
0
01
1011111
101
1111111
111111
111
11111
11111
110111
11
111
1
01100111
11110
0111
00011
1
01111
0111
101110
1
1101
10000
01111
1
0
10
0
0
0
0
1
1
1
1
11
111
1
101
1101
1
1
1
1
11111
1111
111100
11
1111
0
11011
01
0111
1
1101
110
11
1
1
1
11
11011
11
1111111
101111
10111111
1111111
1
0
1111110
1
1
11
11111
1
1
11111
100101
0011
10001
111111
1
111
01
11111
1111
11
1
111100
111001111
1111111
111
11
10000
11010
1
111
0
11111111
1
0
1
0
11
1111
011
11111
11
001
111
11111
11
001
0
1
01
11111
01
11
1
10
111
01
1
0101
1111
0111
1010
000110
1
0
1
1
1
111
111
11111
1
1
111
011111
11111
111
1111
11111
111
11111
11
11111
1111
11
11110010
111
11
011101
1111
1
1
1
1101
1111
1111
111111
1111
1111
11
1101
000
100
11111
1
1110
001110
10111
0
0
0
0
0
011
1111
11
101
1111
1
10111
000
1
1
1
0
11
11
11
0
0
00
01111
1
00
010
111111
110001
1100101
110111
11101
11001
111
101
00100
101
0
0
111
111
0111
101
1111
1111
0
111
11
10
101111
111
111111
1101
0110
1111
1101
0
0
1
0000
0
1
1
11111
0
0
0
1
01
1111
11
1111
1
11111111
110
0
011
1
11
111
11
0
1
111111
0
1
0100
1111
1
111111
1101
111
01
11111
1
00
1
1
1111
11
11
1011
111
1
1001
1
0
0
0
11
110
11
11101
11
1
1
1110
110
110
1
0
010000
010011
0
0
1
1
0
1
1
1
1
1
1
1
1
1
1
11
1
0
1
11
1
1
1
1
1
1
1
1
1
1
1
1
1
1
1
1
1
1
1
11
1
11
11111
111
11
1
11110
0
0
0
1
11
1111
1
1111
1
1111
01
11011
111
0
1111111
11
1111
1
11111
11
1
11111
11100
1
0
1
0
1
111
11111
0
111
100
1
1
1
0
1
0
1
1
0
1
0
0
0
1
1
0
0
0
0
1
1
1
0
0
1
00
1111
11
11
100
1011
11
111
1110
1
0
111
11
1011
11
11111
11
1
1
111
11
1011
111
1111
111
111
11
01111
10111
10
11111
1
111
01011
011
11
1111111
11
1
100
0
0110
01
1111111
11
1
1
1
1
11
11111
10
1
11
1
11111
11
01
1111
11111
1
0
0
0
1
1
1101
0
0
1110
1
1
1
1
1
0
0
1
1
1
1
1
0
0
1
1
1
0
0
1
0
1011
0
01
0001
111
100
0
11111
111111
1100
111111
11110
10111
1101
11111
110111
1111
111111
10101110
1111
11110
11111
11011
11101
1
1101
101111
10111
11011
11111
111111
11010
111111
1
0111
11100
11101
1
111
111111
111110
01011
0010010
1
111111
11
111010
1111111
01011
111011
11111
111
1011
000
0101
1001
1111
0
1101111
10
01111101
011100
1
11101
1011
111111
111101
111100
1111
10111
111
1110
11001
110110
1011011
11101
111
11111
11111
111
11111
1111
0
111111
0
0
00
0
01011
11111
11111
11011
111111
11101
100111
11100
111
11111
0100
100
1111
01111
0
101
100110
0001
00110011
111111100
010
10010
01100010
1111
1001
111111
111110
1011111
01110
11111
111
1111
1000100111
011
1011
111101
111
1111
00111
11011
1111111
101011
10101
111010
101111
11011
111
101110
11110
1111
010
111110
11111
0111
10111
110
11111
1111
0111
110
1100
01101
101
1
1010
1010
0101
11111
111
11111
011
011
111
11011
1011
101101
101
10111
0
111110
1111111111111
10001111110101
111011111011
0111111110111
101111110101111
1111111001
11011111111
1111111111
1111011111
1010111101
101111001100
111101001
11111111
111111111111
1111011111
1000101111
10011111101
101001101010
1
1
00
101101
11110
11100
0
0000
1
10110
101
1
1
11
11111
111001
00000
00
11010
1010111101
11110110
11111
1111
11
100
01111111
11111
0100
11
001010
1
1
0
1
010
1101111111111
000110101011
11111111111
0
1
1
0
1
0
0
00
111
0
10
0
0
0001
111
10100
0111
1101
0
11
0
0000
110000
0
0101
0000
0101
001
01001101
11101
11110
111111
11111
1111101
10111
00011
01101
1111111
1111111
010101
001
1111
11010
1111
0
0
1
1
1100
110011
11111
10100
11111011
011111
1111111
11
001
11110
01110
00101110111
1
1
1
1
0
0
00111
110
101
1001
0
0101001100
01111111
1111111111
1011111100
001101
101
00
0100
10111
111111
1011
1100110
001
110111
1101010
1011110
111011
0010011
01
0110
1
0
111111
010100
1
1100
0
0
0
0
1
0111
1
11
1
0
0
111111
1
1
1
0
11
0
11
01111
0001
0000
1111
111
01
11111
0110
00111
1111
1101
0000
111
000
10101
1111
111
011
000
1111
10
00
1111
0111
0
0
01
0000
011
1
0
00
0
10
0
1
1
0
1
1
0
1
010111
0
1
1
0
11
11
1
10
1
1
0
1
1
0
0
1
1
1
1
1
0
1
1
1
0
1
1
1
1
1
0
1
1
0
1
0
1
0
1
1
1
1
1
1
1
0
1111
111111
10
0
11111
01000
0
1
0
0
1
1
1
0
0111110110111
1
1
1
1
0
0
1
0
0
1
1
1
0
0
0
1
1
1
1
1
0
0
0
00
1
1
0
11
1
1
1
111111011111
1
1
0
1
0
1
1
1
1
1
1
1
1
1
0
0
0101
00
1
1
0
1
0
1
1
0
1
0
1
0
1
1
1
1
1
1
1
1
0
0
1
1
1
0
1
1
0
0
0
0
1
1
0
1
1
1
0
1
0
0
1
0
1
1
0
1
0
1
1
1
1
1
1
1
1
1
1
1
1
1
1
0
1
1
1
0
0
1
0
1
0
0
1
0
0
0
0
1
1
11
0
1
1
0
0
0
0
1
1
1
1
1
1
1
1
1
1
0
0
1
1
1
1
1
1
0
1
1
0
1
1
1
0
1
0
1
1
0
1
0
1
1
1
1
1
1
1
0
1
1
1
1
1
1
1
1
1
1
1
1
1
1
1
0
0
1
1
1
1
1
1
1
1
1
0
1
1
1
1
0
1
1
1
1
1
0
1
1
1
1
1
1
0
1
1
0
1
0
1
1
1
1
1
1
1
1
1
1
1
1
1
1
1
1
1
1
1
0
1
1
0
1
0
0
1
1
1
1
1
1
1
1
1
1
1
1
1
1
1
0
1
1
0
1
1
1
1
1
1
1
1
1
0
1
1
0
1
1
1
1
1
0
1
1
1
1
1
1
1
1
1
1
0
1
1
1
0
0
1
1
0
0
1
1
1
1
0
1
1
1
1
1
1
1
1
1
0
0
1
1
1
1
1
1
0
1
1
0
