0
0
01
1
0
0
0
0
1
1
1
0
1
1
1
0
1
0
1
0
0
1
0
0
1
0
00
1
0
0
1
1
0
1
1
1
1
1
1
0
1
1
00
0
0
0
0
0
0
1
1
0
00
0
0
00
00
1
1
1
0
00
1
0
1
1
0
0
1
1
00
1
11
1
1
0
0
1
00
0
1
1
1
0
0
1
00
1
1
00
01
0
00
1
0
0
0
00
0
0
0
1
1
00
0
00
0
0
00
1
11
0
11
00
11
1
1
1
1
001
0
11
11
000
000
00
0
1
1
010
000
11
11
11
1
100
11
01
01
111
00
1
0
1
11
01
000
1
100
0
11
00
01
0
1
11
11
11
000
11
00
000
01
11
1
11
00
11
11
00
111
1
00
0
0
000
0
00
1
1
0
0
1
1
0
0
0
0
1
00
00
0
1
0
0
0
00
000
1
1
0
0
0
0
00
0
0
0
0
1
00
1
00
0
0
0
00
00
0
00
00
00
0
0
0
0
