011
11011
111111011
1111110111
101111111111101
101111111111
1111011111111011
1111011111
011110010
1111
011
1100000011
0
0001
100
01
0
1
11111011101111
11011110111
11
11110111111111
00000111000
11
1111000
00010
01101101101011101
111000
1110111111110011110
10111101
11101111011101001011
111111111011111
11110110111010111111011
011111110111111
1111111111110101000111111101011
1
11111011101111
111111
1
11
01110101010
11
11011
1110010001101011001111011100001011100001010
10000
0000110
11
11111111011101
1111111011011
111010000000
11
1101110101
111111111111010001
10011111011100111
11100000
111111101111
100011001011101110110111111100010
0001111111110101111011
1111111
1011111110100
110111111011101011101011010
1101111111100110111010
111111111011111
01110111
01101000111
1
100010111
111
1111
0111110101
01110100101
10011111111100111101
111111111101010
0111111010001010111001001100
0111110111
111101111010101
11111111101111
1
11111100010
1111111111
1001111001110011110101
01100000110011011111110101010101
1111011011111
0111001101111111100111110111
110000
111011111
000111110111000111011
1111111101101011010
11001
1111111101110010101011010101000100
111110111001001110
1111111101111
110001101111111101110011011
11110111111011101
11111101101
111
111111101010111011
111111101111111
111
1
1110111111011111111111111111110110
11101101101
0
111111111101
1111111011011111
11
111111011011111
11111111111
1011111
11111
11011111001111
111
01
11
1
1
1
011
111
110111111
11111001111111
11111
10111111111
111111111111
1111111111111011
1111
11
11111111
10111111111100111110
111101111
011111101111111110
11111111110111110111111
111011111111001111110110101
101111111
110111111011111
1101110100111111111
111111111
111111111011
0
011111110110110011011
111011
1110111111111
111101
111110101001111010111001111101
11011
11111111
111
111111111111111
11111
111101
1110111011111
011001111101111
11111111011111
111101101
1111111111111
11
11
1
10101111111
111111011010101111
1
10101110111110
11110001
11111011010111001111
1101
111111111111111101111110
000001
11111101011011111
1111
0101111
11111101111110111001111
0000
1111110111111
111111111111011111110
111111111
111
11010111110111
11
1111
10111
111111111101110100111
11
1
0101
0
0
00
0
1011
1
0
01
11111
00100000
1110
1
1
11101110111101110
1111
11111011000
110000101111001010
00111111011111100111011101
1111011111011111
110100
011111111
111111
1111111
11111
00111
1111110
11
1111111
11001101
11100
1111111111111
01
10011110101101111
1110111111
1111111
1111111101001011
1101
11
11111
111111
111011111011
1111111111
0011111111111000
11000110010100110110
111111
111
000
01111
01111111
1111111111111111111
11111111
10111111101111111101
1111111111101111
1111111011101
11110
00010000100
11010110111011
111100111111000001
111110
1111
001111101111
00000011011
1
1
11100
11111111111011111110100000
111111111111111111111
111110111011111101110101101111110010
0111
000001111100011110000011011110111101111010
1111110100
111111111111110
11101110101110001101001
1111111110111101111
1001111010110110111
011111101011101
10
11
1100010110011111101010101
1010111111101111101
000000
1111110
11
10
01111
10001111
00101111
111111
111
111000000
1111100
0110111
011100110
0011
11101
001
1111111111001100
111
1110111
1101
11111111
1110111010001
01
10010111110101101110
00000
1
111
11111111010010
110100
111111
111101
111111111
11110001001111111110101
011111111
1
1111111111
111
11010
1111110001
111
111
11
1
10
11
10110
11101111111111111011111
11
11111111110111
1
111
1100110
11111
11111111111111111111
11111
1111
0111
11
11111111101110110111101
11
1111011
11
1
1111111111
11
1
1111
11111001
1111111111111
1
1011111
0111101101
11
11111
11111111111110111011111
01
10111111111111111101
11111111
1110111111110111110
11
111110111111111111111
1111
11111
1
111111111111
111111111111010101
11101
0
1
01101111111011110111101
11110011111111100
110110110101111100
11
11111
11111111
11
1
11
111111111111111011
11
111
111
11111111111
000111011010111111101
1
111111000110110001110010
10
111111111111111111111001
11111111
1
1
0
1
1
1
1
1
1
1
1
000
0
0
1011111110111
111111111
111111111111
111111111111111111101
0
1
11
0
1
1
11
11111101110110
01
0
0
0
0
0
111
11
1
1
1111
0111111101001111111100111101100001
111111
11001111011011101101
0
1111111111110
011
0110111101010010101
111001
111111
11
11
1
1
1101
1
01110
111
1
11
11
11
10
11
11111111111100110011011111111
11
10100
11
1111111111
101111011111111
0
1
0000
0
0
1
11
11010111
11
1
11111011101101
1
1
110111110011101111
1000000000
00111
00011111111111111101011
110011
11111111111
111111100111111000111101
01
1
1
1
010
1
111111111
11111110111
010100
011111
111111111
00001001
11111111
101111111011
11111
1111111110101
00001101111010000101101
10111011001
000
0011
111
01
11111
11
11
11111
111
11
11
111111
11111111
10111111101
111110
01110101
0111
111111111
111111111101110000000001
011011
11
1
01111000010111111111111010001
111111
10000011111111110100101001011110010
11111111101111100000
0
00
110
11110
011111111011001
1111111111
111101111101110
1010101
111111110111111111111101
111010
0110
11
111111111111
1111101
111111
0111011111001110
1111111
0111011111
011010111
11111111111
101111
11110111
101010111100100111
011
0111
011111111101
000011111111
01000111111
1111111011111110111
1100110111000001
11
001100
1111011011001
111101111000110101010010010001111
0000001
01111111011110111
111110111111
01011111111
111111111111
00
1101
1111
011111110
0000001110000101
011011111111
010111
1111011011001111111111100111
1
01110011111
1101111010011111111111
00
00
10111
11111111111100101110
10101000001100111
001111
1
10
101
111101
111
11111010111111111011111
10
111111111001111
1
00
11
110111
11111111111111011
111111111
11100011101
111
1111
000111111101
111111111111100
101011111
1011101011
111111111
1
111
011111
111011111
1011101111111
11111
11010101100
01
110111
111011
111
1111111111
111111111111
11111111111
11111111
111111111
111111111111
11001101111
1111111111
01111101
1
10001110001101011
11
011011111111101110
111
1111111110
1111110110011111
011
11111111110
01110111111
111
110101111
11
11
01110
111111111
11110
010
10
111111011001101
111111111
11110111111
111
111
111111111111
111111111111
011101101111
1111
1111111
10
10001011111000
1101110110111
01111111111
1111
111111010000110
1101111111111
1
111
000010100011
111111110110111
1111111111101111111100101110111001111
11111111011101111
1
1111111111110110
111111111111110111111110
1
11110011111111111001
11
01000
1
111111111111111011
1
0
001
0
1
1
0001
111111111110011
1111
1111111
111
1
110
1111110111101011011011
1
1
11
011111111111111011010110101
1111110001
0011101111110100100011011010010
111
1111
11111111101011
1111111
0111
111
1111111111
111111111
1011
11
11011011100101111
111110110001111
111101111
1111111111
1111111
100000111
1111111101101
111101111111100101101110
001111111111
11111111011
111
1111111
1
0
1
010
1
0000
1000
111101010110001110
111110111
000000000110
1
00
1
1
1
0
0
1
1
1
1
1
1
0
1
0
0
1101111
101
1111
001011
001
1
11100
1
10111111111111010000111110110111011
011
111110111111111110011111
1
1111111111001011111011
00
111011111111110110111110101100
11
0
1
111111
1
1111
1111011101011111111100001111010111110
1101111101111110000100110
11111110111111111111011000111001111
010
1
01111000111111111101001000110
1
01
0110
1
1
1
1110
1111011101110
1
1111
1011111
110111111011
111011
11010011011110100110
1
11
1
01000
11
1
01
1
1
1
1
0110
1
1
1
011
0
1
1
111
1
1
1
1
11
110
1
1
1
011
1
0
1
1
0100
1111101111011
11
1101100
1101111
110111111
11011111
0
1
00
001
1
11
0
10011111110011100011011
100001110010111
0
0001
1
1100
111101001100
0111101101
01111110010100000000000100001
00100
00000
01110
1011
010001010000000
100100001111000101011
0000
01
1011101111011110
00000
11110011110010101100010010
010000
1011110100
1111111011110
01000
0110110001
01111111111011100001111000010
01111110110110
1111111111
011111101111101001100111000
111111101110101
01
0000001010100000001011000000
0
010
1
001110
111110110111110
1111110111111110
11010
0011111101000100100110111101111
10101
11111101111111000111
10110101110111111
11111111100
011110011111000101
101111001101010111111001
1000101011011111110100101110110111
010001111000110111111010111010011110110110111010
10111011111101111000
111111111101
11101111
010111
111111101111011001111
11111111101
10111111
11011111111110101
10111101110
1101110111110011
1111000110111100
111011111001110111111
01110110011
11001111100111101
11100100101111
110111000111000
001100010100001111100000
1111110001
1110001101
111111100
11111111010
111011
11000111001100111011
01101110101001110
00110110111111110110011110
01001110000
111111011101
11111011110010111001011000110110
111111111100
1111111100
1011111111101
11111011
0101101001
11111
11101110010
00110001111111100110100111
111101110111000
111111111110101
10111111100111011011001
111111011
11111111
1
101101
100000
0
011
01
1
1110101011101
0011100010111110001111010101000010110
10110
11111
111010111100111011
000
1110111011110001
01011110
111011110001101001101
0
110
1
0
10
1
011
0
011
11
01
1111
11
111
1
11
10011
11
1
110
100000
0110
0101
110
101100111111101111011111111010000110011
111101011111101110111111001111111001110
1111011111111101001100100110
11111110111011110101010
11
1
1111111
1111111011111111101100010001100101000000101
011101
11111111110111110111
101111111111111111111
1
1
1111111111111111
1010
000000
1010101
0010
11010
0100010
1011111
0010110110
111
111111111111101
1
1
0
1
11
1
11011101111010000001
1101
11
1
0101101
11111
010111100
0111110
111011
11000111
110111111100
0100101
1101111000001100
111100111
101
1101110
111
11
1111
01
11110001
10100
111
11
111
0011111
11111
111
011111
1100
101
101100111
111111
1011
111111
0011110
111010001
0001100010001110010
11
11111
11111
111110000
11111
111111
010100010
111010111
0110
111001
01011011
1111
011111
11
1111
111
0000111
11101
11
10
100
1010101
111
11
001011
11101
011
1111100101
000100000010
111110100101
1111100101
1010101110
00111
0010101
011011110111111
111111
011
01
10
1011001
1
111011
111
111
111
111011
011111
1100
1111
111001
1111110
111
100
0110111
01111
11
1011
111
1
111110
01110100110
11001111101011
0011
0110000010
11010010001
00010000
11
011110
1000111000
111111
111100
1001111010
11111
110101
111111101100
1000110001
11
111010
111111
1111
1111
01010010
11111
1
0110
1
101111
101
1
1111
11
111111010
1111
01
111101
11
1000
1
1000111101
11111
111111
111110010
111111
111111
000101
1111110101011
00100111000011
1
0111
111
11011
111010
111100
01011110
111111
1110
111111111100
111
111
101110011
1111
01101010110
11111111011101
110110
100001
11
1
111
111
111
000001000
0011
111011000
11
01111100
11
1111011
0111
1
10
1000
1110111
01
1
1101
10010
1
110110111
111
11
0110
110111
0
11
011
101111
101
010111
100101000
111
1
001110011
1
0111
11
11
110
0111
1
111
1
1
11
0000
1
1100
011
0111
11
0
1
11
0010
10111111
1011000000
1
00
1100
011110
001
11
10
010
1
1
011
11
11
1
11
11
1
1
10
1
1111
1
1
1
1
1
1
111111110000011
110111111111100
00011
10
11
000100
001
1
1
000000011
11
1
1
1
1
1
11
1
111111111111111
111
11
111
10
1
0001
111
110110111
1110
1
11
10
001
1
001
01111100011001
111111
11111011
101110111110011
111
10111101110001111001111101011001100111
1111111111101
111110
1
111100110101
111111110101010100
00
1110100111
111010111111
111111
11111
11111101101
11110111
111101100110
1111
10011001110000110
11110
11111110111001
00000000000011010
11111110011101
111101111
111110
11111000000101110
11111110111
111111111
111
0111010010111
111111
11111111111111
10111111
111111111111101
11101
11111011110111
1011111111
1111
111111111
111001
11111
11111
1111
11111
0111011111
0111101
00111
11111
111011111
1110
1
1111110
11111
1111
110111
111
111110
1111
1111011
111011
110011111
111111
101010111
11
1001101
111
00000000
101111100
10010111
0001110
011111
1111
11
0110010111
11101111011
0101101
1111
11011
11111
1
111111
11111110011100010110
11
0011111
110100000
1
1111
11
1111111111111011
111
00
1111111111111
111
1111101
1111
01
1101101100111111101101
011111100100110110
111
11110111
111111111111100111011
111111111111111111111111111
111111110111
101
111111101111101111
1011
1
1
11100
0111111111011111110101
111100
111
11111
11111
01111111111111011
1110
0110101000001110100001
111
1
1111101111
11
1111111111
01111101110
101101111011111010111000001
1111010111110110110011110111
1
1
00
111101111111101111
1
1
11111101111111101
1111111111111011111
11111
101
01
10
000
1100
11
111
1
01
11111
1110011111
11111
1
00
11
11
0
0011111111
11111111101
10111111
1111111
0110111111
1111101
1111111
11111111
11111
111111
11111111
1111111001
0111111010111
111111
11111
11
1
1
0
11
1
111
0
1
1
101
1
1
1
1
1
0
1
0
0
1
1
1
1
0
1
1
1
1
1
1
1
1
1
011
0
1
1
1
1
1
1
0
1
0
1
1
1
1
1
1
1
0
1
1
1
1
1
1
1
1
0
1
1
1
1
1
11
1
1
110
011111
1
1
1
1
0
1
1
1
1
0
1
1
1
1
1
1
1
1
1
1
1
0
1
1
1
1
1
1
1
1
1
1
1
1
1
1
0
1
0
1
1
1
1
1
1
1
0
1
1
0
0
0010110111101
1
1100
111
1
1
111
101
111111
111
01
11
111
011
11
111
1
00000000000011010110000010100010
1
1100
11
111
0
001
111
111
111
111
1
11
1
110
11
1111111101
11
111
111111111111
0
11
1111110111111111101111
0
11
1
011
11111111111
1111000
111
11111
111
0000000000000011111011111111
111
11
01111
11
1
11
1111111
011
01
111
1
00010001000100000
1011111
111111
11
1111101111
1
011
11
1
1
110111
1100111
111
111101111
1001010
100
110
011001101
0010111010101000011101100001
1010111
0000
0
111111111
111
11
111
1
1
0
1111111
0011
1
111110111
111011001
11111111
010
11111111
0110
11
11
011
111111
1111111
01
11
111
1011
0111
00111100100
1
1
01100
0
1
1
1
11
01
11
1
0
0
0
1010
10
1
111111
111
11111
1001101
011011
01001100
101111
111
1101
1
1
000000
110010011
111111
00000111
1
1111
1110100
111
11111
111
011
11
11
11111
10111
1
0111
11
111
11111
0111
11111111111
1101111111
11111101
11111101
111111011010110001
01
11110111110011
111111110111
11111111
111111111000011
1110111
11111111
10
1101
101
11
111
0101
11
11111101
1111
11
1101
11110111110010011110111110010
11110010
11011
00010010000000110100
1111111
11
00
1111
1111110111011111111
1111111011001101
111111
1
1111011
011111100000101110100000001
1101111111
111111101111
1111010110111
1100000111111001
01
11
110
111
1
11
1111
111
11
11
11110
1
11
111111111111011
11
1
111
11
00
1011111000110
111111
111111
01111111
0110111011111010111
1111
111110101010111111001010011
1111111
1101111
111111011111
1111
111001101
111110110
1100111110100111
1111111
010000001100000010001101110100111010000111110000000111100000010010000010010
1111011011
111111111
11101111101
1
11011110
1111
111
11101
1
11
1011
011
11111
11111100
000111000010111101111101
101111111
000
1011111
1
111111
0011111
1111
1
011
1011111110011111111010011111
1111111
1110111
11
11111111111100010011
111111
110100001
10110
1011111
111110
101011
1011
1110111
111
11
111111
11101011
11
1110010100101
101111
111111
01001
11
10110011
1
1111
111
111
110
111
1101
10111110
10000111
1110
111
1111111
11
0
00
11
11
111101
111
100111101011111111
11
11
1
111
111101110
11
11000
11
110111
1111110110111
111
0111
11100101
111
11
111110
011
1111111010
1101111
111
0111111
111
11
1
1
111110110111011
1100
10011111
001
1
111
11
11111
111
110
0111
1101101
111010011
11111
1111
00
111
111100111
111111
11111111110
1110010011110011
01111111110
1111101
0111111
1111
1111101111
011111111
11110011111
111011010000101100011000011111011010101
010011101100000001
00
111111
1111111111100100
111111
1111111101010000
11101111110101
11011111
01101001111111111100010100011000001
011
1111111111
1101011000
1111111
111111111
111111111111101100
00101111110110111111001
1001001
1
0
11110001
111110110
1
011111
1
1000010010000101101111
001111
011111111110
110
100100000010111100110110101010111111111
00110010111111
1011011
011010111
11111111
111100101111011101
10001100
101101001100101100010111111111100101000
11110
11001
111111
111101
11111
111111
1100111
1111000101
101111110
1011101111
1111
111111
1111
11111
0111110101011
1111011
111111
11101011
111
111
11101001110
11
10111111
111
111
1111011001
11111
1111
1111111
1110110
111
00111000011
111111
1111100100
11111
11101
11111
1101111
1111
11111
11011
11111
111111
1111
10111111
1111111
1101111
10001001
11111
1101
11
11011
11111
11111110
11111
1111
011
01
11111
110101
110011100110001
11111
101110011
101101
111011
111111
0001001101100
111111
110111
111110111110
111001100101111
001011011000111110111011
01111110111
1111011111
1110111111001111
11
01111111111110111
01111010111110
11110000010110
110111
11111011
0110110111110111101
1111110
11
1111111111
01110100
1111011
11
11
0111
11111
11
111
10001111
10011
111
1111
1111
11
1
1110110
01100
111
11
111011
000001111011101010111001111111001
11111111101011011101
001101
110011111
11111011110
101101
111
011001
11011
00
111100
01100101
11
1111
1010101001000010
110000101011111011110001111110
111
1
01010101100
11111111111001
11
1111101110111011
111110111
101
11111
111111
1111100110
111011
11100101
11
01100111
00111101
01
1
0
1111
1110111
01111
11
00
100011
1111111010111
101010
11011
111
1
1111
01111
1
11111111
1111
111
1111
1011111111
1
11111
01
11
1101111
11
001
111011
11
01111
1111111
11101
1101111
1
1
01111
1
11111
111
111
1
1
1
000
111110010001010
01011111011001
111100100010
1111
00111110101001
00
1
11
0
000
10001110001101
110110111110
011011111
01111110101110
11101100100
1110111011
011111000101111
1001011
0011
100101010000011
111111100000100110011001
01111010101100
11010000111110
1111111
111111011111
11
01111111
011001
000
1111
0011111100001111
001
111101100001
1100100
11100110010
01101
100101
11
01011
1100
10111
11010001110111100010000
1
1011110
1111111
1
011111
100010000
0111
00
1
1
1
1
0
1111
11010011011
11111
1111111
011
00011001111111
1100111111111111111111111111101111111111
11111111010101111111011111111
11111110111111111110111101111111111
11111101111111111111111111111111111111111
11101111101111111011111111110
111111
01110111011011111111011111101111111
111110111111110111111111111110110111
111111111111110111011111111111011
111011111111111101111111111111111
1111111111111
1111111110101110111111111
1111111011111111111111111110101111111
1110111111110111101
11111011111111111111111110111111111
101111011111111111111111111111
001111111101111111111111110111111
1111111111111110111
011111111111101111101111111111100111011
11010100
101101
011110111111111101111111110111111111
111011011011111111111111111011111
110011111101111111101111110110011101
111101111110101
1111111111111111111011111111111111111
1000101111111111111111111111111
11111101001111111111011111111111111011111111
11111111111111111111111111111010111111111
0111111111111111111111110110111111
1001110111101111111111111
10110101111111101111111111101111110
0010
111101110111111111110111111110111111
1111111111111111101111111111
111111111111111111111111111111
1101111111111111111
111111111111111111111111111111111111111
11111001111111111111
111111111111111111111111111111111111
111101111111111111111111111110111111
1111111111111011011111111111111111111
11111111111110011111011111
110111111001111111111111111110
1110100111
1111001101111111111011101
010111100111111111111111111111111
111110011111101111111111111110111111111
1
11111111111111111111110111111111011111
111
1111101111111111111111111111111111
11111110011011111111
111111111111111111111111110111111
101111101111111111000
111101
111101111011111111110
01111111111111111111111111111111111
1111101111111111
100100
1110100101011110101111
01110001001
000110011110101111111111
101110111100011111111111
100111111111111011111111111111111011
1110111000110101111001010011
11111
110111011111111111011111101101
0
1111111110111111111111
111110111111111111111111110011111
10111111111111111
111111
1111101111111111111111111011111111
111111011111101111111111111110111111111
1111
011110111011111111111
11
1111111110111011111111101111011
111111111
011010101101110110101
1111101110111111101011111
111111111110111111101111101111111
11111011111111111111111111111111111111
00
1111111111110111111111111111
1111111110111011111111111011111110
001111111100011111111101100101111111
001001110101100100
111011111111111111111011111110111111111111
1
10111111111111111111
11100111111111111111101110111011111
01010011000000
11000111101111
111111
101111111111
1111111
0
1
11110111
101
0
1
111111101
0001101
111
0011
1111
01011
1
1
0
0
0
1
1
000100
10101111110111111111111
110
1111111110011011111
11
101
11
1
1
1
1
1
1
1
0011
111
11110
0111
11
011111
0
1000
101010
000
10001010
11000000
011
11
000000
0
1111000
01001
0
01
01011
110
110111110111
111110100110110
011111
1100011010000110
101011
1010111
1100
1110001100
111
11110
110001011100
110110111
0110111110000010
111
1111
11111
111111
10000101110100
100101
01110111
111001
1101001
111111
111111100100
1000001100000001000000011001001101000010011010101001
101110000000
01111
110111110111
101111111111011111011110
1011011
1010111100
1011111
11111
111111
11110111
111111011111111011111
11111
1011111111111111
011
11101111110010
1101
011111111111111111110
111
11
1011101
11110101000000000001010011
0111001001
1111111
111
11111100
1111
1
11110
011
011
1110110101
111
10
101
1111101
1
1101
111101111
00
110
01
111111101
1111111110010
010
1
11
00011
11
110101
1
1
0000
1
11111011
1001111110
1011
11
11010011001111110000101
000000000
1
00
1111000110111
1111101
1011
1111111101
11111
11
1
11
10
1
1
1
01100
111101110000
11
1111
11
11
1
1
10
1
1
1
11
11
1
1
11
1
11
111
1001010001
1110111
1101111
11111111
1111101
0110000101111101
0111111
0111111
111111111
011
1110001111010011111001101110
1110011111111
11011111111100
11
11111
11111110
111
11
1
1
1
1
111
11
0
01
1111
011
111
0
1
1
1
0
1
110001001
01011
1
1
1
1
1
011011
1
11
11
010000000001110100
111110111
100111111
11
1
1100111
111111
011111011
11111101
101101010101
1
01111110011000101
11111010010101
11011000001110
11101111010
11111
1111111
11111111
111011001101
1111111000
001110111
111011111
111111111
110110100111
1101110110000
1001110
1101001001
11
11110
111
1
0111001
000
11110
1011110
111111111
111
1
111
111
11
1011101
01111
0111011
1
1
1
1
11
11
1
1
11
11
11
11
1
11
0
100000000
11
11011
11111
010011111
111110011100
111011111101
1111100000011
11110111
111011
01011111111
1101111
11111
110011001
111111
01111111110
1111110
010
11111011
11111111
1111111
1111111100
1
1111111
11011001
111110111110
011010000
1111011101101
011111101101
111111
1110111111
11
11
11
1
1
01
11
11
1
11
1
11
11
1
1
11
10
1
11
11
10
1
11
000
111
000101000011
11
0011100000
11
000011
0
1101000
111100
11000111
11
1101100
11
111
0101001000000
11
1
1011110
111
11
1
1110111000101
00
11
1101110011
11011011
11
0110
1
1101010011
1011100
10111101
01111111100
111
010
11111111101111101011011011010
111010011
11
101111010100
111011101
111
1100111010110
11110011
1111100
011101100011
011111011011
111011010101111
111101111
1110010011111010
111011
11
1111011
1100111011
11111100100
0
1111000
00111010
110
0110111
1111
01111101001
11111
1
11101
111
1000011
11
1111111001
1
001
111
10
010000110
11001001
0000001000
010111
0011
01001000011011110110011110
11111111111111011
111111111111100
111111101111111
1111111111011110110
1111111111111011101
111111111101111
11010111101111110010000111111
01111111110110101
111111101111011111
1111111111111011
11101111101
1
1111111110111111
111101111
0111111111111
111111
1101111111101111001
1111101011111111
1111111111011011111
11111111111110101
1111111101111
0
01010010101
11111101111111001011010001
1
11
1
1
11
1
1
11
10
11
11
1
11
111111011011
11
11101110000110101
11111
11110111001
111111100
111111011000011010
1111101100
110111111
1111101101101
111111
1111111110
11111110011
1111111
1110101
111110000100
01111111
11110000000001110000
1110110001
111101110001111
1
00
11
0
00
10
010
000000
100
111
00
00011101101
1010
0111
00
11
111100111
11
00010000
1
0000001
11
111101
00000001110
110110011101
111111
1011111100
111100001
0100111
01
1011110111
110000011001
11000011
111
1011101
111111
1
111101111
111110111000
11111
11111110
1101
1011
1110
10
10100011
1101101
11110101111001
11100001110
0111110011101000
11111
111011100
111100000000
0001110000
11
111110101
1111
111011
100110100000
1111
1100
110010010110
0
1100111
110111110011111110
01111
111010011101101
000
10111
11101100100
001000011
000000
1111
111011
100
1
111111101100111011010
111
11
11
111
1
011111
001111
11
111101
1
00
1
11111110111110111111110
111110111111111111
00
10
11
11
10
111
01111111
1
11
11
1
1
1
0
11
011
111
11
111
011
1
11011
111
000
1
00011000111110110000
10
001
100100000000000110000010000
0100000101000101001101010100110
01100001011101111111110000100
11011101001100011101100011
111110000100111
1
01110000011110011111111
0101000001011110111001011110011001101100101
11
01111111000101011101110010111111111101101
0111110100110101011101000111011111
11111101111111101
111001111111111111100111111110100
100110010010100100111101101010110011101000010011100
11110101111001011111111010
01
111111111111111011111101
1011111111111111111111111
101110001000111111111111101
00111111001111110110010000000
01111000111100001
111111
01101111110111
11100001101101110111
000000100111101110011
1110111101
111101111110
1
1110001
1
0111101110
01111
1111111
1
0
1111011001111011
111111
00
11111111
01
11011011
011
0010
01101110111111101111
11111100101101
101011100
1010011101111
1111011111110111
110110011000
00
11111100
0
0
111110001
111111011101
110101111100111110100110011110011111
1111
0
0
11111
1
0
111101
0
010111111
0
0
011
010
1010010111111111011101101110
10
111111
11111111111111111111111111111101
110011100011000101010100111011011001101110111100010
1011000111111111111111011011111111
111101100111111111111111011
000010111010
10011110111111111011011111111110011
0110011101111111111110111111111111
10001111100111101111101100111111111100011
10001111111011
101111010001000110001111011111110000010011
001110110011011000101011110000
1110111010110001011111110111111110111
000101100001011111011011111100111
0
0
0
111111
0
111111
0
111101
01111
10100
1
011
1
11110101
0
0
1011111
11
001111101100101
0
0
01110100
11111
1110111
1101111
1111111
1
110
0011110
11011111111111111011011111
1001111110110101101111100
1110111001110111111101111010
01111011001111111101
001111101110011111110
1111111111110101111111111
11011111111111111111101
011101111101000111011110
01110001010111111101
0011111111011001111111
1001111010111001111111111111111
10101111111111110111111
0111110110011111111111
1101111
11111101001101110011111111
1001101111001111111111111
10001001111111111011110001
1111
110111101101111111111111
101111111110100111011111
110100101001111011110111111111110111
101
0
0
1101
0
11
11001
1
1
0
011110111111101010010010011101
1
0
1
1
1111101101
01111111
0
0
100
0
0
011
1110100111111
0
0
11011
0
11111
110111111
0111100010101000
101110110
1111110111
111111011110110111111000110111111111101110000101000010001101
11101111
010010101111101111111110
001100000001111001110011111111100111
1110101111110111111111111110110
10111101111110111111111
11011000111010001111101111101111101110
1101001001101110111111111
1110111001111011010110111100110111100
010010101000011100101111110001001111111
1110000111101011111
011011101111101
1111111111111111101111
11101101111101111011111111111111101111
001110001111111110100011011101111110
1
10
11111
01110
1111111
0111111011
111111111
10100111111
1111011
11110
110111
11001111
111111111
1111111
11111011111
111111
11111111
10111
1011101111
110
101111
10101
11
0001011
0
100
0111111
1111101101
0
11111111101111100111111111
11111001111011010111110101
1110110111110110111011111101111
0011111111111011110110
0110000010010110
1111011011111111110111101
11101101111011111010111111011011
11110111111101110110111
11011100
11111000111111111010111010110010011
011111111001111111
11011111111101111111111
111100101111
111111110010111010011000000011000111
1111101101111111011111
1111111111111001110110111101110
0111111111111001011110
11101111101110111000101010
01000111010111110011011011011011111110
11
0
0
111111111111110
1010000101
10
1
0
11111
1111
111111
000
1110
11101
1101
010
00111
111
1110
1111
100000
111
100111
01111
100011
1001
10101111111101111111010111111
01111111
01110000101010111
111001111100000000110
00000110011010111110
11111011111
11100111111
1111111011101111011
0011011011100111111
0100101111111100110011
00111
010111101011010010111
0111111111001011010
11111110111011
1000
00111
1110
1100001110101
011111111111111110011
101101111001001110
1111111111111111111
11111111111011100011001
111111110111110111000111100
0111011011111111110110011111
011110110011101100011111111011
1110011111100111111111110110010111010110
1111111111110111101111
10011111001110011111
11111110111101111
010001111110
0101
01111011111111011111101100010111011
111111111011011111
01111110001
1111001111110111011001010011011111
000000001100010100000011101
0
1111010111000111100010
00000011111101000000000111110111111011110
111111111111111010
11101111001011111111111
1111111011111111
1110101101011111010111110
11110011111111111111111001111010
01111110111101100001010000001
110111111111111111111111101
1111111111111
11101101111111011111011000101111011011
1011111111111
1101111111101111100011100101111010111
11011111111111111100011
1011111111111011111111110100011011000111001110
111111111111111011101
0001111111111111101101011010110000
0100100110
1101110111101011000010111011101111
01111111010000111111011
0111110011111011110
11101111111110110011100
1111101111111101
11111111111111101
111
11111011011111111101
111110111110111111111
11001111111111110011
1
1
1111111111111101111110
111
1
1
111
11
0
1
100
111
110
111
0
111
11
0
111
10001
10111
1111001111111111011111010101110111100111010111110
1011111101111101011110111
1111111111111111
110111111111111111101110
1101110111101111111111
01111111111011011111111110100101101000
11111111111
111111111101011111010111111001
11111010000011101
1001011111111101110111100110101101111
1011111110111010100000100
1101111011111111111
0011111101111110111101
1000111011111111111111
11101101001111111101111101010011010111000101
1011111111001111111
11110110111
101101011111010111
111000
1110011000110111011101010
11001011011111111
1111010001101110000100
11101011110111111110111110111110010101
111111
1111111111111011111
10111110011000111
110011111111111110111
1101111111111
0010111010111
011111111111
111111111011111111111001
1110101101010111101
111000101001110011
100101111111111
11111000001101100001
111100110111101
0111111111111111111010101
01011110100111111111
01
01110111111100110111101000001101110
0101011111011011111110
11011
111
011
11111111
1111011000011
1110101110011
11011111
111111
1111110
110111
111011101
111111001
111100010010
111111111
1111111
1111111
111
1111011
110111
101111
1110111111
10010000100110000000100100
11
111110
111011
111100000011111
11111
1111001011111111101111110111110100110
001111111111111111
11101001111001111011111
110000011010110101011101111
01001111110111110111110111
011010111000001111101
1110011111100111011110011
11100110111001111
11111101111100011110111
1111111011111111000111011011001
0100001001111011101111100101111
1011111111101111100100
011110100110101001010110111
10110010010100111110111
101111111101111000110101011
111101111111111111111111
00010011110110110001
11111111111101
11111100110010100
111100010011011
1111101111101111111
11
1
111
1
0
11
1
1
11
1
111
1
011
11
111
1
11
00
000
011
00
11
001
11
11
101001
11111
11101000001
11111
1
11111
111
11
11
0111001111011
1111111
11111111111
1111000111111111111111001001000010
110000110111100111110
11111111111100
11
11
11
111
111
01
1011
100
0011
1
11
1
11
111
1000
111
000
000
1
11
110
000001000001
10
1
10111110101111111
11110
1
111111110011111111000001
111
1
0
11
1000100001
0
01
1
11
11
111000000
1
01
0
111101
100001110110001010000110101100010010000100
110
01
001
1
11
11
1
11
11
01
0
11
011
111
11
01
00000
101
0
1
01011
111011000011101010
11111101
11010101101011100011110
001011100000
11111111100111111000
11111101101
11011011010101
1110111001111
1101101
111111110111101001
1111010001
11111101101111111111111
111111111111
1111
111111100010001
0011111
1111
11110111111111
1111110
000000101000001
111111101011110111110111101
111
1
1
1
11
1
11
1
00
0
1
1
1
1
0
1
0
1
111110
11100101100011001
11
1111110011111111111011011011110001110111111
11
10
1
11110011111111111111
0101011001111111110111110100110101010110
0110111101000111110
101111001111101111110001111001
1111101101101
0110111111110111000001
111101111
101101010111011101110
1011101011111111110111011111
100000011111111
110111110100111100111011110101011
00000000011001100001
110101101001110111110111101011
111011101001101011000111110010011000100
1110111011011100010110101111110111
1011101111011101100000000100110
111110111111011011
111100010010000000001111110011001001010010011110100001
0000100111000011111111011
1111111
111011
00001
0
101111110101110001010
1111111110111010111011
10111111011011011011111011110
100111011
01001111111111110
11100000100
0000
1110
000010101
11
111
1111
1
1
1
1
11
1
1111
0
0
001100
01110111110100000111000
001001111011111111111100
0
011
1
1
1
0
0
0
1
0
00
1
0
0111011110010110110011011110110110010001
001001001111001110
11011111110110011100101011000111
01011101111000110011110
010111110110001111
101101100000100111111001111111111101111111111
1111111111100111
111111
01101111110101010111110101011010000011
11111011101111110111111111100100000001111011011011
111011111111
001111111110010010001100
101110111011111011110100
11111
01110011111110110110
11011011
1
011001111111
01011
1111
10000100000
111111011111
11
1
111111111111111111111
11110001000
101111
010110
1
1010010011
1
01110111
1
000
10
11
1
11
1111
11
101
1111
1111
1111
1111
1111
10
111
111
1111
1111
111
111
111
11
1111
111
111
1111
1111
111
11
111
11
100
1
11
11
111
11111
10
00000
11111001
0
001
00
1100
1011101100110
0
11111010010011
11
101111
000000000
1101011
110
001101
11
1110110
1111
1111010
111
111
11
01
111
1110
1111
1110000
10010
10100001111
1
1
11101
1011
110000
1011
1110
11
011
11
1
0
0
11
1101000000000000000000000000
11
0001110000000000
001
0
111111101111111111110
0111111111101111101111
101
0110101110100
11
1
000101111111001110000
1111
11111
11011
110111111
1110111011010
1111111
11111100111
00001000
1011110011110
1111110111010
1111100001
01000100
000000001101111100000000100000
1011101110
0111111011110
0111110100110100011111
000000010110111111001010101011110011
1000101011100111
0111110111
0000010
11111111
0011101100101000
111100010010001
11000111110
1
00
111
00
0
00
000
001
10
0
1
00
010
11
1
010
0
10
1
1001
110000
1
10111
111
11111
1
00
1011
111011
11
0
11
11
010
0
01
00
001111101111111110111110
111000110111111110
1110
00
00
0
1
1
00
01000000
0
111
011
0
00111
111011110101
01111
1001111
111
00000000
111
100010
10
111
0
0
0111
1110101011
0
11
0
0
01
00
00011010
1001
111
10000
1
11010101
111
110001
110
011
11100
1
1111110111101
111
0
10
001
1100
1
0000
1000
0
11000
1
000
0010000010111011011000000000000110110000010
11111111100101
0011
1001111110110010010001011
011011110010010
0
1000
1
01
011
111
01000100000
1101
1101
111
11100100000010
0011
110001
01101000100
011
10111111111111011
10111
1110
0111
00
111
1101
1000011
111110011111
11110
11
110111
11111101111
1110100
1111110000011
11111110001101010111
1
1111
1101
1000000
11111
11
11
111
111
000
11
0000
1111
1111
100
111
011
011
00
111
111
1
1110111
011
11
111011
011011
1111
111
1111
11011
111
0
11010
0010
11011
10101011111111
11111111
01110
11100101101111000101001111111
1
101111100
1101100010
111
11110101011101110
11100110100011101011
11111
00100111011010101110100110001
101101001101
11
0111011101101
110001
00
000
1111
1111
11
111
011101111111
1111111111011110011
1111101111111110
11011111111111
11111111110
11111111111
111101110
010001111111
11111111111
111111111011111111
1110111111101111
111111110111111111
1111111001111
11111110110111101111
111111
11111110111111111111
11011101111111111100111101111011
11110111111
1111100110111
1111111111111
1
0111111111001001000111000
111111101111101
1
001
10100
100111000
1
1
1000010100
10111
00000000111100011000111100
10111100
11000110110001
111
0
10111
11000010001001
10100111
1111100010100010011000
1101
01110111111
010
1111
1111
110
11111111111111
111
0
111
10
1111
111
1111
0000
111111
1001111010001
11001101
0
0
01111110
1101001010100001100000
110
101110111111
1111111111110
111
0
11110110
10000111
100001
11
11
011
1
1
111
011
100110001111010000010001011100100010110011010010
1
100001010000101
1111111111111111101110001
1111111111
0001001111010011
010110111000011111
000110111110110000001110110
111
1
000101
11111011
01
010111101011111010011110000111111
11101111110110101010110110110
01111111111100
00
0
101100110111111101001011001101
111011100
11110001
11111
111111
111011
11101011
11111
1111
11
1111
11111
1111
11111
11111
11
11111
11110
1111111
111
1111
101111
1
101
1110100110
0
1
100
1
00
100
000
0000
11
0000
0111
11
00
1111
1
00
111
1
111
111
0000
1000
000
00
000
0
0
000
10
0000
00
1011
001
00
10
01
00
000110011000
111
000
11
011
1111
11
0000
1101
1101
00
110
101
1
1110
001
1111
111
11
101
111
111
111
101
00
10
0000
101
11
111
11
1111
111
111
1111
00
0111
1
111
1111
110
111
11
11
1111111
00111011
111111111011011111011101
1111001111
101001111
010111101001111
1011111111
11110111011110111100
01111111011111111011011111010
011101011
11111111011101111
11111
10101000101
111111
11
1
11011101
111
101
111110
00
111
000
111
0111101111001011
1111
1011
010
01
11
111
1111
1111
11
10
1111
1110111
1111
10
00
11111111
011
111
1
1
1
111011
1
100
10000
111
1101
00111
11001
0
1
01000
000000000
00
0101
00110000
0
111
00
001010
0001110001
111
000
0
111
0
0
0
0
01
00
01
0
00
00
00
1
1
0
0
01
00
0
11
011
11100010
111101
111
111
1011
01
111
1
011
00
10010100
10110010
011
00000000111000
0000111010000
00010
000
11011110111
1011
1011000
000000000
0010000
10000000
01
1
101111
11111
11111
11101
011111
11
1101
11111
111011
1111
111
11110
101011111
11111111
111
1111
0111111111111
111111111111
11111111
111111
11
111
101111111011110
111111111
111111111
11111111
11101111
11111
111110011
111011
101111
11111000101111
11111
11011111
1111101111011
111010011
111011101011
111101
111111
1110110111111
1111011011110
11
111111111110
1111111111
111001011111100
1110111001111
000000111111000110001000110001000000001110
110
11111
1111111110110
10
11111011
11111111011001
111111111
111110011011001111
1111110
0110
1111100
1111101110111
11111110111
111111111
1110111011101
00001010111101010001101101111
110111111
111111111
110111011111
1110100011100
0111111111101
111110111111111
11111000011101
1011101
1111011101110
11111111111
11
01
0
0
0
0
11101011
11110000
00111
10111
1
11
01
1111101
0110111
1
11111010
1111
1111
0
111111
11110101
1111101111
1111111111
11111010111101011
11
111
01111111
1111111
11111111
111111101011111
1111111101
0111111111
111111111
11111010111101
1111111111
1111
1
1
1
1
10111101100111111111111111
110
111100001101011110001010101001
11111111
101110101
111010011111
11101111010
001110101101001100000010010
0110011111111110111101101101
011111111
111010000111111
0000000011000100
111001110011100001101110011100100
110101110
100100110101
110100110
1101
11
1111101101110111001111011
111111111
1111111101111111110111
11111111111
1111101101111
11111111111111
1111111111
111111111011
1111111
111111111111
1001111111111111011110
11111110110111
1111111111101
110111
1111111
1110111101111
110011101
1111111
11111011111
011011111111011111
011111111
1111111101111
111110101111111111
10
00
0111
0
110
1110111111
1111111111
000101100100100111
11101111110
11111110101111011111111
01101111110001100111101100110111111111010
111111000100111
111111110111110
1110111111111111111111
011110111110110000100
0101111111111
10100011
1
0
1111110111
0101111000111111101101101111110010110101110001
10111110011111000011000010111111
011111011
1111111
11111101
110000000011101111101010111000011011110101
111011111111
111111111101111100110
100010110000111010111010100011011001111
1111111101111101
10110001110
1110000000101
11111111101111
1101010110100100111
1111110111
11111
1110101010
0101
0
1
1111
110110
11011111
111111011110111
111100111111111110111010
001100001000100100001100101000111001101110
1111111111101100111010
111100001001101101
111111111110111
11011111
01111111
1111101
10111101111
11
11110
01111
11101011
11011101100
1110110
011
01
1
1
01
1
11
1
1
11
1111
00
1
11
10110110111111010
10
01
1111101
1
1111
1111111111101001011111111
011010011111101001001111111101111100011001111101011100
0111111111
01101010111100
100000111001111001100110010000000011
0110000011010100001001100
11
11
000
1
11
11
111111111100111101
00
00
0110111110
0
0
111100
00110
1
1001
0
1
0
11
01
1
11
01
1
1110110
1
11010000010010001100000110011000010010000000011000011
10010100
000
1011111110100
0
1000000
100011000000110100010000110010100
00000000
011010011111110000110000010
0101100110011110
10
1
1
1
0
11
0
1
0
01
1
10
00
0
1
0
1
1
0
1
0
1
1
1
1
1100
01
011111000100000
0111
001011
100110001
11000100000
0000000
1
1
1
0
1
1
1
1
1
1
0
1
1
1
1
1
0
1
1
1
1
1
1
1
1
1
1
0
0
1
1
1
1
0
0
1
1
1
1
1
1
1
0
1
1
1
1
1
1
1
1
0
1
1
1
0
1
1
0
0
1
0
0
0
1101
11111
00
1
1
11
111
101
111
1011
11
1111
11
1
10
11
111111001101100011
0101111111010111111010010111101010111
10011010101010101011111011000000000011001010001100101
011
011
010
111
111
1111
1111
1111
111
1
111
111
11
111
011
110
111
11
1101
11
1111
11
111
101
11
11
1
111
110
0
1111
111111111011001
00
00
1111110101011000
1
111010010
111111111000111110
1110001
110111100100010110
00001001
1101
1
1
1111110000111111111111111011
0110111
11
11011111000010001110101100
00110
11000
111
111
110111
11
0111
011111
11000
10111
111
10111
1101100
000111
1111
0100111
11100
011
10110101
11
0
0
1
1
1111101
1
1
000
1111100011
111001
01111
11
11
1
100
0
1100
111
1
1
1
1
1
11000
1
0111
0
1111
1111
1
11
111
111
1
00
11111101
01111
1111
001111
1111111
0101111
1111
11101
111111
11111
1111
1111001
11
11
01
1101
0
0100111
00
1111
0111
1111
1111111
0
000
1111
101011
000
1
000000
011
111
1111
011101
111000000
111
0110000
101
11
01100100
01010100
101
10000
0100011
101
011
1
1
1
0
00
1
1011
011100001111101011111001111
000
000
01
1
11011
0111
1
1
1
1
11100
11
101
0
001110
10
011
1
1
1
001
00
000
000
000
001
1
1
1
110
1110111110111001111010
1111111101110001
111111
1101
111110
110
1010111111
111
1
1
1
11111111
1111111101
11
1111111
0111111101101111
11011111111111111100001011101
1111110111111101000
110111101001101010101111
111110101101111111
111101111111101111
1
01000111111111001111010111111110
1011011111111101011110111
1
11111110011
1
11111110001011
11111
10111111
010
111
01
111
11
1
11111
11101111
1
0
0000
0100
0011111
00
1111
01111
00110
0100
00100000010001111101
0
01
101111
11
1111111
100111
10111011
1011
1110000010011
1110000
1100011000
0011
0011100000011010111
1
111
00000
0101
0111
111
11
1101
011100
111
001
1101
11111
1
00
10011
11
01
101
111
0110000100101011110
111
10100110
1111110101000
0111111001000
100
1110010110
0
1111111
111110
0
1
01101110111
111
0
100011011001101001
0111000011110
01111
1111011
1
00
1
11011
101011
00000001100
0
11110110
1
11111011
0
11
1
1
1
1
0
1
1
1
1
1
1
0
1
101110011111111111000011111
111
111
111
1
000
1
0
01
11
1
10
1
1
1
1
11
1
01
111101
1
1
010
001010110
1
1
1
000
000
000
00
0
01
111
000000
11
001
10
00
1
00
1
11111111111
1011101111
11110111
00001110
1111
10011101
110001111
0111111010
1100111111
111101100
1010011
11111100
01011011
100001111
11111111
000110011
1111101111
01011001
1100110
0
1000111111
0
0
0
0
1
011
0111101010
10
0
0
1
11
111
011
00010000010100
1
0011010110111101
001111101011111
111111111
11101111010111101111110
11110110101001011101101
10111111110101101110010111010
0111111100001
111110100110100111001000100
00
00
1
01
11
1
1
111111
1111111
0010111000111100
11
0
11
1010
1
0
111
10
101001011
110
11100111100001111100000
100
0101
1
1
1
1
1
0
0
0
0
0
0
0
0
110011111101
1
01
1
00
011100000
011
1
1100
1
0
1111
0
10010
0000
111
1
1101
000
1
00
1
01000
0001
111
00111110110111
1111000111
11
011
1010011
0111
11100101101
11111
1100
0110
111
0000000100
011
1
1111110101101010111111111
11101111111
11010111111111111
111010
011
1
0
11
1
111
011
011110111100
1
11111111
1
11101100
00
1
11100111
00001000000
01111111111011
11111111
111111111100
1
0
1
01
0
1
001
01
011000
010001010100010011
0
101
101001
0011100111111
100
1
10111100
0
111
1
101
1111
1011111101011111111110
11110111
000011
10111
011101111111101100000111110000
110001
1
11111
001
11
1111001100
1111
011
11100
0
1011011
0
101010101110101110111100000111011111010100110011000100000000
00
0
010
1111111
111
10
10
0
01
00
01
11
0
10111
111111
011
11
1
11
111
011
0
11
1
11
01
1
11
011
111
11
000
1
111
111
0
1
1
0
11
01
11
1
11
111
011
1
110
101
11
11
11
11
1
10
11
111
111
0001
111011110
000001
10
10
10
11
111
01
1
111
01
01
111
10
11
01
00
11
01
111
011
1
01
1
1
101
11
1
11111
0
0
1
11
011
11
111
00
111
00
11
10
01
11
111
111
01
11
11
11
01
011
1
111111111010011
11101111001110
111111111101
10
101
110
1
1
1
0
111
1
1
00
01
1
1
011
00
1
000
11110111
11
10011
0000
01011
11
111
11000
000111
1
0
1
000
0
11111111111111
00
11011
1101
1
1
111010111111001110
11111
0
0
0
0
111111
11100110
01101000
11111101000
0100000000000010011001100101
111
1
11110111
110
1
10000101111001111011100010000100000111011110
111101111
01101001101
11110011100110
1
101111
11111011111111
11
00
0
010
1
0111011110
10111111000100101110010
00
0
011
11100
1
1
11
1001
11
111011
1
11
0
1
0
1
1
1
1
1
1
1
11111
0
0
1
0
0
011
1
1
1
1
101
11
1
0
0
0
1
11111101
000
1111
1111111
011111
10111
1111
110
11
000110110
11
10
1101
1111
1101
00001100
01101
1011101101100
11
11101
00111
01100
111101
10000011110001
0
01111
00
010101
1110
1110001101
111001
0000111
11000110101
0
1101101
10111
1001011
0
1111001010
01100
11010100100
1111000
11111
111101
0111
0
11
00
0
00001
1110
11
11
1110
00100
111
00111100111
111
0
1
0111101
0
1
01
011
00000
1
1
11
111
10000
000000
00
1
1010110
11101110
011
01
0
010000000
1
0
1
011
11
01
1
1000000
1
10
10
11
111
000
0
10
011
0
01
1
1111101
0
001
11
11
1
11
000
1
0
00
1
1
01
1
1
1
11
0
01
1
11100
1
00
00111
101
011
1
01
11001010
011
11110
1
0
1111010
01
100
1000011011111100011011
11
10101
11
11
1
0100100001000001101000
101
1
110011
110
11
001
11
01
1
0
1
11
1
01
00
11
001
01
010
111011010101011100
10
110
01
0111
1
1111011011111000010
1
101
01
111
1
11101011011
000
11100110111111100
01111
01
1
1
0
1
0
01
1
0111000001
011
11111101
00
111111
1
0111
0
110100
1011
110
01
0101
1
10
1
1
010
10
0010
111110
1
1
0
0
1
01
1011
1111
1
111
1
011110111
1
101
1011111
1
1
1111
1
0
0
1
0
1
11
111
1
0
010000100000001
111
000000011
1111000010
1
100
000
10
1
00011
1
1
0
01011100110
01
0
11
00101
01
0
1
1
0
11
111
1
1
01
00111
11
11
1
011
1
111
1111
0111
1101
0101011
11
01
100
1101
100
10111
111
111
11
1
111
11
1100
1
111
0
0
11011
1011
1110
00111
11
11
1111
111
11
11
1
11
11
0
1
11
01
1
000
111
1
10
0
01
010
00
110
11
1
1
1
11001
1
01
1111
111
11
1
1
1
0
000000001
111101
111
0
11101001000
0
0
111
1
10
000
1
11
11
111
1
111
0
1
0
11
1
1
11
011
11
1
111
1
000
11
11
11
1
111
0
101
01
0
001
101010
1
10
11
11
1
101
11
110
111
11
11
1
11
100
11
0
111
110
1111
10111
111
011
011
1111
111
11101
11
100111
0
1010
1
1111
11
11
11
1111
0011
11110
1111
0
1
10111
1101
111
111
11
1111
0011
10011
0
1111
10011
110
0
0
100
110
111
0110000101000
11
11
111
1111
0
111
11
111
11
111
111
111
111011
1
0
011
110010010010
1101
11
1111
000001110100010
1
111
0
11010110001011
0
1
1
1
001
11
11
1
1
111
0
101001
11
111
011
11
11
111
0
0
0
0
1110
111
0
10
111
1
11
111
111
111
111
11
110
1111
11
000100000
11
111
111
1000101
1
1111
111
011
011
011
11100
111011
111
111
11
1
110
1
10
011
1110
1111
111
11
11
111
1
11100100
11
0
11
111
111
1
111
0
11
1010110
111
11
11
1
111
0011
111
111
1111
111
100
1
11
011
1
1
111
01
111
1
100
111
0111
111
1
11
1
111
11
11
0111
10
111
11
110
1
11
1111
10
1111
1111
000111
1100
10
10001
001
11100
1101
0101
11010
000
110
1111
11
1111
1110
0000
10
11
0
110
000
001
011
100
1
111
111
111
111
0000
0000
00
10
101
110
100
00
00
111
110
11
1
01
1
010
111
011
1
01101
10
11
1
1111
11011
11
111
111
101111
110100
111
111000
111
111
11
10
11
111
11
111
11111
00
11
111
11
11
11
1
111
01101
1
11
01
11
11
11
00
1111
00010000
111
11
11
1
1111
011
1
01
11
100
111
0
10
110
11
111
1
011
11
1
11
11
0
111
11
11
11
111
0
1110111
11
11
1
11
111
11
10
11
1
1
1
1
110
111
11
1
101
11
111
11
1
011
11
11
11
111
111
111
1111
111
11
0
0
11
0
11
11
1
11
1
11
111
1
11
1
0
00
111111110
11
10
11
1
1
111
111
01
11
1
111
1111
101
11
111
11
110
00
11
11
11
11
101
1
11
11
1
1
11
111
010
1111
111
1111
000
11
1
111
1
11
1
10011
111
11
111
01
11
110
11
110111
00000000
111
01011
01010000
0000101
1
00111
111
111
11
111
101
11
0111
00
11
111
011
111
00001000
001111010000000000000
1
11
11
1
11
11
11
11
010
1
111
10
111
101
1111100
11
111
001
10
1
011
1
11
111
01
1
111
111
111
1
1
0
0
1111
11
011
111
0
1
111
111
01111
111
1111111111011111111
11
1
11
11
111
111
1
001
11
010
100
1
00
11
11
1
101
1
1
111
11
1
11
1
11
1
1
011
00
1111111111101111111
11
11
01
000
11
101
1
1
110
1
111
11
11
101
0
1
1
1
1
1
11
110
11
1
1
10
11
1
011
1
11
11
0
1
10
11
111
11
1
111
11
11
101
111
01
011
0110
11110
111
111
111
111
11
1
10011
111
111
1
1111
111
001
111
1
0
011
11
1
1
0
1
1
1
1
1
1
1
1
1
1
1
11
111
11
11
11
01
11
111
1
10111100000
00111
1111
1111
1
111000
0011
00
1
1
110111
111
01
000
111
11
111
111
111
111
111
10101
1
11
000
01
11
111
1
111
11
1
1110
111
110
11
111111
001111
11
111
100010101
11
1
1
10
0110
1
011100010
01
111
11
111
1
111
1
11
1
1101
11
11
11000001
110
01
111
11111
11
110
1111
11
0
00
1
01
111
00
100
1
1
101
1
111
11
11
111
111
11
110
11
1
1
11
11
01
101
11111
1
1
1
1
11
111
1111
110011
1
1
11
11
1
0
1
1
1111
1
11
01
0
10
1
11
00
1
111
1
11
00011111
10
011
1
11
1111
0
0
