00
1
1
11
111
11
1
1
1
1
1
1
1
0
1
1
1
1
11
1
11
000
11
1
1111101111111
1
0000
1
0
1
1
0
1
0
1
1
1
0
1
0
1
1
1
0
0
1
1
1
1
1
1
1
1
1
1
1
1
1
1
1
0
1
0
1
1
0
1
1
1
0
0
1
1
1110011
11001
111111
111110
11
1
11
11
1
1
1111
1
11
11
001
1
111
11
1
1011111
0
11
1
01
1
1
11
10
1
0
11
11
1
11
111
1
11
1
11
111
111
01101101
1
1
1
111111
1
11
111
1111111
1111110
110101
11011
11100011
111111
1011
11110
11010
100101
1000011
1001111
1111011
101101
1111110
110111010
1111110
1110001
101011
11011111
111
000111
0
0101110
11
1
0
0
1
0
10
11
1
1
1
11
1
11
1
11
11
1
01
1
0
11
0
11
1
1
11
1
1
01
11
1111
1
011001111
1
1
1
1
