0
0
1
1
1
1
1
1
1
0
0
1
11
111
11
11
11
1111
11
0
0
0
1101
000
0
0
1
10111
111
0111
0
0
0
0
0
0
1
0
0
0
0
0
0
0
0
0
0
1
0
0
0
0
0
1
0
1
0
0
1
0
0
1
0
0
0
0
0
0
0
0
0
0
0
0
1
0
0
0
0
0
0
1
0
0
0
0
0
1
0
1
0
0
0
0
0
0
1
0
0
1
0
0
0
0
1
0
0
0
0
11111111
1
1
0
0
0
1
1
1
1
1
1
0
1
0
1
1
1
1
1
1
1
1
1
1
1
1
1
1
1
1
1
1
1
1
1
1
1
1
1
1
1
1
1
1
1
1
1
1
1
1
1
1
1
1
1
1
1
0
1
1
1
1
1
1
1
1
1
1
1
1
1
0
1
1
0
1
1
1
1
1
1
1
1
1
0
1
1
1
1
1
1
1
1
1
1
0
1
1
1
1
1
1
1
0
1
1
1
0
1
1
1
0
0
0
0
1
1
1
01
1
1
1
10
1
11
1
11
1
1
1
01
1
1
0
1
1
0
1
0
11
1
11
1
1
0
11
1
1
1
1
1
1
1
1
1
1
1
1
1
00
11
1
1
1
0
1
0
1
0
1
1
00
011
111
1
0
1
1
00
01
111
1
10
11
111
111
11
11
11
11
11111
1
1
11
1
1
1
111
