0
11111
110011110101
00
11111
0001
11
1
00
11
111
0
01011
0
0
0
0
101
1
1
0
01
01111
0
1
111
000
00
00011
100
11000
01
000
01100110
11
0101100001000010001
11110101110110010010010001
111011001
1111
00101
011101
11100111100000011110
011111
110111
1
1111111001
0
1
0
1
1
00111
11101011
11101110101100110010100001101
1000101110000101
1111010010110000
11110010001
0111
011101111100
11111101110
11101011011
11011111010101
110100
11110011
0
1110110101011010
111010011011
10
11101111011
011111
0
0
1
1
1
1
01111
1101011
0
100
0
0101
11
01
0
101
101010000
111
1110110
1101101
11
01
11110
11
011000111000001101
0011101
101
1
001010000
1101110111010
1110000110001
111101110110010
111100
11111100
111
101011001
01110001
0000010
01
1110
11
0
011
1
1
11
011101110
01010001
1111101110
1
0
000
011101101
110011001011011010100
11111101
1111101
11101110
111111
11
11
111110011111
11110101
001111
001
01
110101100
101011
0110110100
111
110011
111100010
11110
1101011101011001001
1100111
11
11
1
1
0
0
0
1
0
1
0
0
1
0
1
1
00
0
0
1
0
0
0
0
0
0
0110111
1101011101111000
0011110
0
01111
1
1
0
0
1
111
0
1
1
1
0
1
111001
11000001000
11111
11111
100111101000
1100101
1110111001111011
111
101
01111
101111010000000
1110000
01010111010101100011
001111
111101
0
0
0
1
0
1
0
0
100
1111110101
0001111
1
1
0
0
1
1
0
0
0
0
00111
0
1
00
11111
1001011
0
1011011101111101100
1011100
11110100
1
1
00011100
111111
0
11110110011
000100
11101110011
11101
1
0
0
1
10010
011
01001101
111110
00111
01100
11
1111011
10111
110111001011111
110
1
1
1
111101001
11111111111100011
111011100
1101
0000
010010000
01
000
0
00100000
11110010
11111
11
0
1
0
0
0111
1111010111
0000000100
11101
111111001
0110
110
0101110
00000
001110011011
011111
1
0
011101
00
01
110001
011010
111111001
111111
011
1
1
1
1
0
1
1
1
1
1111010011111
111110001
1111100101
0
00110110111
0
1111110110
0011100
0111101001
1
1
1
1
0
1
00000
11
001
0
1101
11
00
000001
111
11
10111
011
01
1111110
11
01
011111
1
01110000100
011
0
0
01
11101
0
111100100100001000100
0101101
1111110
0001
0
111
111
0001
0
11011
1101
1
11001
01
11
101
00001
101011
1
0
0
1
0
0
000
011
011
000000000
111
00
0111
011
11010
110
11
0
1
011
11
011000
11
0
0
0
011
11
1
11001
11010000
0011
111000
1010111
1
101010
111
001011110000
1101
111
100011
1100
00011
11
1101
0111
1101
1
00111
0000111
0
0
0
000010000
001011
1000
1011
11
011
01010000
00111
11
00111
1
0
11
0011
0111
0000000101
0
11
0000000
11
1
01
11
0
0111
101000
101011
111
0111
011
1100
111
1
11
0
011
111
000
111
11000
1
111
0001
111
111010000
101
10010001
00011
001
111
11100
0
0111
1110
01
11
11
111100
0111
0111
0000000
0101000
010111
11
00100
0011
0
110
1011
0
11100
000101
0
00111
111110101
11101011
11111
01111011
0101011111101111
110111110111001
1110
100011
11110011
0
1
0
0
1
0101
1011001101
11101101
01111100100
101111
111111
001111
11110110111
1111100001
1111
1111001
1111110000
000010
01110
011011101
01
1110110
000
0
001
01
0
100
0
00
111
1011010010
11
110111110101101001
100101110
000000
0111
0101011110010101
1001
1
01011011111000100000
00
0
0
0
10100
1110011
11100111111
10101000
11
011110101101
1111
0101
0111
11111100
0100110100111011001100010011
1111100
0111
11001101011
111111101011
00
0111011
1111011111110
11101110000110
1101
11111110011
11010001
111
01101010100011000
10110101100
0
00110
11000010000
110001110
1011011
01111
000
101
0011
10111110101111000010010011
1111000
01110
1011011
01101000
11111110111101
0111100110
0010101011
111
01010101111111
111111100
1
110110101
111110
101101100101011111111
0011100
110101011
111001100000010
0
0
0
1
0
0
0
1111000
1110111011100
0
011101000000100
111101101
00
00
011111
0
0
011
10
0
0101
00
00
0
0
1
11010
10101111011111
11001
11010
110111000101
1111111111111
00111011
00000
1000111100
11100000
001
1010
00101
011101
11111111001111
11110001
1101001
000000
1111011111111
10101
011011111
1101101
1000011100
0010
11101111111
0101
11101111
10011111111
11111101111000001100011111
0111110100110000
1101101100
111111101
101010
01100
0101110111111
110111101101110011111
00
0110101011111000111110
11011001
110111111101011111
01001000
0111111
1011
11011001
101110111
1010011100011
1101111101011
11111111101101101101101
01111
10110
011101
11111
1111110
111111111111011
1111111
11111110111
11111111
011111011
0000000
00
0
11000
10111
11100
10111
1101
111
10011
1
111
1100
11
00011
10111000
1101101
11
0
1111
111101
111
001111
111
11010001
00
111
011111011111101111000011
111
101110
00001001
01010
11
0011
1110
0
11000
1111
11
1
1
0
0
0
0
1
0
1
0
1101110111011110000111
0
00
111
0
11011
010
01111
000
011010
000000000000000
1101101
111001111
1
11010
100001111011
10
00000
111010
1
1110100000001
0
01
011
11
111
0001
0101
10
101
000
0000
1001
00
00111
00000
0
1011
000
1000
0111
10101
000
0111
0000
0
10000
000
10100
00000
0101
10100
10
00000
000
0001
00011
0
10100
0000
01000
0000
110000
0
010
011
00
00000
100
01
000
10011
0101
000
0000
0000
0001
01
11000
000
00000
0000
0010
000
0
110
001
01000
011
0000
0000
010
0000
0000
00111
000
00
00000
0
1110
000
00000
00000
000
00111
00001
11
00
00
1000
00111
110
0000
000
000
1101
00
10
101
00
000
10011
00
111000
011
00011
000
0000
0
00000
10
0111
000
1000
0
000000
00000
010
00001
11
000
00111
00000
0001
011
0011
000
001
000
000
00001
01001
0
1000
000
0000
0011
00000
00111
000
00
000
01
0000
000001
1101
010
10111
0001
000
111000
0000
1
0
010
1010
00
0000
0000
0000
000
11101
00000
1
11110110
0001010
111
111
11
0000
11
0111
10
0100
111
011
001110
11
0101
01000
11
1111
111111
111
11
1
111100
110111
1101101111100
110
000111
010
1
1000000
0000
00101
10111
11
0011
00001
00
0
110101
10
11111111110101
000
0000
0111001101101001
10111
001
000110111
11001
011
111111111011
0
1
111000
000010
0
0
0
0100010
0110
0
01
000
11011
1111111
111111
11101111
010010
1111110110110100
111110011
000111001
111110110010001
110010100111100
1111111
00001100
1011
0011
00001
11
01
0
1
11001000
11
111
00
0
1111
000
0
0
00
0
0
00
11111
10111
0
0
1
01
1111111
011111
11111100
1111111000011111
001111111111000101100010000
111111
11101111101110
11110011001110
1111110111
0
11
11
000
01001
11100
0111
0
111
1
1011
111
00000010101101000
0
0
0
0
0
0
11110000
0001
11111
0
0
0
1
0
0
0000
0
11111
01
111111111000
0
111
11100011
111010
1111100100000010
101001111110110110
00
0101111101111111
110
110101110111011000011
1011000111
1100
010
001
11110
0
1101
101100100
0011
1110010
101101
1110
011
11
10111
011011
00
1100000
1
0110111
000101
001
1101011001101000101
111001011
11
11
010111
0
10011
1101
00110011
101010101
1101011
1101
111001
1101
111011
11010111100
00000
10111
10
1101
101110
11
0111
01
0
11001111111001011001101100000011110
1110010110
011110101001
00011010
0
010101011
011
1100101
0
0001100000
111011111000
11101001
0
0
10011
1101
0
0100
1111
11011
111
1111
1011
0111
111
111
111
111
1100110
111101
111
0001010
11
1111
111
1011
011
111
11101100
111
0111111111000
1111
1100110111
11011011
001
111
1111
1
0111
1110
10
11
11
11
10011
1000000
111
11
111
10101
1110111
010
0
0101001011
111
111
11
0000
0
0
1
1
111
0
11
0
0
1
0
0
1100110111101100010110110
0
10000010010
00111
100001100011
011
11101011101
110111100
010011
0
1001000100
111000
0011
1100101
111
00010
0
0111100
011111
011
1101011
011
11
0000000000
110
111
0011
11011
10111
0101
0101001
01
10110
1
011
0
001
0
11
0011
1011
00000010
101
1101
011010111
01101
11000110
0111101111101
000100
0
1110011
10100
1
110110101
01
1
0000011
110101
0
0
010111
00000010001
11
10001111000011100010100101
1100101001011111011110110111110
01101111001011000100001
10111000000
11
110110110000
0
1
0
1
0
0
0
0
101111111001
1
0
0
0
0
0
1111101001111110010
10001
111000
11
110110111101110010101111111
001110
110110
01
110101
00110
01010
010011
1101001
1
11
110000
0111
111000
11
1110111100011010011011110110101101111100001001010100
0
0
01
0111001111011000010001000
10110001111111111111101111111101001
10101110010010001101111100010110101011010100
1000111110001111101111110010001011011
1111110101111011111101001101
1011111010011001100011111011101110011101111111100011
01010110011101011011011001010010001110110
111011011100111100001001000100011000
111111111101000000011101111110001111011111111011110101111
01111111101011011001111000100111101001011100
10111111110111111110101101101111
0011101011000000011011111010000110110100001100111101
10101110011011101011111011111110101
00011111101111111111111100011011100110
11111101011111110111110100111101
11110111011110011111000110110111111111111
111111100111110001011111100
11110
0
0
0
0
00111
0000
100011000110000
0011011
00
0
0111
11
1
100
1
11
1
110
10
10
0
0
0
1
00
00
0
01
11
111
100
0
100010
101
101
10
11
110
1
111
11100000001101
111
1
011
0
11
10
01
111
11
10110
1101101
010
011110
01
11
111
00
01
01
11
1
0
111
01
111110111
11
011
1011110
11
1
1111
1111011010001
111101
00010100011000
0
01
11101111
1111111000
010
01
0111010
010011
11
1
1
1
1010011000
11
110
11010
1
1
11
11
11
1
10
000101001110
1
10
01
00011
1
11
10
0
1
01
00
1
1
1
1
1
0
0
1
00
0
1
1
001
00
1
0
10
0
0
1
0
0
11
0
0
0
11
111
00
0
01
111
0
10
0
111
01
01101
111111100000
0111
01010
100
11
101011
00111
1001101000101001
1010111
11
1
0
00
00
10
00
01
0
00
1101
01
111
1011
111
00
000
001
00
1111
0
0000
100
11
0000
1010
00000
00
1001
000
1
0
1
1
100
1
00
100
1
01
01
10
1
1
0
00
00
1
110111
11
11111
1
001110000010
11110110110110
011000001000111
0100000010
0100000000
1000101
000
110
1
11011100110101101
10101
1110
011101101110100001000111011
011011100011000
0000000
011101010101
110110
110001101011
000010000000101100100
11011100
011001110001110
00011000001110000000
101111010101000001000001000
1
01
0011
11
11111101010011011111111111111111111
00011000
11
111
0110010
1101110110001001
1
1111000100001
1
0
0
0
0
0
00101
00
111101
11001
1
00
010010001
1110100
11111
01
0
1111
01
010
10
01
0111
1
111
01
100011010100101
00
1101
0000
0
0
111010
10111011
0110111111001
11111001
0111011
101011
11110000
101111
010011110000011011
11101
01111011
111001111101
10110111
111001
110101010101
111010101100
1100110101
111010010110000
101000111001
0
0
0
1
0
0
1
1
1
1
0
00
1
0
00111001001011111000011100111111
00
111
0010
1111001
010101110100101000101101011001
011
01
00
00000000
100010100
1010000111100
110
101000101
0
001001
0
01111110001010100000
111011
110000110
111110000
1111111111001010
11111
01111
11100111
111111
01111
1111100000
1101111
11111
0110110
10110111
1101101
01111000001
110001
111011101000001
11011
000000
0111101001
111
0
111111011
1
11100
1010
110110
11000111000100000000
11
110110111000
0010100011
00
1110001011
01101010000011001
110011
1111101101
1101101101
111001110
1101100001111
1101100
101111
1101010
110101
0011001101
011111001
0011100110111
01111001
10010
11111
11111
1100
0101000
000111
0100
111111
11111
001011
1110000
1110111
001000
111111
110011
11
1111111
11111
011110
110011
1111
01010
01010000
111
00010
1111111
11100
010110
11000
11101
11101
000001
1111
1101011
000010
01110000
111
101111
1111101
01110
010110
11110
111111
1100000
111011
00011
0101011
111
0001011011111101010100001
11110
101111
1111111
000111
111100
0111111
1111110
0010111101001100101001
1110001
0111111
11111
0110011
100011110000111010111111010010
001111
000010
11111001
1
1
10011111001
000
100
11
10
1110111
110011001001
11100110
0101
1111
111
00101
1
1011
11101
111
11100
00111
1101110
00111
1111
1101
10011
110
0101
1101010
111
1111101010
1110
111
111
1111
01
00
111
11110
00000100111
11110
0111
011
1111
01
111
01
01011
1
111
00111111111111011
111010000000
010111
0010100110
00
011011011101
1000101111
110110100
00011111000
1110100101110101
1101111001
11000101
0
1110010
11010011110101
00110
1100101
011
11111
01101000
00
0011000110001101
1010110000
00
1110
110010
01110
00
001111001000
0
1000100100
11111110111
01110011010
11110111
011110001
11111
001
1010011011
111
1
1
0
0
0
0
0
1
100
001
100000110001
010
00010111
111
111
11
11
001100011
0111100111011
0111
1110110011001
11111
11000000110111101010101111111101001101000010
11111011111001000010000100010001
111011101110100001
11010000100010000010010011
0000000000
1110010111110101110001
1010011111101000111110011
1111011111110011111111
000100010100001000101011111000000010
0
1110110111110101111110
0001001110001100101010111111101
011100011110001010001011000010000000001000001110110100
11111100011100011
00010011101110001100010100011001111110
0111100000100110111110010001110011010111111
0000000000
1010111100101111001111100011
11111111111000011
1000111111101111111000011010110
11110111
1101110000
0
01101
1
0100100
0110101
01011
00000
011101
00000
010
0000
11101
000
111100
11010000
01110101
0110100
0001011
10011
01100
01011
1111
000
100000
01000
1
10010
10000
1
0
10
0
0
0
00
0
01100
00
010000000111
0110111
110111111
111111
0000001
0
000011000100000101110011010110111000000111110
1110
001000
01
10
0
1
0
01
1
0
0
0
0
1111100111100101000000100
00100001
11001111101
1111011110101110111100000100100111
0110
11111101
1110111111
00111
000001010111001000001001111
11
010011110101100111110110000110011010100010
000000
0
00001000110110011011110000101110100011101000101001
11011111111110011111
1001011100
10111110001100101011011011101
10011101110
11111011101111111
11111
1111111001110111111001
01011000111111100111011000001
11101111111111111001
1100111110001111010101001010001110111
1101110110100111
110111011011101011111011110101010
11111101111110101
11100
10110010000011
01110110011100001001010101
01100
10
1
1
10
11
0
0010010
10001
1111101
00000111
11010
11
110
111110010001
0111000110000101100000
001
1000
1
0
1
1
1
0
0
1
1
0
0
0
1
0010
11111
00110101
1111
00000
110111
000
00000
0000
100110
111110111101100011010110000
0000
1011110110111101
00001001
00111010010011111000011000100110111110010110
11100111010110001110101101
0010110111101110011000111001110001011011111001111001110
00
110100100010100111000101100
010100001
001110111101110
0000
000
01001111110110111
100001011000101111011111001100
011110110110001
1010001100011001110011
001010000000011010111110000010110
00
10000010111101100
000
00
1
1
0
1
0
1
0
1
1
0
1
0
0
11001000111000111
1
011101110110110111101
010111101000011000011010011111
1101101010110110010010111010
1011110000111010100110010
0110001100110000000010110001
011101111101111100111110110010
00011111111
100
00101010
110010
0
1000011101101001011011010010101111
011110111000101011000001110100111100010
0
1110111101100110
00100000100001
00
00
01
00
0
10
0
0
0
00
0010010
00
0
1000010100100
110011111111
01
00111111100001
00111000000
0100111010011111100001001001011100011
00
111000011111001111110
1110110
0001111011010100010111111110
1011111110111100
101111111101
1000101111111111001101111
0011100011001011101010011001111
010110111101001101001101101010000111011101010
00001011001111101111010100
11111011001101110
100001111001110101110
000110
1101110011101101001111
0011100111
11101111110001011110
010010010011111101100
00000110001
000011111001001110111011
10100101011111111010110
011111111110101011111
11101111111101
011101110111011111
1110100010100010111110000100000111010111001
01110111101011000000000110
0
0101111110101111101011010011001101
0
111111111111100
10110011001011111101110
0
1111100011010101010110
111101101100101
0001101
1011000111110111
010111011110011111111110101100001100000
0101
1110111001111101000110100000001
11110111010000010001110101000
000
10111101111101
1100100001
111111101
101110111110000
111100101110111000010011111011111011
1101111101011100001111010
100001110001001010111111110000001011010010001100110001111
1011101011001101
10111111110110010110100111
11101111000
101111001101001110011011000111100010100001111
01101011111
011011011110001
1011111
00101
01010000
000101
1110001
0
00
01
00000000
101
00000
00
0000000000
01100111
1
0000
11110
000101
0000011000001
101111
000100
111011
10111
0100
1
1
0
1111100
1001
0001
1111
110000
111
01000
0010
0000
0
0001
1
01100
1
110100
1110
1110
0
11011
11110
1111
111000
11
0011
0
0011
0
00001
0000
10001
01111011001100111010
00000
110
1100
01111
0100
001111010
10111111110
11011011
110
111011
1110100001
110111110110101101
1111
111110011000010110010000110111
0010
00110
11011110001101
1111
11101000
1011010
011011011110
11111110111111
0111010001
0110110
00111
00100
010100001111
000
0
110011011000000010010000000
100
0111001001000101
1111
000000
11101010110010
111100
11000100100
010011
1100011
00001011
010000100000
1
0
0
1
1
0
1
0
0
1
0
1
11
1101
000010000111
0111
1100
010100
011
010000000
000000
011111
0
010
1110
101001
010
0
01001
011111
00
010
00
0
11110100111001011111110000101010111110110
111111101
111110111110010101101
01111111000010001
0001111101100000001100010
11101111111111111101011
10111110101110111000000110111
1111110001101011001101111100011011101
11010111000011100000001111
11111000111101011100000
1111101
0000000000111010
111111001111111010111101101
1101
11101110111010
011111110
11011100001
1100101
0011
111010
1101011
11000111001
11
11011011000
01110
11
111
11101
11010011001
1
111
11010000000
110110
111
111
011011
1111
101001100000001
00111101100010
000001
1110001
0001110011011
1011000
0010111
10
000
000
11
11110
11
000
000
00
111
1
11010
0
00
0011011
1100
1101
001110
000000
011001110100000000000110
11001
1110
011000110111
011101101101111001000110000100010010
0111100011000000101
111
11101110
0111000
000
0
1010000
0
11111
111
0100110
10101000111000001000100
1101
111
111011
011011000
01100001
1110101000
0011111
10100000
01011
011010
110001011101100
110001
1111101
11100101000110011010
1111011011011
0
10111011
11
010000001
110
10001
11
1101110
11
11
0111
10111
0
11
000111
11100
1110111100111010
001101
11111
1111101101011010111
1111110110
111
111011
1
111
1111110
110001111011
1110111
111
111101110
10111101110
111
01111111
001110
01111110
1111
11111110100
1101101
11101001
0101110
0111
111
1101010
1100110
10111011
00
011
011100000001
0100
0
00011
111111
0001110
110
01001101011010101101100000011101100000101
0011101001001011011
11001
0
11111100
1001110
01110110
111
10100
0111
0011
100
10111100
00100110
111100
111
111010010000
0
1100
0110000
00
10011111101011010
0111
1111100
1011100
11100011
11
011
10
0
1
0
00000100000
1
001001111011111011
11
01
11
11
01
1
11
1
11
11
11
01101100001100
0
1
1
1
11
1
11
1
11
10
11
11
11
1
1
1
1
11
11
1
11
0
11
1
00
01000111
01011100
001
001
00
0
0
00000
1110
110010
10110000001010
0
111000011
11101111011111010000000
111001110
0
11111110001111000110111001
1010111011100111111010110001111011101
0
001001
000100110100
100000
111011111011111111001100100111
1
1100111011011
1110
01111000010000
0111111110100000
11001001
1010110000111100110001000001100100011010100000010111000010
001110101
10101000001110000
0010101011011011000100000111011101
011011
0101
010
010000000000
1110100
0111100110011111
0000
00101100011111110
101111
01101010
11111011111111010110
1011011100110001100011
000101
110000
010111100
1000
11111
011
11111001
10011110
11111
0
000
0111
11
11
11110111001
1110
01110
11
11101
1110011000
1
11
0
10
11
1
11011110000101
00
10110111110011000011110
010
010
1
0
00110111
0
0
1
1
0
0
0
0
1
0
0
1
1
1
0
0
0
1
0
1
1
0
0
0
1
0
0
1
0
0
0
0
0
0
1
1
1
0
1
1
0
1
0
0
0
0
1
1
1
1
11111111011
11
1111
111011011
0
0
000
11001111
0000
11
1111
1101110110110001101111
01100
1
000
1
01011
01
0
0
0000000000
00000
111
0
0
0101010010001
11
01
10100010
011
111
1
0011
100
000001100000
11101
111
01101011111110101
1111111
011010101000011
1
0000
0100000
00
0
1111101111100111
11111100
010
0
0
000000111
000100
01101111
1111101
111111111
1110110111
111111
11111
11111
0001
00000
11100111001
10111111
0111101
1111
10011
11111100
00111111
1111111
1111111
11111111
01110
011111111
0111
110101011
01011
111111001
10101101
11111
111111
1110111
1101011
0111111
111111
1011111
111111
11111
111111
0011
11111111
00101111
111111011
11111
10111
00
111011
111111
011101100111
011
110
1011
1
10
1
1
0
011
0101
1
11
0
1101
1
11
011
0
0111
100
0
00010011
01111100
0011
01010001
10001
00011
111
011
011100011
1110
00
001
0000000000000000000
0
00
00
0
0
0000000
0010111
11000
111
1
0111001101110101000001
00000
011
000
0111
00111
1100000
001
011111
0
00101
110110101101
111
111101
11101
1111100001
110110
0011010111
1011100011010000
0
001
000
1
00
1011
11
00001
0100101
00
1011
1110100000
01
110000
111010
1101
1100010
10111010011101
001000000
11011101010
0
11110
011001
1001
00100000
11111011010101011
0000
11000
001111
1001
100
00111
01011
11001
01
1
0011
111
1101
01
1101
011
11100
0110111
111
10
1101
10001
11111
111
0
0
0111
11
01
10
0000000
1110101001
101111
0
00
00
011
111
00
01111110110010
110011101001
11111
1111
0111101011
1001
101111
0
0
0
0
0
0
0
0
0
0
0
0
0
0
0
0
0
0
0
0
1
0
0
0
0
0
0
0
0
0
0
1
0
0
0
0
0
0
0
0
0
0
00101011000100101000
000
0
011011010
101100
110001111
1111100
00010111
1100101011
110110011101010001
11110
10111111100011000000
00
1101100010111010
101001
1110101111010001001100010011
110
11011000000000010
11
11011
0111
0111
0000
111
0
00111
0
0100111
10
10011
010001
111
11101
11
111
111
11111010
0
1010111
111010
11
10111
11
0111
1011110100
0111
11
110111001010
01
111000
10111
00
00
