111
111
11111
1
1101
111
1100
10111
1
1
1
1
1011111
1111
1011
1110
11011
1011001
111
111
11000011
011101011
110
101
01
101011
1111
011
11
11011
11
1111
0111
100
1
10110
11
011
0101
00
0111
1101010
1
10111
01001001111
1
1
1
1
1
1
1
1
1
1101111
101
10111
1
1
1
1
1
1
1
1
1
1
1
0
0
0
11101
1101
1
1
1
0
10
1
1
1
1
1
1
1
1
1111
1
1
1
1
01101
1
1
00
1010011
0
1
1
1
0
1
1
11
010
0
111
11
11
0
0
0111
00
01
11
1
110
111
1111
1111
11
100
111
111
11
0101
1
1
1
1
1
1
1
1
1
1
1
1
1
1
1
1
0
0
0
0
0
0
0
1
1
0
1100
00
1
1
110
111
0110
11
000
110
11
0
1
1
1
0
1
1
1
1
1
1
1
1
1
1
1
1
1
1
1
1
1
1
1
1
1
1
1
0
1
1
1
1
1
1
1
1
1
1
1
1
1
1
1
1
1
1
0
1
1
1
1
0
0
1
011
1
1
1
1
1
11
111
011
101
111
0111
11
0101
1
110100
101
1
001011
0
01100
011
11
0011
1
1
1
1
1
01111111010011111111
100101001100100000100110011
10111010101011100000100100
11110011010011011101101110
001000010011111010011000
001001011011101110011001101
1011110110111011110
1111111011100111110101101111
1101
001001110110011001001
000
1000011111110110101111100
1111011111111111111110
1111011111011111110110
1111110100110110101111
100
11111101110
000000010000100
100000000100000000000
0110111111100011011101101
1011110111110000001011
111111
0111111110111
10111111011111010000000110
111100111110110101
011111111111111111011111111
0111111111111111110111111
11110111101111111100111111
0100110110
101111111110110100110111
01111111111101110100111111
010100001011101001000
1110111111011100001000
11100100001100111000000110
00000100110
01100001110
110111011011010
101101000001111100000000011
1011
1011001101111000011111
01111011100111111011011010
1111000111
011000101110011101101011
110110111100001101
110000010000111010100001
11
111
010001100010111011
1
10
11
11
11
01
11
11
1
0
11
11
0
011111111110111110111101101
111
010
011
1
1
1
1
0
1
1111
1111
01111
10111
01111
1100
11
11
11011
111111
101
111
01
011
11111
1111
11111
110
1
1111
110
011
0000
1
1111
0
1
0
0
1
0
0
0
0
0
1
0
0
0
0
1
0
0
1
1
0
1
0
0
1
0
0
0
0
0
0
0
1
1
1
1
1
0
1
11100
0
0
11
11
011
11
011
11
100
101
111
111
1
1
10
010
111
1
11
0
10
11
000
111
00
0
111
11
111
011
000
111
110
11
00
011
111
10
111
1
11
11
111
00
111
11
111
11
011
00
111
111
0
00
0
0011
1111
111
1
1
1
10
111
0
11
01
11
11
11
1
11
110
00
0
11
0
111
011
11
011
11
01
111
0
1
00
10
11011
10011111010
010110
011111
0001110
1
10
11111
11111
10
000
101
1011
011
011
010011
111
11111
1010
0110011
10101
00111
101010
00111
11010
110011
111110
111
0011
1010
11011
000
110100
0
00
0
10
001
0
0
11
11
1
000
110
0011
1
0
0
0
0
0
0
0
10
0
11
0
00
00
0
11
00
11
0
0
1
1
11
1
11
11
00
11
01
1
10
00
0
1
11
1
10
1
11
1
00
11
0
0
0
11
01
1
1
1111
1
0
1
010100
010
100
111
01101
11
11010
10
0
0
110
01100
001
0
0
0
0
00
0
111
111
1
110
111
00
01
110
01111110000001001
001
111
101
100
1
0
1
0
100100
1111
0
0
0
0
0
1
0
1
0
1
0
