0000
10110111
111111111
11101001101
0
1
0
1
1
1
1
1
11010111011
011011001
11111111
1
0
1
0
1
0
1
0
0100011111
10010111110
110
1
0
1
1
1
0101111111
10
11101100
1111111011
0110011011
11111111
0
0
1
1
1
1
1111110111
1100100
01100000000
011011111
1
1000011111
00111
0
0
1
0
11111111
0
10111110111
0
1
11011000111
0
1
0
1
1
0
1
0
0
1
0
1
001011111
1
1
1
1
0
00101011
0
000
10
100
010
0
1000
100
01
01
000
000
00
000
100
00
0000
00
100
000
100
00
00
0
001
00
00
1
001
1000
0000
001
01
1
1011
0000
0100
000
01
1010
00
00
001
1000
101
100
0000
00
0000
1
01
0
1000
00
000
0
00
000
00
1111
10
0000
00
100
00
1
101
001
000
0
01
000
1
00
100
001
000
0010
001
101
000
1000
001
00
010
11
00
1101
00
10
100
101
000
01
100
111
100
000
00
10
000
0100
000
010
100
00
000
1110
10
00
0
01
000
00
00
001
000
100
00
000
00
00
101
00
000
0
00
000
1
00
0001
100
00
0
000
1000
1100
00
11
0000
1000
001
001
0000
000
10
001
1
00
0
01
00
01
0010
01
1
1
1
00
1
0
0
0
11
1
000
1
0
1
1
001
0
0
1
00
1
1
1
1111111111111
1
1
0
0
1
1
1
1
1
0
0
1
001
1
00
1
010
10
00
0
1
0
00
0
01
0
00
0
0
1
0
00
10
0
00
0
0
00
1
10
10
1
0
0
10
0
1
1
10
00
00
00
0
01
10
00
10
10
10
1
10
1
1
00
0
00
10
00
0
10
10
0
00
00
00
1
1
1
0
10
10
10
10
0
0
0
00
0
0
10
0
0
00
1
0
0
10
0
01
0
00
10
00
10
0
1
10
0
0
1
00
10
0
10
10
0
1
0
1
00
00
0
1
01
00
1
10
0
00
0
1
1
0
0
0
10111101
11
111111
010
111110101
11000111111
0010111111
11111110110
01101110
01001111110
100110110
00
01001111111
00111100
00
0000
00
10
00001111111
0100001110
111111110
11111101111
100101101
11111111111
1110011010
1
1
1
0
1
0
0
0
0
1
1
1
1
0
1
011
00
00
0
01
10
0
0
0
1
0
1
0
00110100110
0010001101
0
0
1
1
1
1
0
0
0
1
0
1
1
1
0
1
1
0
0
1
1
1000001111011110110101
111111
111111
1111111
1111111
111111
1110111
1110111
111111
1111111
1110100
1111111
11111101
111111
0101111
11111
1010101000
001111110
1111111110111111110
111101011111011110110
111110110111110111111
11010001111101
1110001100111111
1101111111111111111
111001
01100001110110111010
111101111111011111
11111001110011
1111110111111111111111
0110101100101111111
111111110111111111111
0011
1110011110111111101
1101111011111101111
000000111100
10110011011011011
1
1
00
0
011111
0
1
1
11111
0
11111
1111
1101
111
111
1011
1111
11
11
11
1111
1111
11
110
0001001
00000
0
0
1
01
111
10
0
11
1
1
0
1111111110111110000
00
0
0
0
0
1
0
0
1
1
1
0
0
1
0
1
1
1
1
0
0
1
1
0
0
1
1
0
1
0
1
1
0
1
1
1
1
1
1
1
0
0
0
1
1
1
1
1
1
1
1
1
1
1
1
1
1
1
1
1
0
0
1
1
1
1
1
0
1
1
1
1
1
1
0
1
0
1
1
0
1
1
1
1
1
1
1
1
1
1
1
0
0
1
1
1
1
1
1
1
1
1
1
1
1
1
1
1
0
1
0
0
1
0
1
1
0
1
1
1
1
0
0
1
0
1
1
1
1
1
0
1
1
1
0
0
0
1
1
0
0
0
1
1
1
1
1
1
1
1
0
1
1
1
0
0
1
1
0
1
1
1
1
1
0
0
1
1
0
1
1
1
1
0
1
1
1
0
1
1
1
0
1
1
0
0
0
0
1
1
0
0
0
0
0
0
1
1
1
0
0
0
0
1
1
0
1
0
1
1
0
0
0
1
1
0
0
0
1
0
1
0
1
1
1
1
1
1
1
1
1
1
1
0
0
0
1
1
0
1
0
1
1
0
1
0
0
1
0
0
1
1
1
1
0
1
1
0
1
1
1
1
1
0
1
0
1
1
0
1
1
1
1
0
1
0
1
0
1
0
0
1
0
0
1
1
0
1
1
1
0
1
1
1
0
0
1
1
0
1
1
0
1
0
0
1
1
1
1
1
1
0
1
1
0
1
0
0
0
1
0
1
0
1
1
1
0
1
1
1
0
0
1
1
1
0
0
0
0
1
0
1
1
1
0
1
1
0
1
1
0
1
1
1
1
1
1
1
1
1
0
1
1
0
0
1
1
0
1
1
0
0
0
1
0
1
1
1
0
1
0
1
1
1
1
1
1
0
0
0
1
1
1
0
1
1
1
0
1
0
1
0
1
1
0
1
1
1
0
0
1
1
1
0
1
0
0
1
1
1
1
1
0
0
0
0
1
1
0
1
1
1
0
0
0
1
1
1
0
1
1
1
0
1
0
0
0
0
0
0
0
0
0
1
