11
1
00101011111001101111111110011110001
01111101000111
111
00101111111100010010101000
111111
1101111
1100100
1100
1010110101001011101111111111100011111
00
1111111101
010010000100001011111
010111
11011111111
111010111111111
1101111001111011101110
111
1111110111111111
1111
1111111
11111111
101111111111
1111111011
1101111110111111111
1101
111
1111011110001111111
11101111111
1111111111
1111111111101
1111
1111
1111
000101111100101110
1110111101101011111101101
10111111111
11
11111
111110111110
1111111101
11100000
01111
110111110010011010011
11111
0111111
1111111111
111110111111111
110101011011111111
001111
111100111
11
1111111111
111101
1111111
111
1110111
0111110111111
1111101110
110110111011111110111111
111
111111011
0010111111
11110111011001111101111
0010110111111011100111111
1111
110111011
11111111111110
10110111111
1111001111
01101111111
11111111
1011010111
111111001110111111
0110111111111001
11
111111
11111111111
1011
111011111111101111
1011111101111
01000
1111111
11110101
1111111
101101111
0
1110111
0
11011111110
11
1
11
1
1
0
0
11
0
110010011
111110011001
0101
01111
111
01111
0001111110110
110
1
10
1000110001111111101
110111110111
11
111111111111
1111111100
1110111100001
11110101
111
1110
1
00
111110
111111
0
1111
110110111100011
10000000011110110101111011101
110010011010110111
11101010111101001
111111001010001
11011001111110111
11111010010
11111010111
0000111010000000011010
11111101
11110000000
11101111100001100011
0
11001100111100101101110
11100010100111
11111010001
110111
111111111011101000101
1111111
011101001011111
11111111010110
111111111100111
111101011
110001111111110111001110110000
1111011100110111
011101010111
110111001111110101111011111
111111111010
0011110100
0
111
0
11
11111111111
111110110110011110001
10011111101111
01100011110010110001101110
0111111100000000
111111001101111101
111
11
111111111
11111111111
11111000011111110
11111110111110
111
111011111111111
11111
00101011111110
1111
111
11111011111110
1111111111
11101111111111
111111111111
1101100101011110
11
1101111111
01
0
110
1110
11
1111011
11110110
11
1110000
1
011
0
010100111
001000
111111111
1111111111
100110111101
1100
0101001101
111
11111111111
11111111
1111111111001
1111011110101111100001
10111111111
1111100111101
111111011111
011011
111
111111111111
11111
111
1
0
110010
01110
0
0
01000
0
10111
0
1111111111111101
0
11111111101101
0
111111111111010
11100
0110011001
11101111011
1000
0
1101110
111101
110
111011111111011111101
1
01
1111
0
11
10
00000001
1
0
11101
11110010011011101111101
1
111111111111110111
01111111101
110
1111111
0
1111111111101
11
1111111111
0011011110
01111
111
0
11111111001
1111111111111111
1111
11111111111
11
1111101111
1111111111111011111111
11
101
111111010111011111111
00
00
111111111111111
11111011111111
01
11
11111111111
111111111101
11111111111011
11
11
11111111111011
10111111111
0
110111111111111111
11111111111
11111101
11101111111
111110
111111111101011
11101111111101
0111111001111100110000000
11111
1
101101000111101110001100011
111110
1111111111
1
1111111
1111111101111
1110
00010
11111
11111
1111101
01111110100
10
110111
0
1
00
1
0
0010011010
11011101
11111
0
0
111111
1
111
100011010
1
11011111
11111101
0
0
0100
1
0
1
0
0111
011101001
101
00
0
01111111011010
001111
1
1
1111111
00001100001
1
001
111010111
00000110
111111110001111
11111100111100000110100000
111111111111111
1101
01111111111001
011
1110
1
111
100011
1
111111
1111
01111
001100111
111111
110111
110111111111
0
1
1111
010
001
0
00100111
00000000000
1111010101
1011110001
101
111
00
111111
0
11000101111
111111111
11
01
111
111
00110
0
0
00110010000
01110
111001010011101101110010100110101011
011101111111101110
111111
11111101111
11111
1
1
111
11111
11011
1011010001110111
110111
10001011101111111111101
11
0011
101
1
010001
000101
111110011
10110101111110001
1
0
0
0
1
1111101
111
11111111111111
111
01
11
00
1111
100
1111010011110100101
001
1
00
00
0
0
1
1110110
10
10
0
0000
01
10
01
111
1111111
10011011111100011101011110
1111111
111111
1111
01111110111111111
111
1110
1110101111
1111111110
00110
1111001
11
101101100101
111
1
1
111010110111111
11111
11111111
111111111111101010
1101110101100100111110000101010
111
11
11111
111
1111
111
110111
111
0
1110100111
1
111
0011110111
1
11110
1010
1111111011111
1010110110000
1
101
1
001111
0
110
11
1
10
111
1
1111
11110101
01111010010111111
11001110100011111
1111
11100101111111000111111
1
11110110
10111111111
111010
011
1
1
0
1
11
1
11
11
01100111
10111
10
10
1111001111111
1111
110
011111
111111101
11111111111110111111111
111111
0111111111111110
011100000001
111
111
1111111111011
01
11101010011110
00110011011111100100
111
00
1
1
1
01
0
1
1
1
11100000000100
01
0
1101110011
0
01101000
1
110
1
0
011
0
11
111101
111111111111111
1
111010110111
10
0
10111
1
01
00
10
0
011101101101111
101111111111111
1111111111111
0111111111101111111001
11111011
0111110111
0
1011111
0110101
00
1111011
011111101
0
111
0
0111
0
111111
000
111000011100000
011
1
000
11
11
1
1
1
01010010
01100111
0
0111010
0100100
10101100111101010010010110
1111111111
1111111011111
101111111110
110
1110101
01
0
1
0
110011101111111
11111110
10010001111101
11
00
111
010
100
0
1101111110
101
111
111
11
111110
101111
11
11
11
0
1111110001101011
110
111101111
1
111011
1111111
111
11111110
110
1111011111
10111
10
11011
1111
0
0
000
0
10
0111111100110
00011111111
1
110011101101
0101101110001
0010101
11
11111110
111011111
00
11111
1
101111001
111111111101100
00
111001101011
11111111
1
111
0
0
0
0
00000000000000000
011110010011111
100010
110
11
111
1
11111001011011
1111
111011
11
1000000000001110
0111111
10110010
1110111111110101110101111011111
1101100
0
1111011100
110111111110011101101
100000
111011010101
11111111
0
10000110001
000111010111111100
0100011
0
10
1011100000
0
11
001
0
01
1011011
111101
0
00
0
00
0
0
00
00
1
011101
00
1
0
1
0
1
1
0
0110
0
1
1011
00111111
111111
0
000000000
1111111010
1
01
0
0
0
10110110011001001111011110
110111111111111111
111110111111111
0
01
11111
10111101
1
100111100101111101111111
1111111111
11111111
11011101111111
111111111
0111111111
111111111111
10
001111111
11111101
11
111
0
00
110111
1011001
0
1111010
111101111111111101
111111
100
10111
111110
111
111
11111
1111
1111
1110
0111
111111111111
0011111
111111
0010010101101111111
110111110
111101111
111111
1
111
111
01111011101
11
101
111011101
011111111
11
1111
11111
11110
110111
11
0
111
1101
1111
110111
0
1011111
111111
11
1111111
100111
1111
0111111
101
000111011110110
00
0
1
1110111
111111
00
111111
111001111
11111
111
0011111
1
11001110
1111
00
0
1111
01
0111101110111110001
11010111111111
01
1000
1
11
10
110110101
1
10110
0101
1
0111111111
1111100
0011111
1111111
1111
11111111100010
1111001111
11111
1001111001
111
1111
1111110
111111111
111001001
011101101011
11111
1100
00111
1
11111111
1000111
11101
0011
00111
1111
101111
1
111111011
01111
1111111
1
0
10111
1
11111
1111
1
1
011101
11
110111
1
1
11
110000
111
11100
11
01111
11000011000
11101
11011
111
11
11
11
01
1
10110
11
110111100
11011
1111000
11011
1111011
1
1
1
1
1
010111
1
1111
0
0
111
011111101011
0
1110110
11110111111
111
11111000101110
011110111101111
10001000010001111111010011
1101101
1111101111111111111
111
110
11101111100100011110100111
111110110
1101110
11111010111111110011000010
1101011111111111111010111111001010011111111
000
111110
0110111
0111000
111111101111010101
11110000
111011
00110111111111111110
0111111
11111
01111100101111110
11111
0011
11001
10
10111110111111111101111111010111111
1100111011110111
000
1001101001011100
111101011111111111101111110111111
001100010111011101111011111
1110
11111
011101111000000100001101000100000000
111111111111111111111111
011000011101111111111
111111
0100111100101111101110110001000010101101111011
0111111011011
1011001
0001111111100011011111110110010000101100101111110111
1111101
11111
11111
00
01111111111111
0111
1101101
111
11
1110111111111111
1111111111111
1011101111111101111111111
111111111111
1111
11
11
1111100
11
1111111111111111
111111111111111
111101110
0011111
11011
01111
0000100100
0011100010
011110011
0
101111
1111
1111
1111
1111
0
11111
1011
111
111111
1
00
111
111011
1111
0111111
1111
01111
11
1111
111111
0111111
11111
10111011
1111
11111
011
11110
011
011100
0010100001001001
1111
0011111
1011101101011
1001100000000
1
00001
0101
000
0111
1
11111
111
011
111111
1
1
11101
1111
101
11101100011111110111100011101
00000001000
1111111011
1111
11
00
111
11111100
11
0000
00
1111
11
111110
111
10111110101101111
01
011011111111101
111011110001011
010111001111111010000000001101
11111111010011010110111
1110101101011
110111010111110111110111110011
110000001
110000111011100
0001001100010000010010111000010000011100111111000110011
0110111111111111101
1101110011010010100010101
0110110111010000
101010011001
11010111111010000011101111
01011110011111010
11111111111
10001100111111111
11110111111000
111110111100
10000001101111101
10011111011111011100011
1110111111111111001010
1111011111111110011
111011111110010
0101110111011111010101111101
1101110101111
1111111101
01101110100011111110
111111110001
011101101011111101010101001110000100
00110000
01110101110110111100101101111111
00011111101100101
01111111111000111100100
11011011111001000111110111
0001011101011010011111111011111011
1110111000110
00100001111100011011
110011101001101111001111
010001111011001001111101110111101100
1110010100111001111111101110010010
111110111111111111
11101
1111111111110001111
001000110011101
11
111111101110111
11111
111
111111111111111
101101101
000000100000010100011011111000001
1111
11110
000
10
011010111111001111001
1111111111
10111011111110000111111
1111111101011111
11111111111011
11111111
111111110111001110101
1111111111111
0111101111100011110
111111111
111
11111111101
010
01111110001111
11
110111111111000110010111111001
00000011100000000
0000000000000000010000011011011001
111
1
1
1111111010110
1
1111011111111110111011
100
110010
0
100111100010010000
01
111
1111011111000
1
0110010101100011
1111
011111
1111111
01111
111
1111001
1111
00
111110
1001011
1111
111101101
1111010101011
1101101
10000
11111
1111011
11111011
1
1111111110110
110111
10111
0111
00100001001
1111101100
111011100111
1110111111111
111111
1111111111110111000000001
101111
11111
1111100
1111101111111
1111
1101010
11
10101101101
11
11
10011000
01111101110111
0111111
101111
111111
11111
1
0011111
11111111111
11111
11
11
11101
01111
0
11101
0111111
111
111011
11111
11
0
101111111100001
1111
0000
1111
111111
1111
11111111111111111111111100
1111111001111
11110101110
0110011
111011
1111
011111
1111
1101111111111010001001
111111111111
11110101
0100011111111101
111111
11110
101010111101
11111
11111
1011011
1111
1011110011111011011100101100000
1111
111111111111
1101111
1110111111011101
111111
11110111
11111111110111
01011000111010111
101101111101111110
11101101
11111011011
0011011
111111
1111111100
11111
1111110111
0110101
1011001100011111
0111111111111011000111100111
11
0111111111
011111
11111
00110101001110001
1111011000111110
1
111111010111111110
11111
111
11
01111111111011111
111
0110111
11111
11111
11
1010001111110100111
1111
1
01100111110010000110101111
111
101011
1010111
111
1011
1110101010111111101
111110110101001111111
11111
11
11111010011111101111
10001011011111010111111110011
110110101111001101111000111010000111
111100
01101
111101111011001100110
1001
11111011110
0001110101011
11110
101011111010
1111111111
11111
11111111111111
11111110110110111
1111011
011101111111110
0
111111
1110
11101101001101011
0010000
11
111011
00001
11111
11111
00111011
1
11
1111
1111110101010111111111011011
111
1110
1111011111111
111011
001111111
11111
011111
0001010111111
11111
111010101001
111
111
1110
1111
11
01111
11
111111
1011
10011
11
1101
01011
000
101
0
00011011
11100
00
0
111101111110
1101
0
011111
111101
11111
011
111
11
1
11111
111
111110111
11
1
0101
101111
01100
111
111111
1101100
1110111
0
0000000
011
01
101101011
111
11111
111
111111
1111111101
11110111
111111
01101
11111
11111
111
1
01
11111
11
111
10111
11
00
1110
1101110111
101111
00110010
0000110
11
01110110
11001
1110001
1
110
111
110001
1
000110100000001100010111000
0101
111111
0
0
0
1
0
000
0100110110000001
111001
1011
1
000010111001000000001010
11000
0011
1101011
00000000
0011010000
11
11011101101001
00
10
1111
111111
1111110
111
1111111111111
1011101100101
0
1
1
1
0
1
1
1
1
0
0
1
0
0
1
0
1
0
0
0
0
1
1
1
011111111111110
0
0
0
0
0
0
0
0
0
0
0
0
00
11
11011
101111
1111
0111
111101
0
0
0
0
1
1
1
0
0
1
0
11111
01111
101101111
1
0
0
1
1
0
1
0
0
111
1
00
11
101
111
1
11
101
10
111
11
11
111
1
0000000010
110
1101
1
01001
0011000
1000
01
111
0
0111
011
110
0010000111
0
001010
11110010001
1
10100
0000000
0
101
01
1
1101000
0
11
1110
10
10
10
00
100
111
001
00
001
101
1
101
10
011
111
100
1111
1101010
11
0000111
11
0
00000
01100
0
1
00000000000000000000000000000000000
11111
111
11
111
11111
111
1111
1110010
101
1111
0110
110
01101
1111
1111
01111
111
11111
111
11110
11111
11
1111
10011
11111
010
1111
1111
11111
1111
111
0111
11
111
00111
111
11101
001
11010
111
101
1111
1111
1111
11101
00
1111
111
1
11101
0
0
0
1
1
0111011111100101111
1
00000010100000100
111010110
11
111110000
110000001
1011011
0110100100
11
100100111
1101
0000
010
10100
011
00
101
111
011
11110000001
1
1111
00
0000
1100100
0111
1101101
0011
0111
1
111
11
11
111
0000000
11
1101
0
0
1
0
0
0
1
0
1
0
0
1
1
0111110
1110000
00
1111
111
000
11011011111111
101110111
0111111
11
11111
101
001011
00
111111111111
0
1
00
111101100011100011
111
1011111111101111
101111001110111011011110
1001101
010011100
110011110
111101011000111111011100100110011
01000101001110010011000001100110110011010110000010000000001
0000111000
11
0100110111
0
1
0
0
111
0
0
1
111101011010111010010
000
11
11001
001111
0000
00
0
1
0000
10010000
11
0
1
0
0
1
0
0
0
1111001110
110110110101011111
1011111101101
111111000111101111001111
11010111001111111111
1011111111111011011
1000010111011111111111010
1111111100100101101011
1111
0000
0111111101001111110
011110111111111
11001011
001
0
0
101
0
0011
000
00001
010011
0
0
0
0
1
0
1
0
1
1
0
0
1111111111111101100
1000001010011
1111111100000101101
11111011100001001011111111
111010100010110001000
001101
11111111011111110111
1101111101101111111101110
11111111111111101
000110111110111101101
1000
1111101111101010
1101111111111111111
00
0
0
1
11111111
111111011111111
1111110
11101111101
111111111110
111111111111
011111111000
1011111110000
1101011111
11111111
11111110111111
110111111111
10111010
1111111111111
01111
10110111111
11101011111
111011101000
111101
1111010101111
1111101111111
111000011001111
0
0
0
0
0
1
0
0
0
0
11111110010100110101001
0100111111001111010
100110111111111111
11111111101
0011110101001011
100011011111110111110
00011110101001000000
1111011110001
11011111011011
11111
11111110101101111110011
1100011110010110101101
1110011111110011111
0110111101111001
1
11110
01001101010101101110011101
011101011101111001111101100101101100111011
0000111111
11110011110011
1010101111
100011110
1111100111
1
111111011101
010
00101101
111111111
10011110111
1
111
11111
111101101
11111101
00
01111111111
111011111
111111
111111111101
11111011
111111111111111
11111101111110001
1111101
001
0
0
0
0
0
1
0
0
1
0
0
0
0
0
000000000010000000000
1111
10100011
00000000101110000110
00011011111111011110101
000000100111000101100000100000
11111111011100101011111100
10011111111101010111110
11110111111101101010
1111111101011001101
110111111111010100111
11101111111111111010
101111
111111
1
11011
1
11111111011011001111101000
000111110111101110
000000001011010110
1110010111111111011111100
1100000101110010
11001111111011
000010001
10101110110000000
10001111010101011101
110100101010000001100
000000100000000000000
111011000000001
1010111000000110
111011100100010000110
11111111111111
0000111100010111100
1111001
01111001010000011100
000111111111
1111111111101111111111111111
11011
111
101101
11
11
111111
1010
0
1
01
100
100
1
11
00
101
1
111
111
111
111
111
111
111
01110
110
1010
1111
111
111
011
11010
111
011
1111
01100010010000
1101001
11010
111111
11011
110011011100110
0110100101001110
11111011
11111111
1101
1111
001101110110111000111
1111100111111
1110100111111
11111110101101100
11111110010111
111111111111
1101110111110
0111001110101
110011111011101101
11101110001100
111110111110110
101111011111011111110001
01011010000111001110
111111111110101101
100011011111101111011111
11111111101111
1111111111
11111101110110
110111101
1110101001111100001000111
100
1101111111110101111
00101100010101000
001110001111101110000010011011
0111001
10111100111110000000101001011000101
1111111111111
11011100011101000010
1111011111110000
111100010010110000011
1110100111
10001001000
1111110101100101
111111101011
011111100011100
11011111101111
001100011101110010101010
10111110011101
11111011111101001000010
1111101110
0110111
0111001011011100101110011
01101
11011111110101100001
101
11110111010011001
111111111001101010
10001111101110000011011
1111010110111
1000111111110011101
11
0
10101111000100101001100
111111110
000000000010
1011111011111
011111110011000111110
0
000
010
1110011101111111111100
1110111101001111
11
01110111111011
01100111111100
10000011111100101100
10111101101111111
1101111111
1111111011
111111011
0
0
111111111111110101111111
1111
11001011101000111111
0
00
0
011
0011111100001
0
0
1
0
0
1
0
1
0
0
0
0
0
1
0
0
1101011
000
00
00
1
110
01111
0
111111110111101111111
1
0
00011001
01
10
111101100110110110001
1111111111
010110111111
11
0
1100111
0111
111
10
0111
110111111101
00110010111
111100010001011
0110
11101110110111
1
1101000010
01001001
1111
011111111
01101111
101111
0011
00011
11
11000111111
111101
11100100000010000011
1111111
11111101
111111
10111111001110010001
1111
110111110100101
1110011110111
1111111
011110000
110011111010010101
01
1111
011000
00
111000100010101
100100
0
01111111
00100
000101
1100
10111
10011
0
101
0010100011
0101
111
00011
111000
0100
00
1101111011110101011010
1110
0
11101
11111011101100011101001
1111010011111011111111
11001010111100010110001011001010111001001111010001011110110
11110111
1111011
111000001110110000001110
100111101001111110101010001110
101111001101001010011110001101
000011111111010001110111110
1111101111000111000
01011000010011100010100010
111111111111110
00110000010011100001101111010110001100010001110010011001110
011111111
1
11
00
01
01
1
000
100
10
0
00
0
0
0
0
11
010
111111
0
00
110
0
00
10
01
0
0
0
100
00
00
000
001
001
0
10
00
1
11111
101
0100
0011
0111
1111
01110
1101
110
00
01111
011
0100
11
0000
11111011101110011111011111
11101101
111
1110101111
111
111
110011
1111
111
0010111
110011101001
1
11
111
11
01011111
111111111110
11111
0111110111111111
1111111011111011111111101
0111011111111111
011111111111111111
111111111111
11111110011
111111101110111
011111111111
11011111110111110101110
111111011111111011100011
1111111111111
111111111111111
111110111111011111111
1101111111111
1111
110110111
11111011
11111
1111100
111
100011
11110
11111
110111
11111
1111
1111111
11110111
11111
010001000
11101
100001101
11111
010111110
11111
11111
1001111
1110
101111
0
1111
011
1111
101101
111011
111111
111111
1111
110
1111
1110111
11111101
10111010111
111111
0000
10101001111101010111101111111101
111111111
11111111111
10011110111111010111111011101
11111111
100011111111101111110111
011011111100011001
101111101101110110111111111110111101001101111110011
01111100110111
111111101111
1111111
11
111111101111101111
111
0111
10101
0
11110
1010
010
11
000
000
11111100111110111111111011111
0111
11
10110000110
10000001110110111000011001000010
11100011101110011111
0011101011000100011111110000011
1111011011
0000
001
11111101111110
0101101000100000111111110100111111001001111
11111110111111111111
10
11
111111
10111
1111111
10
1
0011111
1101110
111111
01
110011
1111
111111
0111111
1101
0000000001100001110
111011101101111011110
011101010100100111000001111110100011110
11111111001
10111111111111110101011111111111111
110110111110011111110
0
011111001111100110
011111110
11111111110100011011
100110011101111111111
111010110101001100
1111011111111111111111
111111101111001001
0111110111
11110110111111111111110011000111111111101110111110
11100010111101111111100101110111
10111
1011011111100101111
011111111110111111
111111110110000011
110111111110111111001
111010111011111111100
10111011010110
1111111101
01000
1110
11111011110111111111111
111101110101111111111111101111110001110111111111101
11
1111
11
1
01111111
111
11101
111111
1011
1011
1100001
1111
1011
10011
11111
11011001
1101
010
11101101
101111
11110111
11111
111
11111
11111111
01111
111111111
111011
011111
111111
11
111011
11101
111111
0111
11111111
01111111
11111111
1111111
111111
11111111
1001
00101111
11111
101101
101011011
011111
1110101
00111111
1101
10011
10111
111011
1011111100010100
0011111
111001
101101011010111
1111
11101101
111
0111001001110
111110
011111
1110100
11111
101011
000010000
110
11111
100110
1111011
111
11011
1111101
101101100001110100101010
11111
1111
01011111
1110
11111
11110
110011
11111111111111
1110111
1111
011
0111111110
110111101010100
010110011110
11010
1011101111100
1111
11110
111101100
11100
110
011111
01
11111
11111100
0
111011010100000
1101101101
01101111001
0
11111
100111
1111
110111011
0111101111
0
1
0
0
1011001110101111
1001001011
11001111
1101
1111111
10111111
111111
111111
11011110
11110100010
11011101
0011101
1111
1111111
1100111110
11111110
011011
1111
11
11111111000
111111
1111101111
0101
0
0
0
0
0
11101101110110
101111
010
011
10100
111111
1111
1011
00000000000
0
0
1110
1100001010111101101011001011
11
1
0
0
01
111
01101111
1111111
00000000000
1111
11010001111111
11001
10111
01101010000110
1111111111111
111111111111011
011
1111111111110111111
11111011110111101101
111111111
1
1011011
11111111100
110110
11100000000111001100
001110011100010
0
000
10
001010
1011100
11111
11101111011
0
11111111001
11111111011
11111111
001
10010000100
11
10000
11
1001
11111111
11
0
00
0
0
00
00
00
0
10
10
11
01
11111111
101111
00
110
10
1
10
1110101001110000110010100110
1000000000000000000000000000000000
0
11001100101101011101
0
1111101101110
11101111111000000000001
0111001101110011
1111101011001010
111101101
00000011100100001100000
110111111010001000011
1000000001101110000000
11101111110000010
1110110100010111110001110
10000
01111
1
00
0
1100101000000
0011010111001101111001010
0111101110
00101100101111000001010101011110
1111100110010010
01000001
011110011100001000110011
1100110101001110
0000
0001000100101101001000111001
10
0101101110010111101101101000000110
01100010001
0110110000000111001111010010
111111111001100010000
11
1111
11111
01111
11111
111111
11111
1111111
1111
11111
11111000101
011111
101011
1111
11
0
1111
111
10
101
0001011111101111000000001
11111100011000001
0000000000
0100010010010011011100001
011
00
110
10010000000101111101101001
1111110001000000001
0000000000111010000010000100100
011101101100001000001
0
1
1101
01111100001
011111111111
111
0
000011001
010010
1010110010
011
1110001
1
11100111
111110101
00
01110001000
0000011100110100000000000100100
00011111
011000001110
1110
0000000
000001100010000000101111000000000000000000100000000000
111001101
111
0111
01000
000000
1011101111000
1110101000001111
1110011
000000001
0
00
11
11
111
11111
1111
0111
1101
01
1010
111
111
111
110
0111
1111
1011
011
111
011
11
111
0000
11
11
111
101
111
00000
101
1
0100
1110
01101
11111
11111
0010
111101111
1111111111111101111
0
111
111
011
11111
0111
1111110
11101011110101000
00
1110
101
11
10
10
11
101
011
11
1011111
11011
101
111
011
11011110100
111010001001
01
01011
011111111
0
111101
00
011111
11111
11111101
11
11111
11111001
1010000101
11
1111111
1111111
11111
01111
10000
1111
111110
0
00
1111110
00
11001001111
001
010111
00111111
000111111
0
111011010
111
0110111
000
0011
000010
0
1
0111
1100
1
11
00
1011
0111
00
001000
011
10
0
1011
00
1
0111
11011
01110
11101
0
11111
111
0011
00
011100
011
00
111101
10111
0
0
1110
1
10
0
11111111
1
1111
1110011010
1
101
1011
00111
0011
011
101
11
111000
1
11010111
00
00
11111111001
10001001000100
1111101010
01011101
1111
1111
111
11111
11111
111111
11
11111
11
01
1110111
1111
01
00
111
11
1101110
10001
10
00000
111
11100000000011
1
00
11
011011111
111
111
01
00
11
11
11101
11
1101111101
111
111001
01011
1
00
01100
11
101101101010000000000
00001011010000000000000000000000000
00000000
1111
00
00
11111
11
11111
0
1111
11111
10111110
001
11111
001111
00
11100000101001110000000100100
0
1100
0
11
0011
11111
1111
0000
1110100
11
11
111
1111111
010101
000
0
110011101101110
1011
1111010111
11111001
111
0111
1
101
101
110
111
1
1111
101
1000001
10011011
0
0
01010110101
101011111
01110100
1101100010
11100111
000
001011
11111100
1111111
111111
1111101
00111101111
111
11111111
101111110
111111110
000001111011111010101111
1111011101
01
111111111
1010011
010
00
10101111
111010
11010
111111111
0010000001
0
0
1
0
0
011
11111111111111000001
01111101110111001
101111111111110101
11111111001101100111
00000
100111001101101111010
100101110101111110111
11111110111101
11100110100110
11101111111110
111101110011110001110
111
1111111111111000101001001111
101111001011111101
1
01111
10101
0110
10111110000100
111100001
111000
111
1010011101
110111000011
01000110110
11
11
1
11101101
1101
11
111111011111110
01
0
11101
0111
0000000
00
001000000
01
111
111
1
10
100
0
01
111
11
11
000
1
1
000
0
001
000
10
1
10
1
0
01
0
1010
01
011
01
11111100011101111110101
0
1111101
1011
1111
10100011
111011011111110101
01111001110001001
111111
0011001
000
00
01111100011011
101000111
011111
0000
0
01
1101
011
0
100
0111
11
0
1111
111111
1
010011
111
00111
0101011
0011
0011
110101
000
00000000
01101010100010101101110
11
0
000011111
11111
11011
11111
1110
0111010101111
11110010001
011111110101101
11111110001
1101101111
111101
011111
1011111
11011111
1
01111111
1111
10111011
0011101
111111
011111
1100001110010
11111
110
011111
1111
111111
11
111
110010
11111
111
0
11101
11111
11
1
101
11111
0111
11
111
0110101
00
111
110
111
111
1101
10
1
1011
1
1
11
011
111
1110111
10
1011
11
111
0111
110
111
011
111
1
111
1011
111
11
11
11
111
11110
111
111
111
111100
101111
00
