1
1
11
111
01000
0
11
011
1
1
011
11
001
11
1
1
1
1
1
1
11
1
1
1
11
0
1
1
1
01
1
11
1
10
1
10
110
10
1
111
0
1
1
011
01
1
11
11
11
11
10
1
11
110
110
110
01
1
11
110
111
1
1
10
111
111
11
01
1
1
1
1
10
1
110
111
1
1
11
1
1
01
11
111
1
1
11
1
10
1
1
0
01
110
1
110
00
1
111
111
001
11
00
11
10
111
110
110
0
111
110
1
001
1
11
100
1
00
10
110
10
01
110
0
11
0
11
11
11
1
11
1
10
110
101
10
111
11
10
1
0
1
11
111
0
00
1
11
1
010
01
110
11
1
0
111
10
111
1
1
1
1
11
111
1
1
1
1
0
1
1
1
1
1
1
1
11
1
1
1
1
1
1
1
1
1
1
1
1
11
1
1
0
1
1
1
1
1
1
1
1
0
1
1
01
10
1
11
1
0
0
11
1
1
1
11
11
11
11
10111
11
1
11
1
1
1
11
00
11
11
11
1
11
1
1
1
1
1
1
11
1
1
1
11
1
1
111
11
0
1
1
11
1
1
1
11
11
10
10
1
0
1
1
1
1
11
1
10
11
1
1
1
1
1
11
1
11
1
1
11
1
1
11
011
0
1
1
1111
1
0
1
1
1
11
1
0
1
1
00
1
0
11
1
0
11
1
10
1
1
1
1
1
11
1
1
1
1
1
1
1
1
1
1
11
0
1
1
1
1
1
1
11
0
01
1
11
0
0
1
1
11
11
01
11
1
0100
10
11
11
11
1
1
1010
1
0
11
01
111
1
1
0
0
1
0
111
1
1
1
1
1
1
00
111
111
00
1
1
0
1
1
1
1
11
1
011
000
1000
0
0
001
00100
0100
110
010
11001
0010
00
0001
010
100
01
000
0100
001
000
0
0101
000
11
101
00
1000
10
1110
110
0100
0
00
110
110
0010
101
10
000
00
10101
101
11
0000
000
000
10
000
0001
01
100
00
1
01
11
01
00
110
10
110
001
10
000
00
1100
110
000
1101
10
0
000
1010
1101
001
000
00
000
11
10
1
000
10
1
011
0011
100
1110
101
10
111
1011
100
101
010
100
110
010
001
0110
110
010
00
000
111
00
111
00
00
0000
110
00
0
1
000
110
10
010
0000
0000
010
000
11
1
011
00
0000
0
000
0100
00110
01
0000
01
000
110
0001
0
000
10
0
001
000
0000
0110
100
000
0110
110
0
0001
10
1
11
1
001
000
10
0
01
100
100
0
111
0
11
1
1
111
01
10
0000
00
11
11
0
1
1
0
0
0
01
000
0000
0
11
1
00
0000
000
10
101
000
00
0001
0000
110
01
10100
100
0101
1100
0000
00
100
01100
0010
0110
01000
11
0
1
1
11
1
1
1
00100
001
01101
1010
01100
10000
0101
01000
0101
00
00
01
0101
000
0000
00000
01000
0000
1000
1
1
0
1
00
100
010
100
0000
1001
111
1100
00
1000
0000
00011
0
0000
00100
0000
00
010
001
0000
0
00
0
1
0
0
0
11
00
1
0
0
00
01
01
00
1
10
11
1
000
111
01101
0001
001
11010
01011
0000
00010
0110
0000
101
000
000
000
1011
00000
000
10
11
1
1
1
1
11
1
1
0
0
1
1
1
1
1
1
0
1
0
0
1
1
1
0
0
1
1
1
1
01
11
1
0
10
01
1
0
0
11
00
11
1
1
00
00
00
10
0
1
00
01
10
00
10
0
01
0
0
00
0
00
0
1
0
00
00
00
0
1
1
1
0
00
0
1
0
0
01
11
0
00
000
1010
0000
0110
01100
00
01
0
1010
011
1110
111
01010
000
10001
000
1100
01
0011
1
0
00
1
11
1
10
0
01
0
0
00
00
1
01
00
11
1
0
01
0
1
00
10
0
00
00
0000
0010
0000
0010
000
00000
11110
00000
0000
000
001
01010
0000
0010
0011
0000
1010
0000
00
000
000
01111
0000
0
1
10
0001
11
1
1
1
1
01
1
1
1
1
0001
1
0
1
1
0
001
1010
10
11
0
1
11
1
1
0
1
11
11
10
000
1
0
1000
0
1
111
1
0100
101
0100
1
0
001
11
11
11
11
000
11
1
10
11
11
1
11
11
0
000
0
0
1
110
1
0
1
1
1
1
0000
000
1
0
1
0
1
1
1
0
1
1
1
1
1
1
1
1
1
1
1
1
1
0
1
1
1
1
01
0
11
11
11
11
0
11
1
1
1
0
0
1
1
1
1
1
1
1
1
11
01
00
1
1
1
00
1
1
1
01
1
1
11
11
11
0
11
11
1
11
0
1
11
1
1
1
0
11
1
100
11
0
0
0
1
1
0
1
10
111
1
1
1
00
10010
11
11
0110
00
0
1
1011
1
1
01
11
1
1
1
000
011
11
0
1
1
010
000
111
000
0
0
1
1
1
1
1
0
0
1
0
1
0
1
0
0
0
1
1
0
0
1
1
0
0
0
0
1
1
1
00
0
0
1
11
0
1
1
1
11
11
101
1
1
10
0
011
1
0
1
01
0
0
0011
01
111
1
1
0
0
110
1
111
011
100
01
001
10
01
1
01
001
1110
011
111
10
01
11
1
11
1
111
0
11
101
1
0
111
11
1
0
0
00
1011
00
1
001
00
011
10
01111
000
00
01
001101
01
011
0
00
1
011
110
11
101
1
1
00
00
1
0
1
1
1
0
1
1
0
1
1
1
1
11
1
1
1
0
1
0
000
11
111
11
1
1
1
0
0
01
01
01
1
1
0
1
00
0
0
0
1
0
0
1
1
1
1
1
0
1
1
0
1
0
0
0
1
0
1
0
1
