111
1111
111001101101010000011010110111000000100001000010
0
1011011111111111011101001101
010110111001011
1
01
1
101
1
1
1111
1101
111
11
011011010011111110100101111101100
1
0110
1
111111101100110100
0111
1
111100001000001010101111100
11111
11
111111
0011
1011
01111010001100
01010010101001100
111
01101011110111110
11101010010
1
101
1110101
01111110010
1111
1
1000110010001000100
110110001
0110000010
11
1
0
0
1
1
1
111
111
11
01010
11
00101010111011
111
111
101
11000001100
111
11
0
11
11
11
11
11
1
111
1
1011
0
011011
1101
1
100001101000010010011
11
1111
011
111011
1
10
1111
11
011
000100100000110001100111100110100000001101100000000101
11
11
10
11
111
1111
111
01
01
1
1111111
010000000000
111111100011011
000100010110000001110111101111000110010011001111001000000000000
01111111011
11011111011010100
1111
11111
111111
11101110
1111111111
11
1
1
1
01111111110010001011011000
110101010111101011101111010011000011001100000001111
0100111111111000000001100010
111101110100110101011
1101110111111
10001101111101111111011011
0010111
1110
1111
11100
0
1110110001000101111111000100
0110111001000000110010111100111001110001100110000100100
0
01000000000001101000000011100000101101111001001000010111001
0111111011111110
00
11101111100110010110111111011110011
110110001001111010111111110010111111
1111011011110011
1011010011111110011100111111110100000001110101
1110110011011101111
1111101001101110110100010011111010
1111101011111111010101001001010110010
1111101000010
1111101101000110
11100111
0111011111011010110101110100100110101
001101000101111010
1101111100001111
111111
0011011000010001111000011110110
10111
01111011100001110110
11111110011111
10000110100001110
11111111101
011111001111011011001
111101111111
11011100101111110
1011111111001110111011
0011101111101111100010111
00011
00000000
1
111
1110111
0
11010
0
1011
1
1001
111
01000110101000000000100
010000111
01
1
11
1
111
11
1
1111
1
0101101111
00001
11
1
01111
1000101
111
1111100011011001100
100
1
1
11000
11
0100100
111
101
11
1
1
111101111111101010100001
11111
11
1
001001010101110000010000001100010
110
1
1
1
01100100010
1111
0
111
011
100
1111
11
01011
11
1
1100001011000110001001011
1000100100
001001
1111011
0110
10
11011
01111110110100
1101011011
00110010100101
00101001010
1111010011
011111010111101100000
1
1010001010
11
1111001
0001111
1
1
1
10
01
001
100111001100110011001110111101011010101000010
11100
1
1111111
111111
111111111000
0101100001000111101
1011110011111101
111110110001101
1111111
1011010111110111
1011110
10001011
11111010000
1111111
1100111111
111111010101101
110111111
1101111110111011111
001111011010111100101010011
11110000
011111111111
11101110100001100
11111
0101111
1110110
101111111110111011
1111
10111111111011011
1011010111110111110
11
110010011101110100011
1111
100011
01111001
11111011
1111001
0110000110
101110
101101111
0000
110111
1100000110010111001000000100111111
1111
00000000
1
11110
1111111
111111101
11111
111111
1
111011
1111011011101011
11
1111
01110011101111010101110100111011101101
01101011101111001010111101100
10010111011101111110101111011111000110000001010010011110010111101110
0000010
111111111000
111100111111101011011011
1000000111110111011011011101
00001011000100110110000
10111111110110110111101
0
111
1101011111
10101011111111011
01011100000110
10101000
11111011100011001
000000011100111110000100011011010111
11111011000011
1111011110001011101
01001101
111000011100
0110111100110111
1111001110000111
10
11111111
1111
111001011100111111111111000111110110011111100
1111011001111111011
101100
00110
00011111011111100101101101
0111100111101111
111011011111
11111111111
00110010000010000111000000000
1101010111101111011010111101000100111
111001110
11
11101111
001011
11110010
011
0
01111
11111
1
11
101101
01101
11110111
011
11111
11011011101111
10001001000
111001
11
11
11111
111111011
1111
1111
11111
11
1111
1111
1111100111
1111111
11
10101
11101100
1111
11111
111
111
111100101
1
1
111
111111111
1100111
1
01010
1010110111001
110001
0001
01011
001101
11
11111
1
1
1011100001
1111
1
11
1101111110011
011
01
11111
110101
1010
1011101
11
111110111011
1111011011110110011
111
11
101
1111
11
1
11111100
1111101111011
1111100011
1001111010010000000001000110000111000001100000111001010001
1
1110111100
11111000000000001000
11110
1101110100
111
111
1111110110
101101
0000
11011100
11111
01101010110
1
1
11
1
1
11
100101101011101
1110111
10011111100111010110101100
1110101011111
111111
1
101000011000101101100000000001001
1011
010
0
10
00101
0
00
11
111101111111
011110000111
11111111
1001111
11
1
0111001000001
110001
101101
11
01
1
1101
0101
11
11
01
01
100111
111
11
10111111101010110000000010
1111101001110101
111
11111110110
1
111111110
11101111001110101111
1110011
001111
11
11111110
11110000000
11111010011011010
111110110111110
100101
0101000
11111111000
01110101111
1
111111
11100111110101111111
111011000001
110010
111110111010
101001111111011101111001010
11101
1111
0100
111111011
10010010
111
111111
1
11111
11001111
11110101
11111100
111111
1
10001101110101011101
110111111
1111011001
110011111
1
11011111111110100100111
1101011011010000011001111010100000010
0010
100101
000
011
11101101
1011110011
101101
101111110001101
1
1
11110110110111
11111
101111
111001010011000101011101
111111
1
110
11111
01100111010111
10
1111010011011100000
11111
000000
111
01
1011110001
1
111111011001
111111011011101111
11
111011
1
011011101101111111001
11111011101111000100110110011100
1110110
01111
111111
1
11
011
1
11
101111
0000010000001100000000
1
1111
1111
011110011101
11101111110
00010000111100111100000110101
111
001
1
111
11111
1
1111
1111100111
1111101110
101
111
0010001
011111111
1111010110111011
1111
11111
11111
111111
11
111111111
111
0001
1
11001101
01011000010101
1100100
000100101001010111011001001110010
0111
11
111011
100
1
00011
0001100
11111111
11001101111111101
111111101111010000010
0000
1
101101111010011011111100
100111110110000010111001110111
1000011000100
11100111011010001111010111110111011101
11111011
111001000111010010100001100
1100011011010011111011111111000101
00110111100101010000000000000000
011111111111111
1101111011
01110011111010101100001000001
0010011111000111101000000000000000
11011011101111101011001110110110
11000001111111111001100010110111
011011111101
11111101110
1011
1111111
111110001010101111110111001100001001111011010
110011111
1111111000
1000011100000000
11111000110111111111010
1111
0001000000000110
0000
11101
1111001101100011110011
01111110011011
11111111100000100100101
100011110001000110000111000000100011101110100
000001001000000010100010
11001101010110001101111101111001101000000110
1110011100000
111111111101
11111111100001
1110111111010101111
0110111001111111100001100001100110
11101110111110100
11110
11110111010
1111000101110110100101001111001100101
000111011110101111110000110000
1111
11111
11001000110110011100010111001101111110110011000101
0
1111010010000
00000
11
0111111010
11
111011010011110110100
1110
011
111
11
1
111
111
01
11111
01
1
101
11
1
11
0
101
1
1
1
11
0
0110
101011
11
11111
11111
11
1
1111110
1
1
1
1
1
11
01
01
01
01
1
1
1
1
01
1111
11010000
000
111
111
1
1111100011
011111111
111110011111
11011010011001111
111111111
0111101
1111011
1111111110
11111111
1101011
0111100
1111010111111
1100
101110
0110
11100110
11001111
11111111
01
1111111
111111111111
111111111111
1110111
1111
100011
11110
011
111001111
1111111
1111111
1001111111101
11101111111111
011111
111011111
010011
111111
11111111111
011111111
1111101
0000
0101
11101111
0000101000111110010110001110
11
1
10
111101101111
111
1
110
11111
1111111
111111111
111111111
1111111
111111
11111111
1111110101
111
11110
1111111
1111111111
1111111
1110111
11101111111
000111
11
111
11
001010111110111000000000000001
110111
11
0
111
111
111
111011000001000100
1110001
1
1110
111100000
01000100010110
0100011101011000
01101101110101
1111
010
110101010111
0001
110100000
1111
0110110111111011111000001
01111
11111011101101111
00
11
1111
0
11111111111
11111111
1111111
11111
011010111
111
11001
11111111111
110111
10100001111101
11111
111101111
1111111
011111
0111111111
111011111111
111011101
10011100001
011101111
1000111111
1111111101
111111
11111
0111111001
111111
101110
0110101110011110101001
11
11
01101001100
1110
1111
11101101
0110
11
11110111011
010
0011000101101000101100
11
1111111111
01111
1111
00001001111
1
11
01001110
111111011
110001110111101011
110100
111
1111101011
00111
110011
111010001
11
11
11110111
111100
1111101101
011111101101101110101101
1111
11
11
11
11110111111101
11110111
011111
0110101101
11011111101
11100011101111111010100
10111
01111
1101101110001001111
1
1
01
11011001
111
01111100001010
111
00010110111001110
1101
11
0111110100110110001010011011
111
1110000000
010
111
0
1
1
00101100110
11111
110111
110
11010
1111000
111111111
1110101101001
0
1111011110111100111011111110101
111
111
100111
0000100100
1101
1
111
1
11
11100
1101100110001
1010000011
11
11
010000000010001
11
00000100000
1010011011
01
0000000
11
1011101
0010111
01110101100
11111101
00111
111101
1111101100
1
11011010110001011100110111001101
00
11111
001010110110001010111001
0100001101011101010001110111101010111010001010000110111010001000010101011110100000
111
1011
101010
11
01
1
1
111100111110111
01101
1110110
11110010001001
111111100101001
1
100111001110001001111000
111001010111
111111
0100000111110000011110001001101001101110
101110111
1001111111
11
1111111100
1101101
1110110010000000000
010101101101110011
1111101100
1111
01011
010
1111111101100
101010000
111101001010010001
011011
0110111
11111
010101000
0111
0
1110111010010000000000
0110
11
000100010
1001000101110
111100011111000011000
011001110111101
0110111
01
110101
11111
101
100
01111101001011011
0111
1
01110110
10011
01101011001000100100011000010100100000000110110011
01
100101100
01
11
1101
11000
000100100011
110111111111111101000110111
11
101111100010011110010111110011100101001001000101111111110
111111111111110011
10011
011111010010100001001
00110
111111
1011011
0101
100
011111011111111111010011111010
11110010110000
11010111
11111
110110001111111111011011011
111001010011001011
01001111101111110100001101111
0111010
10100
111101110011011011010111110010111110111110110110011010110
0110001011110100111101010000
000
111111000111
1111111111
11111111011011100
11000100011
0111111110011111111111100
10110111111010100001100110
11110111110111111011011111
0101111111001101001
11101101111
0111
111010011101011111010
1011111111110111
01011111
101100
10110
0110011010
1110100000011001
1101110011111011111011110011
00101111111101
11111110111
110101
101110110101010100110000111111111111000110011011111010
11011111100101111111111010101011110011110111100101
011101101111001111111111101
101110101
0111
111111011
10011111111010111011110010
11111101111000100010011111
01101111111111101011111100111110
1110011110000001110001010111001111
10111111
11110110
01110
11011
0101101011100101011111011001100110001001010111100
1100110010111100011111110111001011111101101010
111111011
0011011100001111111111
10001
1111101111101011111111011111100100010111001
1
111
011
11110
00011
1
11
1
11110110
1
111100001000
10100
0111010110110111101001010001001100
01110
11101001100001010110101110
111111
111101100110111101000000
101111111111111010101011001101
01111
00101000000
0100111
011111000001101111010110010
0111111111010010111011111
111
1110
01
0011
10
00000
1
001
1100
0110
0
000
100
000000000
10
0000
1010
1
01000
011
10010
100
10010
01
000
1
1
0
0011
1
10
0
0100
11
0000
010
0000
001
10
1010
0
1
000
00
11
11001
01
01
01
1000
11
01
0110
01001
11
00010
0
100
11
11
001
1
0
10
000
00010
0100
1
0
1
1
000
1
0111101
1
1
0000
0000
00
000000
111
11
111
1111110011111
101111
1
110111
111
11
001000
1110
010
000
1
1
10111100
101001
00111
111
00010
111111
11
10010
00100
0010
000000
001101
1111110
00000
0001100
1100
1111111
1001
0111110
111011
111111
100
000110
11110
11110
11100
1111
01001
111
11111
111111
0111
0000000
0101010
1001
0010110
110000
001110
111111
0110
11111
0
00000
110
1111
1111
1101110
111111
11000
10
111111
0111110
00111
111010
11
11
1101111
000111
1111111
111111
11000
00000
001
111
111111
000110
101
111
000110
111100
1101111
11111
1001
000100
11111
1110001
100
11111
11110
11111
001001
1011
1111
111
1110
11
11111
1111
11110
10000
010
00111
1000
000000
11111
000111
100
100111
00100
0001
110
1111
01111
1111
000
10101
11101
100110
111001
01111
1000
01001
111111
0000
1100
10101
010011
11101
110110
11110
111111
111111
1011
00011
00000
0011
11100
111
0000
1
1100
1001
1110001
1000
010100
11101
1
00010
01000
01011
001011
10000
0000
1000
0010
10111111100111
00000
0000
000110
0100
011100111110
111
0111101111
11111011
0111111
10101
100
1101111100000010
010100100
1111000101
1011110011010101
11001110
10
0111
111
000011
11110
0101
1111
11101111
0000111011
111
1101110000001
110110011
0111
010111
1110101
110
1
111111
11000
100111010
11110
0111111
11
11010110
0000
0111
11101
11011
111
00101011111
1111
0
1101
0000
111111
111
110110110
011
1111001
10101
011011
010
1111
11101011
11111110
11111111
11110111
110100
10
010
1010
1101
11110001
0101
101111111
10010
111011110
001100111110
1101101100011
10111101000
1101111
110
111111
00000
111001
10101101100100101010
11111110
111
11111111
1
1111011111000111
0000000000
1
01111
11
11
01
1
000
1011
01
1
01
1
0
1
11111011
00111
1100
111
1
0
1
1010
11010
01110
0110
101
110
1
1110
000000
010
011
100010000
1
0011
0
1
11
1
111
1
1111111100
1
1
11
01100
1
11
11
1
01
111
1
01
0
11
11
0
0111100101001
10000001
11111111111
11111110111
111
1111111001010111101100100000111
11
11
1111001
0101011000100101
11100
01
01
10000010000101
111010001
1110011
110110001001
111111111111100
11
111011
0
111111101
000011
100111100100011101010001001
0
11000101110100100000011001001
11110100010011000
11110100110
10100001010101001
1100000
11
1011110101
110011110010001
0010
0110101010010101
0010011010111111110001010100000100000010
111110100000
1011001011101101111001010100001
1110010
0
111100101110
100011100111110010000000010110010010
1000111010001110000100010
10000000
001000
1111
11
111001110011101
011011101100101
100110111001000100111
111
11
11000
11100100001000010000000001
10100100100
110000011101
111
001100111111110101
111101
001101100110111111101
11010111001100111001
0111110111100110
111110101000000001
01000100
11111101
1101001
111
011010000001
111001
1111
0
11111001101001110111011101111111
1000101
01111
111111011100010
10000
011
01000100110000010111000010100111101000000
111111111
111
1111110010
1111110110100010010001
1
11110001100101
11111
1
11
0
00111
011
010111
111
11110001001
0000000
1
000
0110101000
1
111
111
11
11
1011100011001
11
110000110001111110
111
00
11
1
111111
111101011010111
1111100111
1111100011111100
111011101
10011
1
10
110001011
11
0111
11101
100001
11
1110000001111
11010011
01111
0
1
000
0000000000000000000000000000000
11101
11
1
1
11
0
0101000
00100001111100111110001000100
111
11111
1
1010011
1101101
10111
1101
1110100100
1
01010
1
1
11
11
1
1
000011
001
1
1
0
1
1
1
0
1
0
1
1
1
1
1
1
1
1
1
0
0
1
1
00000111
101000
0
1
0
1
1
0
1
1
0
0
0
1
1
0
0
1
1
0
0
0
1
1
1
1
1
1
1
0
1
0
1
00
111
11
00000001
11
1
11
1
0000001
1
1
0
1
1
1
1
1
1
1
1
0
1
1
0
1
1
1
0
1
1
0
0
1
1
1
1
1
0
0
1
0
1
1
1
1
0
1
1
0
1
1
1
1
1
0
1
1
1
1
00
1111011011111
1
01011
000000011001
111
1
11
11
1
1
001011
11
11
111
011001101010
111000100100
01110000110100011
0
000010
010
010011000000000000000
0111
0
1110
00111
1
011010111
0111011110111
11011011111101
1111111
1
111
11110001100
1101
00
11
11101101011001000
11
01
1
11
111110010110111
111
11
1
11
11
000000000100
0
00
1
1111
0011010
11
11
0000011
000
1
1111
1
111
11110
1111
1
000
1
1
11
101
111
11
1
10
00
1
0110110011001100000
1
11
000000
1
111110
100000111010
110
00000
1111
00111
1101
1111
1
00
1
111
11
111
1
1111
11111
11
1
11
11
11
00
1111111011000
00010111100000000000
1111
1
010011111110101010100100011101110000
111111
11111
1101101111
110
1101
111011101011000001
11
11010
111010010111101
11010001001101
1110
1111010110000
1001110111110101100111101
11011101
00000111
0100
111
1111100
1110111101
011101100000100001
11
011
1111
111000
11100000011
11
111111
1111110111100110
1110010010
11
11100110
0111111
111111100
1111
110110
011
111
11
1111
1100111110101
11
111110010101101
1110001
1111
101011110
101000110100000000100
1111110
10110101111
00110110
1111011
11010
011
1110110
011101
101
0111
01111111110110101
111101011011
111
0101010
000001001
11
11101001
1100101
0011
11
1100110010
1111
11
1111
11
111
111
11111
1
1111
1
1111111
111
1
011
111
10110
1111
1111
110000100
11111111
11010001
001111
00001111
11111100011
1
11110
11110
00110110111001
110
001001
1001
0111
0011
111
011
01
00111111100010
0110111100
1111101
000111101
1100110
11
00101
111
11
1
11
11
111
1
111
11111
0
111
1111
111
1111
11
111
111111100
1110111
111011
00101
11101001011
1110
0110110011000001101100011000
111111
011
1
1
111011000111000
1
1
11111111111110111110001110110
01
01111111001110111
11111111110001000
1011111111110111100101101110
1
011100111110
10010111110111110
1111111
1111111100100001101
111111
111
1011
1
1001
111
11
111
110100101
11111011011
00101
11
0111
1
1
1
1
0
01
1
00000
111
0111100101010001
11001110100110100110110110
1111111111110111100
1
1111101
00
11101
1
1
1111111110
111101110111
11111
1101011
110111
011
1101
001010000100110100
1111
111111101
1111
111
11
1
1100111110010
1111111
1110111
11110111101100
11101101111111
1101
1
01110111
01111
111010111
0111000000
10110
11111101000
10111
0011111
1011
01100
01
1
011101101011
111000101011
1
1
111111
111
1
1
1
1
101
0
111
11
1111
11111111
1110
000
1
1111
1
111
11101
1
111
11
11111
11
100
111
11
11011111
1
11010
1
101
1
1
10
11
1
01
1
01
101
101
1
1
1101111111
110001111111
1111111011
11101
10101101
1101111
1111
011111110
11111111
111101111101110
111011111
1111111
1111101111
1110011
11111
111111
1111
11011111
001111110001101
11011011111
11111011
1111111
1111001111
111101111
111111
1111110
111100101001
1111110
111
111
01111010011
11111111
1
1111111
000001
11111
111
11111001
1111111
01
11111110111111011101111
111111111101110111
1110111
1001101010100001
11
1
111111
1111111111010
10110011110011
111111110
111111011101
000000100010
01010111111111111
110111101010001
00101000100000
0000000000010000
01111000100
0101001111100
1111111
0111111001110
00000010001
1111101111110
0010001100
01011111100111
111
0011111011101
111111001111
11011111111111
0111110010010100
1
11
01
1111111011101
000
10000111100101111000011000011110000
1111
01
1
0
111
11
01111
01
1
10
111
110010110101111111
111
111
1111
11
1111110111
100001
10
11
10011
11101
11
111101011110110
1110
11111001001
110100110111
1111010
110000101
111110100
1101
011111
111001001
111001
1100100
11101001
1111101100010
11100
1
0011111
011
1111011000
11101
110101101100
1
1
01000001011010100101010
011101110
11000
1100011
00100010111010001010010100100
1
11
111
1110111010
1001101010100
11
111100
10100100
111
111
00001110111110000000000
1111100101
00000011010000
11
1011010
10111010
111
11100011111110100000010
1111010111011101
1111000010
010111
11
111
11111100110010
011101101110010
010101001101
111111111010101
11110100111
010111100001
10000100010010
01011011100
11111100111110
11011010000101
000100
11111100111110
01111010101111
00110001011
00010010000
00110110
011110101110011
000000111
11011011001
0111111010
0110101110011
0111111101110101
000010000000001
111
00111110111
01101010011001
1011101000000
0010001010000110
0000101110
010010000101
1110111110011
0111000100101
0
00000000000010
1110110
11000101000010
1111111010110
111
110
11
110
10111110101
0
0111
11111
001111
010010
111011010110
1110101011
00000
110111001001010
0011110001000
00000000000000
0111100010
11
111100001000001
111101101011
011011011100
00000001000101
111111111111
10011111
1110011111110
0001
111110000100000
100010110010110
0111010110110100
0110111101111111
011011111010
111111101101110
11111011100
111111110110
01101100010001
111101011111010
10101100110011
11111
11
1111
100000000100000
1111010111110
0110010011111110
1111
1
111
1
001
110111
111
1
1
100100010000
1010000100101
10
1111011101110111
10011101
100000000011
1001
110010
000110111
101111001101
1101111111
0011111100110
111111110
010111111101011
0000001011110
11111
1011101111110011
0101101010
00101101111
0000000
1111111111101
00000
1110111101100101
00000000000000
1101100000010110100
11111010011
010001000001110
01101111
1010000
000001000110000
10000001110111
0000010
000010000000100
011111010001010
000100010
000000
1
000111011
00
1111011
0111
11111111111
111
100000010
11111
1111
11101
1
11
1
1111
1
11111
10
11
1
1
1
00
11
1
110111111110101111001
111
11111111
011
11
1
1
101
1111
1
1111111
111
111
111
1
00
111111
01110011110100
00000001000111
111111
0
1
111
1
110
10
0
1
101
1111
10
11
11111
1
10
111
1
1111
1
01
111111
111
11
1101
01111
1
11
10111
010
1
11
0
01111100
11101000101011
111
1
010010
11001001
110011001101
001111
111111011
1111111000111110
11
111
01000100000100100000101111000000000000000000101100001000100
01101
11100
11
1101011
10011
11
111100100111000001000001001000
001
11
11100110110110110100
1111110001011
1111
11001011
11101100100
00111111111101101100
111110010
1101100
111
101100110
1010
011011
111
01101
101
1010001111011
011
1111
110011
11111111010100100111
011
0
110110000000
100011101110001100101100100110
011
011110001
1001101001
0101101
011
1001110100101010
1111
011010
01
1
01
11
0
1
11
1
11001100000
1000
0
00
1
01
0111
00100
0
1
11100
1010
11
11
11
11
1111111
001011000000110110110001001101001010
111
11
0001
1
00100
0001
0101110111111
111
010
111
0000
0
100
0010
0
001
01
00
00010
11000
100
1
0
0
01
1
11
110
11
1
11011
1
11
1101
01111
0111
1
100
1
1
11011
1
11
1111
01111100100110
000
001000000
00000000
1
11111
11
10111101000011110111
1
1000
1
01
1011
0100
1
0
00
111
10
0
100
01011101000100
1
11
1100
0011
11
1101
01
11
1011
1
001001
0000
111
00000011001010011111010000010000
11011011101111
10101010000010101000
11010011010111
0100000011
00000100010111101001111100000000
11100000100101101
100
10
0000
000
10010
001
11100111111
1
11
1
1
11
11
1
0100000000100
000000
0000
000101
100
00111
001000
1
01111
11100
10010
00000
000011
00100
11
101
11111
1
000
00
10011
0
00000
1010
0000
000
11
101
001
1110111
01001
110000
11111111
1
1
11101101111001111
11
111
1111111
01111
011100111
1100
011
110101000100
01
0100
11
11
11
01
1
10
0
001
0
11
11
00000
11
111
100100100010010000100010010100101001
111001
1111
0111
11
1111
11111
1110
11111
1111
11
11101111
1111
1011
11100
1
1011
111
1111111
1
1111
101
1111
00010
10011111101
1011
101
000
11
1111
1111
10110
111
011111
111
11101
110101110
111
1101
1111
1111
111
1
11101
11
1111111101
1111
110
1111
11111
111
11
111
1
1111
1101
111
11101
11100
1100111
111
110001
111100110010111
11
111
11
101111010
111
10
010111111
11111011
11
1
011111
11
11110
10111
11001011
1111
1111
11
11
111111
1111
011111110110
0111
0111
01111100011
111
1111
1
1111
10001
1
11
1
1110
1
01101
11100110001
100010
11
0
11111
111110
0000
0010
1111
111000
000110
10000
1
010100
0
1
11
1
1
1
1
00
11011
1
11
1
1110
11
1
1
110100
0
0100
10111
100
11111
00000
011
111
001111
1111
111111111101111111001101101011001101
1111
111
0111001
101
111
111111101
110
0101001111111010010010
111111111
1101
11111
11111111111111110111101111111
00111
1111
111
110111
01
111
11
1
1
0
111
1111111
11
1111101
1111
1111
11
1
11
11
111
110
11
1
1
011
011111
1
001
11
1100
11101
1111
101001
1
111
111010
11
11
0
0
001
0
0
0111
1
00010111
10101
110101
11011
1
0000100
100100001101
01001011
1
11
0001
11
1
1101
1
01
1
01
1
11
111
1111
11
10
111
111
11
1
1111001100010001
11
011
1111
00111
111
11
111
111
1
01
01111101101
11
1111111
011001110101000010000100101
110
00100100010010100000100000010
01
11011
111111
1101111
01010100010
1011
1101
110101
01111
1111
11111
0
0
111111111
11
10
01
01
11001
1
1
0
010
01
11
1101
110
00
1
011
11
00
010
1
100
111
011
11
1
11
1111
1111
0000000001001001000000100011010
111010
001111011001100100
11
1110101111100100100101100
11
000010000
111001011
11111
1111
0100001
0111110010
11
1111010101111110
111110100
111
11
1001
111110100
111
11110101
1010000000011001111100110010111101100100010101
111
11
1011111
11
1
1111
100000
1000111
011
011
000101
10000101101100001100
111011111
11111110110011111
10001101101111110110001001
1110111101
00010111
10100001001
10110001
1001111
1011111101011111111
1001101011111111111011
1001001
011011
11
101
10
1
111
1
11
111
1
01
1
1
1001
1
00
1
1
1
10010110
111
101
1111100100
111
11
11
011101
001010
01100001001101
11000
1111
111110
111
00000
01110
01
1
0
01
1
1
0
1101
1011
1
101
11
0000
100
11
1
1
11
11
1
1
11000
1
00
1111
1
0
11
1
110010
00
00
111
101
111111
1
1
111
0
1111
111
111011100
111000101
0011111
11
0111
11111100011110
11110100101
10101000
111
10000
101
11
111110
11111
001
11
100
11
1
001
11
1
111
111
11
11
1
11
11
111
11
110
111
1
1
01
0
01100100001001010001000000100000000100101010110111001110110010010000010010010001100
11
11110
00111
0111
0011
10001
100000000011110000111001000001000100010001000011
111
1
1
11
01
0
11
1100011000001
1
01111111
1
111110000000
001000000110100010001010001
111
111
11
1111100000
11
0111
1110
11
1
111110
00111
11
1011100001001001
1
11001111
01100101111100101111
001100010001000111010010101
111
1
10010
0100100110
1110000
10010001110011011100101010100010100101010001010
11100101
1001100001101110101
11111110001111011
0111101010
11
111
111010
1
1
1
111101101
1
011
1
111
11
1
1
1
1
1011
11
00000
10
10
11
11
1
111
1
11
101111
1111
01
01
10
001
01100010011000100100
11
11
01111
0
1
11
110
00001
11
11
11
11
110
0
11
0110
0111
1
11
000
01
011111
01001
11
111
11
110
111
111
0011
011
11
101
011
11
11
111
0
101
1111
1
11001
0
1000110
1011
1
0
1
0110011000
11
1
111
1111
1
1
01010
0100101
11
1
1
1
01
111
11
01
1
11
000111101110
11
11
10000101010
111001100111
11011111
111110
0110111011
1110
1111
111010100101
1
110111
1101
001001011110111110001110
01
11001
11010001
1011
0
00100
000
0
0
00
1
00
0010
0
01
11110010
1
0111
001000001111000001
1000
011111001111110011100000000
010011101110010011010011110111
1
111
11
11
11
01
100110011100101010001011001101000001110
000000001100000000000001000000000000010000
11
1
1
011
1
1
1
10
11
0
10
1
1
1
01
1
1011
101
1
1
1
11
1001100
00
01
1
1111001
1
11
11
11
1
11
1
110
010
10110
111
0
000
1
1
1
0
111
11
1
1
111
11
1
1111
011
111
011010010101111
111111
111
01110100000101
1
011011101011000001101000101011
101
11
1
111000100100000001110
1111
11
11001101
1
1
11
100
0100111
01110001010111010
1
11010111
1111
1111
00100000000000000
00110100
10
1
00000
0101
10101011100
110011
01
11
11110
100
00110
1
11
1
1
1
11
0
110
11110010110011011
10111100100011
11101
01011
1001
111
010011
11011010010
11111011
01111
1110100001
110110100
011
11
11100101
011
11001
10001
01
0100011
11
01111
000010
01
11
11
101111001111010111110111011
011111
11111
0111
10111
11111
111110
11111
1100
11110
110011
10
10
0000
110
0111110
1010
1111111
1101
000
0111
11011
1110101
10
1011
1111
11010100100
0000010001
10
1100
1
110011
0101110
0000000000101
1111
100110111011011110
110110011100111
10001110101110110111100011
111111011101110111111
1011110110011111
111111110101110011
11111111111111111111111111111111
0111100101101010
11111110111111101
001111
1011111110101
0111001110110101010
10111111111111111111010
001011111001101110
1111010101101111111
1100011111111
1111111110111001111
1111111111111111101010
11111011011110
11001
1110011111001010001
010011110
100001001010
11111111111111
0110111111111
10011111111101
11
11
11
11
1
11
0011110001
11111111111001111
1
0
1
11100101
10100001001
1010
11100100110
11110010011100
0010111
00011111
0110111011000000101000110001
0010110000
1
011000111111
01111
010
00001111
11111100010111110111
1011
111111111010111111011
001
001001100001
0100010000111101
1101011
0111010111101
011111
00011111001100100101100
0111101110001
1
011111
10
11001
11101101
11
1
1111010110111110
1
11
01
11
1
110
11
11
111
101
11
0
11
110011001000
11010
111010010110
111
11111
101111
000
1011
111111
1111
110
10110
1101111
10111
1101101101111110110
1110
1111101111100
1110001111110111111110111
1111111111111111
0001100111010111101
1111110111111110
1101110001111011111110001
11111011011111
111100111001000110
000100000
11111101111110111111
1100100010
1001100
011111010111111111
000101001010001010000
10011011111111111
1111111111111
1110100010101001
001
1111110111110111
111111111101001111
01011111101
1111
0110100
1011001101101
1000110
111110010110001110111
011111001101011
011111010110100001
11
1111011
1
1111000010110
111011001101000101001
100111101
1110100000011110
0110000111110101011011101111111011101010101111111000011001011000000100000001000101100000000
01110010110000111011110001011111111001010001001000001000111110110111110001110010111010110100000111011111100101
10110001101111111011101111110010000000000011010001110101111
1011111011111100001111101010010
101111100000001110111
010
0101011010101111011111110111101010101001011110
1101101111111001101000010110
0011110011011110000010100000000000
110110011111110101111111100000101111110000110001
1
11
1
11111101110010111
111100101
111101101000110101111110111011000001010001101010000000
111111000101000100000000000
011
011
10
0101
11
10
1111
10111
111
111111
01
11
1111
111011
11
0111
01111111
111
01
10111
0111
110
1111
110111
0101
1000
111011110111111011101
111110101010000011
101100011001011111110
11
11001111
1011111
0111011101000100011
11111110111011111111
010101110111111101111
11111
011110000
01111111111010100110
111111101111111111
1101
11110
1100
1111011101111
1101111
011000110001100100
111111111111101
111110000111111100
11111111110000001
0101111111111001101111
0
1110111110
1111110
010011100010000000000
0
1011
11011110111
101011110001011000111
110
1010111100111110110
111111111
001
111
1111
110111
11111111
1
1
111
11
111
0
00011
1001
11
011
100001
001
10
101
1111
11
011010
101
110
100
0000000
1011100
11001111010
00100000000010000100111
01
10010100100011000000
1001100011110011000
10
1
11111
011110111
100101
000111110110110100
111100111
01011111
11110
1111111110011100
11111
1101111000110111000
111111
11110101011101100
100111111101
11110101100
1101111111
1111100
1101110
111101001
11111
111
0011
11110111010
11
1101
1111111110001010110000011111100110110110100110000011110110011001
1111111010110111100111111111000101010001010101100110
0111110011111101110110111111010011010010000010010000111010100100
1011100101111100001110100110001000000101111101010101
0111101011111111110111111111111110011000111011000010101111110011001
0111110010011001101010110111101111000001101011011011101111111100000111011001001000010011011011100100100110100001000110
111101110111110101110100111010
111111111111110111
101110111111111101001110011001010111
10111110111110110110101000111110110
000010000001
001111001111100010111111001111100111000110101111110
1111111111000000100110
111011011111001111101100001001010010010110110010
10111010100111101101001101011111110010110010111100000010000000001000100010111101111000010100100001
111111110111111110110011001101101011111
1111101111
1111100010010100
1
11101
0111111
11
11101
111111011
10111110
111
11111110110
11
1111111001111111
11111
11
101001111
1011011
111101101
11111
1111111
110111
111110
10
10
010
1
011
1111101110100
1
1
1
11
1
11
1
1
1
1
11
1
11
11
1
11
01011
00
001
1
1111
001
0
1
110
101
1
01
001
111
11
11111
1
1100
00
0
1
00000
111
111
111
0000011101011111010001
111111
1111001011
111011101
1101111
01101
11
111
11
11101111011100101110
111111
111011
000100000100
111
0000
110111100011100001
11100001010101111111111110
11110000011100
0011
111010110111000
010
00111
1
1
1
0111
1
110
1
110
01
1
111
10
1
111
1111
11111111
0101110111
1111
111
11100
11011111111
01111
111
1110011
00111011
1111101
111
1111110110001
011111
1
1
1
111
011
11
111
11
11
11
11
11
1
1
1
00
1
1
1
1111
111
1
11
1
111010100100
111111111
111111
1111101
01101
1111111
110011110
11
111111
10111
1101
0
111
1
1101
1011111011
1
01111101
111
11
001
11
0
11
10
01111110111010
11
1
1
1
1
1
1
01
1
1
111
1
11
11
111
00010000010000
11110111110111011
00010110011000111110111111001
1111100111101001111110
0110111111011101011111111001101011
00011010000101111000001111110011110001001010100100011110000
101110111001101111
10000101111011110101110111010111000000100000011110000000000000000000
11010001111011110111100110101110011
011110101101001000010110101
00110100011100110111011011111110100111100111101110000101011010001001
101101111110100111111
1011000111011001111001001110
111011111100000100111111010
11100111110001
011110010011110011101010110011001
011101111111111010111011011100
111111111111110001101011
1111110100000110011111100111111111101101111000110100
1011100111011110101101010111110110011101000111001011011101001011011001100111000111000011011011001010011
1011100111110
000100110101111001110101110111100
1110111000001
0100010000010001000011110011110011011100010000101000111010001000110010000000001111111000100000001001011111111010001010000001000000100001101100000101110111001101
1110111001101010101
11111
1
11
1
1
1
1
1
1
11011001000101111
111
1
11
11
1
101
11
01
11
011
00
01
111
010
111
01
1
01
011
01
111
1
1
1
1
1
1
1
0
1101
1
11
1
1
1
0111
110
1
0111
100
1111
11110010
01111100000010
10101011
100011
1110011
01111111101110001100111101001
1111111111111111
11101001011111
111110010011
111111011110000100100111
111101110
0101011101101010111001011001000010110000100
0001001001111011011010001101100110011011
01111
1111001000100000011000
111111
1
1
11
00
11
1
1
0
111
111
0
11
01
1
111
01
11
10
11
00
1111110111101111101110111
01110001010111011111101110000111010000101001111
01111111110011111111011011000011001111101111
1111111100110111011111111111010011011110011100100
1000001011
1100111001001110100110010011010
011000011111101010101000110011
11110110101101
111000111101111011
111111100111111011110010100010100000
111110111011011111111100100001011101100100010
11101111011111111011010010101110100011100110111111011011010011101110011101010
101101111010110011110100
01101111111100101111
10011
11111
10001
1
11111
11
111
111
1
110101110010
110
0110100110101
000
111
1111111110111111100001
111111111111111101
111110111111
0100100010111111101011
11001101001110011101110
111110
0011111
00100100
1101110111111011100110
001100011011100010101
10011100011101
100101111011101001111110
0000010000001111111110
1101000111111100110
01110111111111001011111111
101100111111011111001
11011111001101110
111111101110010
0
1111110101
01011101101101
111101101000101
0101000
00111
1100111111111010101001
011111101
100001011101000000000010
011111
010010010
1
1
0011111
111
1
10000000111001000000
111
11
1
1001
1
11
11
1
1
1
11111110100
11
01111111100
01110010000001
01
1100000
1101111111100111111
001111
0
11
11100100110010111110000010111001100
111
1
11
1
111
1111111111
1
1
11
000
0100010
1111
000011111011011001010010101001
0
10111
11001000
101100000001011
111111
100
0111001101
01111
100111010010011000000
11101
011011
01110001
011001
111001
1111
1101100
11100010
00110111
1111010
11000000100000110
00001110
11111
1001
11
11
1110011011
11110111
1111
10111
1
1101011001010100
01
11011111111101
1111
1111
0111011111000011011
001
110111
011000
0111
0000000
011000011101
111100
011001100100101
011100000010000
11100
10011110110000110011010001100
01001001
1111111
1111
11111
11100101
111010111000010000001110
111
000
001111011001
11110101000000
10000001001100000001
111010
11100101100000001
1101101
01100000000000000
101110110100100
1
00001110
1110000
0000001
11110
1
0110101
00
1
11111
11110000
1
1
01
01
01111110
11110101111
111011000011101
1101
10011110001001000
1100001100111010
001000001000000
1011
1110101010101100001
110000011101
011000100000000
00001101
11111101101100001
11
0110000100000101100
1101101
101101
01110
1011111
111111
1111111111111
11
111111
111
0110111
11
1
1
10111
011111
0111
111
111
0
1110101111110101011010110110010011
100000010110
111
1111
0
1001101101001
010
11
11
1
1
110111101010
000011
101011000110
011110
111111
1
11100001011000000
11
0
1
000
11
11
1000100000011000100000010010000000000100
1
0
1111111
000000
111
01
011111
1
1
101
11
11
010
1100
110
10
111
10
01001111110111001
1
111111
0010001
11110
1111110110111
1011111
110110001
01001
110000010100010
111
11001
1001
00000000100
0000101
11
11
1
1
1
1111
011110
0
1
111
11
1
0
011
111
110010001001
10100111000000000000
111111101001
011110000110001001
1
00
00000111111100001000
00010101000000001000
11111101001
01000010011100110010110100000
110101101101100001001
111010101
110010011
0000110000110
1
1
1100
1100
11101
1
00
11010010101
110110011
1111011011101100110010001
11100
011
1110100
0001101111000110000001000101
01
10011111101011100011
111100010
100000
10010001000
0001000000
101
1011
0101000000
111
001100000
111
0
110011111011
101
0
1
1
11
0100011101111101110001
10
00011
00000
11
001101001
0111100
1011111001110011111
1
1
1
1
1
1
1
1
1
1
0
1
1
1
0
1
111110
0
1
1
0
1
0
1
111
1
1011011
11
10111101
1
11
11
1111111
111101
11
11
011
111
11
1
001
0001
0111
110
1101
1111001
01
011
101
1
111111
01
10
1011
011011001
1000
11
110110
1011100001110
1001011001
01
010101011
1
1110101010010011
11000100000110010
111111
0101100100001111
011000110101
1111011010
110111
100110000000
01
01101101000000
01
1110111010
0
0
01000001
11
0
00
0
1
011
0
10001
101
01101101101
11
11
01
011
0
1
01
110
1000100000001
01011100010111
0010000011110
1101
101000
1
1111
1000010
1011
011111110010
01
00110
01100010
00000011110100101000000
00001
01
01
10100110110010110
00100
111000001
10011110
111
10
000010000000
01000
1111
1111
11
1
1
111
01
11100
111
111110111001
010010100001001011
110011110101
11
1
001
00
11
11101
1
1
111
1
11
11
1
1
11
11
11
101
1
111
01
1011111
1
11
11
01
111
011
011001001111011011010101010
11
0
1
111
11111101110110
00111
011111
1
0
0
1
1
0
1
1
1
1
0
0
1
1
0
1
01
11001000000011
1
1110111
01
1
0111
1
0
11
01
11
1
111101110000000
1
110
1
10111011
110100010
1111111101
11
001
1
1
11
0
1111
0000111111
0101
0
000
111000001111000001100
10010110100101
01
111100
0
11
1
1
1
01
1
1
1
1
1
101111
0
1
1
1
0
1
1
1
1
1
1
011
1
11
1111
00
0
11
1
0
11
0
11
10
0111
1
11011
01
11
11
0
11
0
11
1
10
1
1111110011100
01101011011111011000011110010111101100110111
101111
0
010
100001
11
0101100
11100
1101
111111101
010000101000
101010
0000000011110
11100111
011000
000011111110
0010
11
11
0101
10111111
1011
111111110
111
111
11101110
1111101
1111
1111011
01111
110011
011
1111
1
11110011000110000000
011110011
10111010110111111
1111
101011101011110011111010000010100
111010000000110110111110111111001000100110011101
000110001011100100101001111111011011000101011000010010001010001111010010001101000101001011
00000000010010100010000110110000000
10011110110000000011110010000000
010111100001010011101111111011111100000000001101010111110
01110100101100101111111010111110
111110000011110101011110100010000
1111110111010101001111010000100
000101101010000011000001100100111000000000000100001100001
0000111000011000000001001001000000000
011101011011111110
0001110110000001111011
11000111011101011111101111001100000100111
110100000011111100100011100101001011001
111111
011111
101101
111
1111111
10111
11111111
111
11011
1111111011
11001
1111011111111111
111
1111101
01
11101
000
101101100
01110010110
11
00
1110
00010
10
100
1
1
1
11011
110000011101
11111
1111101
111111111
1111111
110111
10000110101
1101
111011111
11011011
1110111111
11101100110011110001
1110110100111
11111001111010
11010111011010
110111
101101
111111
100110
1111
0
101111011011
01110011010101101111001000010000001100000
1
1
1
1
1
01
1101111111111010111111110011111
1111
11111111101
011
1
01111101111010
101111111
110111
111
111111
11
110000
1011110000
1111
1111
11111101011
111
11111
0001000
00110
0000
111111011101010
1111111
0001110101100010
11101
11111111
11
111
110101010111010100
11110
111101
1011011
1110
11111111
101000
111110101111000101010001111101110
001001000000000011000001001000000000110000000111101001000000001001010
11111101111111
0101111011011111010010111
00000010
111
001101000100111110010111111110111001000
111101011100101111111010100010100101001
001111111100011011101111011110111011110100111111100011000110011
01
11111111110010111101001001001
01101
11
1
110111111100
01
111100000000
10
11111
1
1101
01101010111
1
0
011111
1110
00000
11
1
01
1
101001
111
111
1
111
1111
11
1
11
11
1101
1
111
111
111
111
011
11
11
1111
11
11
11
1011
1011111
1111111
1
11111
11
1101
0
11
11
1
101
00
1
1111111110
11
1101
1
1
10
0011
00
0
1111
11011
0111110
1
11
10111110110111011011
1111110111
11010110101101111
0111
1100
100010111
10011100000
1111
1
1110011000
1111011
1011
1
1111111
1101110
0111
00
11
11
11
1
1111
111
11
111111
1
11
1
1111
111110
1011111101
011
11
1111
11101
111
000111001100
01
1
1
1
11
1
1
1
11
1111
11
0000001001
1
1
1111
1
11
11
110
1101
1
1
1
1
01
0011
01
1
01
11
0
011
011
1
1111
1
01
1
011
0
110
111
1
1
0
0
0
001001
111
00100
10
1011
0010101
110010
1
11
11
11
100010
0111
11
110
0111
11
1110
11
1
0
1
111
1
11
1
0
010
00
100010001000000
10101
1
1
11
1
10
101
001
01
01
11011
1
1
110101
111101
0111
1
01
1111
000000
11
11
1
111
101
1
1101
11
1
1
11
111
11
00
01
01
1010
00000000000000000000
1011010
0
1011000
000101
11111
111110010111000100000110
1011000100000
11011011101
01111
010111111111110000101010011000001
0000000000000000000
00001010000000000001
010001010011001000
1111
01111101100110000
11001011110111100010111
11111001000000011011100001101001011110
11111111100000
0101111101111111001100101010
001111100111
1101
01011101110010101001
11010001000001
10
010000
111000001
111111111110010110111
00011
101011111101001
11111011101
0111010101001010000
1100100010101000
11110011100
01
010011
0111111
0001111111
111
01111
111110010000
111
111
00110111111010100010110101
110111011
1000111
11
0001111
11111100000
1101
11010110100001101
111110
0110000000
111
1111000000
111010110
0101001000100100001000000110000
100001100000000100000101
110101
1
1101000000000111110110100010111011000011011001101101
11
11111
110100
11111
111
0111
110
0
1
1
1
11
0
1
01111101100001
00
000100010001000000010000100011101101
001001010001001000011011100100111111010000000001011100001101001001101
10001101111010000000001011
01111100
111010111100001111111001110011101011101011100011101110011000111001101110
000001000000000
01110001000
1000000111000110
0010100001001101110000100001000101000000010000000000000
10001110111011000011000000101001
11001101011111111100011010110011001010111
100
11111
11011
0111111
001000
00000111100
00111111010000000010
01000111110010001001101
101101
0000
1111111101101
01111010110010
1111110101
01111
11110111111
0100000000010011011000111001000000000000100001001000
01011111111110101010010
10010010101101111011110000011000000100
11100101110011110111001111
0100011101011100000010000001111
0111111001010101011010111010010010011011001110100111
0110110000100101101110110011
00001100011101010000011101100100010
110011000111100111100100
01101101100000000100011101001101101010101010000000100000100100010000010000001
11100011111000011011101101
1101001010011
0111110110
0111100000000001001000000
01101100001001001000000010001111011010110
1000000110110100110011000111010000101010101010011110110001111000011011111000111
1011001101101101111010001001001101111110
100011110
10110010100111011100110110100111100
111
11101101110110000000100100000110
11000000110111011
1101100100
1111
00001001
0
111111011
01000111100100101001110010010001000000100000001011
1
1
11001101
11
1
01
1
1
1
100010
11
110
111
10
0100
0001110
01
11
11011
1
1101
100
100
1010
111101110111
00100001100
11111110000000
0
11010
0111111011
1101111101
110
111001110010
111
01100000
1101000111
01110111010
111000
01101010
0111000111100101000
00
111110110111110001011100011010
11011111
111111001010
111111001001111
11111000
011111
110111
1111011011001111
1
11101101100
111111101111
1110000
01111111
1111001001
11111
11111011011110101111010010001000110110011101
100111101110
0010
1111011001100101
11111111011110101
111101110011101
1001111
111010101111101
01111
11111
100101
0111001
001
11110000
11010110111011010
100010000
11111011101110101101
1011111111000011000
110110101101111001100000100111011010
0011
000
1011111
1010000
011001100
01
1011
11
11
1011
1111
1
10
1101
01000
0
011
011
101
111
000
0
0001
01100111011001010
1111
11100010001
11111101
11100111111100000000001
1111100011000001
0100
1001001110
1111111
1111010111011101010
1001011010111001110
1111100011
01110011010001101110001011001100110
110111111100110100
00011
11000
110
1111100100100
100011110
1
1
01111
10
100111
1
1
1111
0011
1101
1
1111
00000
11
0
010
10101
1
01
11
01011
011110
111
10
11
1110100110
10000000001010
1111111111101000011
1111111101101000
11111111110001000100
10111111100101001000101
111
0
010
11
11101111
001011
111110011111
001
11111101111
0100
111
001
011110110111111
0000
000
00
110111
0110011010111011000010011001100100
101
1
01
0
1
00
0
11
1
011
1
11
1
1
1
11110
111
1
10
1
1
101
11
11
100
0
1
1
00
0110000
10101111010111011101
11
11000
00000000000000
011
0111
010110100
0
001
10
000
1110100101000100000001100001
00
101001010110000
01
000000
1111011
0
10001
1110
111011001100000010110010010000
11
0110000
1101111010110011
0
01011
0
0011
0111010100
10111
1
000000000
110
0000000100
0000000000000100
01
00101010000
10001
011
111111
01
110
010
1
1111
1101111101
1111011111
0111
000000000
101
01111
111110110
000
1
1010001
00000
11101
111011101110111011
11
111101100
1
1
011
0
0000
1
100
101
000
1101
11
1
01
110000
1101001
110011
011011
1101111
1
001010
1101011
111011
110101
1111011
100110
011110
110101
010110101
110101
11111111
1010100
110111
10
101110
10101101
110101
101010
01
10
001110
000100
1110000
1111010
0000
111
1110111
01100
0111
0
0000
000
00100000111111001011111001010001110010001010
011011011100100110010101
1111111011000
00001
11000
0000
111
110010110000100010
0000000
1110
1101010
10000000
11011
101000
100
00001
10
0000
1110
010100
1110
00111
01110
11
11
11
000100000010011000
1000000
11
11
111
111
11
1
0
101
1
0
1
01
0
00000
0
1100
11
1
11
01
11
1
011
1
11
1
011
100
0
1
10
0011
000000
1
111
1
11
11
11
111
111
11
111
1011
111
1
1111
111101101100111
000
1
1
1
1
1
1
01
11
01
11
01111
11
11
01
0
11
1
1
1
1
11
1
1
1
1
11
1
1
1
111110
01111
11
1
000
1
11
1
01
1
1
1
111
111
1
1
101
1
0
11
1
1
1
11111
1
1
11
11
1
1
1
1
11
11
1
011
1
11101111110010110001
01
1
1
11
1111
01101100
11000
1110
101111
11
0111
11101011000
1
1
1
11
11
1
1
1
00111
111
1111
1
01011001
10111111
1111
11110010101
110110100111010
111
11
01101101110
011011
11
1
1
11
11
01
1
0
111101
111011
11100
1111
01
101
111
1
001
1110
00
001
0110111
0
011
0
11
000
1
11
11
111111
1
11011
11110111111
11111111
111111
0
111010111
11
11
1
11100
1101
1011010000001000111
01111
01
1101111
11111111001011001101111110
11110010011100111101111010101111100
111100100
101100101010000110010001010000000100
0111111110010101110
0101100001000101010011101110011111000100010100100010001111100
1111001111
1
1100
0011
1
1
11010110011111010011000100001001
111100000010
10000100000000000000
001001001100100111
100010000
000111
0001
111
100100011
10011011101011001011100100
10000001000100000000000010011
0
00100
00100100
11
01
1
10
11
111
01
1
10
100001
11110110
1110011
000001110
0
01110110100
1011111
101111
1
0100
101101010
110110
110
00
1
1
1111
1
011
11
011111100
1110011011
1111110011
1011011
1
1111110001
11101
11011001
1011011
1111100101
11111100111
111
011011011
1011111111
1011101
1
1
110
1110010011
1
111
1
1
1
00
01
0011
1
100010100
1101
1
1
010
1011
11
01111101
0101111
11
01111
11111111
1110
1101
00
111
11111
10111
111
1
0
1
011
11111111
1
1011010
111
001
0000111
110101111001011110100
1101
11
1011011101110011110
00000000000000000001001001000001000
10111
1000
1011111011111
10
111
111
1
110000111101111000110000
0
10
111
1
11
111
11
110
01111
11
1
111011
1
1
11
10
1101
1
101110
1
11
11
111
11
11
11
1100010001
111
1111
1
1
1111
1
111
11
000
00111
11
10
1
1
11111111
111
111
111
11
1
1
001011
11
111
111
11011
0
101011
11
11
1
1110
00111
10101010
11
1
1
111
001001101100111
10
111
1101
1
11
01
11111
1001001
11
11
1100
11111
10010
11
111
11111
1
111
0
1
1
1
11
11
111
0
11
11111
111111
11
1
11
01
111
10
1101
11000
10
11110
1
1
11
11
011
11111111
11
11
0
111011
111011111010000
0
1110110
0110111001
111
00
000
10101111000100101
000
01
11111
11
1
10
000
11
1001
1
00
00
1
11
1101
1101
11
0011000101111
1110101
1111
11
0
1
00
0
00100111
1
11
00
011
1
1100000
1
11
1111
111
1
11
0
1
1010000
1101100011
01
1
1
1111010
1
1
01110
111
1
1
011011
1
1
1101
11
1
01
0
1
11111111111
1111111111111
0110110011111
111111111011111
1111111110010
11111011110101111
11111110111
11110111101111
111101111111110
1011000100111110
1001111101100
11101100111
1111100111111
1011110110
111011111101111
1111110101111
11111101100110
011010101010100
1110010111
1111111111111011
1100110011
1111111111
00111011101
0011111111110
110011111111100
111111
11011000100111
101110111000101
0011000001000
000001000001
10110000001000
11111111
11111100
001101100101
1000000000001
0010111
0011000111111
100010100110
110000001
0111111110011111
01111111111110
0111010000
1110110111
111111110001111
111110110111111
0000000
00111010001011
100111001000001
111111000011001
00000001001000
10010001001110
11111000010
1111111010100110
101101010100110
00111110111
11110111111
01001101000111110
11111111111
1111000000000
0001000000011
000000001110
110111111
000000010111111
11111111110000
1001110110101111
1101011
11111111111
01100100111
0101111
0000000000
0101111111111
11011011
11110
1101011101011111
1000001100000000
1100000000000
1100101101010
01011111100010
11101101000
01111110111111
00100010010110
0111111
011001001100
0111111111
10000001001110
110111110
00110110111111
1111011110110
0111011000010
10101111100
01110110
111111110111
111110001010
01100101010
1101110000
01001100000111
0111111
111111111111111
01010
101111111110
111101010011
0011101
11010001
0011100010010100
101
101011
1
1
1
1
10
1
11010111110
0111101000
1001100
001110111111
11110011110110
11111101001
011100001
01100011011100
11
0
0
0001011
001
1
1
11
111111
0
011101100101010
10011101101
1111001
111
00100100100
110111001010111
11
110
11
111
1
0
011011
1011
10
111010010100
1110
010001000
10111
000
111
01011111010100101110
110110010110
01
0
1
1
1
1
01011
1111
1100110
10011000011110
111111010
0
1
01001
01
111
11011011010
11
1
1101
1
1
11011011011
1
11
00
1
01101001
01
000100110
0111
01111111
111
0010
00
0010010100001100
01
0110000
111
11
0
001
11
101
1111010000
11010111101
1101111010
1111111111010000000101111
010111
11111111000111
111111000011
111111101
1000
00000000
1111010101101100100
01010110101101111010001101001
1
00011011001010111010010
01011000001
1101110101000100010
00000011000111110100000100010010011000
11101110111110011001111110111010011010110110101000101
001
01
1
1
11
011
111
11
11
1111001
11
10
1
011001
1
11111
111010010101
11
11
110001
11111010
1001111
0
01
1
01110000110
111001100010
00000100000
1
010010
000100001
010000001000
00001011110001000011000000
01
0110011010
111110
10110100001
0100000
00011110110100
100000000000
11
000
111
1
11
1
11
1
1
1
0
11
11101111111
0111
0
11
10
1
1
1
1111111011100
11
1
0
1
1111
00
1
1111
000
01
111
000
01
11
1
1
11
10
010011
01
1
1
1
01
1111
011
10
1111
1
1
111
110101
1
1
111
1
1
11
1
111111
1
1111
01
11
11
11
11
1
111
01
11
111
01011
111
11111
01111
1
1
11
0
1111
11
11
111
1111
11111
01110
11
11
1
0
1
11
11
111
1
1
11
111
00
1
11
111011
01
111
1110110
11
111
11
1101001001010101
11
10011
1
111
1
11110111
101010111
111
0
11
1111011101111011
1
10011
1
1
1
1
01
1
1
1
1
1
1
10
11
11
1
011
11101
1
0
1
10
001110
101001111011111010
01
00111
0101
001100
111
001111
111
001
11
1011
11
00
1
110
01001
11
11
011
0111
11
111111
0
11101101110010111
0
11
1
0
0
00011
00
010
110
111
11
00010
001
00
1000
0
0
0
101
11
11
110
00001
1011
0
1
1
1
1
011
111
11111
1
01
101
010
11
0
00110111000000
1
1010
10011111
11111101
111111100
011011010110
111101
1011111
11011
11
111111
11111
111010001
11010111110
1111
0100100100100010101101001000
0110001110110
1111110
1
1111011110
1
1
0000
1011
111
0
11
0010
11111
0111011
1001110
1101101011
11111110
01110000011
1110111110010
11001110
111011001111
0111111111110111010
11
11
11111
110110111011
011
1
0
000
11101
11
0
1011011
01011001
1
0
0
1
01
1
11
11
1
1
1
1000
1
1
1
00
000000000000
10001111011000110010101010111
010111111110110000110110111
1111001110
0
00
011
11010001100
1
1
11
1
1
0
101
1
1
111
11
110
1
11
1
1
001101
0000000
1101111001
0011111
01001000
1000011110
01110100001111001000101
1
101
1
10
011100111
111111
1100001110
01110011
1
11011111
0101
11001110
111111
11111111110
11111111111
11111111
1110
01101
0011
01
0001101001000111000
001111101010111101101
11011001011110011110110011101110000010110111011110
11
11
11011011001111101100010
111
1010001100011110010
00100100001
01
01101111000001101110
010000011110101101010100010
1011111
1011011
110
1
101011
1
11
0101
111
111
111
1
001
001
00
00
000
000
1
111
000011
1
1
1
11
111
10111
111
011
11011111
00
11
01
000111101000
00011101100100010
10111
10
00
1
0
0000111
0111100
011011
11010011
111000101101
11
01010
1100
10111
011
1
100
1
1
1
1
0
1
11
1
000
0
01011
1
00
1111
00001
111
001110
111111
01110
11
1
11111011011111110101100011001
1
1
10111001
1
1
0111111101111111
111
11
1
1
1
111
11
1
1
1
1
11
1
1
1
011
1
1
11
1
0
001
111
1
1001101
1
1
111
110
0
0
1
1
100100010011000000000
010
010000000
101111
000000100010000
1
0
111
1
1
1
1
1
1
1
1
11100000
10110101
0
010100
101111011011111
01
0110011111010011100
100
000111
010101010000011
010101000101110
0100
1011
11111100
111
1
1
1
1
1
1
1
101101
1011
01010110101
11
0
1
0
1100000000000
0011
0111
11001
111
1
111
110001
011
11
110
11
1
111
0111
1
1
1
1
1
1
1
1
1
1
1
0
1101
01
000010
01101
1001
111
11
11
0
10111
1100
11
0101
1
01000000
1011
0011
11001
11
1
0
0110100010000
0
1
0
0
0
1
0
10111
1
111
111
11
11
011000000
1
110
111
0111
011
010110111100110100011000
11
11
11
111
1
111
11
111110
01
11110
1
11
11
11011111
1
0
0
0
111111100001
0
1
0
1
0
0
0
0
011
1111101111
11101011111
1
11011001010
00
100111000
110101101
0111011111000110010
1
0
011101111110
10111111110
11
1
111110101111
011101
1111101
111101101101
110111101001001100
11000000000
1
101110101
11101
1
1111001111111010010010101101111
11010000
0
1
11
110
1
01111011
1101
0
0010000
0010
11
1010
0
0
111111
1110111
11
011111
0
1
1
1110
0
000
010011011
111111111
1110111111
00
1
11111111101
1
1
11110
0110101
1
0
010111010
1
11111101
0
111000
1
1
111101111101011010
0
111
11111011100111110101
11111111
111111
1011110
1
11101011
0
111111
110111101011011
111011110111100011110101011
1
1111
11101
111111110111101
101
0
110001111
00
0
11111111001
0
0
001
111101
11100110100111100
1
1
10011111
00
111110001
1
110111101
10111
0111100100
01
01111
10
1
00
00
011111
00110111110101
111111
11110010
1010
1111
0
0
11111111111
111111111
11110111
1110
00
1
11001010111
0100110
11111110101
11111111111
0
1
1111101
1
00001
010001011001
1
1101
111111
1011111
1
1111101111
111111110111
1
11111
011111
011
10111
1
100110101
00
111
1111
1
111
0110010
100111
1111011011011
11111
1
110000100100110110111101000001100011011111101111
11111
11011
1011
111
00
1
0111111
111110111
1
0
111111111
1011110100101
1111111
1
1
0
111111111
1111111
1
11111
11
11111
1
100
110100111
10
1011111111100111000
1
1
0
11
01
1
10
010
00011100000010101000
11110111110
0
11111110
1111111
0
11001
11
00
110111001
0
111
11110
00101110
11011111
000
00
11011
111111110111
1
1
011011111
111111
01
1
101110101111110101
1
00111
01
111101
0
010
1110111111
11110111110000
0
01111
011101011101000
00111
1
1
1100
000000000000
1
111110111
1
11111
11
000011101
111
0
00
1011111
1
00110100
1011101
11
1
111011
110011000001
111011110
1011101
11
10111
0
10100000
011011011
0
1
01011
011
1
0
110100011000
111111101
0011110111001
11111
111100110011001
1111
11010011
110
011111
111
101
011111011000100001011000011001100
11111110
0
11
01111111
0010
1110
1101101
000111
0001000000100
11
0
1000100100011
110
1101110001
0
1101
1111111110
0000000000000000001100000000000000000000000
11100
1101111
011111
11111101
01
0111
1
11
0
0
1
111010111001110111
0
0
1111110010
1101
11
1
01101111
00
1110001
01
11
11111111111111
1
0111
00
110011
1
1
1011111
101111
01
11100
01111
00000001
1
111111111
111000011110111
1000
0100011000000010010000000100010011000010100100011010
1
10
11
11
1
1
01
1
11
11
11
0
1111
111010
11100111111010
1
111110110
11111
0
011101010000
111111000100
111
1111001100
01000000
10
0
0
1
1
111
1
111
11
11
111
11
11
1
111
1
011
1
11010
1
0011
0
10101101000001101
0
0010101011
0
11
1011000
000001110
111
000
1
111111000
1111111011101011010
0
011
11
10100
0
00
0
0
0
1
00
0
1
0
11
001110
0
00
11001
01111
0
111001
0
11
1
0
1
1
000
10
0111
111
0
11
011
0
1101001010011
0
1
1
0
1110100
01111101111
0
0
1000
0
0
0
1
1
100
0
11
0
1
1110
0
0
0
0
0
0
0111
111
111000
1
0
0
1
1
0
0
00
11111
101011
0
1
00
00
0
010
11111
0
0
00101111
01011100101111
0
1
11110001
101000100100
1
0
111
1
11
01011
11
1
1110
00
11
1
1
1
01
1
1
11
00
1
0
0
0
0
0
0
0
0
0
0
0
0
0
0
0
0
0
0
0
0
1
0
0
1
0
0
0
0
0
0
0
0
1
0
1
0
0
0
1
0
0
0
00
0
1
0
0
0
0
0
0
1011
0
0
0
0
1
1
00000001000000
0
11
1
0
0
0
0
0
0
1
0
0
0
0
1
0
1
0101
1
1
1
1
1
1
11
11
0
0
0
0
0
0
0
11
01001
0
1101
