11
0001101011
1111110000010001110
001111010
110
100000
1101011010
111101
10110011000
10
111111111000111
111011110111
0111
11010111111111
101011
1001100010
01100111
1111111101111
01
11111100111
1100
1011011100
01111
1111111111
01110111
011011101
1011111111
1111110011
11
0010101000
111111
10011
101011110
11110101
100111
0011
11
110
110101011111
111
11011
101110011
0010
01110
1110110
111111111111111
001110010001
10101000
01000
11111111111111011
1000010101
01111111
01110
11111110111011011111
11010
001100
100010
001
111111110100
001010
000000
11001101111
100110
0100
1111111111111111
1110101101
1100
11111
100011110000
1
0100
11000
00
00001
011110
111
011111
01010
111000
10011
1101
10000
0001
0110000100
1001
000011
110011
0110
000011
01
010
1011100
10001
0101100111
111011
100
1011111
1111
01001
010011
010
01110
0001
000001
10
111001
001
0100
000
10100
0
11110
10000
01000
00
111101
100000
1000
0111
000
0
0000010011111
00110
101101
0000
1010
011
1111101
001
10101
101100
111011
00
011
10010
11111
00001
1011111111
00100
100101
0100
00
011101
0010000
011
011110
110
0111
0100
11111
010111
111011
0101001110
111001101010
011111
1111
100010
10010
00111
001111
01000
010110
1010
0100
00001
011010
0110100
0100
100
01011
11
011011
011100
0100101
00111
10110
10100
0000
0001
00010
0001
0000
001101111011
11011
0000
01100
000000
001001
0010110
100
010111
00100
00001
10001
0010
110111
11010
0010
00100
100
110010
011010100
111110001
1001101
0111
0110111
1000
0011
110100
1100
1110
0010
10010
011001
