1
11
11
11111
1111110
11
11
1111
11111100011110
1111
11001
1111001
01
0
1111100
11
01
01
01101110
111
111011
1111
11
111
111
111101
01
1111
111
111111
01
11
101
11
11000011
01011
10
110
111
1101
01
0
0
11
1
01001
11
0
01
00
10
000
1
1
00
1111
0110001
110011111
011
0111000111
11
11
001
111110
0
01111
101
0
001
111011
001
1
0000000
11
011111
1011001
1111
11
11111
111
1
110
1
1111
0011101
0110
11000
1
10
111
111
111
11
1111
011
11
10
0
111
01
1101
111111
011
1
01101110
1111
1111111
01
11111
1111
111
011111
111111
111
111
1111
11111
1110
011111
00
11
111111
0
1110111
1
1111111
01111
11111
011
111111
0
1
011
111
0011
001
111111
1111
111
11
111111
1111011
11101
111
1111
0101
00
11110
111
111
101
0001
101011
0101
11111
1111
00111
01
111
111
0
111011
1111
0
1
1
1
111
1111
110111
1
111
111110
0
1110
1
01
1111
1111
110
01111
111
1111
01
10
1111110
11111
1111
1
10
1111101
1111
1111
11111
1111
01111
11111
11
111111
1111
011110111
10
11
110
00
000
10
01
111
1101
111110
11111
111
11111
11111
1110111
011
11
0
110
10
10
1111
00
01
10
00000000
11111
1111
111
111
1111111
11111
01101
01
01
01
0
01
0
110
101100
10
011111
10
11111
1
1111
1
1111
00110
11
11101
10111
1
1
111
0011101
111111
11
1
011
1111
1
11101
1000
1
1111
11
11110
10
10
1111
11
11
0011
11101011
0
1100110111
001
101
11
0111
111
1
11
111
11
01011
110
0
1
11
01
11001
10100100
1
1001101000
1
11111111110
11
1
011
111111
11
10111
101111
101
0111
11
111
1110
1111
111
1
0
1
0
1
1
1
0
1
0
0
1
0
0
1
1
1
0
11
1111010101111
1111111111
10001
11110111111
101111111011
0011011011
001001100
1111001
1111111111
011011
11010111
11111011111
11111001101
11110011
01011111
00001111
111111111111
00001111110
0110111111
010000101101
10000111
110111100
10111010101
000000111
01101100011
11111111111
01111111111
111111110111
1111111
11101111111
1111111111
101111001
1111111111
111111111111
10010011
111111111111
011101
1
11011110111
111111111110
111100011
11111111001
101111111111011111
1111111111101011111
1111111111
11111111
1111011111
111011
0001111111
111111111111
1111111
01110101111
011111110
1111111111111
010
1111011111110
1110
0
10011
00
1
0
0
1
11
111110
1110111
111
111111
11111
111111
111111
111
11
11101111
11
1111
10111
110
001
0
111
01
11111
111
111011
11111
11
1
11
1
0
1
0
00
1
1000
0
000
00
10
111
11111
00
1011001
11
1111111
111111
1111
11
1111
111111111
1111111
111111
1111
011000000011010
111111
11110111
1111
1010
11110111
1111
1011110
11011111
111111010
01111
11110
111
11
100
111
0
1100
0
11001111
1
110
1
1
000
1
00
1101
111111
1111111
111
11111110
11111
11111
10011111
11111
1110011111
111
11011111
110111
11001000101110
01110110
111111
11
11
111101
11
11111
11111
11
0
111
0111
11
111
10111
111
00111
01
01
111
111
11110101
11
011
00
11
111
1
1
1110
1
11
011
11
11
1
1101
0
0
0
0
0
1
1
00
0
1
0
0
0
0
0
0
11
111
1
11
1
111
111
111
1111111
111
11
1111111
111
11
1
1111111
111
101
11
11
111
11
1
111
111
1
11111
111
0101
11111111
11
0111110
111
110
1
111
111
111111
11
100
111
111
11
11
11111111
111
1
111
11111111
1111110
111
11111111
11111
111
0011
111101
00
11111110
111
1101
11
1
11
1111
111
0111
0111111
1
111
1111
111
110
11
111
111111
11
0011
11111
11101
11
00001
10
1110
011111
1110
00
01
10111111
0
0
11110
101
011001
1
01
00
0110
1111100
11
111
01101
011
1110100110
0
0111
1
10
1
1111
10
01111
0
10
1
1
11
01
10
1100
11
11
1
111111
101
0
1
000
0000
0
10
0
10
10
0110
0
01
0
0
11
1
10110100010
1
0111
1101110
101000001
010
001
10
1
0111000
1
0
0
0110
111
1101100
011
110011
00111
111110
0111
01
11
11
01101
1101
00111
0011
111111
110111
11
10111
11010001
111
101101
011
0
01
101
0111111
11001
1101
110
11
1
10111
10
000
0110
11110111111
0011
1111110
0111
101
011
11
1011
011
1
0
11111111101111001
110111010001
111
111111111111
11110010111
11111
01100
1011
0
1
1
01
01
0100
0
0
1
10
1
10
01
1
1101
0
00
1
11100
0
0
0100
1
1
0
0111
0
11101111
100011000111
111011110
1
0111
1000101100
0
11
11010110
0
0111
101111
111
0
1110
111
1111
11110011
1110110
1111
111
0011111
01100111
1010
1011111
0101
1111
11110001011100
011111
111
00
001111010110
1111011
0
01110111
1111
0
01
0
01
00
10
0
0
0
0
0
0
110111
1
111
111
00011001
011110111110
110
1111
011111
111
111
1111
1
10111111
110
1111
0101111100110
1
11
0011001
1111
011110
1
0111
000
1011
11
1111
1110111010001111
001101
0
0011110111110111
11
1111011
1110
1111110
1111
1
1101
11111
1
111111
1100
0111
111
111
1101
110110
11111
11011110110
111
1110111
0100
110
110111110000
1110
010
100110111101
1001
01111
111111
111
1111
101
011
110
11111
0100
0111
1101110
10
011001
01111
00
00
10111
11111
111
0111
11
1111
1111
011111111
111
011
1010
1111
1111
1
11
11110
11110
0111
1011
11111
1
101
110
11011
011100
0111
1111
11
011
111
0101011
11111
11111
11
111
11111
11111
11
1111
11
11111
1111
011
1
0111
011111
11101
111
01110111
1011111
111111
111
111
01111
101
111
1111
11
111
111
1111
0001
000000000000000
11
1101101
110
0111
1110
01111
11111
111001
0111
111011
111
111
11
11
0011
010
11110111
10
1111
11
00101110
110
11101
11
0111
10101
01
11
11111
011
1001111001
1111110
010111
111101100001111
0110
0111
101
001
0011
11111
11
11
1111010000100110111
0
1111
111
11
000111
11101
111111
111111111
11111
1111
1111
1111
111
110011110111101
11111
101
001011111
11111
11111
0
111111
1111
11111
11111
11111
111111
01111
111011
1111
1111
10111111011
111
01111
1111101
001111
111
11111101
111
111011
1111
111010
11111111
11
11111110
111110111
111111
1111
1
11111
111011
11111
11011
11
1101
111
111111
1111101
111
111
11
11110
111111
1
111
111001
1101
111101
1111
1
1101
110
0
11
00111111
1
011
01111
1
1
1111
11110
00
0
0
1
0
0
0
0
1
0
1
0
0
0
0
1
0
0
0
1
0
1
0
0
0
1
0
0
0
0
0
1
0
0
0
0
0
0
0
0
0
1111
1
0000000
0
111
111
0
1111
101011
01111101110
11011
0
1011
1
1
1110101101
0011
11
00
00
111111
0111
01
111
0001000
11
111
10
011
11
111
111
111
11
01
11
011
11
011
1101
011
0111
111
11
110
11
11
11
11
1101
111
11
111110
01
11
1
11
10111100
0
1010
000011
111
111
11
11111
111
1101
111
111
1110
010111
11
111
111
11001
01
1
11
110
01
1111
11111
1101111
10
011
101
11
11
111
11
11
10011001
111
111
11
11
111
111
1
110111
011
1
11
1101
10001
111
101
