01101101101
1111011001101101111001000100110100
0
11101111
11101011101101
0111010101011111111110000
00110
110
111111111110
1111011011111000
1011101101011
010111011111110111111011011110010101110011
1111110111100001
110111101111001111011011
11011111111101110011
11111101110010111
1111000
1111111010011111
1110
11110011001101100
11
11011101111111000111111101
11111011111100
1111000111
1011000110111010000111
01111101
10101100001
100111111001000111101110011011
11100010001111100110110111110111000111110101110011110110111101101001010000011111110110111010000111
111111
110110011000
11101010011
001101010111111111111000111011
101101111101111011011111010010
11001111110000100111110
111100101111010001010
111110110101001
0110
01111111000
111111110111001
01101110011
11011010011101
11
1010010011
110101011110111111100100110
1
1111
1111001110011101000100110110101101
1111000111000000011
11100011110001111111111101100101111100011000
111100
0100111111001111100111111100001001101100011101110111
00
1110101
0011110101100100010
011011001100110011111010100011011011011111111001
110111111110111001110011111
00001
1111111111111100010111
111110111011001111
110110111
1101111
11
1111
1110000111101100110001100101110011
111001111100101111100101100110011011101111
00000
1111110100011
001001111111110111000011110011011011000001000001
1111011101110110
1111
1110011111
111111
0111111110101111010010
11101111101001000
01111110111111111110001101110000001000010000100111111101
1111111101111
110
10100001111
111
111011
111011001111110011101101100101110001100101
11111111001
111111
111111100
01111
11101101100110
00
1111101
111
01111
1
1111
11
11111011010
1111010
0010
1
001
1111
1001111
0111010
1
1011101011
111111110111001
111001110
11
11
111
11110110
11
1110100
111
0110011
1011
00000000
1110110000
01111
111110101111
0011111111
111111101
11
110
110
0
0
0
0
1
0000
11100
0110010
001000010
101111100
0011011
01
1011
111
1111010111
111110111
111000000000
11110011
000011
01
111011
101011111
0
00000
111
0000
0111100101110
1011111010110011001
111011000
11111
1
0011111101101111
1011011111
0
000000011000111
11
1
0
0
111
0
11111011001100001011
1111001111111101
11111011011001000
11111011100
1
1
101001110000000010
1111101110
11
111
0
00
1100
11110010010110111
010011
011001111011100110011101100
1101
00111111
0110001
0010110
0111001001111101
01011111
00
010
0
100
1101
1101
1
011
0
011011011010110110001111
0111111001001
11
111011
1010101101
1001
1100
1111
111
011
11011100111101111
110011011111101010101100111
11101101001111101110001011001100111
1100011010101110011000
011110110010111100000101010110
0001000
00
0000010
1101
11011110000000000
00
11000001111100110111111111111000101101011000001001001001
1111011100100000000010100
0001
1000001100000
110001111101011111101011001110111111010110
10011000011000000000010
11111011110010
010011000011010000000111011100000000010001101
111
00110110000000001
011101001
10100100111101111000101100011
00100
11110111
10000110110011111100101001000000000000
1001110111111001110010
01111
1111101
111111111100001011001
1101110110110111100010
110111
0
01100111000101010011100
011110011111000110000010111011110
111001110100001010101001
1001
100000
1111
0111111011101
00000000
01
1
10
1111110011000010
110000110
000011
11011
0
00110
111
011111001110
11111
1011011100100
11111
0
11
00
0
0
1
0
1
1
0100111
11010110010
0011
111011000
111101
1
011111111001
1
1
1
1
1
0
1
01001
111
0
1
0000000
1
1
111
1111111111
1
1111101011110
1
1111111
1
011011110011111110110000001011101
1
1
11
1
1
1
1
00001111111110001011001
1
111111001
11
1
1
1
1
1
1
1
000111
1
10110001
11111101100
111101001
0110000011100
11110100
1111
1111
1
1110000101001111111
11111010
11
101111
111
11011010011110101011011001
11101011111
11111000111
11110111
01111
111011111010111100
11111
1111111
1101101100
00000101111000110011100000
0110101011001
01000111100011000
11110001110110010110000001110001000
0111101100111
100111111
1111
111
111010110011
110101100101111100
11110
0111111
11011111101111100001
1010011101101111011000110011001111100011011
0110111
0111111
111
1
1
0011
1
111
101101101100100111101110
11101010001101
0111111011100
11
1
11111101
110111011
00111110110001000001000
1111101111101
1111101011001100
11111011100111
0111111
111111
1110011011000
0110101100100101010101
111110
11111100000
11111111100
011111111100011001000
11100111001100111001
01001111
0110100110011101011
111001000
1
111101
111100101010000110
01001000111000101
0000
011
111
0011111
111111101
111
11111111001101001110
11111001110111110111100110100010001101
0111
11100010001100001001010010100
1
011111001001
0100100000
10111
0
11100010010100001000
11000110000000
11
1
011111111111
11111101101001
101111111111
11100110111111111
11011111111
1101111111110
111111111111
00111111100
111111111
111111011
11011111111110
001111111111
1111011101111110
111111101
1111111111111
111111111111
11111111100111
1111111111
1
011111111
101011101
0
1
001011011000110
1110101111
1111111111111
11110111011
0010100101101
1101111111111
111110111111
1
011111111111
01101010011
11111111111
111111111111
10111101101
10011111111
1
0010101100
111011111
11011101111101
01101111111
111101101110011011111111
111111111111
111111011101
1111111111
0111101111111
00101111101
11110111111111
110101110111
11111111
01111000011
100111111
1
0011
100100111000
11111110010
1111111010
1
1110111111
11011111010
111111100111
0
11111111001
111111
1111111101111
110111111
11111111
111101
1111110101101
001
011000110
111
101000101001111010100001100100001
01111110111
1111010100
101
11001111111101
0010001111000
111111101
1
1
1000101000011
1100001
1111001
111111011
111
1111111111
11
11
111
1110111001
1111011
11
1111
11101001
111
011
11100101
11
1111111
11
11
11110011
011101001111011110101001010110100110010
100
111
01101011
111
111001000
110011010100
1111101101
1110
111
111110010100
111001010000
0101100110101
110000
11
11000001
101001
01111111011101001
1110111010000
110101011010
0111111
1
11100100
01101000001
1111011
0111111101111100110001101101010
01
111101100
01111001110111010000111
011010000010000
11101111110011010010101
1110111101
11111010
11110110111
0111111111
11111001
01111
11111
11111110010111
11111111
111111
11110111101
111
1110111
1
0
1
1
1
0
0
1
0
1
0
1
1
1
1
0
0
0
0
1
1
0
0
1
1
1
111
0
0
0
01110100101
100111
11100110
110100010101001111
111
1111001101001000110
1
11100000
000111
11010100
1111111111011101001
110110
1100101011001
0111
1
111001000111111000000
111001110
1111111
011100100
1111111110010111
11111111101
11111
111101101011
1111101010011
1111
111110
111111001011
111101110100101100111
1111111
101111
11011
01100111101
00010
01101111
011110111
0111111011100001
11111010111010100100011000101
111110110
0
0
0
0
1
0
0
0
0
0
0
1111101111111
0111111111101
11111
1
111
1
0011001
1
111
0
1
1
11
100011
11
10011
1101100010001
1111001100
111110110000
001
0111011
10111
1111
01
1101
1
1111010110001100
0
0
0
1
00111
01
1
11
1010111101
110010100110111101100011100111101110010100011010001000001010010001011
011111010011011101101001000101110111001000011
1111000111111101110010110100000001111111
111001111101111001011000111110011011011
1011010110010011111111011101100000100100101000001010000
111101100100110101011111
11110110011111110011011111111
1100010011110111101101111110100010010000001100100010001100
111111110001111
011
100
11
11
100
111
11
11
01
1
11
11
01
11
011
11
110
11
1
111
011
111
11
00
00
000
11
111
111
111
11
11
11
01
11
111
01
00
1
1
001
1
11
101
100
1
111
1
01
111
10
11
00
01
01
11
100
111
0
11
010
0
1100100010011111111100011000001011000111
1001001011110101000010000000000000
1110110101100111011111111111110110010001010110111111101010011000
0110001111001001111100110010000000000100010011
1111111011011111001100111001011011010
01110111111111111000100101011101110
1010011111111101010010111100
1111001111110111101100010101110001111
1111111111011100010
1111011111110
1011001101101111111011101101110100011110011
1111001110010
0000110000011110011011
11
11111
10011111
1110111110001111
1101100111111011100111011110
111
11101111000110111000
001101011011001
0000010001
011111001001
11111111101101001
111000
10110011001
1100
1
1111110011001
111111
0111101101111111
01111001111010010101001010010001111001111111010101111
11111001
11111101
010
011101110101011110010010
11010111000
11111010111100101
10011111100110110100111010101
011111
11110011
11110111001111
111101
01111110110100
111011011010110101111111
0000
1111101000110111110
111
1
01
001
111
101
0
11
11
111
011
01
011
00
111
111
111
01
111
111
111
011
11
111
111
101011
111001
11101010
11
1
1010011
001101001010011
0111000100
111101000011111101100110111110111
011111110110011111101100110111110001000100111
011111111111010000101011111111
11111001
111111001011111010110101010010
11110010
01
1111110110001
1
11
01
01
01
01
111101010
11111110011
101010011100011
001110111110111100111111101101101100111101010000010101111111100010101
101110010011001001111011100000101100001110110010
111000011000000
1101111001111011011111111000010111111110110111111
01110011101010110001010001
111100111110110111111110111001000111001110110111
1111111111101011011000000101
111
011110010010011001
1111011
01101
11
111101100
011011
010111101111010110000110110000
0
11
0111
0
11
110011111110101
00
00
001111
111
11
0
0
1
101111001
011111
01101101000
111001001101
1100
0
001011011000101
0
01010111100001110000000111
11111
1101111
10011100110111110111011010011001010001111001
01111011110
010011111111000000000010
00000
00001
111101001100110101010011010
011101001011001001110
111011000100011111
00010101100111111100001110101001
00111100111111011000001111101110
0000
100111101101111101100110110001101111
000111111010001101110
110010011111111011101110010000010001
11110011011101110001100001010110001
00000
01001111111111001001
11111
01100111001001100000
1111011110001111
0111011111101000000111101
111111111110000
1
111111101100101111101111011011111000010111100011111011111111
100
01
01
011
01
1
01
1
01
011
11
001
00
001
01
0
001
11
11110001011111001110011100111010011011101101
011101101011110011
00110
01111010011111011100100101101011100111
0111011111110100110110001110
01
11100111001111111101100011111010
111110111001
111100111111010011
111111
1111111001
1101111111000110
1110001011
010001
01111001001011101100100100101000010001100000000010010110010000011000111
1110
11001010101100111111011
11
111
111001001000101001
110011101111001000110
01111001000000100
111
1111111010101110000001
001111111110000000111010
11011111100001
0001101
001110111111110111000100000110100
0
0
10
10001110111111110001101101101000101000
0010100000
00
0
000
110001110010110010100010110110110
011111111000
110011111110001111111110111010110010001111011
111000
11111111000111000001
010001010001
0100001111111111010011111000
11111
110101011110000000
1111
011011
0100100110000010
0
10111110001011101
11111110101110101
101
0
11
0
1
11
001
1
111110110111011110
1111011110001111000
00001111101100100100011011101000000010100101010001011
00111111111011011001
11100110110111001100110000011101110110
111010100100011111011111000010011110101110011111
11100
01111001110110010101110
011110100111011110001101111110011100100000000001101011000110110
0111011011010000101110101100101011001100101101101
11111111010101111110
111
1
1
1
1
11
1011
11111110101
0000
1101111110111111011011
0110100111011110111
01111100110000010
11111010100001000001110001100111110001001111111010110001010010010100
00000010000101101001011011111110111111101100000100100010000100100100011000001001110101110010
1
111010101011
00000100
1111011001110010011111101
000
00
01000010000000
0011111
1001011
0111000011101110000
0
000000
0000000001000
1010110100
011111
0
00
00001
0000000
111
1
111
11
10011111111101001
1
1
001111
111110111111
0100
111
11
001111
10111
1100
11
101
11
10001
01111
111011
1001
110010
111
111010011111001101001
011111001000000
0001000000000010010110010001
0
1101
1110111
10011
111100
110011010011010
0101
111001011111010010000000
000111000
111
110
010
111101
0
011110100011101
110
1111001100101
1100010011001
111
1
11100
1
0110
0001011000
011
1101111000
110010011110
1111111111000
1
11
0
111
1011000110111100100000010010111
10111
0
0
00
0
1
0
1
111
11100
0
1111
10111
11
0
1000
1000111
110010
0110101010
11111000111
0101111001011110111001
0
0
0
00011111
0
1
0
0
1
1
0111110010000000
000000000010000000000000
0
1111001100
0
1
0
0
0
1
1
0
0
001111
111001111
111110011011
1
0
0
0
1
00
0
0
0
1
0
0
0
0
0
11
11
111010000
1001
1
111
111111100000
111110011000000
1110010111
111101
111100111100
011101001110
0001
111
111000
0010000010
0101111110001001110
0011
11
00100101100101
111010101001
11100110
11111001001111
11000
1010011
1
11011111001101011000100001111101
000
11011101
00000001
10
11101
110100010111000000000010
1
010011001100110110110010101001010100101110111
0
1
111000
101110110001100101011011
0111111010000
100101110010001001011011010
0
0
110001110000
0
1111001100
1
0
111000110001
0
1111110010010011
01101001000000000
10110010000001
0000000000
11110000000
1000011110001000010000
0000
1
0
01
11
10
111
11111
111
0011
1111
1110001
011111010
111001111
1
011101111
11
11111
10111
1111
1
111100000000
1
11111100100
000
011001111111
101
1
0
1
111
1
11101011
1
100000
1
1
0
0
101010
0
1
0
101
01
1
1
01110110011
0101
1
1011
11101101110
1
111100001
111001111110011000
11001001
1
0
1
0
101000001001
11001100011
1
1101
11
0
1
1111
1111
01001011
0101
11
1
0110
11111
1000011
1
01011
1111110110111
1
0
1001000010110000100010000000001100000111
1000
11010010000
1
0
01010000000
10111101
0
0
10011
00000000000
100010
1
00101100000000
0100
001001000000101
11
1101000
111111
1
101010101
1000
1
11
1001100
0110101101010110011
111111111
00110100000000111100001000001100101
01101010110010000
1101
00011
01010100110
11110000
111110
0011
111101
110111111
111
1
0
11100100000100000
111
11111
11111111011
111
11100
111111
1101
0000
01010001100001101100
00110001011000000000000000100
100001
1100110110
10
0111
00011
0
00
1001111111001100010110000
111
1111101101101
01111
111
01001
1111000111001
10110111
1101111001101
