110101110100110
0
1111111
1001111111
1111
01111111
0110
1
111100011001101101
110111
011010101111
1111
111111
1111111
110111
111
11
10110101110011011011
111010011100
1111100010110110100111
111011011
11111100
110111111101110111111
1111111
1011
11110
1011
10111101
11111010111
01111
11101111111111001
01
10
111
11111
1011001
111
111111
00110
11010001110
010
11101010111111111100
111111011111
11001000101010
111011
0
1
1
0
0
1
1
0
0
1
1
1
1
1
1
0
1
0
1
1
1
1
1
1
1
1
1
11011000
10011011
11101110011
0
1111110
1
1
1101111
111011111110011111111
1101001111111110011
1
1
0
1
0
1
1
1
1
1
0
11101110
111
111
1
01011111
011011
100
0
0
1111011111011
1
1
1
1
0
0
0
1
1
1
0
010111001010
0
1
1
0
0
0
0
0
1
1
1
1
0
0
1
0
1
1
1
1
1
0
0
1
0
1
0
1111
1
0
1
1
0
1
0
1
0
1
0
0
0
0
0
1
0
1
11
11
01
1
00
11
0
01
10
0
00
0
1
11
0
1
01
01
11
0
10
0
01
00
0
00
1
1
01
11
1
11
1
1
11
00
11
11
0
00
1
11
1
10
0
11
1
1
1
1
1
1
1
1
1
1
1
1
1
1
0
1
1
1
1
1
1
0
1
1
1
1
1
1
1
1
1
1
1
0
1
1
1
1
1
1
0
1
1
1
1
1
1
1
1
1
1
1
1
1
1
0
1
1
1
1
0
0
0
0
1
0
1
1
1
1
1
1
1
1
1
1
1
1
1
1
00
0
1
0
1
0
0
0
0
0
1
0
1
0
0
0
1
1
1
0
0
0
1
00
1
11
00101
010
11110
111
11
10010
0100
1
000
01
1111
100
1111
000
0111
10
1
111
1
00
01
111
1100
1101
1111
1110
111
0110
111
111
001
1
1111
110
11
11
1
10
111
111
100
110
1
011
001
1110
1
01
10110
00000
000
11
01
11
1011
1111
011110
0101
111
0101
0100
101
111
010
0001
1101
111
000
1110
111
1
0
101
111
0
0
00010
000
0101
01111
1001
1101
0001
111
11010
101101
0
01000
01000
000
111
01100
01
0
0
1100
1000
010
11
00001
11100
0011
000
0111
1011
111
0
11
10
011
0
1
001
111
101
11
1
101
111
01
1
1
10
11
1
1
0
11
1
11
11
01
1
10
100
010
101
10
111
111
100
11
11
011
0
101
0
0
0
111
000
0
0111
011
1
11111
0
1
1
1
0
1
1
1
1
1
0
0
1
1
1
0
0
0
1
1111
00100
11101
0
1
101
111
00
01
111
00
11
110
1
1
0
0
0
0
1
0
0
0
0
1
0
0
0
1
0
1
0
1
0
1
0
0
0
0
0
1
0
0
0
0
1
0
1
1
1
1
1
1
1
0
1
1
1
1
0
0
1
0
1
1
1
0
1
0
1
00
1
0
1
0
0
1
1
0
0
0
0
0
0
0
0
0
1
0
1
0
0
0
0
0
0
0
1
01
00
0
10
10
01
0
0
0
0
0
0
1
0
0
0
0
0
0
0
0
1
0
11
01
0
01
0
00
1
11
0
11
11
0
0
1
0
01
0
0
1
001
00
1
011
101
011
1111
1
100
0
11
0
1
1
01
1
00
1
01
00
01
11
0
01
1
1
1111
0100
10
000
110
01
0
0111
1001
11
011
110
11
00
111
0111
10
01
1
10
0
1
1
11
11
1
0
1
11
10
0
11
1
0
10
01
0
1
1
1
0
10
00
1
0
1
1
1
0
1
0
1
1
1
1
1
1
1
1
0
1
1
0
1
0
0
0
0
1
0
1
0
1
1
0
1
1
0
0
0
1
1
1
1
0
1
0
0
1
0
1
0
1
1
0
1
0
1
1
1
1
1
0
1
0
1
1
1
1
1
1
0
1
1
0
1
0
1
0
0
1
1
0
0
0
0
1
0
1
1
1
0
0
0
0
1
0
1
0
0
1
1
1
0
0
1
0
1
1
1
0
1
0
0
1
0
1
1
0
1
0
1
0
1
1
1
1
0
0
0
1
0
0
1
1
1
1
0
0
0
0
0
0
0
1
0
0
0
1
1
1
1
0
1
1
1
0
1
1
0
1
1
0
1
0
0
0
0
1
0
0
1
1
0
0
1
0
0
1
1
0
0
0
0
1
0
0
1
1
1
1
0
1
0
0
1
1
1
0
0
1
0
1
0
0
1
0
0
1
1
