11
11111111
11101
111
0001001
01110010
111
0100000
1111111111
11
01110
111110111
111111111
1110111
00110
101100
01100
11011
1
0110100
11
111
1111111
111111111
1111011
111011111
11111101
1111111111
11111111
1010011
011011
11111101
11110110
1
1011
11111011
111
110100
1
111
00010100
1111
11111001010
111110111
1100101
11111
00000
110
11111110
111
111
011011111
1100101
01
0
100010010
01111111111
01100001
11
11
0111001110111
101110
101
10100
0100011
1001001
00011
01100000
011010
0000001
111
1111100110
010101000
00011
11000100
01111000
11
111111
11
1111101100
00110001
1111111111
11
101111
1111101111001
11001100
11001
0110110001
100111
011
0100111101011
10111110
11110111
11100
111111101
1000010
1
11110111
01011110
11
111101001
1100101
1111111111
11
0100001
100110
11101111
10010
01010101
11101
11111111101011
1111111111111111
111011110
1111110011
0
00001
01011110
111011
01101100100001
10011
0101101
11100001
1111111
000
1
101010
010000
11
101111101
001000100
1110
0001001100000100
010100
11110111111
100101
00100111
110111
11
0100001011000101111111
0010010
11110111011111
1
01011011
01010
1011010
101111
1111111011111
00111101
1011110
01000
11010
0000010
111101101
00000000
1010011111
1111011
10111
01
11111101
0000000
0111100
111000
11100
000001
00000010
11101101
10000111
1111111111
1111111
11111111
00110111111
110111010111
11110101
00110
10001000
1111111111
0010110
01000000
0
00100000
00000
111110101
0010
1101111
100
110101110
1011110
101010
101001
1010
110110111
1
0101110
11111111
11111
0001
000000
0000
11111011
10111011
1000101
10000
111001
0101011
110101
00111111
00010
01100001
0010010
0011101
110111
11111101
11001
01
0000111
1101110
001
1110
1011
0011111
011010
111011
11111111
10001
101000
1001
000111000
0000010
11111111
11011
110110001
11101001
