011100101
111
1
111
111
110
1111
11101
1111
1
1
1
111111
10111
0111
111
1
111
0101
1
110
111
111
011
11111
111
11111
1
1
00
0
111110
1
0
1
10
11
1
1111
01
1
11
1
1101
011
111
1011110
1111
1
01
0101010
11
1111
1
111
01
1
11
111111
111111
11101
1111
1
111
111
11011
110100
0110
11011
0111
00010
1101
111111
1111
1
11111
1
1
11111011
00
10
0
11
11
10
11
1
00
10
0
0
10
0
1
0
10
10
01
0
11
00
1
01
1
0
0
1
1
00
0
00
0
11
00
10
10
0
0
1
11
00
1
01
10
0
111111111
1011111
11111
111
1111
1110111
111111
1111
11111
11111
111
1111
1111
11100
11100
111111
11101
11110
111
1
111111
11111
111111
1110111
111
110
1111111
111110
1111
1111
111
111111
111
11111
11
11111110
1111011101
11
11
11111
111
11111
1111
1
1
111
111
011
1111
111111
1111
111
101010
1111
1
11111
11
0
111011
1111
11
0111
10
11
11
11
111011
111111111
1111111
1
111
1
1
11
11
1
11110
01001001
1011
1110
0111
1
111111
11111
111
1111111
1011
111
1111
11
00
1
1111
1
10
1
11111
111111
1111
11
1111
111111
1
111111
1
010101
01
1111
11111
10111
111011111
11
111110110
111111
0
11111
1
1101
111111
1
111
111
01
11010
11
11
001111
0110
011
01
01
1
0
011
1
1
1111
110
11
01111
111101
1011
0
1
111
110010111
111001
0111
11111100
1001
1111
11
111011
011
011
111
111111
011
1
1
1
110
111
0101101100
11
1
11
11101011
10
111
111
1110
111111
1
01
1111
1111111
111111011
11110
1
1
00
0
1
00
001
1
11101
1
11
0
11
1101111
1110011
11111110000
011111111100
11101111111
0110111111111
110011111111
100111111111111
111111111
110011111011
111110110111
1111111111110
111110
1111111111111
1111110111010
11
111111111111
1111001111111
011010111111
11111111100
1001111
1001
11011111
111010
11111111
110
1111111
1111111
11110
111111111
10111110
1111111
11011111
1111111
11
111010
1111111
11
1111111
1011011
11100111
111111
1110
110111
1111111111
10110110111
111
1011001110
111
01011100111
11
0111011
101
1111
1101
1
11
01111101011
110011011110
001
11
0110
10111
1111
1110111111111111
1
11111
1111111101
111
111111
1011111
111
1
11
110
1111
1
0111
1010
111
10111010
111
110
11111
11
111111
01110001
111
1111
11
1
11111111
11
111
1
111111
1111
0010111101
10111
111
1
11
11
11
1
11
111
111
11
11
110111
11111
011
1111
1
11
1
1
1
101111
110111
111111
1111111
1111
1011
11111
101
011
11101
1111
111111
111110111
11101
111011
1111
11111011
111
01
11111
111111
11
1
1111
11
01111
10
01111
1111111
1
111011111
1111
100111011
111010000
11101
111111101
01110100111
11111111110011110101101
11
11111111
111
0
011011
0
11
0111
10100101
11
1
11
01
1
11
101001
1111
1
1111
111
1
11
1
1
1
10011
1111101
110
10111
110111111111
0111
1
11111
11111
1
11
11
11
111
011
111
10111
11
00
01111
1011
11
1111
11
1011111
101
1
1110111
1101111011110111
0111
11000010011
011101110100
1111011111
1001100110
1
0
1
010101
101
110
001111
0111
1
1111
111
11111
11
1111
011100
1111
1
11110
1111
1111
0
111
1111
1
10
1
