00101
11111
01
1
0110
01
0100100
1011101
0
1
1
10110
0
1111
00010
001
0
01110101
00111
0000
1
0011
00100
11101
0000000010010
10
000
0
011
101
1
11
00
1
001
1100000
0001001
1
10
1101
0
1
000
0
00
1
0
0000
111
100
111011
0111001
11101
01
11111110
1
10111
00
00
1111
10111
1
111
0
1
1
1111
10010000000
101101
11
100
01101
1
00
11111
0011
11
010
11100
1111
1111
111
01111101101
10101
01000011
1
10101
1
01011
10011
10
111101
01
0
1
10101
0
10100
101
110
1101
0
1
0
01110
01
11001110101
11010
1
0
1
0
00
1
111
1
1
1
0
0
01110
11
1
0
1
1
0
1
0
1
1
0101
11110
11
00111
11111
001
0
1
1
00
11
1
11
110111
1
1
1
1
1
11
1
1
01
1
11
11
11
000
111
1
100001110
0
01011
1
010
101110110
1
0
110
1011
1
11
1
0
11
10
0000000010
11001
1
1
1
11110111
1
1
01
1
1
1011
0
10
01
0
11
110010
0
1
0101000
0
1
0
11
1
1
1
0111
0
1
111
1
001
01
1
1
1
1
1
1
10
01
1
01
0
001
00
000
1
1
0
0
110111
1011
1
1111
1
000
11110
1
0
1
101010
1
011
1001
0000
1
00
1
1
1
0
111
1
1
1
1
10111
0
1
0
00
0011
1
11
1
1
1
1
1
0
1
1
01
01
011
11
0
0
01
0
1
01
1
0010
1
1
1
00000
1
110011
1
1
000010001
1111
01101110100
10
111
00
001
00
1
1
1
1010
11
1
1
111
001101
1000
1
11
1
0
1
11
011
11
111
110
1
10
01
00
00
1
1
11
1
1
0
01
1
11
11
1
11
101
1
000
10
1
1
1
1
1
11
0
00
01
0
1
10
11110
11
1
11
11
1
0
0
110
1
01
101111
11
01
0
100
10001
0001100111
0000011000
01
00
001
00001
000000
00
001
1
0
0
10100
1
1
111
000010
00
000
0
111
11
000000
001
100101
11
1101
11
0011
01
00100
10
1
1
01011
0
0000001
111
01
11
0
11
1
0
1
1
1
0
1
1
10
1
1
001
1
11
1
1
0
1
0
1
0
1
01
0
000
00010
1
00
00011
00
0000000
0000000
000
001
011
1100111
111
100
11
111
00001
0
0000000
000
0
1
0
0
1
1
0
10
00
1
00011111
001
0
0
000
11
1
0
101
11
00011
0
10
011
00
00000
1001
1100
0
1
0
10
000
01
0
1
00
0
0
00
1
0001
01
1
1
1
01
00
11
01
11
0
101111
110
0
1111
11
0
0
01
1
100
111
1011100010
000101011111
011
01
001
11
0
0
1
00
0
00
1
1
1
011
1
10
0
100
01
01
1
11
11
111
10
010
11
0
000
1
1
01
1
0
0
1
1
1
0
0010
1
00
01
10000
000
0011
0
11
0
010
1
1
001
1
0
1
0
111
1
1100100001
1
1
1
1111
1
1
1
001
10111
1
11
00
0
0
1
0
01
0
1
1
0
0
11
0
0
1
01
11
1
1
1
11
1
0
1
100
011
00
00
001011
10
11
0
1
1
1
1
111
1
0
001
11
11
0001
0
1
1
1
0
1
1
1
1
0
1
1
1
11
0
100
00
0000000001000
000000000000001
000100000000100
000000000100000
000001100000000
00001000100100
0010110110000
01001100110000
00
00
11111
0
00
1
01
1
11
0
0
0
01
11
0
0
000101
0000
1
00
01
011
11101
11
001
1
101
1
1
0
0
11
111
1
1
0
0
011
0
00
10
11110001
011
1
000001
00
00
000
11
1
1111
1
1
01
00
11
1
1
1
1
0
01
11
1
10
1
011
11
1
1
1
1
0
1
11
1
0
0000
1
1
1
000
01
0000
1
1
0
1000
0
11
11
11
00000
0
0
0011
1
111
10000
010
0111111110110101
1
10000
0101
11010
00
1
011
1
0
1
1
0
0
1
11
1
11
1
11
0
1
000
1
1
0
11
1
1
11
0
1
00
0
1
11
1
1
11
0
1
0
0
0
0
1
00
0
11
0
1
1
1
100
0
0
110
11
01
1
00
100000
0
0
100
1
0
1
0
00000
01
00000000
1
0
01
1
1
1
1
1
11
10
0
1
11
1
1
0
1
0
1
1
0
1
1
10
11
0
01
0
1
1
0
111
00
1
0
01
1
010
01
1
101
0
0
0
11
10
00
11
0
1
1
1
1
0
1
1
1
010
001
10
001011
0
1
0
00
0
0
000
01
00
0
1
1
1
1
111
0
0
01
1
1
110
111
01
000
0110010
11
11
1001
0
0
0
11
0
00
0
010
1
1
00
00
1
10
0
11
0
0
0
1
1
1
1
000
0
1
00
