0
0
00
0
0
1
0
0
0
00
1
0
00
0
0
00
0
1
0
0
0
11
0
1
0
00
0
0
0
0
00
00
00
00
0
0
1
1
1
01
0
1
0
0
0
0
0
00
0
0
0
0
0
0
0
01
1
0
0
0
0
00
0
1
00
0
1
1
0
0
0
0
0
0
0
00
0
0
0
0
0
0
0
1
0
00
0
0
0
00
0
0
0
00
0
0
0
0
0
00
10
00
1
0
0
00
00
0
00
0
1
10
0
0
0
1
00
1
0
00
0
001
1
0
001
000
01
00
11
10
1
00
10
0
0
110
001
00
00
000
00
11
00
00
0
000
00
1
1
00
010
000
00
00
0
110
00
00
000
10
01
010
0
00
011
01
00
00
00
01
01
10
111
00
01
0
000
00
100
00
1
010
0
00
01
00
011
10
10
11
010
0
0
01
0
11
000
0
1
0
0
0
0
0
1
0
0
0
0
0
1
1
0
00
0
0
0
00
0
00
0
0
0
0
0
0
0
00
0
00
0
0
0
00
00
00
00
0
0
0
00
0
00
00
10
0
0
0
0
0
0
00
00
0
00
0
00
0
0
0
0
00
