11101
1111
011011
0
000
1
1
1
1
1
1
11
1
1
00011
1
11
1
1
11
0
1
1
1
1
1
11
1111101
1010110
1111
1
11
11
11
11
11
11
00
1
11
11
11
11
11
00
11
11
001
11
11
1
1
1
1
1
1
11
11
111101
0
11111
1
11011
1
11
1
1
1111011
1
1
1
1
0011110000
11
11
11
11
111
1
11
1
11
01
1
11
1
11
01
1
11
10111
1
11
11
11
11
01
11
11
11
1
11
01
01
11
11
0
1
1
11
1
11
1
1
1
00111011011011010
1
0
1
1
11
1
1
11
1
11
11
11
10
11
0
11
11
1011
1
11
1
11
1
1
0
1111
1
1
1
1
11
11
11
11
1
01
11
11100111
1
1
101
11
10
11
1
1
01
1
11
11
11
1
0
1
1
10
11
1
1
011
1
11
00
1
10
11
1
10
1
1
1
10
1
0
1
1
1111
1
11
11
011100
10
1
1
1
1
11
11
11
11
1
1
001
1
1
1
1
0
1
11
11
11
11
10
01
1
11
1111111
1
11
1
1
1
0001111110
1
11
0
11
01
1
01111111111110111110011
01111110011111111111
1
1111111
1110110101010101
101
1
1
1
1
0
1
1
1
1
1
1
1
001
1
1
0
1
1
101
1010
101
101010111101
11
1
1
00100
1
0
1
111
111
11
1
00101000
111
1110
0
11
0
11
11
00
11
111001
11100
00
1110001011
011111010010
11111111
11110111
1111110
111
1
00
0
11110111
11111
1
10
11
101
110
11
01111
111
1111
01
1
1
111
1
11
1
000
1
01
1
11
1
1110
1
10011
101111
111
0
11110110100010
10000111100010
01101
111110
1
1
111110100
11110011
1
011111
1
0
0111110
0
1
011011
1
1
1
1
1
1100011
11011101100111
111111
1001000
0011101
111110011
1
1
111111
001111
111011
1
111111011
010111
1111101
0101
1101
1110
101111
1
100101001
1110111
011
111100
1
1
1
111111
001
1
101111
1
010001
010110
00101
1
111110110
0010
0110
11101
11
0
111111
100011000
11100
1
10011010
11111
1110011110111
1
111011111
0
10010111000
11
100001
1
1
1
1
1
1
1
1
010
1
1
00
0
1
1
0
1
1
10
11
111
011
11
111
11
11
0
111
1
11
00110001001
1
1
1
1
1
1
1
1
0001001
1
1
1
1
1
011111111
10
1
1
1
111
11
11
0
111
111
01
111
111
10
1
1101
1
111111111
0
011
010010
1
11
01
11
1
11
0
11110
1111
10111
01111
0111
111110
1111
11
111111
11111
1011110
000011
1111
1111
101
11111
11
11110
011
111
111
11110
11011
111111
111
11110
01111
111111
1111111
010
011110
0111
1011111
1111101
11111
110110
1111
101
11
1101
11111
11101
111111
11
110
0111
0
1101
1111
11
111111
1111
1111110
10111
111111
10110
0111
11110
11
1111
111111
1111
1101
001
01111
010
11111
11111
11111
11111
111
1
11
111
11111
11111
110
00
11111
11111
01
001
0101
11111
111
11111
11000
11100
110
00
1110
1
1011
011111
1111
0
1111
110
1111111
111
111
1011
111111
1101
1111000
1111
110
1
10
01
1
1
0
111111
1
11111111
11110
110101
1111111
111111
11
10
1001
1
111
1111
111101
111000010
11
11111
10
11
111111
110111
1111111
11111
1111111
1111
11111
010
110110111
11111
11101
1
10111
111110
0001011
110
111
1111111
1111010
1110111
11101
0111
111
1000101001010
000001100100
11111
1101101
100000
011
101011
111
0110111
10111
100
1
1
10101
11
11
10
11
11
11
10
1
11
1
1
01
11
1
11111
1111001
1
11
11
1
11
11
11
11
1
11
11
0000
1
11011
0
111110111111
111110
1111
111
111110
1111
01
0
00
11
00
11
11
11
1101
11111
1
1
1111
11
011110100
00010011000100
00111100000000000100
10
100110100101110011
11011
111
01101111101
1101
111
11
11
1
1
0
11
011011100010111
11001011011
010011111
11
011111101101011
01
011001
010111001000
100000100011101
11
11
1
11
11
01
1110110000001
111010011
10111111011
110100
10100111110100010
1111
110111111011
00100000
11101111010111
1100111
1110111
11110111110101000
11111
11100
01100101
110100111
111110
1011
1010011
01111
001100111
11111111
1111
1111
110111
1111
1111111
11001111
1010
1110101
11111
11111
111111011
1000111
1100000
010
01000101001
110101
000000110010
1101
100111
11111
1110011011111
11110011010
11110011
111111
1111100
0010
100011010
111111
10111
111111
10111111101
10111
011110111000111
11111111
111111
1111111
111110
1011
010101110101
101111
111111
0010000000
11
111001101
10101
111111
01101111011
000000010010
111111
11111
11100010
01
110101
111111
0110010101
00111111
111110011001
11110101
1011101
111111
000111111
11
10101
01011
111011111
01111101
0111101
110111
11111
111111
11111
1111111
111100011011
1
11110110
11110111
11
000
1
100
10010
011
011
110
11111
011011111
1000111
1
111101000001110100000011110100001110
1
1
1
1
1
1
1
1
1
1
1
1
1
1
1
011011100111
110011
000011110
1111111000
0010000000011000
111000110100
111110110110
1
100110101011
1
1
1
1
1
1
0
1
1
1
1
1
1
1
1
1
0
1
1
1
111111111011
1
1
1
1
1
1
1
1
1
1
1
1
1
1
1
1
1
1
1
0
1
1
1
1
1
1010111110111
1
1
1
1
1
1
0
1
1
1
1
1
1
11111011
101111
111011
101101
1101110
1101
11110
1
00101111110110
11111
010100111
0
01000
11111110111111111
0011111111
00
11
000
00
1110111110110101
01111111110111010110
01
0100
1
1
1
0
0
01101100
0
1
11
00
00
011011
1
0
000
10001000010010101
11011
1
01000010
11010111011
01110010
10000111
10001
111111
111011
000011
0110
111100101
01101010010111
01111100
011010011
000110111
11111
11001
0100001
0111111
111011110
0111
1100
111111010
11111
010011111
111111010101
0110000
0111010
1101
1010111
10001011010
1010
0000100000
111010
1101
1101100
01111
1011111
1011100000
1101111
10000110000000
0110010
110111011
0011110111
101001
01111101
11011
001010001
101111
111001010000
1101110
1011001
011
10101
1
1
1
11
11
11
01
0000
11111
1111
1
1111
11101
11111
1111
01111
111
1111
001
11111
00111
11011
111111
11111
1111
111
01
1
1
11
1
110
1
0101
10
011
1
1001
1
0
11101
1
1111
11
1111
11
1
11
101
01110111
101011011
11111
00111100
10100
111101101
110110
1010111111
10111100110
10111101110
0010
11001110
11111
1111011
1111110011
10111011
1111111
111101
01111111
000011
11110010
001111
001000101
01111101
01011110
111110
111011
111111
1110001111
01001011
101001111100
1111110
101110
00011
0
1111111
1111111
1
1
1000
0
0
110
10
111
11
00
11
111
0011
11111
1111
0
110
11
1
1111
11
11010
01
1
10
0
1
1
11
0
100
01
111
10
11
1010
1
0001
0
0001
0
110
1111
11
11111
0
11
1
0
11
00
1
011
111
11
11
1
11
111
111
0111
1111
11
1
0
0
1
10
000010
10000
010
1111
11100
001000
1
1
00
01
100
1100
0
000
1
11
100
111
01
011
01
110
111
111
1
11
111
001
111
010
01
10
0
10
0
11
11
1
1001
01
1
0
000111111
001
0
1
111111
1
0
000
0
11111
0111100111
1011011
11
100011001001
100001011001
01
10
0
0101
0101111
1111
01
11
10
11
0
111111
1001111
0
1
1
1
0
1
0
1
1
1
1
1
1
1
1
1
1
1
1
1
1
1
1
1
1
1
1
1
1
1
1
1
1
1
1
1
1
1
1
1
1
1
1
1
1
1
1
1
1
1
1
1
1
1
1
1
01110
1
1
1
1
1
1
1
1
011
1
1
1
1
1011
1
1
1
1
1
0
1
1
1
1
1
0
1
1
1
1
1
1
0110
1
1111
0101
1
1
1
1
1
0
1
1
1
1
1
001
1
1
0
1
0
1
111111
1
1101
1
011
1
1
1111111
1
1
1
1111111
11111
11110
11111
1110111
01100
00110
1001
1
1
111011
101100010
11111
111111111
1
1
10101
1100110
1
1110
1
1
1
1
1
1
111110
111011
11101011000101
01000
1
111111
11
11111011
01111010
111
0111101111
