1
01111
1
0
11010100101100111011110
1101101
0111111111
00010100
1
1111100111
1111111111
11100101011110011111
10111100111111111111111011100011
1111111
1111111111111100111011101000101
1111001011111111
1111111011111
111110011100100101111
111110111111
1110
11010010111111111011101101100111100
11011111011111
10111101101111101110110111011
1110110
1111111111101111110
11111111110
101011111110110111
000011010010100111110001
1101011111011110001101111111110
11111111110
11
101111110
111100000100011101111110
0011101111101
1
11111
011101011011
0100111
11111
1111101111
111010110101
1101110111101111110011
111111111111
1100011101
010
1111110111111
11011
11111111
1111100011011111011
10101010111110
11001111111111110
1111111
1111110111110100111110110110
101
11111111
101110110100110111110
0011111110001111111111111111101101
0111110111110111100010101
000111010011
100101011111111
11100111111011111101011010
11111111110
11111
1111011111
011010111101111
10111111110111111111010010
1
11110000111111111
001000
0111111101111111100
11110111111111011111110010
1
111111111
0111
11
1111101
11
111
101101
111111
1111
1111101
00101111
111111
1111
11011
111
1
11110
11111
1100101
110111
1101011
1111010
0011111
11
01
111
110111
11101
1111
111
111
11101111
11
111110111001000000111
0
11111111
01100111
111001011000110111
110111011111111001000010010000110
1111111
011111111111101001111001
1111111111
10111101100000000
101111111001111
1111110110101001111110
11111011111111
000000010
0111111111110110011101111
1011110011111110001001111110011111
011101111101
1111111000100000
0101011111111110100010110110111010
100001111111111010000001001111
11111111100111101
1110101111111100101101
11111111011111011
1101011111
11101110011111011010111
1111111111100
110111101101111000011011101100001
111111111001011110011
01111010111111111110011100010011110011000100110100000
00111110001111111110
1101111111111
0010111011011111101001111010101
0111111101010001101
1
111111101101111010111111010
1110111101101111110110
0010001111111010010101111101000010
11011101110010100000
110011000101110011001010000000111110011
11111011110
101010101011
1111110111111101
111111101111
11010011111110000010101
001111
111111000001
101111
111111101
11101111
10111101110111101101
11
011011111110110
11111111111001111101
111
111111111110
11
11110
11110010111101111111111
011111111111
11100011111111011111011
0111110111110
11110101111110
11111011111111000101
1100000
11
1
111
101111111101000011001
11111110100110111111
111110101111111
1101111111010100111101011000110111
100101101101000101111011
1101101
00000110
11
0
0
1111111
1110111000
11111
111101
11011011
0111101000100
0011111111
1111111
1110100111001110001
111111
11111
1111
01
10111
11111
1111100000111
11
111
1111
00001010011
10101011
1111
001100111010111001
111
11111
0111111
11111111110
011011
110101011
1010110111
111
11011111
111110011101
1111
110111
111111
10111
011000110110100001000011001001
1
101010111
011
111
11111
000000
111
111111
1111111
011
1
11111
111
11111
1111
1111
110111111000001111010101
1111101
10111111
00111111110001
01111
11111
0000000000000
11111
001110010001
11
1111
010011111
11111010
11101100110
11101111
1111100101
111111111011100111
111111
1101011
1111
1
11111
111
111111111111101
11111010110111
11011101
1111011011111110010111111
1111
11
111000
111101
11110111111010110
111110
111
11111
111
10111
111
11
101111
1100111
010101111101010111
011
1110011000
0111
0110111110110101
11111
11111111101111
101
11101110
00011
11
11111
01110000010
1110101000
111
1111111110
001100
110
00
1111
11111101101
1111101000011101111110100111011
1
1111101111111100001
11111111
111111111001
010
0010011011011010
0111
111
111111
0111
1000
1100111
111100111
1010101111
1111
01011111
111100101001
110111111011000
111
111001
0011101101
110111
0011111
11111
111
111
11111
111
1111
1110111
111011
111
1111
000111001
0111100111
111110
111
11
1110111
1111
11111011010010100110111
111010011
1101011101101000
11111
111111
111111
0111
111
11110111
111111
111111
01111011
01101
111111
1110110
1111
1011
1
0111
1111
11101
1111
11111101
011
011110110110001
1111
111
1111
111111
0010100110111100011
10
1111
1011
11111111
01111011001
1
111
011100011
000010111
11101111
111
11111
101011111
011111
111110111
11111
11101101010100001
11111
011001011
11111
00000000000
101100011
1111
1111101101
110010000011111111001111
11110
111
111111
011
1
1100100111010
01100110
1101111111
11
1110
011
11110110
111
10111
11111001
1111
111
1111
011111
11110011110
111111
1111
110101
111
11011
1101000
1110001000000000
11111
111111
1111
01111
11111
1111
01110011
11100111
1011
011111
11111
111111
011
01110111
111
11111
000
111011111
1111
1111000
1111
11
111011001110
00
101111101111101
011111011101111
00111111101111101011110101101111
11111
0111
111
101
10
01111111
11011101
10011101
111111
111
111110111000000100
111111
1101111111
011
1
111111
1111
11111
111111
001
11111
1111
101101
110
00111
001110
1111
11000001
1110101
0110
11110
1
1111110
111011111
100001001011101111
1111110
11
111
01110100000
10011
1010111
111111100
100111111
1010111
111
0010111
11
1111
00
11
0000000000
111
1111101
01011101
11100111110011111110
10000100010111101100011000000100
11111001111100100100001
110001101
11010000
1111111
111110011001
11
1111100
111101101000
1111110001
11111100
10011011011
110
11111
0
11111
0
111111
0000000000100000000
111111
1111
11101
011
111101
111110
11
11011
111
1010101
010111
111
11
0011111111
1110010
1111
01111
111111
111
0111
11
1
1
111
11011
10011
110100
011011
0011
1
1111111
111011100
111111111011
111110011101001
111111
1111111
11
01101101101
111111
1111111111
1111111
0111
111111
111111
1111111
1011101
111111
111111110110111101
11101
111
1111
101111
111110
11101111
0011110010111
11111
1111111
11111
1011
0011111111
11111111
11111111
1111111
111111
111
100111
11
011101
111111
111
111011
111111
101
1
1
1
11
11
11001
00
111
111
11
11
1111
111
00010011111
11111
0100111
111001110
0
0111
000111100000000000000
1
11101110
0
0100001
11
11
1101100
011
11101
0111111001101
11111111111
111101110100
111111001
011001110001
1100
010101001111101000
011111
0111111110111001
11101
1111
110
000110
0111011110
01110010000000111
1101011111010
111000100111
01110111101
0111111011110001010011
00
11111111110001111
1111011011111010011001101101
1111110
101011101111100
1111111110011
0111001100001110111
1
111001111111000111000001010
1111111111
010101110010010110101101
1111010101101111111
1111101
110111001
111110011101111
11110111111
111011011100010110
11111110011010111
111
11100100100001
111111111
11111111000111111
0
101111
1110101101
1011111101111111111111
11111
1011011010111
111111
1111111111
0111101001
1100111111000101001011111101111011
11111
11
11111
1011101111
111111
1111
1100111110
1111111
111111111
110011101
11111
11111
11101101
111011
1111
111111
111111
111110
11111101
1111
111111
11111
1111100111001001110001
1100000000
11011100
1111101111
1111100110111111101110
11111111111110000011101
001111111
11111100
11111111011
111
1111000110101010111
111
111110
1100
001011111010
11111
011101111111110111
11
10101100110110110010100101000101
1111
111
111001
01
11011101
11111
11100
01
0110011011
11111
0000000
1111010
11111111011
1111
11111
11101100111
11111
01
111010
11111
000000000
1
0
11100110
0
111111111
1
11011111010111
11111
111
1
1
0001111
1
1
0111
100101
0011
11111
111
1111
11011
11111011
1
1
11
1
01
111111
11
111
0111
11
111
1
11111
11111111111111111111
111
1
10
011101110111
11111
1
011
0
1
11
11
111
101011
1011111
111111
01
110110
11
111011
011111
111011
111011101
101111
1101
0
111
11
1
11111
11111
1
110001
111110
11101
11011
11110011
0111111111
11101
1000001
111111110
1111111
1
11100
111
111
0011
11
1111
110101
01111
111
00
1110
11111101110110111111
01
101111110101110111111
11000011111
01
0
1
11
1
1
0
11001
011011
111
111
1
1
00111
1
1
111
11
11
00111
110
111
1000111
11011010
11
0011
11
010100000
00001001
11000
0000000
111
11
111
1001
11
11
0111
111
0101
11
111101000
111
111
11
011110100
011
111
111
111
1
11
011
11001
0001
111
011
11
1111110101110011111
11
1
1
0
1
1
1
01
0
01
1
0
11
1
1
1
01
1
1
1
100111
1101010
1010111
111
110110
100100
0
11
01100110001
0000110001001110
1
1
110101
1111
0111
0
1
1
11100
1110111
11111
111111
110110
11
10001
10111
111111011
0011
01
1110000010110
1111011010010111
11010011000
11001011
111111
11000110001
111001110
011010010010011101
1011010011
11110
0111
0001101011000000
111101011
11
1011
111111
111011
1010010101
011100011
11100
01111
111011
10101
111000
11
0
0111
111110
11011110
01111
11111
010011
111
111010
1101010
011
0001001010110
0
10011
01100010
000111
01111
1101
111010110100
1101111100
11010010
1000101101
11111110011
011
101111
111111
1101010
01011
110111
011101
1111
11100111
111111
101111
111111
1011111
101111
01011
00
0111111
1111
111
0001
01111011001010
1101001
1
1111
0000011000110000100110000101100
0111111001
11101001
1111111
01001111
10001
110110011100111
01100110100
1
1111001111
110111100
1110010001
110110101
0100
111
1
110
110011001011101
01110001010100
00111
111100011
01101
11101
01110
0
011
1110010100
111011011011
111110110111
01000010111000111101
110111111100
10111110111011
111
11
0000111
11
11
1
0111
010111
101001
011
101
111011011
1
11100011
0011
1110
10111
011
1111
11
111
10111
011
11
111
10111
101
111
11
0111000
11
11
1011
0000
0000
000
101
0
10110
111
00011
11
111000111
110011
11110
11011011
01101110011
0111
1011
1101
101
11
111
011
11101
0011
11
11101100110
11
11
011111001
11
011001
11
1000101001
0
001000000
0100000001101001000
10011100
1101
10000101
11100
0010111
00101
111000
100
1100011
11100000
01
01
00
1101
10111
0011
000011
1100100
0001
0
11001001110001
10111
0
111
1
1
011
10011
1110100
111
1
11
11
11
1100
00011
10100
0
1
1100111
010111
11
11
111
0110000
10101
0
0
0
01111
0011011
1110100
0011
1101010001001111
111111
11111
111
100010
0
110001
000111
00
00100101
0
000111
000000
11110111
1101
001
0101
1
11101100011
1
1110101111011
111
1
1
11
0
01
11010
11
10
0
111
10110110111000111
11
111001001
0110111111
111
10111
111
011
111111110
0111101
11110110
101100111
111111
1111111100110
11111
11111100100011
11111
1111111011
011111
11101111
1101011001101111
111101100111
01
01111
01111100
0111
111
1000
111
11
000110000011001011011
010110
11011100
1111110
011111
111
01
1
01
111
11
000101
10000100
11
01
11110100000000
10011010110010000001011
10010
11
111
101
111
111
110
01
0011
11
10111010011
1001
1111
01011
01
11110
1111
1101011001
101101110
0111
11
11101
111
1111
11011
000000110
111
1
1
0
11
11101
001001
111
1101
1
1
0111
11
00001
1100
11111
1111
1111
11
11
1
11
11
111
11
11
1
1101
111
11
11
111
11
10111
111
111
111
111
111
11
1
01111
0111
1011
0111001
101011
11
111
000011
11111
11
011
1
11
1
111
0111
111
111
111
111
1
111
11
1
111
01110011
0111011
111
111
111
11
1011
111
111
1
11
11
11
111
11
111
11
111
11111111
00
101011011001
11100
00
10011
1
1111
111111
11
11
101
11
111
111
111
1
011
1111010
111
11
1
11
111
111
11
111
0100101
0000010
0
01
00111
11110
111
0111
1
10111
10
11
1
1
1
0111
101110
11
10101
0111
0011
111
001
01
111100111101
0011
11
010
11100110
110100
11111110
1
1000001010011001000
0011000100000001001001100110
1100100
1111110110110101010
11001010101101
1100011001001111101110000101101001
00010011101001111100011111000000100000110
111001
101101011111000
0111010110101110101
1100110110000
1111101111
1101
111
011
111
0001
000
00000000011
011100011
110011010011
0111001101
0010110011101101
110001
001111
11011
111
111100101100111000
1111
1011110000
11101110011111
11111
00111110101111111111001101001000110010111101011
100111011101111111
111011101111
1111011110101111000
111110
1111001110111101
110101011
0111011101
0
111111
1111
1001101001
0111101001110
111111110
111011101110
1011111101000000110
110111111
111
1100011
1011000
111111001101
0000010
00101011
111
111000
100111
11
111
0
1111011111
111011110011
1111101011111000
111
010101110011
1111110000000
1001111
11111
111101111
1011111
11111
10011101001000111
111100
011111110
11110010101111
111111011101
110110001
1111011111
11111111110
11111001111111110111001000110
11011111111011110
111111111
11
111
111111
11110011100111
111111110111
11101000001
1001101111
1111101
11111101
11111110110001
11101
110111111
10001010010101011011111110001
011101111
01110101111010111
01111011
11111
11101111011
110111111110001111101
1111111111
1111101111
101011
110111110101011110001
000111111101011000001000101
0111
1011111111111
111111110101001
00000001110
11
11111101
011110111110111101111110010101111110011100
11111111011011001101
10
0
001111
111011111101000
11111111111110
111111111110001
11
111000111111101111
111111000101111100
10111111001111110110111
1110111
11111111110010
11111111
111111011011110001010
100101110101100000
011
1111101111111110110
111111111
101
1111110111
0111
11101
01100010001011001011110
1111010
1010111
10001110
0111111111101011101
111010
111111101111
11111
0011
111110011
111011010100
1111101
1000110
1111010
1101010111
11110
0011110101
111011
11
10
111011001111111111
01111110011100001011
11100001110110111111101111000101010000100111110
111111110010110
110000
10110100011001
1111011010011010101000111010000011
1111111101
10111011101
11111111011
11111111011110
111111111101
11111
1101010
1100011010100
110101
1110011101101011111
011011
01111111111111010011100001101
110100000101000010
1011110
111011
11
11110
111111011110100101111000
0110110001111001
0111111011111111
101111101111101
11
111010
1
1111110
0111
111
0010111110
1111
11011111000100110000100
111111111110011111
011111111110011111000111
11110010011011
11
1
1
110
1
0110101111101011
1101
111
0
01111000001110
110011
11111
011111
11101111000111
11110011
0011
1
1
0
1
111
1
101011110111
10111001
1
111111010000
11110001
1111111110
1000
101
1100
10
11
1010101111011101001011011011100110010
0011010001001001
000
0111
11101111110000111010001011000010
1111101
11
1111
011100
111
0101011
011000001
11111
11111
111111
111000
111111
1101111
111011
11111
11111
101
0110001110010011001110
111111
11111
111101
101101110111101010010110100101001
11110
1010101
11
1111001100101
011
101
0
111
1110100110110101110010
111
1
01
1
00
0010101111
1
11
0
01
11
111
111
111111
1101111
011
0
1110
1111
1111
0111
11101
0011100111
0000
0111
1
1001
1001001
11
001
01
0111
01
11111
1111
111111
111011011
0000
1110100100
1001111000
000010
1000
011
1111101
11111
001000011
1110110100
11101110
1111100101
11111
111101
1111
11000010
1011000
1101
1110011
000000000
11111101110
1111101
1101
01101010
0111
110111100111100
1111
1011111
00
11111
11111111
011111101
100011111
0101011000101111101
00010000110010000
001110101010100100010
00011101010001001
1111100
100100
101010001100001111001000000100
111
0111
110010010011001110000000101
1101
11111
000000000000000000
111111010000
11111100000
111111
111111
0
0110
1110111
111111101
111110100
111101000101
010011001111001001100011110
11101100
01111
11111010
1011
1111101
1111100
0001110110000011
111110000000000
11
11110100
0111111
00011101110111000001001110
111111010100
11110100
1110111010
1001011111
11011010
1011011100101000101
10101
0
11110000000000
1111000
0100100100000000000000111011
1011
111101100
1110101000111100000001
11111
01110111
111101
1100100101
11111
11111100000
10011001100110000000
11100001101
1111
00000100100100110001000010101
1111100
01111
000000000000
0
001101011111
101111
1110101
011111111
11011110110
1111
110111
000000000
100101100
100111
0011011
01111111
0111100100
11111010
11010010001
111101
111
00011111
1101101110011000100101011100100
1
011111
11010111
11011
11
0010000
0
1111
011101111000
11001
100
1011
111
11
10100110111100100110000000000011011110101
11001011
0000
00000101
00000000
00
011110100
001010
00111
1
0101
1011111111
111111
00
0
110111
1101
0
01
1110001
11010100100
001
1111101110110110
011111
11111
00011000001
11001
0
1
1111
1101111
1
111
11
0111
1
01
1
11
11
0000
0
111
111
111
011
0111
11
111
11010
1001
1101
11100
11
11
11
11
00000
111101
01
11
0111
110001
11
01
0111
111
1110
11
01010
10010
111
10111
11011
1
11100
111
01
1011
0
11
1110
11
00111
1101
0001001
1011
111
1100
11
1111
11
101
01101
000111
1101
111
11
11
10111
11
111
111
011
1
1
11
0
0
0
0
11110
11
00
1111
11
101111100
0111
111
111010011
11011
10110
111
111111
01
0
1
01011
0011
11
10111
11110010
01
11111000001000
11
11100001
11111
1111
111
101
0101
1111111
11110111
1101
110
111111
0
01
11
110101
111
11011
0100000
11
0001111
1000000010111100000110100001
111010001
10
11
0101
111010
001100001
111
000011001011
111110
111
11
11
11
11110
101011
111
111
0011
11
111
10
11
1
01
1
0100011100100
01111
00000
000101001011
111110
0
100011100100010110010
1110011
111
0
11
001
0
11010110
1
1011
111111
1111111100
0
1011
01
11
00
110101000
11111011
110111
00
1111111
01
1110001
011111111
11111111
1101100
00111
1
01
111100
00
00
11010101
0111
11
0111000
110101
011000
11100
0011110
0110
111
1111
10000111
111
1010000
11111
10011000101
1101000
111
0111
111
0
111011
11001
0
0001011
011
111100
0111
0
11
111111100
1
11
00
0111011100100
110111
011110
01
11101100001001
01
00
1110100
00
1011
011
01110000
0
10
1101
111
00
11001
1100011111
00
01
0
1111010000000000000
1
01
0
0
0
1110
100111
1001
10011
0
0
0
0
0000100011000000100000010
1111
00011
00
1
1
10
001111001
10
11111
111
111
0
11
00
011
11
01
1111
111110011
01100
1000001
00
1101110
10100000101100000
111001
00
1111011110101
101110
11
0001110
0
11111
1
11110
11
1111011
1110
1110100000001000000000010
1101111
00
1
01011
11100
10111
110111000110
11110101
111
10010111
100111111000000
00
111000
11110
000001101011
10
0
1001
101111
10
11111101010
10011
111000
0
10111
10001000
11011011
1
1
1110
00000100000
10100000
11
0
0
001100010
001
1
1
1101101
0
1
1
11
11001
00
010011
0011
0
0
00
00
0101111
0
1111
1
0
0
111
11111
1111
111100001
0
11
0
101010001
011011111
011101
111
010111
1101
010011
11
11101
11111
11111
111
110010
11101011
00
10111
000111
1
10111
11011
00
111010010
1
0
10
00
011
11100010010
11100
0111
01110010101
1111
110110101
010111
011011000
10111
11
10101
11111
1
1111
00
0
10101
00101
1111
1111010
0101
11
1011
11
1111
00101
111111000110
01111
11101
110111
011
111101
111
011
011
11
111
01
111
11011
0
0
0
0
1
0
00
1
1
0
01111
111010
111111
011111
1111
00111
11
011
1110111
11111
0
1111100
001100001
1110000000000000
10111
1111000
00001
10101
1000010111
101111111101
10
10110
1110010
001011
111
11110001
1110
1111001
0001
1111
10
00
0110
110101
111111
111000111
0
1100
11
011
111
11111
10010
1
00
1
