1
0
11111
111011110
10111
11
011011011
11111
1111100110111
11111011
1
011101
1111111111
111
11
1111
111011101001
1111111
11111
0
11
1
1
1
1
1
1
1
1
11111
110
000110
111
1100111
111
000
111
011111
11
11
1
1111
1111
111
11111111010
11111111
111
111
111
1
111
1110110
0
11
1111111
111
1111
111
1
1101
11110110
11
0101111
1
11
1
1
0101111
111111101011
0101100
0111
11
011111
1111001
1111111111
1111
1111111
1111010
11
0011111
11111
1111
1
11111111
111111
00101
011
1111000
111111
111111111
11111
1111
111111111111100001
0
1110111
110111111
1110000
00
111011101
00
1111111101101
001001
110100
11111
100
0111101
11111
0
1111011
11111101111
011001
0
11111
111
1
11111
1111
1110111
11111
00
11011
1011
111111
0
11111101
11011111111
111111
0010
11111
111101111
11111111
1101011
0011
11111011011
00000000
11111
111
1101110
11111
111
1
110
1111011111
111
11111
111111
11011001
111110011
1
1111
11
11111111
11111101
11
1111
100
01
11101
1
111011101
11101
1111111
1111
111111
11111
01011010110
011
11
11111
01
10
101
11111
11
11
11111
011111
111
1111
0011
1111
1111
101111011
1101
00101
1111
11001
1100
111
10011
11
111111
11
11111
111
11
1111
11111
1110111
1
1
111
11
0
111111111
111111
1010
0111
1111
1111
0
01
11111
11
011110111
11
111
11
0
11011111
111110
11010111
111
11111
111
0
11111
0000
000
111000
110
11111
11111
1
111
1111
1111
11
111111000000
11111
11111
1
1
1
1101011
1111
1001101000
11
111
0010110001101101
11110
011111
1101
110
111
1101111111
111111101
11111
1111111
1111
1
100001
11
1
11
1
11
1
1
111
1
111111
0111111
11111
11111111
01
011
0110
11111111
11
0000
11011
11000
1111111
1111
00101111
1
111
11
1111
111011101011100110011
111
1
0
11
1
0
1111111
10
1111
0111
00
111111111
10011
1110111
0001111
10011100101
1
00
10
11
1
101
1
11011
11011111
011
1101
1
1101111
1001
111110
0
101
11111
001111111
11010
11101000100000110
11001100
11101011
1
111101
11111111
100101
111111111
11
011111100101
1
0111111
11
0111
1
1
111
1111100010101
1
11
010101111
1110011
11
0
01
11
01011
1
11
011
1
0
0
1
1
1
1101
111110000011
11
111110
1
11111
1101
1
01110000000
0
1011
1101000
1
1
0
1
01
1
0
101
01111
1111
1111100111
00
1111100
111101101100
011
1111
10011
11
110
1
11
11111
0111
10101
11
1
11
111
11
0
11
111
1
1
11
11
101
11
1
11
11011
11
1
1
11
1
111
111
1
111
01
111
111110110101
1
111
111
111
00111
111
11
11
111
11111
11
111
111
1
111
1
1
11
011
11
1
11
111
11
11
10001
1111110
1
1
0
1
1
1
1
1
11
11
0101
1111
11
110111
000
11111111
1
1
1
1
110
1
011
01
1
0
1
1
1
1
1
11
111
0
1
111111
11
011
11
111
10
11111111
111101
111
11111011
1110111011
111
1
0
011
1111
1
1111
11
0111
1
11
111
1111
1
11
0111
1
11
111
11
11
1
11
01
11
1
1
1
11
1111
1
0
011
1
1
11
11
1
1
1
1
01
11
11
111
0
01
111
11
1
1
1
01
11
10
1
0
11
11
0
0
1
1
11
1
000011
0
1
1
0
01
1
0
11
1
1
1
11
1
11
1
0
1
1
1
1
1111
1
011
1
11
01111
11111
1
1
1
11
1
11
1
1
1
10
0
11
1
11
1
01
0
00
1
10
1
1
1
01
1
01
1
11
01
10
110101011
1
1
1
111
0
11
01
0
1
11
11
11
1
1
101001101111
1
11
11
11
11
1
1
1
010
1
0110
11
1
0
0
11
111
111101
0
1
111
1
1
1
111
11
11
1
1
1111
101
111
011001
0001
1110011
1
01
1
11
11
111
1
110
1100
0
111
1
1
0
111
01
01111
0
111
1111
1
1
1
1
11
11
1
0
110
0
0
1
0111
011
1
101
11
1
11
1100
0
1
0
1
1
11
11
1
111
11
1
1
1
11
01
111
111111
0111
1
111111101
011
111111
1111111
10111111
1011
11111
11
111111111
111111111
1111
11111
1111111
1111011
1111111
11111111
1111111101011110111110
11111011111111
110111111
111
1
110
11
11
01
1
11
11
011
11
0
01
1101
1
111
11
11
101
11
1
11
111
11
1
1
1
011
11
111
11
11111111
1111111111
111111
111111
11101111111
11111
01111111111111011
1111111110101001
1111111
111111111
0111111110
1111111111
0000
1111
11111
1
111
111
101
000111
1111
111111
1111
111
111
11111
110
11
1111011
11
11
11111
10
111
111
001111
011
11111
11
1010111
110111
11111
011
11111
11110010011
1
11
111
111
1100111
11
11
1101
0
00111
10011
10111
0
1
101111
1111011
111111
1111
1111
111
10111
11111
111111
1111
111001111
111111
1111100111
11111
1111
111111
111
11111
0
10100
111101
0010
101
00
0000
0
0
100111
111
111
0
1
0
1
1
1
1
1
1
1
1
1
0
1
111
1
0
1
1
1
111
1
0
1
1
11
101
1111
1
1
1
1
0
1
1011
0
1111
1
0
111
111
1111
111
1
111
11
1
010
11
000
1
1
010
1
1
11
1
1111
1101
1110
11111001111
01
111
11111101
0111111
000
1111
001110111
1111111
0011
111111111
10011111
1111111111111
11111011111
11111111
01
110111
111111111111
111110111
1
01110100
1111111
01111
11111
11111
00110110
11
111
111010
1111111
111111111
00011111
111011111
11
11111101
110111
11101111111
0011
1101111
01
110
11111111
1111011
1
1110
1110
1111111
11
11110
111
1001111
111101
11101
1111111
00101
000000011000
001
1
1
111111
11110
11111
101111101
01001
010011
1
11101
1111111011
0011
101
111111001
11111111111
11111
111111111111111
11110011100111
1111111111
1111
011111
1011
1111111101
111
1110100
111
110111
111111
1111
11
111
10001
11111
1111
111000
0111
01111
11
11
111000
01010111
11100
111111
111
111110
11
111
11001011
111110
01111
1111
1111
0111
111
1111
11
110
1
10111111
111
1111111
111
1110
111111111
111
1111
10
111111
0
00001
111111
001
11
01
1
1
1
1
1
1
1
0
1
1
1
1
1
1
1
0
1
0
01
1111111
1110
11
1111111
11
0111
1111
11
111111
10111
111100011
11110
1111
011111111
000
111101
110011
111111
011010
111011111
111
111011111
111011
1111111
1111
111011
111101
1100000
111
1100
11110
000
11
111
111
111111
111
1011
1
111
11110
10111
111111
1
01
111111101
111100
0110
000
111
100
101
11
1
0
1
1
1
1
1
1
0
1
1
0
1
1
1
1
1
1
1
1
1
1
1
0
1
1
1
1
1
0
1
1
1
001
111
111
111001
111110
1
1
01111111101
111
11
1010111
0
11110
1
01
0011111
10
10111111
11101
111110111
0
111
1101
111
011
11
1111111110
1111
11111
1111
111
11111
111111
1111
1111
011101
11111
1111
111111
1111
111111
111111
111111
1111101
11110
11
11
011
101
11
100
0111
1011
111
11
111
000001
11
111
010
0
0111
01
1101
0
010001
0010
111
011
111111
01
101111
11100
00
1010
0001
0011
111
11
1111110111
11
1111
11101
11
1
01111
10
111
01001
1
1111
00
0
11101
1
101
1
1111
1011111111
001
111111
010
0000
110
11
11111111
1
11011
11
101
0111111
1
1
0011
111
111
0111
11100101110111
111
00111
11
1
0111
111
111
11100100
111
111
11111
0111
111
101110
111
1
11
1111111
111110110
111010
1111
10
1001
11111
1010
011100
111110
1110
110
0100
00011
111
11011
11
11
111
1111
1111101111
11
111
11
111
11
1
11011011101100
1011111
11101
01000
1
01
11
110101
111
1101111111111
1011
11111
11
011111011
1101111001011011
11
1101
001111
11
1111101111
10001110000
11011
10111
0011
1
1
1111
000100111
11111100000
11
01
100101
0110
1
1
1
1
1
1
1
1
1
1
0
1
11
10111
110
0101
01000
01000
11011
001111
111
1
1
1
1
0
1111
1
1
0
0111110
111111
1
0
1
1
1
1
1
1
1
1
1
1
1
1
1
1
1
1
11
1
11
1
1
10010
1
1
00110
000001
11010
0
111111111
011110
100001
00111
001000
110110111101
11
11
0
11
11
1
1
1
111
10
1
1
1
1
1
01
11
001
111111
1
1
1
1
1
11
0
1
10101
01
1010
111
1
0111
1
1
0100
1101
11
010
11
1011
011
111
11
1011101110100010
110
1101
11
1111
1101
111
1101
1101
1011111
11
111
0111
11
10
1
1
11
1
101
1
1
1
111
1111
11111110000101
00
0
1
01111
001111
11
111111
1111
11110111
1
1
1
1
0
1
11
100111
11111
11111
1111111011001
001110
1001
0011
001111
111
111101110
00001111
11
00
001
11100
10
110111111
110111
1110
11111
00
1111111111
11111101
0
0
1
11
11
1
1
11
1
11
111
1
111
1
01101
1111001
11111
111111
011111111
11111
111
011
101101101011
010011100
11111111
1111
1111
11
1111
1111101111
1011111101111
111
10001111
1011
1111
111
110111
111101
01100110111111001100101101001110001000
111110010111
110111
111101110
001111
111101
11001111
1111
11011111
000
1111
11111
1111011
1111010
100
11
1011
111
01111
1
1
0
1
01111010
1
111011
1
111101
0111
110001
11011
1000011
1001110010110
111011101
111
10101111011010
10
1
1
1
1
11
0
1
1
1
1
11
01
111
11
11
11101
11
0111
11110
11
1
111
0110001
1
111
1111
1
01
1111
0
0111
1110111011110010
11
1111111
111
1110
11101
111
1011
11
11
000
111
10001
1111
111111
11111
110111
111111
11111111
11111
10111111
111111101
11
11111
11111
1111011
111111
1110011
11
11111
111
10111
1
1110
1111
011111
111111
11011
1101
111
111
1
11
111
11
1
011111100011
1111000
11110101111
11111
0111110
111
1001111
1111111
11111
11011
11110111100
11101
111
111
11
11
11
11
001001111110000010001101
1111001000110
111
11
11111
11111
1111
1100
111
1
1111101
01111
11
01111101
1
11
101111
11100101
111111
1110
11
11111011
10
0111
011
001111101110
01111
1
1110111
1101
11000001
100101
1
1
00
11011111
111
0100
1
11
1101
101111
111111
11111
011
11
11101
11
0
110111101
111110
0111
111
0111100
00111
0011
1000
1
111
0111
11
11
1111
111
10111
1
1111011
111
11
1
1101
1111
1
1111
111101100
1011
0111
1111
1110
1010
110
0
1
1111
1001001110100101010110
111
1111111
110111
1
0
1
1
111
1
1
01
11
10
1
111
1
00
10111
1111
11
11
1111
111
11
111
111
11
1
011
10
0
1
1
11
1
11
00
001
1
00
111
1
1
1110
11
1
0011
011
110111011
111111
1
1
11
11011101110
111
111
11
101
011101110
00011
1111
1111
11
111
111
111
0111
0111
111110101
1111
111
111
1111
11
111
1111
111
111
111
111
1110
1111
111
1111
111
111
111
1111
011
111
111
1111
1111
111
111
111
111
0111
11
111
111
01111
1
110101
11
0
1
1
11
111
10
111111101111
100
01
0111
10000
1111
1101
111
11
11
0111011
111
001000011001
111
111010111100
11
11111
111111
1
1111
111
0
11
10
1
1
0
111
1
1
111000010
111110111010110
11111
1111
11010110110
00010111
1110
1111
1
1111
1101000
11
111
0111
11111
11
1
111
111000
11110100
1111
1110011
1100000
010111
111100
1111
11111
1111
11
111
111
10011111101100
0101111
1111
0001111
01
111101
1111
11
10111
1111
101111
1
111
0010
1
11
11
11
0111
1111001011
11
11111011
111
1111111011
0
1111
1100010
1
11
11010
1
111
1
111
111
10
1111011
001
01
11
1111001
11
0011111
001
1010111111
111
0111
11
011111
1010011
111111010100
0111
111
110
111
111
111
11
0
111
01011
11
10011
1111
01
1010000010011
1
11101
1
111
111
1
11
111
111
01
111
111
11111
10
111
111
0111
1
111111
111
101111
1
111
111
10111
01111
11
111
111
111
00111
11
1
001111
111
1
111
1
111
11
111
1
111
1
1
111
1
11
1
11
0111
11
111
11
111
0
11
11011
11111
10101111
0011
1
1
01
111111
01111
1
1
1
11
1
0111
101101
1
01
1
111
111
11
111
11
111
111
