11
111111100111
1100111
11
11111
1111110
11010111
1110111010
1
11
1011
11011101
1
0
1111
110
1111
11111111111101
1111111101111
11
111111111111
111111011011111
11110
100111111011110111
1
111111111111
011
111111
1111
111
11111111111
11111101111110010101
111111111111110
1111111011
1111110110110111011111
1110
11111111
11111110111101111
0111111101101111111
111
111
11111110101111111
1110111111110100010111111111
1
011
11111101101101
111111111110
111011111111111101
101011
10
11
1100110111111111011
1111111111111101
11111111111
111110111111111
10011111111101111100
01111111101111111100
1111111101111
11111110011111111
111110110
101110010100110111
11111111
111110111111
111100
0010
100111001111101111111
1110111101111111
11111
11111111
011
1111101111111110
1101111101111101
1111111001111111
1111111101110111111
00111110101111101111111
11111111101
111111011111101
111111111
111111111
1111110111
111110110111111111110
1111111111101
010110111011111111101110111110011101
110101111111111
101111110111111111
11110111111011111111111
011011111111101100011111
111111111
11
01111110111111111
11111111110
111
111111011110101111111011
1110010011111111011
111111110101111
1111111101111
0111111101111011111
11111011111111
11111111111011011011111
1101111111111111
1101101111101
11
11
011111
111011111111111001111111
11001111111
111011111
111111111
11111111111001110110111
11111111110111
10111111110101111111
1
10101101
1
111
111111
111111111
10
11111111
111111
1111111
1110101
11
111
11111
111101
111
111
1111
111
1
0
0
1
0
001
1
0
1
0
1111111111
111
1111
11111
1111
1111111
11111110
1111
111101111
101
11111
1111011101111
111111111011
1111
1111111
111
111111
1011111
1011111111
111111
11111101
101
11110110110
11111010111
1111111
11111
1111
1111
11111
111111
111111
1111
111111
1111111
11111
11011111
11110011
1011111
11111
11111
111111101
110111
111
111
10111
1110111111101101
11111111111
110010010111110111111111
11100101111111111
0110111111111111001110111110000101
1
11111011111
111
11
11111111111101111111
01101011111010011011101
11111010
1111111011
111111
011110110111111111
0111
1011111101
11111111111101
110
11
11
111110101111
11011111
1111111
11011
1111111
0111111
11111011011111101011011111
111
111111
111
00
1
1
1
1
1
1111
11
10
111
1111
10
1111
111110111
111110
01
1
11
11111110111
01111101
1111
11111
11
111
11111111
111100110111101101
11
11
0
111
10
1
11
1
11
111111
111
0
0
0
0
0111111
1
01
11110
111
1
1110010111
0
1
0
1
111
11
1
111111
111110011011011
1
11
111
11
1111
1111111
1
111
0
11111
1
01
111
10
11
1
11
11
11
111
01
11
11
11
1
10111
111
11
1
01111111
1
111011
1
1
01
1
01
1
0
1
0
0
0
0
1
0
1
111011000011
1
0
0
0
1
0
1
0
0
0
0
0
0
0
0
0
1
0
1
11
11111111
11
0111
11
1
11101
11
11
0
1
1
0
00
1
1
11111011
0
1
1
0
10
0
0
0
11
10111
11
11
11
11
1
11
111
111111
0111110111
1111010
0
11
1
11111
1
1
1
1111
011
1
0
1111111
11110111
11
00011
11111
1
101011111
0
1111
111
111
1
11
1110101011
111101
11111
011
111111011000011
111111
111
11011
1
111
111
111
1111
11
1
0
0
0
0
0
0
0
1
0
101111110101
101
11
111111
11111
11
11
11
011
101
101
1
01
111
1101
111111
1
0
1
10011
1
1
111
11111
11111111
1101010
1
11
01111
1
0
1
1
1
1
1
0
11011011111
11011
11110111001101
111111110101011
111011111100
11
1111
111001
111111
10
11
1111011
1
11110111110111
0
1001
1
111
10110100
1110101111111
1
1
110111111
111
111111
11111111
0111111011
11
10
0101101
1111111
111110011111110111
1
1
111
11
11
11
100011111011101
1111101
1
110111100011100
101111111011101101
11111
111
11
011
11
11111
111
111
1
11
111
1
001
11
1
111
0
0
1110111
0
0
0
0
0
0
0
0
0
0
111
11
1
11
0
11111111
1
1
01111
111
00111
1001011101111111
11
0
01111101
11
11111101110111
11110011111
101111100101111
1111
1111
00110
1
1111111
11
1111101111
0
1
0
1
1
0
11111
111011111
111111
1
11111
111
01111111
111111101
011111
0001111
11
11011111
111111
11111
11
101011
111111
11100111111011
11
1111
110100111010100111100110
111
11111010
11101
1111111111111
11110011111101110111
1111111110
11111011111111
101
111
11
110
1
1111
011
1
01111
100
10111101011
11
111111
1
111
111011110
1110
1111
11111110111011010111000
1
1
1
1
11
11
11
0
01
1
1
00
0
0
00
0
1
1
11
11111111
111
0
11
1
1
0
0
0
1
1
1
0
11
1
111
1
11
0
0
11
11
1110
0
1110011
1
11
11111101
111
11
1111101010101101
0
1
11111110111100010
101
111111
111
11
1111
0111111111101011111
1111
111
0111111100111
11111110011
101111111011011111
1
101111
1
11011111
11
11
111
11101
0
01111
11111
111
11
111110
111111
1101
1
0
111
111111
01011111
1
011
011110
00
11111
101
011111
1111110
111
101111
11
0100000100000000
1
1111110110
0
0
1
0
0
0
1
0
1
0
0
0
1
0
011011
01
0
00
111111
0
01
101111
01
101
001011111
101
11
1011111
011
11011111
011
11
001
1111100
0
0
0
0
0
0
0
0
1
1111
00
11
111110
10011111
01
001
01
00
11
11111111
0
11010
00
011
11111
1111
01
011
101111
101111
11111
111
11
111
111011
0000111
0
100
0
0
0
0
0
1
111
1111111111
11111
00
011
111111011111
11
111111101101111
1
1
11
111111
011111
1111
1110010
1
101
01
10
11
111111
10111101
111101110001011110001
01
1
101
0
111
010
1
00
101
1111
0
01111100011
1
1111
01
11111
111
0
11
0
1111010
1111111
10111100100000
11
0
11
00
111
11011
1111
0
111111011
11111
11111
11101111
11111
11111
1
0
11111
11111111111
11
1111
001
11100101
101111001000
11101010
11111100011
00
11
111110111101
11101
01
100011
111
1111
11
111111
1111
00
0100011011
00
11110110
101111011110
011
010111
101
111101
001
011
1
111111
111111
1
11
000000000
1
111111011
01
101
110110111
1011101101
111110111
111110111
1100111
11111
11110010
11
10101101
010110100100
1
1111111111111
101
111
11111111111101
111111111111
11111
1111
11111111
11111011011
1101011101111
111111
111
11
11111
11111
11
1
1111111
1
1
111
111111
1110111
11111
111
1111011111111
00
1110101111111
11111
11
11111
111
01110110011111
10011
1111111
00111
11
11
0111
1
1011111
11111
1111110
111
11
11
0010111
111
11
0
01
11
11
101101
11
1
11
101
11
111
11
11
111
111
1
11110
11
111
101
111
11
11
111
11011
11
1
11
111
11
110
11
10011
10011
11
101
10111
0111
111
11
11
111
111
01
111
11
01101
111
1
01
11
111
11
1101111
11
111
1
11
11
1
11
111
111
11
0
1
1
111111
1
01
0
1
1
1
1
1101111
1
1
11101011101
1011111011
1111011
1
1
1
1
1
1
1
1
0
111
0
1
111
1
0
1
1
11
1
1
1
1
0
1
1
1
0
0
1
1
1
0
0
1
1
1
1
1
1
0111
11111
1
0
111
0011111
1111
1111
1111111
1111111
11
11
1
1
11
1
11111
1011111111
1111111
1111
1101
1111111
11
1111111
1111111
111111
11
0
1
1
1
11
1111
1
10011
0
0
1
011
1
1
01
1
1
11
1
1
1
1
1
1
1
1
1
1
1
11
1
1
1
1
1
1
1
1
11
1
1
1
1
1
1
11
11
1
11
1
1
1
1
1
1
1
1
1
1
11
1
1
1
11
1
11
1
11
1
11
1
10
1
1
11
1
1
1
1
1
1
1
1
1
11
1
1
1
11
1
11
1
11
1
1
11
1
11
1
1
1
1
11
1
11
11
1
11
1
1
1
1
1
1
1
11
1
11
1
11
1
1
1
1
1
1
1
1
1
11
1
11
1
1
1
1
11
1
111101
11
1
11
01
11111111
1
11
1
1110101101
1
111111101111
11
111101100011
11111111
1
11111
1
0110111
1
11
1111110001
11
1
1
111
11
1
1
1
1
1
1
11
11
1
1
0001
1
10111111
11010100111
1
1
1
1
11
1
1
0111111
1
1
1
1
1
11
1
11
1
11
011101111
1110111
1
11
10
11
11111
1
11
0010
011
1111111110111111
111111011111111
110111111111
11111110111
1111111111111110
1111111111
1
1111111110001111111
111111101110
1101
01111
11
1110111
0
1
0
1111111100
0
11
11111111111
111111111111
111
0
11
1
0
111
11011
11
11
1110
111
1100
1
0
1
111
110001
11101
111
11111
11
0
0
111111
011
1
0
1
1111111
0111
11
0111
11
111
111011
1111
11111
10111
1011111
111
0111101
1111
111
1111
1111
111
10111
1
111
111111
1111011111
1111111
1111
111
0110
01100
11110
011111
101011
110011100111
11111
011
1111
111
11111
111
0110111
11111
1
1111
1111
111110110101110111
111
11
0111
1111
111110100
0
111111111
11111
1111
1
11
11011
10111
1
10011011011
1111111
111
0111
1
0
111
111101111
00
1
111111
11
1
01
111
1
110
10111
11111
01
1
1
11111
111011
111
11100011
101
11
1
11
11
11111
11
0
011011011110111100
1011111
11
11111011
11001
111
11
11
111
11
11
1
111
11
101
01
1110
01
1
10
11
1
1
10
1
10
11
0
10
1
0
1
1
11
1
11
11
1
0
1
1
11
1
10
0010
1
1
10
11
10
1
1
11
1
10
11
11
111
1
11
1011
01
111
110
1
1
0111
11
01
11
0
11
1010
11
1
01
111
10
111
101
1
1
1
0
0
1
0
1
1
1
0
1
1
1
0
1
1
0
1
1
0
1
1
11
111
1101001
1
1
1
1
1
0
1
0
1
0
1
1
1
1
1
1
1
1
1
0
1
1
1
0
0
1
1
1
1
1
1
0111
111
111
1
111
1
100110
11
0111
0
1
1
1
1
1
0
0
1
0
1
0
1
1
1
0
1
0
1
1
1
0
1
1
1
0
1
1
1
0
0
1
1
1
1
0
1
1
0
1
1
1
0
1
0
1
1
011
11
0
1
11
11
1
1
10
111
0
1
1
1
1
1
1
10
111
1
1
11
111
1
1100
1
1
1
11111111
1110011
101
1111111
1111111111
1
111
0
110111110
1
111
1
1
11
1111
1
10111
0
10
111111111111111
1
111
11
11
11
1
1010110011
11
0000000011101110
11111011
1
11001011010
10
11
1
10111
1
1
1
110
111
1
1
1
0
1
0
0
11
010
11
011111
111
1
11
1
111
1
11
101111
1
1111001
11
0111111000001
111101011
1101111
111
11
111
11
1111
10111
11
11
111
011101
111
11
1111
1111
1111
11100
110
11
101111
111
111
11
1011
11
111
1
111
10
1101001
0101011
001
11
111
1
0011110111
11
01110
111
0
0
1
1
111111
1
1
11
01
11
11100
11
011
11111
11111
111
11
11
11
11
11
1
11
1
11
11
10011
11
1
1
1
1111
111
1111
11
11
11
1111
11
01111111
1
11
111
1
1
1
1
1
1
1
1
1
1
1
11
1
11
1
1
1
11
1
11
1
101111
11
1
111
11
1111
1101110101
1
11
11110
1111
11
1111
1
11
1111
111
111
1
111
1111
1
0
0
0
0
0
0
0
0
0
1
0
0
1
11
11
01
1
0000
101110
111
01110
1111
111
1111
11111
11111
111
110
1
1111
11111
1111
111111
11111
1111
1111
11111
11
10
1
1
0
0
1
111
0
0
0
0
1
0
0
11
1
11
0111
111
0
1
11
111110
1
1100
11111
1111
1111
1111
11011
01111111
111
1111
1111
111
111
11111
01
1
111101100
111
0111
11111111
0111011
11111111111
11
1101
011
111111111111
1111111111011111011
11
1101
11
0111
011
11111
11
1
1111
1111
10111
110
1111
0111
11
101
0
0011
1
01111
110111
111
111
1111111011
111111111
11110
1111
111
11111
1101101
1111
11
011
11
11
111
11111
1
111
01111
111111
101
111
01
110011
010
110
0
0
00
0000
01
000
010
000
1000
11
1111
1011
1111
111
101
11101
11
111
11
0111
11
11011
11111
110111
1111
011
0110
110111
0
0
0
1
0
0
0
1
0
11111
1111
111
1101111
10
1111
11111
1111
11011
011
1111
1110101
1111111
111
1111
111
1111
1111
11
1101
111
0
1011
00111
11
11
111
1
111
01
1
101
11
1
111
0
1
1
1
011
11
1
11
0001101111111010011111010110111
1
000
1
11
001
11
001
110
0100
0000
0000
000
01
0010
000
00
11
0000
1100111
010
1
0
0
0
11
0
0
0
0
0
0
0
0
0
0
11
011
111
11
1110
11
1111111
1101
111111
111111
011
111
111
11111
1111
11101111
01111
1
1111
111
1111
1001
11
11
1
1111
1
11111011
101
1
1111
11110
0
0
111
1111
111
10111
1
11110
1110111111
1111111
111
111
001111
1
0011
110111
1111111
11111
11
11111
111111111111
111
1111
10111
111111
11111
11111
11111
111101000
111000000101001011
1110111
11
11101
011
01111
1
1
1
11
1
1
0
1
0
1
0
1111110111110
111111111000000
11001111110101
1111111001
11111111011011
1111101011
11111110011001
111110111
111111001001
011011111
11110110111
111111010001
1111111111
1111111111
11111011011
11111111101
11111111110011
101
111111100001
111111110
11100100
1111110011101
111111000
111111
1
01111
11
111
111
111110111
111111
1
1
010111
1111111110101
1111111101101
1111111111
11111011111
111101011
11111111101
111111101
1111100110
10111111
011111101001
11011111
111111001010
1111111111
1111110001
11111
11111100001
111111011101
111111001
1011111111
111
1000000110001
111111111
11111
11111111110101
1111
111111110001
011111
01111111101
11111111011
01111101001
1011000
1
011
11111
1
0
1011
1111
111
111
111111
0
1111
1111
111
11111111111
0
1
1
1
0
0
101111111
1
1
11
11111
1
1111
1111111
101100
10111
111
1
11111111
111
11
11
0100111
111
111
11010011
1011
11111
10011011
11
10010011
1101
111
11
1111111
11111
1111
11111111
11
11111111
111111
111
11
111
11
10100011
001101010
1
011
1111
111
111011
0000001
1111001
0001
0
1
1
1
1
0
11
1
1
1
0
1
1
1
0
1
1
1
0111
1
1
011111
101111
11011
1
10011111
1111100
1110111111111
1101
11101
01111
11
001
101
00
111
101
111
110
11
01
111
010110
0
11011
011
110
11
110010000101
0011011
100111
100111111
111110
111
010
1110
0011110
111
011000
11
111
111
11
11
11
111
1
1
001
10
1
1
01
110
11
1010
111
01
1
0
1
1
1
1
0
1
1
0
1
1
1
111111101
1
1
111111110101
1
1
11
11111011111
0
1
011
111
11
0111
11
10
11110
011
0111
1
1
1
0111111
111011111
0111
101101111111
111111101
01
11111111101010
1
1
1
1
1
1
0
1
1
111011
1
0
11
001
101
111
11
01
10101111
11
01
11
011
1
111
111111
1
11
00111
00
1
1
11
1
111
100
1
110
11
11
11
1
1
1
1
0
111
11
111
110
110
1111111
1
1100111
110
101010111
111011
0
011
111111
10001
10
0011
1
0
0
001
111111011
1
111001
111
1
111
11111
1001
11111
00
0
011111
1
0
0
0
1
0
1
0
0
1
101
1
1111111
1
0
1
0
1
0
1
0
1
0
0
10111
0
1110
0
0
111
0
1
1111
11111101
11
111
0
0010010
0
1011111
1001111
1011
1101111
111111
101111
111
111
0
1110
111
111
111
111
11
1011011
11
11101100001110
0
0
1110011011010
111
111
1
1
11101
0
0
0
1
0
0
0
0
0
0
0
11
1101
01
0
01
11
110
0
0
01
1
1
000
11
1
111
111
111110
111
11100
111
111110011000001
0101011001
0010110
0010111
0100111
111101
0011
01111
1011
11101
00011
101111
101100111
011
11
110100010
111
0011
11101101010
111
01110
0010001
111
00
1
11011011
101
1011
1011
111
110
11
10
1
1
0010110
0
0
1
0
0
0
0
0
0
11110111011
1
0
0001100
01101111
1111110
1011011111
00
1101011
10111101011000000100011110
001100001111100010
1111111
111101110110011100000001111
10111110001
1101110111
111111110101
111
1111110101010
11111001111010111
11011
101111110
0111011000
01110111
0
11101011111
1
1
11
00
1
1111011111010101
11111
11111
11
1111111
11
1
100
11
01
10
11
111101111
1
11
1
11
11
11
1
1111
0
111
1
1
0
0
0
0
0
0
1
0
1
0
0
1
0
0
1
1
1
1
0
10111010
10011111
11
11101
1111
111
11011
10
111
111
11111
101111
111
111
111
111
10
0
1
1
1110
1
111
1
11
1111101011111
11
1010111
1
0
11
111
1
0
11
01
1101
11
11
11
1
1
11
111
01111
11111
1110
11101
11110
1111
101110
11111
11110
0111
0101
11101
111111
01111
01111
01011
00110
00101
01010
111111
01101
101
1110
11000
1101
111
011111
1110
10110
11111
111
11111
011
111111
110001
1111
1
1
011
00011
1
1
0111111
1
1
111
1
0
11
1
1011
1
1111
11
11
000111
111
1011
1111
1
11
11
11
11
1
1
110
1
11
11
1
110
000
1111010111
1101011110111
11011111101
111111111111
11111
1110011101111
1111011
11111011111
1111111111
111111111
1111001100
11101110011
1101
0111
0
1
1001100000
001111
11111111
111101110
00
111110
11
011
111
11
01111111111
01
01111
00
10
11
10111
101
11
00
011
1
1
0
10
1
1
0
1
0
1
0
11111010110110111
110111
0
1
0110110111110
1101101
111111011
0111110111000001010101111110101110
111011
11011
1111111
111111111011110
0101111111
1101111100100
11111110
11111101111111011
1111111111
0
11110111111011110101
11111111
1101111
111111111
011110000
11
1110110111111
110111111
1101110
1
1
1110
1101
1000100
1111111
1101111011111
1111110001100101
0101111
111111
1111111
111111
0111100000000010
001011011
11111001010
110111
0101111010110110
1111111111
11111110110010011
111100100
1111
01101111
101110101111
10111111111
110001111
11011101111111
11111101111111
111011111
011111
111101001111111
111101111111
11011111111
1111111110
1111111111111
011111111111
111111111
111101
1111111
1011110
11111
101100111111
1011110111
1111111110
01
110111
1111
1
110001010000
1
1
10010
10001
11111
111111
11111111
1111101
111111
11111
11111111
111
1111100101101111
11101111
1111111101001
11111
0
1111111
111111
1111
111111
11010110111101
111111
1101111111
1111
111111
1101111000011110101111110011011
100
010000011101111100111110111111
111100011000000000100010111110111110101011111
11
1
1000
1111110111
111111101110011110101111011010110011111
1111111110011111111
111010
111011
00
11
11
1
11
1
11
1
1
0011
1
00011
0
000
10
1
1
1
1
11
11
111
11
111
0111
1111011
1
11110
011
1
0
0
0
0
0
0
0
0
0
0111011111
0
1111
11111
1110111
1111011101
1110
111
1111111111111
11111111
11011101
11111
1101101110011100010111111
11111111111
101111101
111101
01110000000
1111111
111111
1111101100
1111
1000111111
1110111111
11111011111
1111
1111111111
1111
1111111
1111
11011111
11100
111
1110110110111011
1
1
1111
11111
0001011
100
1
111
10
1
1
11
101
1
111111
101
1
100
11
1110111111
1101010110011010
101011
111111011111
1111110101
111010011
01111110
111111
1101111110101
1111111111
111011110
1101111110111110
11111111101101
11111
111110011001001111
1
11111011110111
111
11101110
11
110110
10111
101
111
1111
1011
1111
111
11
1
1
011
01011
0
11010
1
111
1000100
1
1
101011101
1100
01
100011
11
1111
11
1
11
11
1
0111
0011111000000110
111110111111
01111111111101
11100011
1101111
1110111
11110111101110100111
111010011001
11110111
1011110111
11111111011111
1011101111
1
1011
1
11111
11110
000111
10001101
101001
00111
0111
11000000
0010111
11
11
110
10
011
0111
1
1000
11
0010100010111
11
111
1
10110100000
1111111111110
111111111
11
111111111111
111011
1111001
111111101
11010011
1110
0
1111111
011111100101
111100110
11
1111111
11001001
10
111
111
11101
011
11001
01101100111
1
11
110011011
11
11110
1111
111
11101
111
111101111
1111111111
111110
000000
011010011
11
1110110111111
110101100111
11
1
1111
11
11110
01111000100000000001110
0111010101
011101
11111100
11111111111011111
111001
1101000
111
111
111
1
0
1110
1
0
0
0
11101
111
1111
1
1011
111
1
0111
1111
1111111
111
0100001100010110101111
1111
1111
11
1110111
11
111111
111101
0111
011
11111
11
1
1011
11
111
1
001
111111101
111
0111001110101010
11110010
111110
11101
00001
01111111
11111
0
111111101101
0
111101000011
1000000001001010000001001001111100000
1111
0
111
0101010111011010
11011110
111
111
111110110110
11011111
11011111001111000
11111010011
0
0
1
0
0
1
0
0
0
011110011
0100000
0101100
11011100
011100
1111111011
11110100
01100010
100010100
00010001
1111111
0111110110
1001100
000
110110111111000
10
11
1
001
11011110110
00110
11111101011011111
1111
1100
11011011111
10101101111
111111111111110111
111111000111
1010111
111111111
10100
111
0110
1111111111
11111111111
11110
0101
1110
11111
110
11101111
1111110111110
1111111101111
0111111111111001100011
0
1111000
10111
110110
111101111100101001111111111001111
111010
111110001
1000
111
11111110111110001001110100
110110111101111111101111001
111111100100101
1000011111111010100001100011000
11
111101
00011111
1111110011
1101
01110
111110111101
1110011001011
111111
000
101110011
11101111
1011111
00111
1111
11001
11110111010001
11
111
111
1
0
0
0
0
0
1
0
1
01
11
1110100
1110
011
11011
1011
0100010
1101111
00011100
100011111
1110111
10011110
111110100
11001111
10101100
0111110
1000
111100111
1111
11111
0111
11111001101111111
0111
111111001
1111101011
1101101101001100001
0
1110100000
1
1111110001
10000
111
111111111
1011
111111100011
11110111
11111101100101
111110
01000
1111110001
111111111100100
1111111101
11
111
11
110110000
0111
11111011101
111111100
11110
1111111
110111011
11111111
1111110
111111
011111011110111111
11
1111
00111
11
11011101111101111
11110001110011101
11
1101111
1111011
011
10011111
110011111
11111011
101101111
1111101
1111101111
111111
0111
0101001
11011111
111111
0111111
11110110
111111
1111011111111111111111111
11101
11111111
0101
11111111
11111011
111111111
01111110
011101100011
111
01000111
1
11100101111
1111
00111101110110
0010
101
11
111010
01010
10
1000
1111110001101
111100111111
0010
1111
0111010100
111
010
11
11110001111
110011011
1011
010
11111
11111111111
011
11011101
111110111
111111
110001
11110111101
011110010101010111111
111111110101101110
11011111111100
1100101101001
11
0
1111
0
11
0
0
1
0
0
100111
10010110
0110000
101110010
01011001
11101111
1010101
11111111
11
1100011
011110010
010101
0010000111000111
111110011
1101100010
1
11110101
111100101000011001
001111100011111001010110111011111
01110011000
11111111011001010100
01111111111000000010000
111111110
10
11
111001111
111101111
111111
11110
101111
111101
1111
1111111
11111
111110101
01
11111111
11101111
111111
1111111
11111110100
11111
111111
1111101
111
1100100011
1111
11111111111
010
011
10111
11101
111011111111
11110111111
11011011
11011011111
11011111
110011011111
11111111
1111
11111111
11110010011111
11111110111
1010101
0111011111001110111
101110
101011111
01110101111
1111111111101
1101011011
1
1
0
10
1101100111101
101001110
111111010111
01
11
111111101100
11110111001
11111
11110001
11010011
1101
111111011
0110111
11
01111
11111
111
1111111100000
1111001001
111111000100000
1111
0111110001
0111
1111110
11
111
110011
111
111
1111100110
1111100011011111
1111011111
11111
11
1100
110111101
1111
11101101
0
11
11111100
11111
10111111
1110
1011111
100
101110
11
111
0
11111011000
0
0
01111
0010
101111110111
110101111
000010111110
000110
1100100
01101010110
101101110
100111
111101010
0111111111
1010111110
1101111111
000111110110
101110011111001
0000100111111
0001111
0011011011111
001000111111101
0011110110
11111
1
0
01011
1
10111
00111
11
01111
0
0
11
00001110111000010
0001
11111101
111111010110
111110000
1100111
1111111
111111
11101111111
01
10
00010
1111111
1
11111101011
1111000000
1001111111
1101011
10111
0
0
0
0
0
0
0
0
0
0
0
1
1
0
011011
11010
0111
11111011
1011
111110
1111111001
11111
101011
11111111
11
1111
1110
111111
11111
1101111
1111
111111
1011111
11101001
11001111
1111
11110
111100110
101101101
1111
1111
11011
111101
011111
1111
1110001111
111111011
001110
011111
101111
11111
101111
0110001
10110
0111
10111
11
0
11111101110
1
11111011
111011
101101111
111
11111
1111
011111
1111111
1011111
1111111
11110
1110110011101
1111111101110
1
0
1111101111
1
11
111
01
11
11
1
1111111101001000
1
011
1111
111
11111
11111110
1111
1110111
111101110
1111111
111111
1111111
11
1111
0111111111
11
11111
10111
11111
01111001
10111101
111111
1110111110
1110011
11101111001
1111
111111
111
1111
11111
10111
11011101100
11110
111
1
11111
1111
11
1
111
111
1
11
11100
11
11
0
1111
111
110111
11
1
1
11
1111111111001010111
1101
10110
0000
10111
111
0100000
1101
001
001111
11110
1011100
10010
00100
0111
010
01110
00
001111
011100
111001000111
0
10011
011110011011
1
111111001
0111110100
1
1
1
11
1
10
11
1
01
0
10
01101
111111101011
011
111
111
111
1111
100111
111011
0010111101
1
0
0111
1
111111111111
1111111
1110110000011
11111000
111
1101111
111001110110
1101111111011
11101000111011
101111111011
111111
011110101
01011111111
1
1111100110
110111101011101
1
101111
011111111
111111111
101111111
10111111010
10111111111
111100111
1111110111
0
1
1
11111111111
1110111011110
111
01
1101110
11
11110011011111
1011100011
0
100011001000000010
11100110010
11111
111100
1011110111
0111
11
11
110010011000011
11100000
1100011
11
1
0111
10
001
110101011
11110111111111
011111110111111
111110111
11111111110111111111
10001011111111
0111111
11111111
001010001111111
10100011111111
110110111111111
010111111111101
111101000101111111111011
1111111111101111
00011111111
100001111111
110101111101
1011
11
11
1
111
1111
101
11
0111110
1
1
1
1
11110
101100011011011000
11
11
1
11
0
1
11
01
1
0
1
11
11
1
11110
0
11
1
00
00
1
1
11
0
1
1
1
1
1
0010111
11
111
0110011111
10
1
1011100110
110111111111
1
0
1
1
000
1
011101
0
1101111110
1
10010000
1
0111
1
11
000
101
1
11
01111
1
1
1
1110
101000100
11111
101111111111100
10111101101111
1111111
110111110
111101011111101
100011001111111011111100000010
10111111000110
111
1111010110111001
111111
111
1
11
1011
10100
1
001
001
111
1
11100
1111
1
001111
10100
0111
11
0111
00
11
10111
111
011
1100
00
1
10101011
11111111
0
00
1
1
10
1
1
11
01
00
1
1
0
1
0
11
01
1
0
01
0
1
11
1
1
111
1111101
11
11
1
01
1
1111
0
01
11
11000
00001111101000100011011111000100111101111111001
110
1
0
1
0
10
11
1
0
1
1
01
0
1101111111
1001
111
1111
111110100011110011
11111110
01011
0101111011001100111
110111
1000111
111
111111
11101111
01111110
11
110
01011
1101
01
1
10
1001
10
111
111
1
1
00111
1011
0011110010000
11
011
111
111100011
1111111100111111
11111
01101
110
1
0
1
101001
1
11
0
1
0
101
111111
000000001
10111
101011
10
11111
111
1
11
11
1111
0111010
1111
111
11111111
1101
110111
10
01
1
11
1
111
11
01011
11
111
1
11
11
1111
11
111110
1
0111
0100111
1111
0111
111
1
11110
1111
1
1111
11
11
011
1101011
111
11
111
1
10111
11
111
100100000
11
11101101100
10111
1
011
101
10111
0111
011
111
01
1101
001000011
111
1101
11
111
1101011
111100
0001111100010000000010
111010
110101
111110000000
0
0
11
11
01
0
0
0
0
0
1
0
0
0
0
0
11
01
1
10
1
1
11
111
0111
01111
111101001
1
111
11
01
111
1
110
111
1
11
1011000010011
011
111
11111
11000
101111
01
01101
1101
00010110
11
1110
111
111
00111
111
10001101000111
11
1
11
111
011
0100
1
011
0
11100
00011
11
00000000000100010000
11
111
01
111
11
1
111
111110
11101
11111000
0110011001
11
1
0101001
010011101111
1111111
11111
0111111110110111
0111
11
1
10
1110
1
111
00
11
110
111
000
1
0111
1111
11
11
01111
00
1
11
1
1
11
1
1
10
11
10
1
1
1
00
1
10
10
1
1
11
111
100111100111101111
1110110111
1
11
111
11
11
10111
1110
0
10111
1110
01011
10011
0111001010
001
1001
00
0
1111000
110
11
1110011
0
10
1
10
1
1
110
111
11101
1
1
0
1
0
0
0
0
1
0
0
1011
0
0
0
0
001
1
0
1
0
1
0
1
01
1
111
111
0
0
0
0
1
0
1
0
1
1
0
1
0
0
1
0
1
1
111011
0
0000
0
0
0
01
0000
000
1
11
000
000
101
11
010
0110
01
01
00
0000
000
000
000
00
0000
111
1
0
0
0
1
0
0
1
0010
0
1
0000
1
01
1
1
1111
1111
0000
000
1
1
1
1
11
11
1
0
1
10
0
111100
0
0
1
11
1
1
0
1
0
1
1
1
1
0
1
0
10
1
0
10
0
11111
1
0
1
110111
0
11
111
1
11
10
11
1
11
11
1
11
1
10
1
1
1
1
11
10
10
1
1
000
00
000
0000
0110
010
0
11
1111
000
00
001
000
0000
111
01
00
01
010
1000
00
000
000
0010
00
0101101
10
1
11
010
11
111010111001
0
0
1
1
1110
11111
110011
0
11
11
1
10
11
00
00
1
110
10
1011
11
0
0111
11
001
11
10011
01111011100000
10
00000011
1
111
11
0011
110011
11
101
11
111
11
0010111
01
111
111
0111
1
1
11
11
1
11
11
0
01
1
1
1111
1
1
00101010101010
10
01
111
1110011
111
101110
11
11
0
1100111
111
00
111
0
0
01
00
11
11
110
111
111111000
11011
0111
1110
0111
11110
1111110
101
0000
11
111
100000
111111
0
001
11100
1110111
0
111
1
1
1
1
01011
0
0111111011011110011101110
111111001110111011010
11111011111
1011101110111110010011110011110001101010011001
111111111111111110011011001
111110111111111
111111100111100111
011011111101011011111110110011
11010101110111111111
111010111011111111110110001111011
111111011111111
11111110001100000011011
001101011111001111111111010011011000110
110111
011111111101101101
111011110111
0111111
1111111111110111
11111111
11111110111011111
11110
11111111111110111
0000100011111101
1111111100101
1111
01111111011101
001100000
111111011011101011001
111110111
01
11
1
11
111
1
11
11
111
11
01
111
1
110
11
111
011
1111101
11101111111111111000100110101110111
111110010000110111
00110011110000111011110010110010101111001110
111111101110011
111111010
11111111111011001
10111111111100000010001
11111110110101000101111
1010111011111111101110110001100101
000111111111011100101111001
110001101111011111111111110110110000011001
1111110
011101111011010010001
011
11111
011
11111
10
1
1
11
111011
11
111
1110
1111
111
1111
1111
111110111110111011
00110101111111011111011
111010111010011011
1101111101111
111111101101010111
111110111111111
1111111111100110
11111011111001101100111
0111101111
1000011011101111111011001111010011000111011
1011111011111110111100
11111011011111
1111111011111
1111110011110101110
11111011
11111111110111
11111111100111010
11111111111
11111111111
11001111101111101
1100111101
111111111010111
111001111100
1
1111101
11110111101
1110111111110100011111
101101111111111110101001011011111
10110111011
111110111001111111
1111101111111011001101100
101
11
111
10
111
11111001111101100101
11
11
0
11
111011111101
11
01
11
11111
1
01100111111110101111011
1001101110111111111111100111000110010001001100010
1111111011100010
010011110111100001010110111
111111101110110111
111111111
111111
01011111111111101111011100000100
1100111111111111100010001111
1111111111111011
11111011111111011001101
11011111111101110011
10011101111011110000101100111010010011
1010110111011011110100111010100110
1101
11011001
010
0001001110011111010001010000111110001
111
11
101011
00111
11
1
101
10101101101110
1111101
1
1
1
1
1
11
11
1110
0
0
001
11
1
111111111100011
1
1
100
1
01011111
1111
0
111
111
0
0
1
1
11
11
01
111
1
0
01
11
11011111
111
101111
0111111
1111111
11101010101010000
011111111010
10111
111111
110111011011100
1111111
011
11111101
11101111100100
1111110011
11110111110
11
11111
1111111
111111
1111
110111101
1111111
111111
0
0111100
00
0
00000000
011
1
01
1
00
00
1
1111
111
01
11
11
111
111
11
11
11
01
111
11
111
111
0
111011111100
11111101
1111
111111
1111111
1111111
1111111
0111111
1111010111
111111
100111
00001101111
10011110100010
11111111
1110111
11111
1100010111
1111111
111111
11111
11110101
1111101
111111
1111111
1111111100
111111111
11111
11111
11111111011
1111
1
1
1
1
10
0
1
00100
01
1
1
0101
011
11
0
1
1111
11111
11
11111111
111100110111
1111111
1111111
11101110000
11110111
1111
1111
111111
11110011
001111
111111
11111
111111
111111101
11111
11011
1111
111111
1111101110
011111111
1111100
1110010111
1111111
1111
1111000000011111
0000
0
101
10
11
00
0
11
011
1
000
01
1
01
1
001011
0101
0000000100
101011
0110101
101111
00100101000
1111111
11111
101
11111
011111
11
110010000
0
00100111
1100
01
11
11111010
0001
0111111
0110000011000000100101110001000000000100000001000
1110001101001101
1
1111000
1
10
0001101
111010
1111
001111
111111
11110
110
10111
1100
11100
11101
0010110
111
00111
01111
01111
01111
110111
110110
111
0101
0
000000
1111
111111
11111
111110101
000
1111
1111110111
011
110111
1111
111111
11111
1110111
11
11
10111
111
111
110111111001111
1011111011111
001
1011
11111
10111110011
1111011
011111111
01101
11111
101111
11111
111111
10111
1111111
111111
1111
1111111
1111111
1110111
1111001011100111101
10011111111111100
11111
10111110011
1111
001
11111
1011111111
11111000
11
110
1
111111
1110
1101111
11111
11111101
1
11
11
1110
011
10101
0010111
11100
1010
110111
001
1110
1110
111
111101
01
110100
00000
1111
11
111
111101
11
1
1111110
01
1110
011
11110011
1111111
10011110110111110111
1111
1101
111
1111101100011
1111
1011111110111
11110111110111
111
111011
11011101
111011
110010
1011111101
11
11
0
11111
1111
1111101
01
111
11
1101
11111
11
0011
10111
11110
1
11
01101
01110111
1111
10111
1111
11111
111111111
11
1010
11011111
11
1
1
0111
1011
1
1
1
11
11
100
10
00011
111011
1
00
1010
11
1111
1
11101
11011110
1110
111100
111
1111
11
1100
1
01
1101011
11111
11111
11111
11
0100000
000
00101
11
1
00
100010001
01
0111
11101111011000010
11111
011110110
0000010000
011110
111111
0110111010
11101
1
001111
1
111
111
1
111
111111
11
11
11
1
01111001
1011
011100
10110100
11101110010011110
1111011
1010
001100
111111
111110
0000000001001
0
111
1
110100
0
11
11
10
0011
1
0111
11
01
1101
11
10110001
1111010
1111
1
11111
1111100
11
110111
11111
11111
11
0
0100011
1110
011
111
11
111
11
11
11
001101
111
1
111
111
11
00111
111
1
11
110101111
00111
11
111
111
1111
1111
111
0011
111
111
11101
11
11
011
11101
11111
11
1111
11111
1
111
011
11
11110011
1111
11
111
01
11
1110110110
111
11
111
111
111
111
111
11
1
11011
11
111
111
11111
111111
11
0
1
1
1
1
1
1
1
0
0
1
0
11
10
0
1
0
1
011
10
1
1
1
11
0
11
11
0
0
111
10
01
011111
110100
0
111
111
111
10
11
101
01
1
11
011
11
11
100
11
11
111
111
11
11
11
10
1
11
10
0
11
1
10
1
11
01
10
11
11
111
1
1
1
0
11
1
1
111
01
1
0
1
1
0
10
10
111
10
1
111
111
1
1
11
1
1
1
1
11
0
1
10
101
111
0
1
1
01
111111111111111111
1111111111111111
1111111111011
111111111101111101
11111111101111
11011111101110111
111111111010111
1111111111011010
01111111011111
1111
1111110111111
1111111111
1
01
1
10
11
111
1
11
1
01
11
11001000010
11
01110
10
1
1001111111
111
10
1011
11110110111011100011111110010111101011011111010000
11
0
111
1
11
111
10111
111
11101
11
1111111111111
1011111001101
1111111110110
11111111111111
111111101011111
10011111011111
11
11111111110111
1111100
1111
1111001
1011111
00110
0
11100000
11
11101011
11111110
0011
11
11101000
11111
1101000101100011100110
111001
01111101
0111
11
111001
111
110100
11
101110011111111100001111110
110100101111011
1111110101
10
01
1
1
10
11111
1111110
11101111
111011
11110
011
1111
10111
11011
11111111101011111001111100101011111000110101110111
111
0111
011111
111011
111111
111111
110111
111011
1
11
1111
1
111
111111101110000101
111111111111010100111111100
10110010011000100
0110110110111000101101000000
1111011110101001011011110
11
1
111110
011
11
111
01
1110
11
01
111
11
1
01
11010
11
1
10110111
1
1110
011
1
011
11
11001
00111
1
01011
110
11
1010111
111001001
11001011
1110
11
11
111
011
1
11
1
01
011
11
11
11
1
1110
11011
11
1
11
11
1
111
111
111
11111111110001
111
111
1101111
1
1
001
111
111
110
101
1100101
1101
11111001
111
11
11011
11
11
111
1
0101101010011
1111110111
11111110111
1111110001
1011111
10101011110010101
11101111111111
01011100111
1111111111111
110111101111
11011
0110
101
1111010111111111
111111
111
10
1
11
0
10101
111111111100111111
111111011110011000110110110
01111110110011111111111101011
110011111111100111011110100
111111101111011111111010110
11111111111111001101101111111
111111111111111111110110110
011101110111001101001111101
111111101111
1110111111
111111110111111111111011001111
111101111111111111111111111011
111111111111111110011111111011100
101111011111000001111111101111
110111010100111
1111111111111111111101101011
11111111111111
11101101111101101111111011110
01111111110010110111111
100111111111010110100011
11111110101111000110111000000
101111111110110101111111110100
1
1
1
1
1
101111
1111110
001011101101111010100
111
1111
101100111
0111110101110001111
111
0111101
111011
111
1111111011111110101111010100011
001
0111
11
0010000000
1
1
1
1
1101101
11
111111111010100110
010
111
1
1101
1
111011
01
0111
1
11
111
11
01
0
11
11
1110011001
1
1101101111
1111111111111
0111111011
010
111011111111110110101110
0
1
0
1
0
1
1
0
0
1
1
0
1
0
1
11
0
1101
101
01
11
111
0111
110010
11
111
1011
1101100
11111
101101111
111
1101110
100000111
1111111101011
111
0111
111011
111
1
1
1
10
10
1
11
01
11
11
10
0
1
1
10
111
1
1
11
111
1
11
01
0
0
10
0
1
111
11
10
11
100111
0100
100
1
1
11
0
1
10
1
10
11
10
0
111
11111
1111
11
111111
11111
1110111
01
1111
111
1111
11111111
11010111
11
10
1
111
01
1111111
1111
11111
110110
11
111111
1
1110
11111
11111
111111
111100
1111111
01110011
110111
1
100001
1
1
1
101111
1
1
1
1
000
1
1
1011
1
011
11
11
1
1
11
11
11
0000011
01
1
011
01
11
1
11
01
11
011
11
111
11111
1
111
110
11
1
1
1
0
111
11
101
111
11
1
11
011
11
11
111
011
11
011
11
10111
111
1111
111
111
111
11
11
11
1
0
11
10
11
00
00
1
1
0
1
1
1
10
1
1
1
11
1
1
0
1
1
0
11
01
1111001111111011111111111001110111
11111
11
1011
0011100
011
101
11
111011
1110
111
011111
11111
11111001
01110
1
1
1110011101100
11111101
0111
111
111011
00101
0
111
111
0
1
101101
0
10011
111
111
11
10110
10
1
11111
111
01
00
110
1
11111
011
1
1
1011111
0
1
1
1
11
0
0
110
11011
1101011
11
0
10
1
0
11
111
0111
111000011101
11
11
111
11
1101
11
111
11010
1
111
1
1
111
101
1
1
10101111
11
11
1111111
011
11
1
111
0
0
011
111
1
1
11
11
111
110
11111111011
01111
1110000
11111111111
11
110001001111111101
10101011101
11011011010111
01
111
0111110110
1
0
111
1111
1011
1111101011
0
110
1011111
1
10011
10100
10
101100111111011100
1110
11
11
111
11111
10
1
11
11
1111
0111
11
111
0111
11111
11111
1111
01
1111
1111
11111
11
11
11
11110111
1
1111
1111
111
11011
11111
111
111111111
011
111
1001
0
111
111
110111
110111
11
0101110
11111
11
10
111
011
10
111
11101
11
1111
111
1
1101
1
1111
11111
0101
11101111
011
01
1
111010
0111
1101111
1111
111
1111
111
10111
1101
111
1
111
111100
1010111
111
10101
011101
1011111111
1101
11101001111
111
111
011111
000000000
111111
111111
11
11
111010
1
1
1
1100111
01
11
101101101
01
1111
0111
111
101
11110100110
11100010
10
1101110
101100
011111010010000
1010001
1111
11111111
11
0
1011111
0
0
1
1
1
1
0
1
0
1
1
0
0
0
1
1
0
1111011001101
0
0
0
1
1
0
0
0
1
1
0
0
0
1
0
11
11
1
11
0
0
0
0
1
1
1
1
0
1
1
1
1
1
0
1
111
0
11
11
111101101110111110011111111110111
0
1
1101
1
1
1
111001100
1
0
0
1
1
1
1
0
1
1
1
1
1
1
1
0
1
1
1
101101
1
1
1
1
1
1
1
1
0
1
1
1
1
1
1
1
1
0
1
1
1
1
1111111
01
10010111
11111
111
10111
101111110
100
1100011111
1111
011
001111101110
11111111
111000000000111
11111111
10101
100001
10
111111
111
10
11
11
11111111
11111
111100
1
11101100
1111
01111111110
11110111111
0
10
1110
001
100000
11111
1
10001110
011
111
0111111
10111
111010
110101
110010000101000001
01
111111
01000100010
101000000111
0110011000001001
01111111
101010
1
11111
01
100000
1
1
1
111
1
111
1
0
000
11
0
011
110
1110
1
0011
110
1
111
1111
011
0
10
11
110001001
0111110
0100
11
1
1
0111
1
101
01
1
11011
11
1
0111
1
111
1
011
111
00111
110
1000111
11
0111
11000
11
11011101
11100011
111101
1111
01
11
11
111
111
111
1
110111
01
1
11
11110011
111
111
0110
11111
0
0000
0
00
001
0000
1
1
1
1
1
1
1
1
1
1
1
1
1
1
1
1
1
1
1
1
1
1
1
1
1
1
1
1
1
1
1
1
1
0
1
1
1
1
1
1
1
1
1
1
1
0
1
110
11
111
110
111
11
111
1
111
111
1111
1
1
1
111
1110
11
1101
11
111110111001110
01111111
1110111011
10111110
011
10011111111
11
1
11
11101
0
00
11
11
1
0
0
1
11
1
1
11
00
11
1
00
11
00
0
1
1
1
111
1
11
01
1
1
11
11
1
0
1
0
1
1
0
11
1
1
11
11
0011
0
111
11
010001000
111
11
111
111
10111
11
111
111
111
11
1
1
0111
1110
111
11100101
11
11
1
11
111
101
1001
1
0111
11
11
111
111
1
11
1
1
1
10
0
01
1
111
1
1
11
11
11
11
1
10
1
1
0
1
0
1
1
1
11
1
111
11
1
01
11
11
1
11
01
1
10
1
1011
110101
111
00000101
1
1
111
1
10
1
1
1
1111
1111
10
111111000
100111
0
1
11
11
01010111
1
101
1
1
111
1
1
1
110
111
1
1
1110
0
1
1
11
1
1
1
0
1
1
1
1
11011
1
111
1
1
111
011
1
111
1
1
1
11
11
11
0
0
101
0011
11111
10
00010110010000001110
1101
11
11
111
10
1
0111
10111
1110
011
110
1
00
1
001
11010
00
00010
11
1
0
111
1
1
1
11
11
011
11
1011
1
01
1111011
111111
1011
1
11100000
101111011
111001
111111
101
111
0
1
110101
1
101
11
11011
1
101
111
11
11
11
011
011
11
1
1
1
11
1101
11
011
1
101
00111
0110100
1111
111
1011000
11
111
1
111
11
110000
11
010111
011
111
1
111
011
111
111
11
1
1
011
11
001
11
011
001
000
0
111
11
11
1
00
11
01
1
11
1
1
0
1
0
11
0
01
1
1
1
0
1
1
1
11100
10111
111010
01
010111
111
111100
0011
011
00
001
1
11
1
0
1111111
01111111
111110
01000111
1111111
1111111
011
10111111
11111011
111111
111010111
11111
1111
1
11111111
1111101111
111111110111
111111111
1111111
11111110110101
111111
1111111
111111111
1111111
1111110111
11111111
1111111
110110111011
1
10
1
11
11
11
11
0
00
10
1
11
1
01
1
1
1111
111111
1111011
111111111
0011110
1111111
011
111111
1111
1111110110
111111101
1111
111
1
0
10
10
1
1
1
01
1
00
0
01
1
01
10
1
1
11
1
0
1
1
01
1
1
1
1
0
1
0
0
1
11
0
1
1
11
0
0
11
00
0
0
1
0
00
01
1
1
1
1
1
0
1
10
01
0
1
10
00
1
11
0
1
01
10
0
01
1
11
01
10
00
1
01
11
0
0
11
0
00
0
1
0
11
00
1
1101
11
1
1
11
1
0
1
11
001
011
11
11
11
111
11
111
111
11
1
1
11
1
011
11
1111
111
011
1011
1101
111
111
11
1
1011
11
11
111
1
0111
11
1
11
11
11
11
1
0
1
011
11
11
1
1
011
111
11
0111
111
0111
11101
1
1
11
1
11
1
11
11
11
11
1
1
10011
11
11001
1
01
01
111
1
1
11
111101
1
101
10
11
0111
11
11
111
11
011
11
11
1
11
11
11
111
111
11
111
111
1011
111
1
111
11
111
1
11
11
1
0111
111
111
11
0
0
0
11
1
11
111
111
11
11
10111
11
111
111
111
11
111
11
11
111
11
1
11
0
1
0111
1110
000
00
11010000100001
1111
011
10110
1011
1011
1110
111001001
1
11
11
11
110
01011
11
01
1
1111110
1
01010110000
101101
11001010
100000000001
11000
1
1001
1
00
0
1010
0111
11
111
01011
1110
001
001001011
1100
0111
11
011
11
1
11001
10100011
1111000
111011001100
111001
1011
0
1
11
01110101001
011
01
11101101
01101
111
111010
11
11011010011101
11
11
11
1011
11010101
1011
11
11000101
0101111010000
1110
11
011011
101100110000
011
11101
0
111
11
0
0
0
111111
1
01
111
11111
11
0
11111
11111
110111
1
11
1101
0111011
11111111
0111
0
1110
11111
1
1
1
1
1
1
0111
111111001111111
00
1
111
1111
111
0
1
0
1
1
0101
111
1
111
011
1
1
1
101111
0
111
1
1
1
1
0
1
1
1
11001
111
0
0011
11
11111
1
111
1111
1
1
1
101
1
1111
0
1
1
111111
1
1111
110
0
111
11
1
1
1
1110111
1
1
11111
1
1
0111
0
11111
111
1
11
1
1
0
0
0
11
0
1
11
1110
110110101111
0
0
11010
11
11
0
1111111011111
01
0
1
1110
111111
011
11010111
001
1
1
1
11111
111111
1
1
0
11011
1
1
1011
0
01101
101111
11
111
11
1
1001
1
1
0
1111
1101110
011
1111
0
1
1001
10111
0
1111
1
11111
011
1
111
1
111
0001001011
000111
1111
1101111
1
1
1
1
11
11
101
1
0
0
1000
11111
1
11
0
0
1
011
01100
0
1
11
0111
1
11
11
0
1
1
1
0
1
11
111
0
01
0
1
1
1
0
111
11
1
0111
1
1111
011001000000
111
011
1111010
11
0
0
11
1
11111
10110011
0
1111
10
1
111
0111
1111
1
11
1
11
0
1
1
0
1
111011000
0
1
10
1100
1
1
0
11
111111
1110111
0111
110111101
1011
11111111
001111
0
1111
111101
1
1111
0
11111011
1
1
1
1
0
10
1
1
1
1
1
11
1
1
1110111011
1
1
110
10
1010
11
0
0
1111
0
11
0
111011111
00111
1
010
101111110111
0
1
1
1
111
111
111
1
1
11
0
0
11
11
111001
1
1
111101011
1101111
0
0
0
1
1
1
1111
10
11
00001
111110011
1101001000000
0
11
111
11
0
1
10001111
1111
11
1
1
1
0
111
111
01
111
1
1110
1
0
0001
1110110
001
1
0
0
1
1
1
1
1
0
1
11
10
1111
110111
10110
0
1
1
11
1
11001
1
0
1
10000
00
01110000
11
1
11
0
100
111
11
0110000000
1
10
11
1
1
11
1
1
00000
11
1
01101000001000000000000000100
1
1
0
11
100111
0
1
1
0
0
111
11001
1
0
0
10111
1
0
1111
1
1
11
1
1
0
111
101
11
0
1
11
11110
11001
1
1
1
1
0
1
111
11
0
111
1
0
11
1
0
0
011
0
0
0
1
1
1
11011011
1111
0
0
11
11
11
1
011
0
1
11010110
11
11111
0
1111
0
1
11
000000
0
1
10111
1
1
1
0
1
11
111
111
11
11
11
1
1
11
111
11
1
1
11
1
110101
0
1
1011
11
101
11111
1
0
00
1
11111
111110
1101
11111
0000
001
1
111
1
111
0101000
1
011111
01
0
11000
01
1011
011
111100
11
1
1
11
001
11
111
1
11
0
0
1
1
010
01
1
1
1
1
111111
111
1111
11101
1
111
111
1
0
1
001111
11
1
1011
1
0
1
1
1
11101
111
0
11
10
1
10
10
1
10
1
1
11
0
10
111
11
0
1
1
1
1
1
01
1
111
111
1
1
11
1
111
1
0
0
0
0
0
0
0
0
0
1
1
1
0
0
0
0
1
1
0
0
0
1
0
1
1
0
1
1
1
1
0
0
1
1
1
0
0
1
1
0
1
0
01
1
0
0
1
0
0
0
0
1
0
1
0
0
0
0
0
0
0
00011011
11011
110
110111
10111
1111100
1111
11111
1000000
111
1
1111
1111
1111100
111
1
0
1
11
1
111
1
1
1
11
1
11
1
11
11
10
11111
111
0111
100
110
1
111111
11111
1110100
1111
1111
11001111
1
111
1111
1
0
1111
0
1
11
11111
1
111
10011
11
011
111
11
01
11
0111
1101101
111
111
111
0
1
0
0
11
10
0
110
0
111
110
