010100
1110
11
1
1
11
1
11
100
11
00
00000011
1
0
00
1
000
00
0
00
11
11
0
0
1
1111
11101
0111
01111
1100
110001
1111110
11011
110101
011111
11
100
1010
1111
110100
111010
111
11011
11111
1111111
111101
101101
111
11101
1111
11111
110111
111
11011
111110
111111
1100
01101
0111
101
011
10
11
10
11
11
1
1
10
1
11
1
11
1
11
11
11
11
10
0
11
0
11
11
10
11
01
11
11
1
011
1
0
11
11000
01
11
1110111
00010
1
1
1001
11100
0000
010001
01110
111111
0110
0000001
110100
001010
1011110
111001
111011
100
1000
1101000
111
1111
11110
00010
00000
1
10101
00001
011101
00111
11110
111101
1
0
10
1
1
11
10
0
1
1
01
1
01
1
0
1
0
01
1
1
0
