001
0
111111111100
10111111
1111110111
11
111111
1
100111
1
110101011101
100110
010011010100011010101110011
1111
11
10
1
1
1
111001111011110
1110111
11101111111
111110111000
111111110
111101101100111110
11111110
11111011011
111111111
11111101111101100
11101111111
101111
111111011101
11011
11111110101
1111011101
01
1101
10111110101111100100
1111000
111111111
11101111
1110111001
101001111000
0111111111001
111101111011
111111011010011101
1111101011101110
11111100
111111111011
1111
1111000000101011110
1111111101
111011100000111011001111
1011
01111011
111111
101010
11
0111101100110001
1111101111011
111111
01110111111111
10111111011111
11111111
1110101111
0100111
0110110
111111
111010
111111001
111110111111
1111111
1111011
11111110011
11110111100111
01011111
11111001111
01011101111111011
1111111001
111111100010101011
111111111011
1111101111111
111111111
11111111011
111111
1111101011
111111
111111
111
011101111
1110
111
11110111110
111111101011011111
011111101011
111111011011101101101110101111
1101
111111011111
000111
1111101101111100
11101111111111001110110111110110101
10010111
10
11111000111111111101111001
1110111111111111
0111111101111111110111110
0111111111111111
11111111110111101101
1111101111111111
11000
1
11
111011
11111
111111
1110
111
111101
1100
11111111110
11101010111
111110
11111
010111111
11111111
1111
00110111111
111101
111
0111
111001110010101
11101011111110
10110
111
1111
111
1111111011
11111
11101
111011
10001010011111
10111110000110
1
011111
110111001111
1111
001
1
111
01101
111
1
11
111
10011
11101
10011
1110100
001
10011
111
11
101011
110
001110
1111111111100
011111101111
1111000010
1111111100011011
01111
10101111100111
11101
11
11
101
1110100
00
1
11
111111111011
110010001010110001
111111110111
11011
10111
11110111010111110
111111
1111111
11110110101111
1101
1101111
1001
1
1
1
1011
11011
1011
011
11
01
111111100111
0101001000
1011
1101111111110011111110000111
11
11111111110010101
101100101110
1
01011111011
0111111101
0111111111
011111101
111101010
0011111
0110111111
1
00
1001011111
00
11
110
111111111111
100110111110
11111111
111110011
0011
11111
0010110
0011110
00
00
0111
1
1111011
11
1100
111
11111
111
10101001011
11110110
111110111111110111011101010111
011111111110011001111111
011
111111111111111
11111111111111111111001
11111111111111010
11110111100111111110
111111111011111110111
0
110010011
101
00
0111001000000
10000100
010
111
111001
01011
1111111111
11
1110110110100
0010101100000100000
0111
1
0
1011
0001111
111000
1
11
1
11
11
111001111111111011001111111111
1011
1111111010101111101
11101
01
01111
1101111011
0111
111
11001101111011
111101111101111111110
111100
1111001000111111010110111100110111011100111110101011111110
111110110111111111110001
111
0111
01
1
001111
0
1101
00111
11100111
01011101
001
110011100
10011
0
11000
1011
11111100101111111111
11
0110111111110101111110110111011
1111111101111010011011
111
100011
110
1
111110111010101110101
11001
11
100111
01
101111111111101111111
101100011100011011111110010110111111100101111
011
1
0010001
11111111111111
011
0101
00111
01111111111111111
11
1000110001
11110110110111
1111011111110
11111
000
111101011111
11101110101101
11
11101111100
011
0111
00111
111
111110111100111100
111111111110
111111101101101
101111011111001001011101111111
11111110111110111111110
0111110101101111111111111010111
101
011111111
11111000011101
01
10
01
011
11
11
111
111
11
111
11
110011
011111111011101111110
1111111111111111111001
110011
11101100
0101111100
111
11111111111111110111
11111111111
1111110011111111101111101111101
11111111110111100111
1111001111010
01111111111111111111
110
110111111100011110100001
1001010110100000110111101110
11110111111111100001111
11101111111111011110
1011111111111101
1111011111111111111
11111111111111110101011
100111111111110101100000000100011111
1111001
01111111111100101011111
1110111111111100111011111011110
111010
111
11
111111011101
1111101111110111101111111011
01
10111110111111100000011010111101001111
110111111101011111111000100100101010111
1111111111111111
11
111110110111101111101
111
1111
001111
11100
111111
1111111101
10111
001
01
10
11111011110111111
110011111100100001
0111001
111011110011111111111110001000001001100000
0
1111101001001111000011100001111111011
100111111111111011100101111
111111111101111110
1111101111011010101111111100101
01111111111101110111
1110001010101000111111100001010100111001
101
11111111111111111111
11111111111111111011
0111
1
111011
11
101100011
11
111111110101111111101
111111110101111111111010
101110001
11111100111011111010011111110
111100011110011011101101110111100111100001
01101001
1111110111111
11111111111111
111111111110111
11110101110110001
11
001
1110111011101111011111001111010111100100000011101101111101
11101111110111101111011000111111111011010101101000010100010000001000000000010010000100000000100100010
111111111111
10111101101110101111011000011111101111111111
11100
100111101011011111000101
011101111110111110010001101
111111001110110111
0
10010
01111101111111
111010101111010
1111111
111001111110100
111
11001
11100111111111111010101111111111111100
111
111111111111101111011011
11
1111111111111
11
1
111011111111110111101
0101
11011
01
110100111110111
101001
11110001
10011
100
11
00000011
00
0
111010
111
111111
0000001000011000100010
011100000001
000001001
11101
01100
1010
00001010000010010000100000
1
0111111101
1
0000000000
01101011111111011101011110011111110
11
1011
111111111111001111111101
11111
11011111001010010011111
11001
111000001000
10011111111111001111
1001
1111111111110111111
110001000111011110011111111101
0100110
11111111
0111
1100
111111
10001011
1
1011
11011010
110
011
111110
11
101011
1
111
000000111
101011
11
11
0110111111
1010110100
011
11
0111
11
111
100
1101101001
11
0111
11
111
11
11
0101101110010100000
11
111
111111
00000
11100
100
11111111101
111
1111
0
110
1101
10
01
010
111
11
01010101110011010110
1111
100
1111
0110
10
1111
001
11
11111
10001001
101100
01
1
11011111
00010
11
11
000
11
1111111
011011
0
11
000
11
01
1111111010
111
01110110001
00
1
111
111111
00
01
11111
1011
111100
1
1
110
11111
1
11
001110
111
10110010111110101111011110100011
1
011
000
11111100
1011011111111111101111
1
11110
011111
111111
111
0110111
11010
01
1000
11
111
111011
1111001
100
1
111010110100100
10
1
010
1111
1011
11
1101111
111
10001111
111
010
01
100
111010
111110110111110
111001111
11
11
111
11
1111
011111
1101110111
110100111100110110011010011001001111011
100
11110011111001
111
11110011110111
1111110
1111
111011111
1110111011101001110011
11
1111
011111010111110101
111
11
11101111011110101
01101
1111
1
110101
01
000
100
1111101
111
01111000
111
11110111
1100
1111110011
01111
011
11
0000001
1111
110111
0
110
011111
011111000001
100
00
0111
1111
11
111
100010010
11
0111111001
0
011
111101
011111011
1111110110
1
101111111111110101111111111
11110
000
0101000
1
1110001010001
111100
11
11
11
1111
010001111111
1111011111
1
10111101011
111
11111
11
1110110111011000011
11001111
11111001
111101111100
1011
1011
0
111
101
11
110000
0011111
1111
111
1
110111
110101010
1010
1
01010
11
1011111
101111111011011
11
10000100111110110110001111000111
11
0111001001
01
0110
1
0
0
1
00
101
111111101001
1
0
1110101
0
100100
0
0101101000
11
111
0
11001100100
0
1
101111
1
1
111111
110
1111
1
011
111111010
110110100
0111
0
11
1101
111
000111
11111
100111011
111
000
111
0111111
1001
1100110
11
011
11110
111
1111
0
1111
01111
1101
11111
1
11
101110111
011
010011
001
111
11
11
1
011111100011110
0011
11
10100
111
110
1101
11
10
11
11
11
01111
0101
011111010011110101000
1111011
00
1
0
00
00
00
00
00
0
0
00
01
1
0
10
1
0
1
0
00
0
1
0
10
0
1
01
00
0
10
1
0
1
1
1
1
01
1011111011
0110011111110111
111111111
111011111
1
1111111000101
1111111110
0
1111101
1111111101010
11111
11
10101101111
1110100000001110
1111001111101100100010
01010011000111111110
11101101111
1111101
00
1
01
11
0110
0001
11111110110
1
1
00
11
1
1111110
11
10
11110
111
111
111
111
11111
101
11
111
1011
11011111
111
1000
100
000
010
1
01
11
11
101
0101
111
11
011
001
11
01000
1111
100
10
101
11
10
01101
1111
111
11111
11
11111
1
11
11
00
00
11
10
111
10010
1010010
111
000
1
111
1
11
111
111011
11
11
11
1
1
111101
1
10
111
0100
10110
101010
01
110
110
10
11
11
10
11111
11001
00
1
111111110111011011
100
110111
1110
1
1
0
111100101101111000011010111110001010010010011101100001101101101101
01110101001001010110011111100011010001110110000110001
0010
11001101011111110110110001000110001001011011010
1111000000000
1111
1111010
111
011
1
111
001111
0111
0111
1011
111
0111
1101111
11111101
1
0
1011
11
0111
01
111
111
111
0
1111
1
110110101
11011
111
101101011
1011110101111
10111111001011111111011110
11101001
1111
11111011
11111
0100001
10
111
11
01111
1101111
0111
1011
11
1
111
11
1
01101
11
00111
11110
111111
110
0
011
11
111
11111
1
11111111101111111
111
0
00101111
11101
11
11
11
11000
01011
1101
101
0
1011
111
00011
111
1
000111
11010101
11000011011
00011
111110
0011
110110101001
011
111000111
11
1110
01010111
1101
11
101100101111
111
1110001
1111111111011
11110010111
00000000000000000000000000000000000000
11000
1
111
11110
011011100
0
0
0000000
1110
111101000
10100
010111
1011110
11
1
11111
00010101
011111
10110011111011011111101111100111011110111101100111100111111110111100110111101
111011011110101111
11
11
1111100111111111111000
1
10
0
1
101
0000000
111
111111
01
111011
11
111
00
0000100
1
1
11
111111
1110101
1
0
1
1
0
01
01000011
1101
111
1
11111
10
101
11
1111011
1101
11
11
1
001011
11100
00111
11
11111
1
111
11
100
011
00
11
11
111
01
11
111
111
1
111
111
101
11
01
110
1
111
1011
1
10
11
10
1
110
11
1110
0001
11
11
1
01
01111
1
11
11
111
11
111
101
11
11
1
111
11
111
011
11
111
110
01
111
111
1001
0000
111
111
11
11
111
111
111
11
01
111
011
111
11
000
11
0
11
111
011
01
0111
11
0
111
101
10
11111100
000000000
111
11
11
111
1111101101
01
1
111
111
11
1
1
001
111
01
11
10
11
11
0
111
11111
111
110
10
111
1011
10
1
1
11
111
111
11
11
11
1
1
11
011
111
111
0
111
11
101
1
11
01001
1
111
1
1
110
1
1011011
1
10
111
11
000
110
111
0101
1
00000000
0010
11
1
11111
11111000
0111
1110111
1
10
110011
11
110101011
11
110110111
1111
1100110
11
11
101
101
00110
111
1111
11
01111
0
11
111
1
11110
01011
1111
1111011
111
11
1111111
1
0111
11100
111
11111
1000
111
11
11110
11010
111111111111111111110111111111111111
110
111
111
1101
01
1111111111111
111
11
111
1111111111111111101011111111111111111111111111
11
11
11001100
1101
1
1001
000000111101
01111
1101110011
01
1001
1
1
1011111
1110101010
0111
11
11
11
00000011
1100
001111
11100
11
11
11
11111
11101111
00010110
1
1111
11110110111110
1100111
11
1111100
000
111110100
011111
1
1111
0111
10111
011
11
111
111100101
100
11
1
1110101111
11111
11
11
1
1110
11
011
11
1
111010101
111
111011
1
110110110101
011110000
1100
0
1111
0110
1
01
1
11
0111
011
11011001
10110111
1
1111
1
1
1
110
1111
111
0
1
1
0
1
0
0
1
1
1
1
0
1
1
0
1
111001101
0
101100
101011111
010001
1
1
111110011
0
101101
0
0
0
0
1
111
11111
11
111
0
0011101111
1
11111100110
1011111
01010111
0
0
111110
11
11
1111
111
0111100111011
1101
111
1111111111
011
11110101111111
111
11011001
1111
10110111
11111
11100100000010
111
1001
100100110110111
111110
0111
11011010
11111011
010000
10111111
1111111
11111101
111111
011001
111001001
0000000
1111101
101001
000011011
110101
011111
1011111
110
11101
1001011
101100
0001111
10111001
11110110
0
01111
101100000
111101
111111111111111110111111111111111111111111111111111
0
1
0
1
1
0
1
0
000110
0
0
1
0
1
0
0011
111111101
11111110
11
101
11011101
01101011001
1100111
010110001101
11111
111111
110001101
11111
11110
111
10111
1
101101
111111
11011011
11110010
001111
000
011001
111111111
11110101
011111
1111
11011
11110001
111111111
00101000
001111
1110010
100111110
111100111
1001000001
000110001
10011
001111
00101101
00
110
0
0
1
0
0
0
1
1
1
1
1
0
0
0
0
0
11111
10
111
11111
110
11011
111110
111
10111
11
11
001
1111
01111110
11
11
0
1111
011111
111111
111111
1111010
0010
1
1
0
0
0
1
0
1
1
1
0
1
0
0
0
0
101
0
001
1111
011
1111
00
0000
0000
00
01
00
0001
000
111
00
010
000
11
100
11
11111111011110111101100101111010111110110010011101111
11101
111
1111
010111
11
11101000
111101000110011100110
0101
111000
1
0111
1
01
000
1111
0100
11
1000
0000
0011
0000
000
11
000
0111
00
111
010
1111111111111111001111101100001111011111111111110
0000
000
10011110101111111111111011111111000110111111101101100111111110
0000
100
1111
1
111111111100111111110111111111111111111101011111110111101
111
1
0
0
0
0
1
11
1
1
0
11111111
111
0
0
0
0
0
0
11
0
0
1
1
0
1
0
111
1111
01111100
011
101
1111
0110011
1111111011111100111111111111011111101111111111
00011
011001000101
01110
10011
11111
1
0111011111
111
011
111111
11
111
1111
111
11
1110010010
111011
010110
1
1
11
11
1
1
1
01
1
0
10
00
1111111111111101001101011001100010000000111010111111101
11111011
010000000010010000
1
0
0
00
110011110111101111110101110100111100110101000101100111
111111111111101111011111001111111011111111111011110110111111
1111111011101111111001111110101111110111111101111111111111111111111
111111011111111111101101111101000111100001111101111
1111111101110110111111111111111101111111111011111111111
1111111111111111111110111111111111111101111101000111110001010101111111
111111111110110111111111101111001001111110011111011110111
11101011111001110011111111111111110110000100000010101100010000000
101111111111111111111111101111101101111111111110111
111111011111111111111110011111111111110000101111000111111000000
1101011111101111111111110111101001001111101111111111111111111
1111111111111101111110111011111011011100110011110101111110111100
11011111111101001100100100110101010000011011111100000111100101
111111111111111111111100111111111111111111110111111111111
11111111111111101111101111111111111111111111111001110111111111111101
011111111111111111111011101111000111001111111111011111111111111011
111111111111111111111111111011111111111111111101111111111110111
111111111110111110011111111011
11111110101111101100110011111111111111111111111111010110111111
0011101011111111111111111111111110100110011100000111111111111110
10111
1
1
0
10111
10
01
0
10
000
1
10
11111011000000101111
1111111011110011101
0110101101
11011011111100
11011111
0111
111001
10101001111101010111001101
1111
111000011
0100111111
111
0010001100011
1111111110101
111111110111011011
011101011110
0
00
101
1
0011
111010
101
00
1
0
1
1
111
0
10
1
1
11
0
0
00
11
0
10
00
11
011101110
11001000
11111
11000
111101111011
1110011
1110
111
111
0
00
10
0
1
1
0
01
11111101111111111110111111011111011000001111111111
1111
11
00
1
11
1
0
10
11
11
0
1
1
11
11
01
1
0
11
11
010100
11
01
01101
0
1
10111
00
01111011111111111111110101111111111101001110001110111001100111111111
01
11
11
1
11111
11
111111111111101011011110101111111111111111101101111111111
10000
111111111111111111111111011111111111111111010110111111
01
1
11
11
11
1
110110
11
11111111111111111111111111111111111111111110111
110010
100100111011
1
10111
1111000110011111111111111111110001000101101111111101101
101111011111011111111111001010011010111111111011110
11000
1111100
11
10
1111111111101011111111101011111111111111111111111011
1011111011111000111011110111100000111110010011111111111111
11
11
01000111110111111111110000111111100111101111111000110111
11
0011101
1
11
0110111
1
1
1
1011111111101111111111111111011
10
110111111110
01
10101110111111111001101110110110111111111111111
0111
010100
0
1
10001000110
11011010
11110111
110111110
10111011
11111101
01111
111111
11111101101
111111
110
1111111
111001
111111101
1111
11111
11
0000
00
1
0
1
0
111
1
1
1
1
0
011
011
0
11
11
11
0100011
111011110
11
1111
11
11101100000001
0111
1
0000100111
1111
1101010000010011
110
00111
01
0110
11
1011
111111010
0111
11101001011
0101101
1101011
1110101
0011
11
00
111
1011
11
0
0
00
0
110011110111001101101111001
0000011110101110001110
011111111
1111111111
1101111
1111110011
111111111
111111
1111111
111101100011
0111
1
11111111
011111111
111111110
10111
11111
1111111011
111110100
111
111111
111011
1101110
11111
1111
111
1110111
01111
1101111111
111111
11101111
10
001000011
1110000
111
0101
1100011
10100000
011
111011111
111
11
1
1
001
11
10
001101100
1010101111
11
011011
11
00000
0000
111
01
1000
00
010
000
00
00
0
000
1101
111
01
000
00
11011111111111100100111010
101111101111110101111111111110101111001111111111011111
111101110111111011111
1110100001111011100110
11
0110010000011011110111101111011
11111111011111011111111101111111011111111101111111111110
1100100001010000111000100001000110101001111011011011111110111111
011111101111011111010100010110111111000101110110
111011110011110001000111110011111111100111011111100110011111
101001011111011000011111101101101111110111011111111
11101111111110111111110110101101111111101010001001011100
1101110000110100111110111011111111111111111111
111111111011111111111110111011111111111110
11111111111111111111111111011111111011110100111001111
11111100000000111101110011001011111110
11000000111011111111100110100111111010111100011110
111011011101111011111111000110111101110011111111111
000000001101100101111111111100100011011001
111111111011000001110110111111111111111111100110111
111001000111010111100111
011111111111
111101000001110111110111001110100
01101111010111111111111111101111111011111101111111
011111111011110010011100011111101010101111100001001110100110000011010
1111101111110011111111111111111
1100111111111
011111110111111111110001101111111111111111001010100010011110
0111101100000000000100011000011111111111111111101110100000000000000000000000000000110000000000010010000
1111101111111001111111100001111110100100110100000010100000000000000
0111
11
1101
0111
10110
1100
0011
100011
11110
11
11
0011
11111001111111111011011101111111111001011111111111111111111111
111
111111111011111011110010111011110101111111101111111111101111
11111111111111111111111110101111111111111111111111
111010
10000
11101
011
111110111111111111111111000111101101111111111
1011
11
000
00
00010
000000
10
0
011
01
10101011
0101111100011
111010
11
011
11
000000000
01
1
11111
011
10
111
000001000
00000
111001010000000
11110011101
0001000100
111
00011
101
1
01
11
011010000000
1011
11
01
10001
11000000
1011100000
0111
111
111100
001
01011
111101
0
11111
1010011
0
010011
011100110100
1011000
0111
1
00
000
0111
0000
000
00
00
0000
000
1010
001
11
01
01
00
1110
000
1010111
1111010111111111111111111
10
1111111111111111111111110111111
111
011
101111111111111111011111111111
111011111111111111111111111
11110110111111011111110101111
111111011111111111110101111
101
011011110111111111111101
1101111111110101
11101110111110101111110011011
0101111111011111111011111111111
11111111111110101111111111111
11111111111111111011111
111111111111111111111110101
111
101
11000
11
11
11
1
1110110
1110100
1110101
11
01
111
111
11
1000
0100
1001111111111111111111111111
1111000
11100001
0111
111
111110
110001100010
11000001010
111001
1
1100100
011
00000010000
1
00111
111
101110
1001001000010110001000010001
1011111000
111111111111111111111111110011111111110010011110101111
110111100000000000000000
0
10110011010
0101100000000000100
1010
11
100101
00101010011100111
0101
11
00
11
111011
1
0
1
1
001111
1
01
1100101111
1
1101
1011
0111
111
0000
01111
0
000
1
010111
1110011010001
1110100
010000000000000001
101
101010001
101
101011
10001
110101101010
0
0111
1111000
11
10111
11111110
11111
1111111
11111000
0111
111111
0111111
1010110
1111111
11111
111000
01111
11101
0110110
11110111
11111
100000
0110001
1111000
11111101
01000
0010
11011
01101000
1110010
11000
11111
11111110
1111111
11111111
11111111
00001
100111
00110
1110101
11111111
1
1110101100101
1
111
11011
111
1011
00100
11
1001
111
111
1101110
1
1
011111
10100
11
11
0100
000111
1
1
011000
00000101011001110110
1011011
0111101110011111
101011111010111
01111101111000000111
00
01101110010001011
111111011
1010001100001110
11001100100000110
11110111011111
1010010111100000001001
01111001000100110
11
11110011111111
100111000
11011111111111011101
00000000100
11110110101
1
10
11101101110111011010101101111111111111111111
11010111111111011100111010011111111111110111
11
111111110111100111111111000101111111111111110011111111
111111111111111111111101111110111111111111111011011111
11
11
11
0110111
111
1110
00111
111100
111
1
110100111
01101
11
11110100
0
11
11
011001100111110001
11
11101111010001011011101
10
0011011
101011011011110101111111011011111111011010111100000010110001001111101100
1111011111110001010110
1000110100001111111
111111100011111111110111111
1111111111111111111111111111111001111001111111011111111
111
111
101111111
11
11
11
1
1111001
1010111
111
11
11
00
11
111010101
111
11
00011111001
111111
111
1
11
11111111111000011011111111111001111001
111
010111111111011100011101101011011111011111101111111
111101
0
111
00
11
0001111101
00
1
111
0111101010001
0000
10010110111
11111111010111111000
11110
01101110111110101000110101111
011111111011
01011111101010111001111
0001110101000101
001110111011011010110111
000101000000
111101001011
111111101111001101110011001
11111011
110101011
001000
00101101010100111111
11
1101110111
001
111000
11
1011
1
11
110
11
0111
011
11
11
100011111110111101110000010001001010110001110
1
1111111111110111111011011111111111111011111111111110
011111101111100111100010001111011111111111011111
11000000
01
0
1011
111000
0000111
011
101101000110111110101100011
111111
000
010011101
001011
00
01101
10101
101
01000010001001
11
1111011101101
111010111100
11011111101111111111111111111010111011111111001111111
11111111011100101110101111101111111111111111111111111111
111101101101110110011110101111111111111111111011111110
11100111111111111101111111111101110111111101111111111
0111111111111111111111110111000010111111010110
11101111100111111111111110101111011111101101100111
001111011111111110111110111111110111111111
111111111111110101111111110111111111111111111011
1011110111111111111111111111011110011010111101111111011001
1110111101111111110011111111101001001111111111
11111111111111111110111101110111111110111111111111111110
110111111111111111111111100011111111111110111
10111111111111110110001101111101101101111011111111111010110110001
11101101111101111111111111111101111101
011111111110011101011111110011111111111101101111011101
11111111110111011100111111110000101001001010
111111011111111010111111111010110111111101110
11111011101011111111011101111
11111101111110101010001111111101000010111101111111111110
11110111111111111111111111111101110010100010110
1111111
11010111111111110111
111011001001111110000
00000110011100100000
11011011100000110
0101
11
0010111
11100
11011
11
0111
11110
1011
1011
10
11111
11111
01011
0010
11101
01
110
00101011011
11111
001101
111
01101011010110101
11000
1100111001111010
111
1101011
10111111
11110111101111010
11111110110010001111
1111111101
11
111111011
1
001100
111101101
1110110101100110
01101111110101
011
1101011011100101110010111
101110001
11111011111
01111
11111111
1111010101111
110001101010001111000010101111110100101
1001100001000000010
1011100100100010100110
1011
000001
011111110000110110011010
00
111101010111001110101
0110
11111100111110000101110001110
11100001
1
11110
111
1010
0101001
111101
1111
0100001
0000110
01
1111011
110111001
111111111
11000111
0011100
010110111
000000
0000000
011111
01
000000000
00001000101001011010100
100111101011000010
0000000001
1111100110011
1110010001
0111100111011100
10100100100010000110100111010010001000010011001100000
0110001110011110
1
0
001101101111111111
0
1011111110111001111
0
0
0
0010110011111111111101011111
100001010111111101
0
0111111111
0
1
0
0
0
0
1111111111101
0
11101110111111101
0
0
00111011001011111111001
10111
11110
00
111
010111
111101
010011110100000111111000011001100100
1011101010100
11111101100111101
111101100
0
11
0
001000111111
110110101
0
001101000000110011110
1
0
0
0
00001100101010110011100101110101110000100010
0111101
0
0
1101111111
1
0
111111111101
0
0
0
0
1011110110001011101101
0
1110010
1110010110100101100110
11111111111111111101
001100111111000111001011110110110111100101
1011111101
101100011001010101001000010000110
11111101001011111101100
011110001010001
110111
00
1111111
00000
001110
01101111
00000000
1101111
110111110
0111111000
1010010111
0000100
00
110100001
0
0
0
0
0
0
1
0
1
0
100010110110
0
0
1100111111
1
0
0
0
0
0
0
0
11111
1011
1
010111
0
011
1101
0111
111
1101
0
11
1110001
011
1
111
111
1111
11101
11100110111100001101111001
1001111111111110100100011110110
1111111
1111101111
1101110011111110000
01011110111101101101
1111001100011000
11101111
111101110111111001001
010111
001
1011001110111111001111111010000011000000001000100000
01010101111000110000111010000001001100111001010110
1011000100111000111001001001100101
01110111101101111011
01
011
110
0
000
0011
00
1011
1101
1
01
101
1
1101
0011
00
01
10
0111
100
0
1101
111
1000
0
0
0
0
0
01110
0
1
0
0
0
0
0
0
0
0
0
0
0
0
0
0
0110111
11101111
11
111111101111111110100
111011
1111
111111101
111
101011
000
1010111
111
11011
1111111
00000
001011101011011000
111101111
1111111
011
11100
000011
000000001
111111
111111
11101
111111
101111
101111
1111
11111
1111
101111
11101
11
11101111
101110111
11
111111
0111
1111
1
01101001010011110
101100
1111111011011
1111111111000000
010010011110110100111110
111100111100111
0010111100111111011010111011
0111001111001011100001100011001101111
111110101011111
111110111001
11001011111111010
110011101100
11111011101
0000101101100
1111110111101100101100001011
110111
00010100111111110
111110111010101110100111011100011000100
111110100101
11011111101011111000111110100001111
111110110111011010
111110111111011001110011
00111001001010010110
0111111101111111
1111110111
010101001101011111101111010101110101
11110101
111101110110101101110
111110011011011
111011
0
0111010000011000
1101111101111010
1111111111001011100111
011100001
011011001111
1011111
0
0000
11
11
10111
011
111
1011
110
111011011000110111001110
0111
100101
11
011
101111
11101
111110101110
1011
1101110
111
0011
100
01001
101
1010
111
1
1
111111
00
1110
1111
11
0
111
111
011
10
1110
1111
101
11
111
1111
111
111
11
001
110
110
01111101011
11
0
1111
01111011101
00001010111
11111111
11011110110111110010
01111011111101
01111101101111001001101111011
110001101001
110110011
111101
011111101100110
11101101111011000011101001100
01111111
10000
1011100111010111100111110001100000100111010111101100
111011011
110010011101110110001100000001
000111011101000101101110011
00001
1111
11
010
01010111
01101101000
1001
111100
00111
1111
111001101111
11110110
011
11101001
1
101000111111000
110000111011011011011111100101011
011011111011001101111
1111011100
11001001111100000
11010111011111100101101110100
01100101011111111110100101111
01111111000000101001
110111
11111101
10111111111100011
11
11111110101
11111011
010111011111111001100110010101
11101
00100
1
10000000
11011011111
0000010
10011010
010010
0001
1111111101001
100111110
011110100
011
111
111110110111
11110111111
1111111
011111
1111011110110001111100
00110110010001000110
11111
1111101111101001111010
001000000
00110111011111111010111101001111000000001010
11100101110
11110111111
11110111101110
111111010111
0001101101111101111011011111000100111100
1111011110
1111111
100011110001111110111110110100001000100100111011
110101
1000111
11101
111
0011
11110
110011
111
111
11111
111
1111
1101
111010
01
011
111
111011
1101
111
1111111
1000011
111011111
1111110011
1000011111
1111
110100111111101111011100
1010111111
111111010101101101111001
10111111111100
010111111101
1101001111110101
1111101111
101111
11111111110
1111111
11111101
0111111011101111011
011101111011
111101110111111
1010110101111111110011000101100
1111111110
111111011100011
1111111100100
110111011111010011110100000
1010111111001011101101
1011
111
1010111110
0111
1000011
1
111
11010000
01000011
0
010001
0101001011
1111010111011011111110101111011000000100010100000011011100010101001100
0010000
0000111
00100
1011111
10111001
011111101
000
1101000
0
00000111011001
01110110
10000
110111
110001111000
0111101111
100
10
0001
110111111
0000
1110
00111
0
1111
010110110000111110110110111001111111001
1000100011101
1010011101
111110001
000011
0
1
10010011101110100001
0110010
1
11111011101
111100101100101110
01100011101101
00000011110011011001111010010
01100000111011
111111100
11110111101000011000
10111
10101010111101111011010
011111011111110001
1100111101110111101
01011111101111
1111110111
011111011101011
111111011101
1101100111111
101101111111101111010001010001011101
0001101111111111
10110111
111011
11100010100011
1011
10111011101111110111011011011010
11101101
11001111011111111101101111111011101011111101110101101111111011
111
011
1100011
1001
0111
111
11
111110
0111
0
0
1111101101011101
1
110
0
1011
01
11001
11
01
11
1011010
1
1101
00010101
1100
11110110100
0
11
111
0100100010010011
010
11
010001001110
0011011001
101001111110
00000
000
0000
110011101
0
1011011
11110
011
101101111111111110
0
111111111111111111
11111111111111111111
0010010011001111101
111101
11111111111001111111
0
1011111110111110000
1
0000000001011111101
1111111111111111111
111111011111111
1101011001011101
1111011111111111111
0011011011111111
00000000000000000
101001111111111
011111111011110
0111110111111011101
101101
1111
1110011
011110110101010110110
1101
1111111
111
1111
11101111
011
101111
01111
1111
111
1001
1111011
1
11011
101
1
111111110
100100101111110011101111001011001010010101111
0
11110001
1011
11101
111001110110
111110
011111111
1110
11
110011
11
100111
010
11
11001
10101
10
1101
110111
01
110101
0111001011
1011
111
11
1
01
00111
0001101
0000111101
111011111
1111111111111010111
11111101001110101111011101011100
111001111111111100011110011100101110001001111
00000000010000011100100000
011
1111001011101100111101111110000101111111
101011100111110
011
1110
10111
111
010
10001001110011110110011101111010111000000101111111011
11100100001
110111
11100100
00010111
1110
01
01011
1100
000000000101100010101011001111
110100
10111
11001
00
11
0
100111
1110011010
1101011011001000010
0110111
00111
11101111110
1000011010101111111111111011011000111010011110111111111111
11111111111111111011111011100111110001011110011111
11111111111101100111111111011
000
10001110001
0101
0
0
11100010
011
11100001
0011000
1100
0
11
0111
0
010
000
0111
11
111011000100
1
1110000
000
001
00111
10
111111111111111111111111011
01011010010
110101
1100000011
111000100100010011000100
011111111111
1101110111
111111
11001110111
11
11111110111
010101110100101
1
011111110101110011
1111111100101001
11101111010000
1111111111111111011011110100111111111011101111111
1101110111
110001110101001001100011
11101010101101010101111111101001011011111
011111111
111101010010100111010111010111100011111111
1111101
0
1
101101
10
0
000
1101110
111
11111111010110111111100111010000110000111000111000
1
1111110011101101111111
0
11
11
1
1
1
1
1
11
1
0
1
01
01
00
11
1
11
11
1
11
01
1
01
11
11
11
11000
0011010101001
1010011110000001000010
00000011000
0000
11
10
0
1
1
1
1
111
1111110
01111011110111100110111
111111111100
11111011
11111
111
01111011
10110111
1111
1111111
111
11101111
11100101100
11101
1110011
111001111
11111
0001
1111011111001
1111
11011
1
0
110011
11111
1111010100001001100
11100100101
01110101100000000000000000
000000010
01001
0010010101010011000000000000001000001000000000000
10000110
1
1101
1111011010011100011
11000001101101
1111
111101011010
110111
11111
1111110001
0
1000
111
1
0
0
1
1
1
0
0
1
11
0
1
0
1
0
1
1
11
1
0
10
0
111101
0110111
1100111
111011110111
1101111110
11101101101
101101111
111001
101111
111111
1101101111011110101111100
0111
11001
001111
10011
11111
0111111
11101010101
1110101
111
11110001
10010111
101100110
1
0
1
1
1
0
1
0
0
1
10
0
0
0
1
1
1
1011111
1
11001
1
0
1
1
1
1
1
0
1
1
0
1
00
0111111
1111011
110001011010011110110101010110101011
111111111111
10
011
011
111111111
010111111111111010
0101100000011110010000
1
0
0011101011101100
11101000100
1
1
1
0
1
1
1
1
1
1111111111101100
0
010111
01000111
1
1
11
11111
11001
11
1
0
0
10
11
0101
0100010001010
1
1
1
11
1
11
111101
11
1
111
111
1111
0100
111
111
10
111
011
1
1
11
1
1
1011
110110
011101010001010111110101001000000000001110000000001001
101111001011101
11111
101111101010101111110010100000110010100011
011000011101110101
11011
111100111110000100111000111
0111100010111001
01100001010011110100
01101111010110001101010011
1111011101
11010110111011011100100100100
1111
01111
1011101111010100111101
1001101000111
1
01111
11111110
011101101111
11
011011010111001000001111101
0100111110
1111111
11
11011011101011
00000100000
111110111
0110111111
0
0011000
1011
10
01
01
01
0
0
0
10
10
00
1
0
00
00
110101000
111101011111
111000111
11110011101111
1011001110111
0001101110011001111011011110110
11110001000110111011111001100000
11100011011010000011100000
0111100111001000111001111
1111101111111100
10111011101110101
11111000000
11111111
010111111110101011
1111001111001001
111110111
11111100111101
10101111010100110100
101011
11011
111
1111000000101101
111
01
11010111
1001011110111111001011110101101
110011110111111101011100000000011
11100101100011100
0010111110011000011001111
1111000011
01111011110
1000101101110000111010011001100100111111
11111000101
001110
101111
1111
11011110101110101111011
000100010011111111110010100010111000001100110
0001
000000001000011110100
011
0110110000
101110100
1110111011101101001001011
11
0011
111
111
000000101011000
100111
110
111
11
110
1101
11
1
11
11011010101011
1010101111000110010110000001001
111
1100
1110100011
1111
011
001001000
01
10100111111000000000010
1
110
0111
1011
001000101110
011011
11
1101
11011010111111000011110
1
111111011
10010110100001111000101111011111010101100110100110011011011
111110111111011
111111101
1110011000010000011001
0
01
1
10
01
11111
1
0
01
10
10111
111000101
01110010110101110011100011110100001101
0
0
111
1
10011
0001000000000100
10000011
010111101100111011101
111011110110101011110011
0000
1101111
0011101
1101010111011010101100110
111101111110101010011011100001110100
11110011110
11011
11011
0111101
111010111010
1010010011111
000111010111111111010110111101001
11
10
11111100011010101110110111
11110
1111001100001100
0111111
11
1100110111
11
01100110101
1111101
00010001001111000
111111011110100
0000100011100100011110111
11111111
11111111
100111
011010000111100
111110
01001110111110110110010110111
1111111010100111
110101
00000000
0101111001
000111
11111111
11111110101000111
10101
111
011101
11101111
01010011100110111110
1101111010101
01011111111101110
10011
1010011
111
1
0
11011010111011
1110111101001
010111010101
1011010
0001101
000
10010111110
000111
111
110011101
011111101
001
0
0
00
1
01
11
01
1
11
1
0
0
01
0
10
0
00
00
00
1
1
00
0
00
00
0
01
0
00
00
0
01
01
0
1
1
00
00
0
00
01
0
00
111
1
11
01
1
00
01
01
01
01
00
10
1
0
0
01
0
0
01
00
01
0
1
0
1
00
1011111001101101
01000
101101101101
111111111
111111101
100111101
111001
0011111001010001100111
111111
111111111100
1011111
0000
111011111
0111010111
0101111
0000011110
1
1
11110
111
11
111
11
111
11
010111
111
1101
11
1011
111
11
111
111
111010
1111
0111100
0
10
00
0
1
0
100101010101
1
01
11
01
00
1
11
01
01
10
01
00
00
1
1
1
00
00
0
11111
101111011
110111
101011001001
0100111
1111
11101001
111
11101001101
1111100011010
1111100100
11
11
1
111
1111
0
1
1
11111
11
01
1
111111
101
111
101
1
00
11
110111
1
1
0111
1101
01
111
1
1
0
0
1
0
0
0
1
0
1
1
11
011011
1
11
1111011
111011110111011
11
111011
11
10111
01110100011100100
1111000001000010001111111001110
11101111111110110110011
10101
00
000
101
011
1101
0111110011100101
0000
001011111
10
00
01001111111100111001
011
1011111011001100
1110
011
111
101
0
11111011111
0110011111110100011010100
1110111101111
011101100111111100101011101101
1111111
101
111111111110011
1011
10010101111
1
111
111
101110
11
111
01111
1110001101110111
111
11
111
000000
1
0
0
111001111100001101001001101111
11111001111111
1111001011101111111011101011110000100110
000000000001111111111001
1
0
1
0
11011011101111111
1111111111111
1
11111011111110011011010
11111110101111111
01111110111111
0111111111001111011100
0
1011011110101111011110
111
111
1110
11
1
0100
11
001
1
11
11
111
11110100101010
111
111011110
011
1
011
110
011
111
1111001011
111
0
11
001
11
00
111
11
00111
1101
11
1111
1111101
1010011111101
011110
01
111
010
10110
1011011
11110
1101011
11
0
0
1
1
11
01
11
11
01
11
1
11
11
1
0
0
1
01
1100000001111100
11110000110010111011111111100000000111111111000111
1111111011100
110110000011111100001111000000110111110
0111110111
111100110111111110
01111000110010000101000010
111110101011110
10111011111000011111
11110011011100
000000001000101
111
0111111111110100
1111111111
1111001010000000000
111011011110111011111101011
111111111111
111110111111111101
1101101110111111111111
101111101111111101111110110
011111011111101
111111111111001101
111111101111101
11111111
1111111101
1111110111111
1111111101100111
11101111111
0111111101111111
1111101111111
11011001110111011111011
1111111101110101001
100111111
11101111101111011111111
11111111110111111111
01111110111111010111
1011111011101111101
111111111010101
11011011
1111111011110011111
0111101001110000000010001000111
11111111111100101
11100011110101111101101111100111011101
111010101111101110110000101111101110011
10001010001100000
11101111
1111111111001111111110
101111110110010100
111110111010011010
1
0
0
1
11
11
1
00
01
11
0
11
01
0
11
1
1
01
111101101111110
1101110001001110000111001111101010110011101000110111100001111111
1110111001111111111111110101
111001
11111111110111101111100001
111100111110111101
1101110111111010101011111101101
11011111110101111011100110
1111111010111011110111
11100001010111010010111110111111111011111110111100000011011100111
1010111111110110111111110111
1111111101101101010
11101110100100
1111110001101
111100111111001
000001000010110101110011011001011100000101
11
1
10
0
1
1
11
01
11
1
1
1
11
0
1
01
11
0
0
01
1
11
011
11
0011
11110
0111
11111
001011011
11011
011110111011011111000111111101
01001101101110111111
1111111110111111100
0100
01010111011111010111
000
010101001011011111111001011111011100111
111111111001111
1101101111111111
010
1110011001011
111110
0011011
111011111
11111
01111011
11101111
11111101100
01011
11101110000
1
11
1
01
11
1
1
00
11
11
11
1
1
01
11
11
1
11
10
11
1
110111
111111011111110111101111
110101101010
111
1
1111111101111111100110010
1001010110001111101111011000000000111011101001110
10110011101111101
11
0000
11101001111011
0101
1110110001101001000010
10100011001111011100111111010101010
1111010
0111
1
1000001
1000111
11111111110100111111111
0101011111011111
1101011100001111
11111011010111111110111
11111111111111111111
111101111101111111111
1101110101111111100
111101111111011111111111
1110101111111
111111110111111111
101101101110111111000
11111110101111110
11111110111111111111
111110100111011111101
101011101101111111
111111111111111111101
111
001110111101100111
0
101111111011101111
01111111110111
1101111010111110
10
11010110100101
11011101
0111110001000000
11
101101110001101
1
100
1
1111
01
1011
11111
110
101111
11001
110101
1101100
1
11011001001
1
1011
00
0111100
1011
11011
11011
0000000
11001010001100
11
1101110
11000110
00
1111
11111001110
111
1
1011
1
00101
10
0
000111
111
011
111
0011111
10
11
11
11
101
1110100
0
0111
111
11110
01
0111
1110001011
11
01
111
1110110
000
1000
11111111111111011101111101111111
1111
0011
110011100110110111110110011001101001000100010000
111
11
11111
011000
101111
1110010
1111111
01
0110
11110
010111
1
10001
111
01110
11111100111110110101110000111110000111110101111110111011111001000001011000000010
11
111
11101
100110
11011
111100
111111
1101
11111110
11111111
11011
1011010
111111
1111
10110
111111
111111101
1111001
1111
101111
1100100
111111
1111000
11111
11101
01011
1111
11010
00010
11101111
10100
11100
100101
00101110010
111
01
11
111101111
11111011100000011111110001
010100111100101
1110001110
0110010101110110011000110
101111110000111100000001
1111101100111110
000
110011111001
1111110111101100
100100011111000110010010110011
1101001011010110001110101111100001111000001101100010
00100011111101101111011001001110111100
1111
101011
1
11111
111
111111
01100110100111110111110011101001000111101111011111101111
11011
111001
01110
11
11
01111000110101
01
11
111
01
111110101110
11110
0111
1110
11111
111
111101101111
11
011
111
11011011101001101
111101
000111
11111
11111
11111
011111
11100101
111111
11111
10011110110100
0
0000
101
111011010
1101
011
111100011011
01111110000111
00011101
01111
110111010110
11010
0111000
1
0110
11101
11
1110110111
10011111
1111111
0
00
011
01
10100
0
0100000
0001
101
1111101
101100110011010
101100
0111
111
10001
001100101110010110100000000
010
010
101
111
1111
1111
00
011
1111
111
1111
11
1
00
11
1111
111011010101110111110011
1111001111
01110
011001111000011100
01111010
01
00
11100111011101111110101101
101
01
0111
11111001111
1
00000000000000001000000000000000000000
110101
1110011
1111111111111110011110110111111111111011101101111111111111111101111
1000
011
01111
1
01010011
1111
111111101
111011001011011
110111
111111
011111
01111
11111001
01111111
11111
11111
1111110
1100010011111110001110010111000
11
111010111110100001
1111011111011010
0110
111101
0
1111
00
1111
1111011111101
110111
1111
00111111
010
1111101
11111
011111100001010
000111010101
11111111000
1111111
1111111011
11111111
1111
111110
0111100100011
11111
1110111
111110001
1110000001011101111101011
11111001
1111011010001111101011
1111111101
01110111110
11111
1111
1110101111
0111011
111
1100
10
111110111
111111
01000111
011111
1110110110111
00101011000110011001110
0111010011010111001
11111
1111
1111110
111
11011111000010101100101
1111011
111101110
10111
011101110011
11111101011
00111001111110011101110111
01101100000000100
1110011001110
111
0
011100
01111110110101011010
1
111011
1101010011
10011111
1001111111
111
111
11
11101
11111
1111100111
11111101
0101110011
110111
110111
111111
011010000
11111
1111111
1111
111000
1
00101
0101110
1111
1111111
1110
11110111110
11110111
0010011
111110011
011
10
1
0
101
10
01
10
01110111110110111010011101111111100
010111110111101111111
11111
00110111100
100
110
1111
011011100110
0000111
11
101101101110101011010110101111001000110111
1111111
101
111111
101
110
101
1
01
10
1
101
00
01
11111
101111
110111111
11111
1111111001110
11011
1111111
1111110100010111010011
10111111111
111110110
1011110
0111111101
10111111111011101
00111
011
01111111011
11111111
1010111111011100000111101110
00111
1111111
110101100010001111
111011011
00111101011011010010100
01111111001011
1111
11111111
111101111110100011111
001110110010010000101
11
11111111
011
0
1
11
11
11
001
111
11
111
11
011
11
1111
1
01
1111111
11101110
11111111
1101101110111011111001
1100110
011010110101111011101001001101110010000000001
11010111001010011111001001011001011111001110
01111110111111101110
11011100111111
011111
111
0010110
1101
11
00
000
101
1
100
1
000
1
1
1
00
11
00
111111
111
111
1101101
111
111111
01010
1111
111010
1
111
1101100101
111011
111
1111
110101
101110101
111011
100110
1100111
1101010
11
0110110
101
1011
1
1101
11
011
111
1100
11
111
0
1111
1111101010111
0101010
00011011000
1100101
0101111
11111010100001100
111001
11110010100
111
1111111
111100110111101
01010101110
1111110
11110101110000
11101001101
0101111
1000110100001110
0110111110
010111
100111110110
0
000
1
110110101101011
1110
1
10111
111101
0101111
1111011
00001
0000001101
1111100
1010101000110100
011111111001
1111
111110101111011
111
1101111
10111011101110011100
0010110100111100110101
011
0011110111100101000000001000
1111
01
0010001000000011001001
1011111
110110
00111011111
11011
11101
1111
111111
011
11011111100111
010100001
111
111111
111
010010001
11011111
00
1111011111111000
1111100111100
11010100111011
01110101011001
11
11100101011
1001001010110
11011101
11111
111010101
01111
1
1111
11
11001001
0111
111
11011
011
111111
110101001111000
0
111
11
111
01
0111
101
0
11
111011
11111111
0001001111010110
11101110
0
0
110011011
0
1010
01101010111011111
11
0011
000101
1100100000
00111
101111101
110011
111
101111111
101
101
11
100100001
0111111
11
101
10111
11100
11
111
11
111000
01
011
1100101
111
111
100000001000011
11
11
1100
0
10
11
000
110011
11101011
01110010110
10101
10000010
1
101100
010011
11
11
11
000
111
0101
1111
01
01
111
010
010111
11
1000
11101110000
111
11
1
010
11
100011
1110101
11
1111
10
11
111
10010
11100
111
11
110010
111111111
0111
0001000
00000
111
1
111001000000
101001
10111
11
1110011
011
1111011
1011
111
11
111
111
111101
0111
1111
0
111
11
00111101010
1111
1
11
1111
111
011
111111
11011
111101
01111
11111
111011110111
1110111
0101
11
111
0
011
111011
111
111
11
1111
1111110001111
10111
011110
1111
1
1111
1101101011
11
1101
11
111
110111
0110
1111
11
1
11101
11
11
1
1110111
11
11111
1001
111
1111
11
110001
1111
01
00
1
11111
111
11111
011111
11
1
10
111001
1101111
11
11
111
1011
101
101101
111
00
11010
11
011
11001
111
0
110
00
010
11000100
110
00000000
11
111
1111000
1111010
111
00010
11
00001000100100000000
111000100101
011010
00100111
1101
101001
01111100
011
011
0
110011
0000
111
110
0011
0
01
110101101
11110
111111110
111001101
11
01101111111
1110110110
010111
1011
11
0011
0011
0000011
011011000
0111
111
1110
1011
11
111
111
111
101011
1
0010
0101
0110111
01101
1
0101111
1010
110000101
011
1111
111
11011111
10111101
11111001
110110
11111
011
00
000
0000
1000
010
0
01
00
1
1000
10001110010111
11
1
111
0111
111
1100
00000100101101011000000
0
001
01
1
10111101111
101110111
11
111110
111
011
11011
11011
1100
111
1
1111
11111100
1011
10
010111111
111
0100
1
0000000000
00
1110001100011001100011010111100000000000010100001100000001100001
0
1001011101
11
1101011101010011
01011111111111111111
1000101111101010110110
11111
1111110001001
111111
10101111000111011011
11011001000110011
11111011011010
1111010111111010
01100110111111
111111011
1010111
111110
10111
011
111
111
1111
0110000
011
00110
1
1
1
001
1000
1
1111011011
1
01101
011011
11110011
11
1100
0
01011
11010011
1110111111010
11
100
101
100011
01110
1
1101010100
111
1
1
0
1110111111101
1110
111
110111011010
111
01
111
1011
0111
000
0011
10110111
1110
10
10111
11
11
11
00111
11110
1000000111
101
11
101
0001000110110
111
01011110
11010111
011
00111
011
1111
11
1101
1
11
111
1
0111
11001
111
011
11111
0100111
111110
011
10011
11
111
01
110
1011
1110111010
11
0
1
01011
0101100
111
011111
11100011
11000100
0011
11
11
11
0101
1001
1110
11
011100111111
011111010110111001
11101011011110111111010
100011101101
1
111111101010011
1111111101
011111011011011
0001011000001101101011111110000
001001110111111
111011111010011101
110111110101
0110011111110110
1111010
101101111
111
11
111
0111000111
00001
1111010001
111
10011101110101111
0
001111101111
111011111000
110
0011
011
100
01
10
011
10
00011111110111
10011
1110111100110111011
0110000000000
11111
1111101111
011111110
1111111110
111
111111
111
00011
11101110
010
1101001
10111110111101011
1010
111
11011111110111
100111111111
0
1
11
1
0
1
00111
11
111
1111
11
101
0100
01
0111
101
100111
0
101
111
11011
111
011011000
11011
1111
1
0
000
11
11000
0
01
0011
111
1110100
1001
1
110000000
111
00000101
11101
01
11
11
11001
0100100010
101
1
11101001
1001010
1101
0111
11
1110
11000111
111
110100111
0000001001010
1111
11
1
1001
011
1
11
11
1101
10111
11
1
1111
11111
111
111
11
10101111
11
10111001
11111
1
11
110101
11011
1100100011
1
10
11
11000
0
11
1101
1001
11
11
1101
1111111001111
1111111111111111111
1111111111111110110111
1111111101111
11111111
111111
1111111101110001111111
111111
11
1111110111
11111111
0111111001111110101110
111111101111111111
11111111011001111111110011001111111111111
11011
11010
0
01
1111111
111111111
111111111111111110
0010
1
00010
111111111111
111111101111111111
11111011111101
11111110111111
1
1
00
011100010
110
111
00
0000011000011
11111111
1110
111
111011110101
000011
000
111
010010
0
011
000000
010001
1
111
010100
0111
10111011
110
110111
1
111100
000
1111
11
111
011
111
1111
10000
111
110
00011001000
11010
0111
111011
1
1
011
1100110
11
01
111100
10111
11110
1
1
0
000
01
1
1001
000
111000
000
0110
001
0000
111
0
0
1
1
0
11110
00000
0
1000000
00
0100
0
11
00
11
10
1110
10110000000
1
111011
0
0
111111
0000
0010
00
1001
00
101011
10100
0111
00
0000
000
00
0000
1
001000
00000
0
10111
00000
11000
0000
1
0001110
10000
0
10
00
1100
00
0
011
101
01001
010000
1
00000
1110
0
0
0
111
1011111
000100
001
0010
0
1000
000
10000
00
0
0010
000
0
010010
001
00
00001
0100
1
000
1000
000000
000
00
0
01100
00
00000
0
110
10
0000
00
10001
0
0
11
0111
00
100
0001
0
1000
000000
000000
000000
00
00
0110
00001
0000101
00000
00
000
0000
00110
10
11001
000
00
11111
00010
10100
0011
011
111111
11111
00
0
0110101
0
010
10
010
1
00
11
10
100
000001
1000110
00
11
11
111
11111
1
11
0010
0
10
01
1101
011
1111
0
1010100010
0111
1101
001
1
00000000
0
11
1
0
0
011
0
111110001
000001011000
0
111001
11111
11111
001111
0
1110
0
110011110001
001011000
111101011
0000000000000
1101
11101
0111
111
100111
11011100101001
11111
1101
101110110
1011111011100
1001101
1111110011
111111
101111111101
0111
11001
111
011000
00111
11110
10100111
011
111
111
10101
1101111
111
1
1111100
00111
11111000
11
11010
10011100
01111
111100
111
0111
1101100
101
1101
001100001010
111000
11011
11111110
0100
01
11010110
010111
11
1110110
11
11
11
1101
0111100100100
1
110000100
0111
011
11010
1011
10111
111
1011
11110000
11111
111
0
11
1
1
11111
1110
110111
11111000
11111
1
10
0111
111
101
0111
10011101
0
111
11
111
1
11
1011
011
110010
101011
111
11011
0111110010
11000101000
00011
1101
1100110
111
111
11
11
1011
0
0
1110
1
11
11
0
01
11110100
00111
1
011
11
1
0010100011000110
11100
1111
1010111
11010110
01
111
110110
1111
1101011011100
1111
11
10
110011
011
1011011
11
001
111
111
0001
1100101100
11
1101
11101010010011
11
11
11
11100
1
0111
101
111
1101
01
11
10111
1
111
011
11
10
110111
1100101011111110010100010
100
01
11
10011110111001101100
11110111010
01110100101111110101101100001110111
1110000001110
1111
011011100100010000100110
0001
11
11
01101101
001
11101011
111
1111
11101101001111011011100000100011010000101111001
1011
1110110
110111111
1101101
001100111
111111
1111
0101111
11111
011111
011111001
11111
11111
0111111010001
100100111111
1111101
11010111
1101110011
111111001
111111100
110110
111
111111101
1101
111010010111001010
111111010001
11011011
010000001001
00
101111
111
11111
1101
01111
011110110100001100011
011100110111100011100
001101110000000001
10001010010110010
1
111111
001
111
111101
00111111
11111111
111111000
11110010010100
1111000101
111111
0010000000000000
11110100000000
001
11111
1110001000000
111011111
111110010110
111111
1100001111
1111
11
011111
1111
000000010001000000
1101
1100
0101100111001101011111111010110111011011111000
001110111100110001011
111
111
1111
1111
1110
01
1111101110000
111
1100
111
111
11
11001
11111010101011100000111000
0111111
0011110110000
1
1111
011
0
11111
11
0011
11
1100011
11111110000011011101
0
00110000001110100101001101
00000
0001001010011
0110100110111000111
11111010
111111100011
0111111111100000000
110011000111100110101001010
11
1111110
0100
1
01
000011110011110000000110100100000
110
11111000000001000
1100010111
111
01100
1011
11111
11111
111111
1101101000000000
1111111
11
11
11
11
01111
11100
11001001
11111110
111111
110011
001011111101011010000000000010
1111010110111101101
1111110
11111
111
11
11101
111
111
000100111101100001000101
011110111110110
000000
01
01001111
1100100
0001111
0111010011110
11
11
0101010000000001000111001
11111011000001010010
010100
11000001111101011110011011010110
11010001
111
011001110
0111
111
11110000000
11101011000000011110
0
0001111
11011111110110011010
11101111
0011001
110001
0001000
00110011010
01101110000
10111111
10111111111100
11111
101011100000
111100100001010
111
101
01
010101
1011
111100
1111011
000000001111000000000000000000
11110101
111011000101
111011110110000
11
1010000000010
000110101
110011110011100
1111101111101100000
010100001111101
01101101111111
111
11101
011
1
101
00
1
101
011
000
01
0
100
1110100
0
00
1
00
11
0
00
0
011
1001
010
01
10
0
01
10
11
0
10
0
0
01111010
1110101000
0
111
0001
111
111
00011
0011111
111110011
1101101
011
0011
1111100
11
1111
011
101100
111100110110010
1100
0
010111
11
1101
100011
110
10110110
111111
11111
11
111111111
1
00011001
11101101001100001001111
1111
00
111
0111111111101110001011111
111011001
11111
0
011111110011
11011010101
1101101
111
0000
10110010101010
01111011110010
111
101
11
11
1110111
111
011100001110101001001110001010000111
011100100101
011
11
111111
111111011010010010101
11111
0110000111
011011
00101111
100
111100111
0110010
1
011011111
1100100
101101
001
0111101100111
110111
00010000100010000001101000010011000010000110001010010101010000010101010010000000000010000011000010000000100000
11110
110010000110001101
1111
110111
111
111
00101111111
111
111
1111110010001
110111111110110001110
111110101001111101
10111111000
00000000
11
0110111010
0100011
011000
111
111
110011
11110
11111
11
1
010111
000000
01
1101011110110101001101
11
1001
11
111
1
11
0011
110101001111100110
11110
110
110000101100011101100010100101010111011000
11
11110
11
110111
1111
1010011
11011001100010
1110000011001
0010111011001
100
111
1
0111111011
11
110111001
1111
11111
1010111111100010100
0000000000000000
0100100001010100100
1101100100110011100111
11
00000000
0011
1011
1100
111
11
11
001011110010101
0010010000101
10
1001
110101100001
011
111000
011111101000
01111101
011111
0
111
10
001100
000
0
1001111
1111111
101
1100
11011
11110011101101
1111001110
111
111100010101
0011
011011111000011111001
1
1100
01010111
01101100
1101101
111
011
11
111
111111
111
110001
011
01111011
11
0111
111
1011
111
01000
01
101001101001
11
00111
110000
1
111
0111
111
110111
11
11
011
101
1100
1011011
11110100
1
10111
1101
0111
01
11
1
101
111001000
1111010001
100111
110
011
0111
11100
011
0111
111
111
11011111
1101
11
1001
110
101010010
01
010
11
11
110
111
000111
11
001
11
0100
01
111
11
1
111
0011000000000000100000000000000000000000
111
11
11
011
11
101
111
0111
11
111
11
11
01
1111101
11
11
01
1100010
10010
111
0001
11
11
11
111
11011
0
111000
1
1
1101011
11001
0
011
11
11
01
00111
11
111
0111
11
110
10011
011
11
1100111
101
101011
000000000
1000011011001111010110111
11
11101111
1
1100011
111100
111
011001111
11100
111
111
111111110
11
1110110
00010
11
101
1110010101
11
11
10
111001
10011
1101000
11
0
1001000
11
111
10011
1101011100000010
011111
1111
111
11
111
1011
11101
01
100111
1
11
0011
0011
111
11
111
001
0
1
1
1
1
1
0
1
1
1
1
11
1
0111
011
1111
000111
1101
1
1010100000
001
011
1
101
111
0
11
1010111
1101
1
10111
11000
11
11110101101
1101001
111
111
11101101101011000
00010010100
1
111
11001
11
11
110
11000100100
111
111001100
101
11
111
11
100010010111
11
1
11111101001010
10101
110
01111
1111
1
1
0
1
1
1
1
0
1
101001
11
100111
111
0011
0001
0
111
0011
11
111
111110
101
101111010
0111
101
0000
111
111
1100000
100111
101
101111
010
111100110001011011
1111010000110
110010
1001001
100110110
1101
11
1
0
0000100
111
11
01111
0100111
110
1100
1
010101
110
01
01
1
001000
110001100
11
111
00111
1110110000
00
0
1
101000
0
111010011
00110
11
0101111
1001001
1
111
111
1111
0111
0111
111
0111
00
1011
110
111
110
11
0
111111
111
11010111
110000
11
0111110
011
100000001
11
01010
11
1101
11
0111
111
1111
1
01001
0
101
001
010111011111
111
11010
0
11
111
111111
1
111
11
111
01
1000011
1101
001111
1011
101
011
011
1011
1110
0111
11
11101
11
0011
1
11111
11101
11101
011111
0101
00011
0111
1
1101
11
000
11
110
11
111
111
1000010
0011
10000
0000
001
11
111
0001
01
11101000101
1111
010011
101
1101
1000011
111
010111
111
011011
11101
10110000
11011
111
11110
00
100
1
1101101
111011
10
111
0111
011101000
1111
