1
111
011100111
0
111
000
11110
1111001110
111
1111101
10111
1111010
1101111
11101
11111
111
11111011
0
01
0
0
1
0
0
111
11111
01111
111
11111
11011
111
111011011111
000001110
1111110
11
1101101111
1011
111
11101
111
1111
101111
11011
1111
1
0
1
1
00
0011
1
1101
111011100111
111
111111101111010
1101110111111100
11101101
1111
11011011111010101110
11111
001111011
11
01101111110101000011101111
11111110
001
111111110
1101111
01110011101010011011111
11101
11
111010111100110110
101111101011101101
1
1001011001010101
1
1110110
11111011011010
10
11110001011011100
111010
011111
111
01110101
10101110101
1111010111110010101
01111
111111001
010111
0111000101
10011110110
1
1
01
111
11
11
1
10
1
1
011001
1
1
110111
1100011001000010100
1111001
011010001
111
0011
1110110111
1
111
1011
1
1
0011
1
000
11
111001111
1
1
0100111
00111
111
01011010000
1
1111010101101
1
111110101001
1101
1111110111
11011110
111111
10
00011111010001110
0000
0
01
1
0101
1
1
1
00
1
1
000111
0
1
110
001111000000010
0
1
1
0001
111
10
1
0
0
1
111111
1
11111
0
10110101111
1
11
01011
100001
01
1
0
1
0
0
1
0
0
0
1111
0101101100
11
1110
11010111
111
11
1
1
11
1
11
00
1111
11110
01011
011
10111111
1011101110001001
11
0
0
000
11
1
1
1
110
0
01
1
11
11
1
0
0
0100111
110111110
1
1
1
11
11
11
1
0
0
0
1
11101
1
011110
11110111
1111
1101
01111
11111100101
1101
1111000
101
11111011010110
111
01111
00000
111100010110000
10111
11
11
11
0
1111
101111
1
11
1
11
11
1
11
000100000000000
11111110
111
1111000010101110011
11
101011
10111
1
1
0
01
0
0
00111
11101
01111
01111
111
01011
111
111
1
11
1
1
11
0
1
0
1
10
1
1
1100
0
10111
1101111101
00100101000100000001
10101
1111
0111
11101111010000
000101110100000101
1111110
1011011
0
0111
1
11
1
111000101000010
010101
1101
1011
11
11
1
1
11
1
1
11
0
0
100
011
011
11
0
01011
0111
1111
1100011
1111111
11110110
111101
0
111110
11111
101
111
1011110
1
1
00
1
1
11
1
1
00010100111
1
1
0
11
1
0111
11
1
111111
1
01010111
1
1
1
111100110
1
111010110011
1000011
11011
0
111011
111011
111
00
11010100101011
01100001101001110101
10100111101001100
1
11
00
01
1
0
1
0111
111001
111
0000011
0
1
11101
01
0
0
0
00001
10
0
0111
111
00110111011001110111
011
10101000
10
01011
0111
10100
0
111
101000
01
0
111110101
11
11101001
011010101100110101001
11110
11111010101100100101100
010
011000101011
1101
101111
1001001001111001001001110100101100100
01011001110001
1101100
0
0
10011
1
1
0
0
0
011
0011
0001
111011001
01000110000011
1
01010001101
10011111001100
10001
11001010101111100001010
0
0011
0111111
1111110000
111
11011
1
11
11
0
1111
11
1100110100110101
1110010
1110010010001
1011100001000100100
0111101000
111010110010101
010111100101
1101011011010110000
111101110000
10101101001101010000011010
10
11110111000010101
1001010101100100000011000110
11101101
11
1
1
11
1
11
1100001000101110
011111
1
0
1
1111
1
11
11
1
11
11
11
1
1
11
1
10
111011
11110100
11
01
0
011111111101
111111101100001
111101
100111111
111110011100100
11
111100001111001111
10111
0001
111001010
1
011
001000
00
01100
11
11
11
0110
11
11
01
11101
110
1
100111110110111
11101
10111
01111111010
11
11
0
11
1
11
00
11
0
0
0
0
0
0
0
0
0
0
0
10
111
1
11
0001111
0
01
0101111
11011011
000100001000010000
0
0
000001
000
0101
1001
01000
0001100
10000
000
01111
10111
0001
000110
000
00001
00
010110111010010
0000
00010001
101
1101
101
1111011100001001
011011
100
0010
1111
10101
0
0111
011001101000
1111101001
0000
01
0
111
111101001001
0111
0111
0001
00011
0010
111111100
1111
110
11111110
1011000
0011
00
0110000011
1000111000000101010010111
00
11
00
011
0
0001111
10
0
0
0
1101
1
1011001101111111011
11001111110110001011
1
1
0
110111101011010110
0111
11
1
1
0
11
1
11
1
11110101
0
00
1
111111
1110101010
11111000011
1001101
1101111001
11
01111
1111000
110111100
11111011000
0110100001000111
1111100000
0011111111010010001011
011
0110011010011
11111110010
11011011110
11111
11011110101
001
101110001
0
11101111001011011
011011111011111
11101
01111110001
11111
111
01111
001
111
11110
100110011
11111010
1010
1
101011
011010111
101101110101
11111
111111
11111
1111011
1111111
1
1110101011111111001011010
110111101
0101
1
1011110101101101101110
1
0
111
11
0
10
1111001
11
10011
111
000101
111
11011100
0110111
11
11100
111
1
01111
1
11
11
01111
11
1
10001
10000001
111
01110010101110110
111
111011
11101
0001
0
01101
111001111
1110111
1111
11110111
1011000
00011
1
11
101011
1
00111
101
1
010000011
1
11100
00
010
11101100011
11
1
11
11
1
11
100
111
1111
111
111
1111
11111
110011
111101
111
101111
00
10000111
10000011101110011
1111111010
000101000
1111001110101110
1111100111
10110100000110
101100111111001111
00000000010010
11111001100
1111010111111
111101001110111
1111101111000
11111101
0111110011001100
01
011
111100
101
100001
11011
010
0101
101
110111
1
1010
1111
11111
11111
01011101111011110001000
110111
0100010
1
111010100
11
1
11
111
0
1111011111
1111
11
10
101
1
11
111111111
111111111
111111
11011111
11111001
111011
101111
1110111000
0111101
11110000
1111111101111
111111010110101
111001000010010101000001
1111100011
001010110001010
101001001011
1111001101
1111101010001110
10111110111100111101
1111111110
11111111001001011111
11011111111111
111
10111
01010111
111010111
0
11
1111111
1111
1110111011
111111110101
111
11110111
111
1110000111
101
0
110
1111
1
011111101
1011
100111111111011
10110
100
01111
1
10110
11000000110010
111
11
1
1110111010011011110
111100
0110111
10100
101100
1
000
0111
0
0110110000110111110101010
111110
1100101100010011010000100
100000
11
1001010
1110111
1101
0011110111
111
11101001100110110111011
100
10
1
0
111111111
1110101011011
0001001
0010
1110011110111
010111011010101
1111
10101110110101010010101000100
1111110
01
10111
10100001
000111
1111
11
0
0
0
0
11101000
0
0000
0001
0110011100
11100010
111001111
0110001010000
11000
1011
10110011110010
0010
11001
1101101101000000
111101110
011101
1111110
11111101
110111
10
0
0
0
0
0
0
0
0
0
0
0
1111001
0
1
0
0
011111011
11
1
10
0
1
11
1
11
1
0111
10
1
011010010
1
1
01
11110
11
1
11
11
10101110
1
1
0
1
01
01
1111
11
01110011
1110
1
01000011
1
001000
1
1
1010001
011001
01
11101
0
11
10
0
1
111110
01
110101
011
11111
1011011000
11
0
0010010
11110
11
10101010
000111011
11100000000
101011
1
10001010
11
11
111111011010101
10111111
11101
11
100101
110101011010
010101000
1
01
01010010
0
1
01
111101
11111
0
1000110111011011101
0111
001011
101010
100100
101
111
01
0111111
1
0010010
000
1
0
0
1111100
0
00001
001
11000
00110
0
1
00
1
0
0111
00
01011
111000
010
1011
01111
11
110
10
0
0011
0100
000
0011
0
1111
11101
01
100
111101
00
011
0
1011111
110
11
00110001
1110101
0
111
0001000000
101
000101
000
00010
10111
000000
10
011
0
0
0
0
11101011100
0
101111
0
1
0010
111000
00011111
01
1010
000110
1
0
000
0111
0
011
101011101
1101010
1100110111000000
011000
101011001110010001000
00
00111
10000111001
000100000
1111000011
1101000001001
011110010011
10010111
01001000101101000010
01010010101100000011
001011
11111111010000
111100010110
01000010100010
11010111
10010011000101110
111111011001
1111001111010001000
1111
01111001011011001111100001010110000111000101001
0011100110000101
110101001101
1100100
010
11111110011
110110000
0111101110111000
10110001000
01101101010
01111
0
110
0
0
0
1111
00111
0
1
1
1
0
1
0
0
0
1
1
1
0
1
1
1
1010100110111000
100
1010000111
111110
01010101
1100
101011
0
0
1
0
1
0
0
0
0
1
0
0
0
1
0111
01
110110111
11101
00101011
1
00101
00111
010111
1110
00101111
1100111110
0111
1111
011
11
11011110
011
111
111
0101000011
101101
1000010001010010011
0010111000110100001000
100
111
11
010111
111
01
11100010000000
11
011
01
110000
011
11
011100000011010
11111
1110
11
111
00001000100
10101
11001
10101
11
11111101101
1111
1
1111110100101
1110111110
1
0
01
0010
0
1
0
1
1
1
1
0
1
1
1
1
0
0
0
0
11001
1
0011
0
000
000
010
1011
00
0
1111101011
10101010001110
000
0011
0
1
0
1
1
0
0
1
0
0
1
1
1
0
0
11111000100
0111
10101010101100
000
10100
000
00110
10110000
11
11
111
01
111
011
111
0100111
111100
01011
11
1
11
1100
01111
1101
110
111
10111
11
010010
0
01011111
010100101
01111
111011
1
11
11
1111
1111
11
100111
01011000000
01
111001
0
0
1
0
111
0
0
01
11
011011
1011
1
001001
111011110100000
001111
10010
0
0
0011001
0111000
000000
110111010101101
111110
0010
11
11110101111
000101
0
11
000000010
1
10011
11
1
00
0
01100
01011
0
0111
0
0011
11111000
10
00
111111111
1100001101
1111110
1111010101
00000101
1111110101011
1110111110101
0111111011
01111110110111000
00
111110100100
0110
0111101101101101101011
10011
01111000011
111011010111010
10010
111011111011
0101
11100000000
01100110101011100
0111
1
11
1
11
00
1111111
1
1
1
11
00
1
1110011010100
111
011
1
1
1011
11
1
1100
11100010101101
1101
000111
1101000001
11
0
111000
111001000
011100010011
111100000000101
11
00001011111010101010000
11101
010
011
111
10010010010101101
01
0111
1100
0
00
010
11
0
010
101000
011
011010
0
0
00100
0
0
0
1100011
1101000
11
10111
01100
1
11
111
011
11101
111
1
111
1011000100
110100001001
11100100
1101001
00000
100011011000000001
1000110111011
10
101111
111
10100000
011111110100001011001101011000
0110101101
01011011111
10100
0011011
10000
00011
0
01000
11100
10101
001
1001
0
01
000100
11
001
111
1110111011011111
00111
1101
11011
1
1
11
111
0111
0
111
011001
1
0
0
1
1
0
0
11010
11
11010000010
0101111
01110001
01111
1000
0110110111
10100
11011011011010
01111
1001111010110101
00
0
1
0
0
1
1
1
1
111001
1
1
0
1000
101
0000
001100
111
000
11100
11
1000011101001000000000111010010010000110
10
1
1101000
0
0
0
1
1
0
0101111010110001
0
1
0
1
1
1
1
1
0
0
00
101111
110111
1111110111110101010
111111
1110
1110001
11111
1111
1111101111000
00011
101111011101011101
111111
1111
01
1101101001
1110111
1111111
11110011101010111
11111
1111101
101101110
0101
1
1001
10
1
1
0
1
1
1
1
1
1
1
1
1
1
1
1
0
0
111011
10001010000
110110011011
1111
1001111111
111111111
1111111
11111
111
11110111100
111111
101000000
0
11111
01111100111110001101101
000101
110111
000000
000
0011
01100
00
1100
0001
00
00000
00
00
010000010000
0
00
1111
11011111010100
11011111
011011111001
111111
1111101101
111111
111101000000
1111011011
11111
1111111
0010
11111
11111011
011100
111111
0
0
0
1
1
0
1
0
00
111110
110111
1111111110
101000111
111001100
0101101011
10111111
101101001
00111
0101111011101
1110110011
111100111
1111111
111111111101
111111
111101
1
00111101111000001111
1111111
111111
1111110
1111011
111111
11111
01111
11110
1
11111
11111
11111
111111101111100
1
11111
111111
11111
1111111
1111100111111
111110
11111
1111
111001110011
1111
1101011111010011100001
0
1
0
1
0
0
0
1
0
0
0
0
0
11010101
11
111110101101101110
0000110011
1101100
100110111110110110011011101100100101001
01
1
11111
1101
101
001
111
1101
0111
11
11
11011
11
11
1011100
10111011
0
0
111
1110
11
1
1
1111010011111
11
0
1110111110100110
01000000010011
00110011111001
11010011110110000011111010010011
000100000011110010100101011010
11011100101101
11000
1111111010
0011101010
0101111
11111010
10111110100
111
1110
10001001
111110
1
001
111101111001001001111100010001010
0111111111100101101111100111000
111
11
111
11
111
11
1
11
11011
1
11
11
11
111
110
11
101000
11
111
01
011
11110
0
0
0
0
0
11101111
0
1
0
000000
0
000
0111
0
1000
00011011
1
1111
11110001110101111
11111000111110
111111011
11111011
110011
100
11111
11111
1111101100111
1101100000
011111
1011
01111110
01101111
1111
111110110111
1111
11111110101100
11010111
111100
00
1
0
11111010110001
111110101
10011
0011
111
110000010010
0
111100
110
000011
11101010
000011
1
001
01010111
001001101000010
11101
010
01000110000111111111000
11
10011100111111011100001111110001010000000011110011
1001111101100111011101
01111111111111111
110
111111011011101111101
11001101111101101111011101001011011001110111111
0010101110011111111010100000100111100
011110100110010110111011111101111001101100111011110011001111001
111100111110110001
000000110
110111111010011110111111110011111010010
1101
1110011010010
11100101
0011011110111011111000111110101010
00
1
0
1
0
0
0
0
0
0
0
1
0
1
0
1
0
0
0
00010
0
0
0
0
0
0
0
0
0
0
0
0
01011
1
01110
01
111
1
11001
11111
11
11
0111
11
0110111
1011011
1111
111111
1111100100111
111
11
1111
1110
111011100
1111
1111
11111
1111
1111
11
111
11011100101
111
11
011111
1111
111111
11110110
11111011
1111
1
01111
111
111000
01
11
11
10011
0110
1
0
1
0
1
1
0
1
0
0
0
1
0
0
00111
11011010110110
1110111
1
111
11011111
111
111110
111
11
111101
1
11
11
01011
0
0
0
1
1
0
0
0
0
0
0
1
101011
11
010111
11111
11111
000110
111100
1
11
0101
11
111
111
111
00001000001
1011110111110000011
1011
11111010
1
0
0
1
1
1
0
0
0
1
0
0
1
0
0
1
0
01111
111
1111
11
111111
11
11011000
0111
1
11101
11
011
1011
11
1111
010111
111
11101
101111
11
100100100
11
1
111
1110111110010
1
111
111
01111
11
1111
011
0111
1011110
111
00
110111010
011111
000000
1
1
1
0
0
1
0
1
0
1
111011101001011
011110000
11
1
1
1
1
1
1
1
1
1
0
1
1
1
111110110101100
11101110010001
0000000000000111000001000010000010
11100101000
111
0
1
1
1
1
1
0
1
1
1
01110
1011
1
01
111100
11
111
11
1111
11
111
111
11
0
110000
11
00000000
011111
111
11111
11011
01110111
11101
110111011
1101010100001
0011
111101
0111
111011
0110111
11011
0110111
1111
010111101
111
1111
011101100010
1
11010111
11111
0111
11
11100
1
1
111
0111
11101
1111000111111001110101010010
01100000
1010
1000110111101111110111000
1111111
1001110101
111001000
111101010
1111010101000011
01110111110110
11110101
110
1101101100110111110
01111101001010111001
1111100111
111111
11111
010000001110111
1010100010111010101101100111101
001111110
111111
1111
001111
111101
0011
0
1
00
11
1011
1
1111
010
11111110
0
0
1
0
0
0
1010101101
0
1
0
1
1
0
1
0
1
0
0
0
1
0
1
1
111101000
111
111101000110101111
1
11
0
0111101111111011
11011001
1111111110
111101101111111
111011110010111
111101101010
1
1
1101110011101
1100101001
0
11101010111011
11110101010111100
111
100101
101
01111110011111110010
00011000111100001101101011111100100010110
101100110000100011010001010
10
0
00
011
1001100
10
1110
10111
11
11
01
0001
1101110000000000
001111
0100
0111
1111
111
1110
1101110
01101
010
01100111
101
1
1
1110
010
10111
000110
111
111
011
011
011110
11101010010
0110
11
011
0000001
10
11
11000000
11100
1
111
0101
0111
110
111
0011
110001
011010
0111
1101
1000001010
100100
1110000000
1001
1011011
100
10000001011
011
111
10111
100
00
11000001
000001001
0101
1110
011
1
0
111
111
1
10
1
0100100001100
1010111111
1
010000111
11
1110
11
111
1
1111
10
1
0
111
01
11100111
111
1101
11
010111
11
11
11
11
11
0111
111
1
010
00101111
110100
11111
110100
111
1
01001
0
0
01
10
1
0
100001111
1
10
1
01
0
01
11
111
111
111
111
101
111
1100
11
011
1
11
1111110
011
11
001
1
1101
11
11
111
01010111
111
110
111
11111
11
10111
11
1011
011
11
111
101
110111
11
1110
10011011
1
100000
011
11100000000101100
111
1101
11
01111100110100
11111011110111
001000
01010
000010
1110
111
1000111
1101
101001
10111100010000
00
1000110
111
111
000
0
0
011
011
0
0
0111
00
101
1010101
10
110
0010111
11101
11011
11
11
11
111
111
00000
11
11
00010010
1
1
111
11
11
00000000000000000000000000
1101000100100011
0
11
1
1
1
1
0
100
1
011
1
10011
100100001001101010001
1010110110
1
1
1
1
1
010101
1
111
1
1
01100111000101011001
111
011110100101010
1111111111101111
1110100000011010
100
0
1
1011110110101000
111111000
11011010010000
0000110000
1
1
11
1
0111
010111011010
11010
10101101001000001
01000101
0000000000000000101000100010
11111100001000
1110000000010001000
0100011010010000
01010000
111101010000
100100011000001010
010101000101000100001
111
1111
11
11
110101101111
1
1
1
1
1101001
1
0
00
1
1
111
0000110
111
0101011
111
01110
01
011110
101111
101
111
111
11101101011
0
111
01101100101011
00111000000100100100011011
11101001
1011111
110100101
10001011
111
0111
01
0011
11
111
11101010100110101000000000
0100
111
11110
111010011011010
11101
1011
0
11
1111100010
011
11111110110
1
111110101
010011
11111
0111111011
11
111
1
00111010111
111
10
0111000
11001100110010110111
01
11
1110111111
01111
1110111
1111011011010
0111
01110111
0111
1111110110
1
110101111
11
010101101101
11101011
1
0
01
0
10111
001111011
111100
1
11011
11
1101110
01101011
1010
11
000
0000
11
11001010111
000
0110010010101
00
11110
11
10101
1111
0101
01101010001
1111111110111111111111111101
0001001
01111110110110000000001
111
000110
001111111100
00
000010101110100
0110
11111
00
0000
000
0
110111
011
1101
11
111
111
11
00
0111
0011110010100100
001101010
0111
01001011101100001000
1101011
111
111101110
0000111
101
0110011
11
111
1
111
111
010011
111
000111
11
101000
011
11
0001100
1101000001
01111011001
0111
111111100
1010101
1111
100111101
111
0111
111
1110000
01011
1100100111
111
111
10
0110111
11100
1
01011
11
1111
111001
1
0110111
11
11000100
0111
111101
11
11
111101111011001000101
01110
010111111
10111
1101
0111
1101010110101010000000
00000100000101
1011011
11100
010111
11
11
11111000
01000001010101
11
01101111000100000
00111
111
110101
00010111
11
11110101101100001011
1111101
110111110
010110111
11110
111011111110
1110010100
010110000
11001011101101000110
11000100
110100111
001100010001001001010001011000010100010101
011010
1101110000010010000001010000101
01111010111
1110101101111
110100100
101101
00
11
001001111
1111
11
010111
011
111000
0111
111011101
111
1
10111
011101
