1
11
110
1
111
11
10
1
111
11
011
111
11
00
000
111
01111
11
11
1
00111
11
101
011
111
11
11
111
111
111
11
11
11
10
11
111
111
11
0
111
111
111
001
111
001
10
111
11
11
000
11
11
0
1
1
1
11
01
111
1
1
111
111
111
011
11
01
011
1
11
11
111
1
11
11
01
111
11
0
1
000
111
11
111
1
1
0
1
0
00
11
10
111
0
011
11
1
111
1
11
11
1
0
000
1
11
11
11
011
1
11
1
1
11
11
00
10
11
0
111
111
0
1
111
11
111
11
01
111
111
01
111
1
11
0
11
11
11
11
0
1
111
1111
11
111
0111
111
1
0
11
1
0
11
1
001
1
001
111101
011
011
111010
101111
10
101
00
111
1
11
1111
11
1101
0111
10011
001010111
11
111
10
11
10
111
11
110
10
011
01
111001101011100001
1
101
101
00
011011
011
111101100
0111
1100000
111
11
11
1110
111
1
010111
111
10
11
0
01
1
1111
11
101
0
01
11
1
0
01
110
111
11
011
11
010111
1
111
1111
11
1
0
0
1
1101
111110
1
011
1
111
1110
11
10110111
10
0111
11100
1111
110
1111
111
0
1
00
11101111111
11111
00
111001
11011
11
1111
001
11
11
1101
111
111
111
11
111
111
11
01
111
011
110
011
11
1
11
11
11
10
111
111
1
111
111
1
1
1
11
111
11
11
111
1
1
11
101
111
11
1
0
11
11
11
111
1
11
111
1
11
11
000
000
01
10
0
1
11
000
0
111
10
111
11
001
1
111
101
01
01
10
111
111
01
101
0
111
11
11
101
0
111
111
1110101101
10001101
10010
101011
1
111
111
1101
1111
11111
1
00111110101111
1
1
0111101
111
1
11
111
111
00111
0111
11
1101
1111
10111
111111110
11
110111
11
11
11
1
01
11
111
011
111
1
1
11
110
1
1
111
10
11
111
1
10
111
11
111
1
10
11
01
10
11
0
11
1
00
1
01
01
01
11
1101
001011
011
1
11
0
11
11
1
1
0111
111
1
1
11
11
1111
100011
1
00
0
00
10
1
110111
1111
11
11
11
01
111
11
11
11
10111
11
11111
1
0111110
111
11
111
11
111
11
11
11
11
11
111
101
10
01
001
11
0
11
10
10
0
000
1
101
0
11
0
1
01
010
11
11
11
111
11
11
11
11
10
1
111
11
11
01
10
1
1
1
11
1
11
0
11
10
00
101
1
1
11
0
11
11
1
01
010111
111
1111
1111
0111
11000
1
011
11
00
111
10
0
001
01
11
001
10
10
111
011
01
01
001
11
0
011
101
1
1
111
1
11011
11
1111011
10
11
1011
001
011
11
1
11
1
111
111
111
111
1111011
111
1110
11
1
111
111
111
111
111
1
01
1111
111
11
1111
111
1100
1101
10
111
111
11
11011
111
11
01
11
0
1
1
1
0
1
0
1
1
0
1
1
1
0
1
1
1
0
1
1
1
1
0
1
0
1
1
0
1
1
1
1
0
0
0
1
0
1
1
1
1
1
1
1
1
0
11
1
1
1
001
111011000
11
00
01
100
1
10101011
111
101101001001010
1100
00
11
1111110011
111
10
11
00111
011
0101011
0010011
111
1
1
1
000111
11
110
00110111
11
1
1011111110
111
111
1111
111
011
11
1111
1111
111
111
111
1110010
111
01
011
111
101
1011
11
0101011010
11
111
11011011
11100111
1011
11
1
0011
111
11
11
11
01
10
1111
1
1111
111
11001
11
011
1
111
1011010
1001111
11000
11
11
11
111
1
1101
111
11
11
11
001010111
11011
11
010111001
11
1100111
111100
11
011
1
111
1111
111
1111
11011
11111
1
11
1
111
1
111
111
111
11
1110
111
1111
