11101
10
1
1111
00
11
1111111100010
10
10
1
01
1
111111
1
11101
111
00
01111
111
11011
0010111101111
1010011100
1111
011001
1
1111111010010
1111110100
1110101111110
111
00
1
1111
1
00011
10
11
111
01110
010
100
0111
10
1
110
1
011
1110
1
001
00
001
10
1111
0101
111
00110
00
11
011
0
0
01
01
00100
1
10
111
00
0111
1
11010
0000
0
1
0010
001
1001
11
010
111
11111
10
1
11
01
01000
1011
111
01
00011
011
1111
100000
1
0000
1111
00
1
000000
001
0
0101
0
1
0100
110
11
011
111
1110
001
1110100
000
01111
0
1
011
1
0110
01001
000
11101
11
0
100
000
111
10100
1
0
11
1
10
11
101
1
01
01111
111
0000
1
0
0
10
1
000
0
001
11
00111
110
0
1
1
1
0
0
0
0
01100110
111111
010011101111
0
0
0
0
0
11011111
11101001011001010011001
1
01
0
11
00
11
0000101110
00010
000
010
111
01111010
0
0
11
101001
011
01
01
1
11111011111
0
1
0110111
1011
011
10
0000100
10
11010111111
0
0
0
0
0
0101
0000
100
00
00
0001
000
10111
000
0011
010
00
0
010
10
000
01
000
1
101
0100
11
01
01
1
0010
01011
01101
1
1
00
010
0000
1
101
00
100
0
0
01
01
000
01
000
1
000
101
0
10
001
000001
0
100
000
00
010
1
0100
00
00
0
010
1000
0
00000
0000
101
000000000
111
00
1
00
0
000
0100
0001
01
0010
00
00
00001
1
000
000
110
1
0001000
001
00
010
11
01101
11010101
110101
00110010
0000
1
11
1
00
001
11
101
00
10
000
001
0
11001
1000010
100101
10
1
1
00
01
01
0
100
01
101
11
101
1
111
111
10
0100
01
010
1
0
10
00
10
01
101000
11111
0001
101011
0
11
0
1101
11
00
0101
11
1111
10010
110101
0
100
1111100
0110
0101
0
00
111
10
00000100100
01
110
110001
11
11
110
101
10
110
11
0
10
01
10
100
0
0
0001010100
01
11
00
1100
1011
1100
000001
011
1
1100
01110001
111110001000001
011
110
011
00101
0
1
1
1101
01
1001101
11
11
101
0101100010001
000111
1
000011
1011
0001000
000
0100
1
100
101100
1
1
0001
111
01
00
1
01
11
00
0
01
01
11
0
0
1
0
1
01
0
01
1
11
1
1
0
10
1
0
1
11
1
0
1
00
1
11
1
1
00
01
0
1
1
00110
1
1
1
0
001
01
0
0
11001
01011011
000
10001
011
1110000
1010
00010
0000
10
10
0001
01
101
00
1011
0
0011
1101101011
0100001
001
0000000
0
0
111
00011111
111
0001100010
1111101
0110010101111
11011111
00000011000000
10011111
111100011011011
01011101010001
1
10000100000000
1111111
11100
111010011101001011
100100001100111
000111111
000000110110
000000
101001
00100
000001000000
1000011100
0110101110111011
0010110001101
100111100000
100
0011101
11100
000111
0000011100001
011001111100000
0000111
111101111
1101110100011
0101111
1110
00011111001001
010000101110
11011111110
11010
00001110
1111
000
0010010101110
110
0101101
010000
11001111001001
11011
0100111
1000111
1110101111000111
1110000
010111100111100
01111101010010
100111
0000000
01101110111000
10010111
01110100101
101101100101011
10001
000000000110100
0111111100010001
00000
0111010
11011
1100
00100101010
01110111
0110010001
001
00100000000000001
000000000
111100
11
00
000000001100001
001101011
110111
1010101
110
11110
110111
1101111
00001110
00001111000100
10001000001
011000001
10011000010
101100
10110110
00111
1001011011110001
1001111
01110000011101000
0111110
0000110111000
000
0
10
1110111
11001110001
111110000000
1111010101100
01000
1101010100010
0010001001
111100100110001100
01101011010
01110011011000101110001001011
00001
000110000100110100001101000000000
111111010000
011111111000100
0110
110111010
0101011110010101
0000010010000001001110000010011100101011001001
110101
111101110110000111110
111111010
101000010110010010
0
0
0
1
1110101001
00
011111010001100
0110101111001101
111111010001
1111100110101100000000110100011
110000001111110000001000
1010110010101101101000110100110110
111111011
0000000
101010001101
100
00
01000000010011011101000000001110011
0011001111010100011
0
11111111110000
0010000
11010000
0000100000
1011110111
11010111000011010
11111111000111
1110111010010000
11111011111001
0000000000
01110011101101101011000111000
0111111100
1111111001010100100
111110
1111000110110001110
111111011100111
111110101
1110111110010010110111111
0100000
0
0
001101
11
1
01
1001
00
10101010001100111011
111110110111
11111
111001101
11111001100110001
110111
111111101
0110000
011110100001110111
11011111100001101101
111101011110111
1111101
11110101
111011111110
1111111011001001
01011000001101100000
010
0001101001111100010101110
011111001000
101111
10
11110101111
0111110110101110100100
10010
10100111110000110000000
11110101001110001100
0001
1110111
01111011
11101001011
010111111
00
111110
11011110
111111111101111011
101010011110011001
00101001100001111000001100101001111
101111011
000101001111001100110
0111011
1010100010000101000010111
00111
10000110000101
0011
1
0000
101
11100011010110
0000
1000
0
0000000000000000
111
1
01
0
1
110110
11101
11
101111110110010101
100
0
000
000
1
10
11
0
0
1110111101111111001010000100
011101000100001001110000101100
0100
00001
1
0
0011
0001
1100
001101
11011101
1110
0
10011
00
01011
0
00100
1
00101
111000
00100110
0
1101111
111001001111
111110101101
11
11111
11101010
11
11111
00000
11
1111110
111
11010111111001100111
1111010
11111100
10
111011101110
111
11
1110
10100111
111
11
011
10100101
11
11
101101
111000
111
1011
1110101
1011
1
110101011
011
01
1111010
0
11101101001
1011
011
1101
000111
11
111
01
101
01010010
0111
00100
10
00
11
1
0
00000
111011010
0
0
0
110101001000
1
0
011100
0000011011
010
11100101011000000000110
0101001100010
000
001
0
00
00
00
0
0001100
01010111000001011010001
00011100100001
0
0
0
0
011001
00
0
101000010
0
1
11011000100101000
11101
0
1000010010001100000
00110111000010001
000011000000
00
0
0
00
00
0
00
0
0
0000000001
0
0
0
0001011000010001100
100001010000
0110100000
0
01
00
000000010000
0
0010
00
011000
0
001100000
10
1000110
11000001
00110
0
0
0
0
0
0
000100111
111101000100
1110000
001
1101000
0
0
0
0
0
0
0
01101
0
0100011011
1
1111010000
1
0000111
11
101001
10010
01
0
01
01
1101101
00001000001100000
00100100001011001
000010101011010001
0
1
00
01101
11
01
11111
10
00010000000
00000000000
0100
100
0
1
0
0
0
1
0
0101
010
0001
10111
111001
111101101011
0100
10
111
11011011
111
0111
111
111
11001000
100
0
1
1110100
1
01010111
110101
010000
1
111
1
0111
101
00
0
010110
0
1
0101
001
1
01
01
1001
000
11
01
1
11
0
10
10
00011
0011111101000100
111
111
1
11
11
01000
01
1011
010000100100000
1111
1111
10011
011
1
1101111
000111
10
111
1011001
001
11
011
11
11
1100
111
1011
10001001
111
011
1100011
010111
1101
11
111
111
0110
100100
111
011000
0000010
001000100
111
11100101
0
1001000101001
111
1111000000
101
111110
1011
01111010000
0111
110
0
00
00011
0
100011
1101
100101
0010000000
110111
11101
111
1001
111010
010011
1
0
01101011010
1111011
001
111011000
0011000100
00101
100
1
101001
0
000
10
1110
10
1011
000
0
00
0
1
0
0
1
0
0
01010001
011
10111
111
11
10
00
00
00
11101
001
010
0000
11
1
111
10101
111
011
10001001
101
0111
0
011
11110
11
111
00
10
0000
1101
101
00000
1110
0000000
1101111
1
0000
0011
01101
01011
000
11010
001
111110011
0010100000101
111111
100
11101111
1010011
111011101111
001
10000100001
10
11
100000
0
0010000010
111
1
0
01
001101011
1000001
0
0
0
0
0
0
0
0
1
0
1
0
0
0
0
0
0
0
00
00
0
00
00
0
0
0
00
10
00010000001
111110
1110001000100101101
01
0001
00
0
111
0
0
0
0
0
0
0
0
0
0
0
0
0
0
00
010
00
01
00
0
1
0
111
0
011
01
010
0
010
0
10010000100
001
1
101
010
100011001
10110110
000101
11
11011011
01
0101
001000
010
0
11
00
0
0
000000000010
0001
000
0
0
100000
100100
01
0000000
0
0
0
1
10
1
0
001
0
11
01
11
1101
1100
00001
0
01
1
01
00001
0101
0001
0
001
11
0
010
0101
000
1
0
0
000
0
0
00001
1
001100
1
11
10
11110
0
0
11001
10101100000
11101110
1100010101110011
111
011
1
111100010
11010001
01010001110
110100001
1
01
01001
11011100
111
11
110111001
110100011
100010000
0100001111000100
0000
101011
11
0
0
1011
00
0
11110000
0011
001
00
1001100
10101
01000011
1111010
11001
10100
11100
00011
00
1110110
1011
11100
0
1100101000
111
1
11
0100
1101
0
011
0
00
01
00
000
0000
111
10
1
011
01
10
01
001
000
00
01
01
10
00
01
00
0
000
01
11
00
011
110
000
01
10
000
00
0
111
010
01
100
00
001
001
1
010
11
01
1
000
00
01
0
1
100
00
010
101
0
00
00
00
0
00
0
0
100
10
000
10
100
00
0
00
00
10
000
1
00
001
00
000
000
01
00
101
00
000
000
0
0
0
11
000
01
110
011
0
00
10
000
000
0
10
01
000
010
000
10
00
0
000
00
111
00
00
0
0
