1
0
111
111
1101110011010
1
1111011111111000011
1111101010011
111
111111
101110011001
0
11011
011010111100011
101011101111101001011
0000100
110111001101110
1101
0111
111110110111010
11101001111011101
111110010100011
11111010110011111
111111
10000111
111110000111
1111101011
0011
0
11101110
0110011111011100110011010101110101
110
1111
1110011
111111000110000
1111110101
011
1110011000
11111011101101001
110111111100100010
111110101101110111
010001
11110011
0011111101111100001
1111110101001100000000101
1111111
101111
110101111110110110111
111111001100
00110111101110100011001100
1110001
10101111000100
10110111101
1
11110111100
1
1111111110
111010110111
1111111101100101
1111011101011111
11111100111001
11011001111100111101111
1001111111
1110010111
111111
1001111
1111101101
1110011101101111000
11001111111000110001010111
011111111100
111011011
111101110
00001110110
1111101
011
01110010101101111111101010101011
0111111111
11
110111111110110
11111010101101100110011
011010111011
1110011101110111
110111101001101
111111101101110
10111
1111111011000100
01110111101
11100001
111110000011
111101001
001
110111101010011010010
1111111111011
0111100101100
1111011101110011101
01011111111111001101111
01111111111
11101111011101
1111111111
111111100111
11111110011111
111111111
0111
11
00101
11
11
111
111
111
11111011
11011011100
111101
1111110
111111001
111111
11111011
11111
11111111110011110
1100111111
11011111001110
11111
1111111
1111
11111
11011111
011110111
11111
1111
111101111
1111101101
01111110011111
11100011011111
111011011111
1011101111
1111111100
10111
111110
11100
11110111000010111010110
1111
11
11111
11101010111
11111111101101
1111101101100110
111110
111100111
11011111
111111
1011111
1111100111011
110111
000101111111001100
111
11011
1001111110111011110000000
1
111111
11111
11111
1
11010001100
11011000010101000
11110011111101
1011101110
111011110011
11011001
1001110
1111010
1111001101011001
111
1
11110110101100
11100111
01000
11101111
1110101
11111111000100110010
11
101101
1100
111100111101011111
01
111111
101111101110010111
11
10
1
11111001
11111111110101010111100011
01
1110100000011101001
1111110111
0111101111001
1111001111
111001110001
111011110
111
111011110000
11001100
1111111101
011111010111111001001110010
1001110110111011010011101
10110111011100100101000110
1011100110
11110111111
1010111
110010001
000
1111101
000000
11011101
1001
1101
110101
00
100011111
1
01111111111001
00
00001101
101000101000000000000
101011100010110101111011000011110110000110101101
11111011010101111
01010111110101
01111101100100001
0011111111111110011011010
110110110111100111100001100101
100
000
011011101101100110100
111111000111
00
001001110111001001011010
1111001101100
10111001111111110111011101
0000
0000010
11110111101111
0000010011100110111110010100001110110000101110000
0
01111111101111
0
1111001
10110101111100010000011000
11110011
10110111
111
111111
11100001
000000
110111000111000000
011001111011111110110000110011000001110
010010011000110000
0
000
00010
1101111110111
111110111
111111101111100
1111101110
1110111111111111001
11111111
11101111111100111111
11101100111100101111101011100
111110101011110
110101100110101100101110110100001000100011110011100
00000
1001101111011111111101001111111
111100111111010110011001010011000111000
1111011010111100101101000
11111100011110000101110
01010001101110010101100000001011000
0
111110110
1110101110
1100000
010010010000001
111
11100010
1111110110
1100101100110011100011011100010
001011010110111010001011001011
11110001111010001
111
1101000
0101
1110
11110111010101111
0001
0111
00000000
1111
1
1101001111000
0
010011110011011111100100010111100011010
110011111
01
11100110111001110010111101001001100
11010
0
1101
10011100110011111111010110001010110100
111111010110000001001
11011111
0110111101111111000100111101101
11111100111110
11011111001110111
101111110101101110110
110110
0101
1
1101111111111
1001000
0100
111011111111
111
1111011111111
01111110111
10111
1011
11
11111011111011
111111
101
1011111111
11110011
111
01101
101110
101111
110
1111111
01101111111
1
111111
0011
011111101111111
110110000101111100111110010001111001001110111110
110
0110111011
111111111010111011
11110111111
11111
0111111011111111
111101111
1111111
0110110000
100000010101
0111
1101
01110111011
11111111
11111111011
11101111111
111111110000011
1111111110111110
11
111000001011101
111
111111111101
011111111
01101111110111110
1111111111
0111111
1111111010111111
1111110001110
0111110111111101001
111
11100111
11111111
111111111101111111
11111111
11111101110
0111101111110000011101
11011
1111101110111
1111111
0
1
0
10111100001
1
11111111
11111111
111111111111
0111110111110110
111000
11111111
111111110011
111
1
11001
111111110101
0111111101
110010111111010010101111110
000
110111111111101
1111111111111
1111111011111
111111111111010
1111111110011111111000
110110001
11111111
111111
0011
11
111111111
1111111101
0101111111111100001010101
11101111111011011101
0
101110111111111
1111111101
111110
0011
1101010111101100111011111110
1010000
1111111111110
111111110110111
11111011110011010
10100100
110000100000001
0011
1110111
0111100010111001
11110111111
10011011101100011101
1111111101111111010
0010111010010011100000111110110
11111101111
111
1111101110111110011
00001001111100110000111
0000
111
1
0111110110111010111110111011
11110010101011111011
1110011101
1111111101011111011001
1111111110111011
11011
1101
11
000000
11001
11010101011
011
1011
111
0000101
1
011
010011100011100111
100001100000011
0000
00
101110001
111111001110
011110111100011110011010111011110011110101
0
00111000000000000
110011111100011001100111010100000100110100111011100
11000111000001
100011110110110000101101
01011111010101101000100111111
10100011111101100000000000010100
11110111001111010
111111
011110111001
111110111011111100010000
011000111001101110011100
111101010011101101
0000
0
1100100
11111110111001001
11111101
111111100100
11111001000111001
000
0000000000000000
11101
00011
111111
00000101000000000
00
1100110110
010110000111010110101101101011001111100
1001111111011001011
11001010111100
1011001101101110011100000001010111011
1101001110001
00000000
0111111110101
0000101111001
110011101
001101111
1101111
0111111000111001
110011111101011110000
11111101111
0
0111101
111011010101010
000
111011101011111111101111
10001111
010011011110011111111110010011000001000000
1111111111010100001110
110111
111011110
111101011001111
11101111100111111110000
11100001
11011111101011111
00
10111101
111110111111
1111
1100
010111
0111
1
1101
010011
10
01
110110
101
11
10100
1111111101001
1110101011100110101011000
111101011011001
0
10111
00111111101101011
11011011100111000
1111100
00
1111001
1010101010001101010101101
11111111111
1100111011100
110111001111101011011
11111111
0000111011
1110111
1101010
111110111101
0011111
0111011
101011010010001101100011011
011
11111111011101
11101110111111
11101
11110110001101111111
1111111100100
100001001110010101000101
011100011111011
11011110111
11111111111
111
11111111
111111111
11111110110101
11111111
111011
000
00
111111101110
011011111011110100
11111111
1111101110000
111110111101011
00001101111110111100001111010101110010
1111
1111
1
0
101
00
100
0111111111101
1011011
11
0111110110100011110100
1110111110101
0111110000000100000
111101111100011
1011101001011100
0111
0000001001001011
11010011110
1111100110101101
110111110101111
1111
0
1110111111001110110
001010101011110000011011111
110111111101100100
11010
111111111101
11111011101111
11100
111111010000000110101
111
0101
0
11
01011
111111111
0111
1
1
111
0011
1
0100
0
1010
111
0011000
1101111011
1
11111011
1111
11111111
11011
111111
0111111
11111101
1011
11111110010
0
1110101010
111
1
1
11
11011001
111110110011011011111
1
01101
10110
111010001111110001100000
000000
111111
00010001110
1111110111
011
101101
1111111001
1111111111
11111111
1111100111
11110110011111000000
11111
111110011
11
111111
1111111101
011111
11111
01011000101100
10111100110111
111111
111
1
11
1001010000
00000010
1
1111
000000000
100000000
101011
11111100
0111111
00000
111101
111101101
0000000100
1000111001
00000000110
111111101
11111
000000000
1101101111
11010010
11011111
01111110011
1011111111
0000001110
1111011
00111
11111101
000000
1111111
1111111101
10001011111
11111111101
111111111
0000001100
111111101
0000
000000
111111
1000111001
110000111
11000111
000100100
0
10
0000010
011110
00
1
0010
1
11111111
1110111111
0101110
1011101
111111010
1101011101
0000000
111101111
001101101
111111
00000100
10111111
0
1
11111111111
01111001
0000000
000000
00010111111010001001001
0000000100
000011111
100010111
10111000011
0000000
1001111
11110110
1
0
0011111
111110001
11011111
011110001
10110
111111011
1000111
000000000
111101111
10111111
011111111
1111101
00000
10000000
000000000
011111
1
011101101
11011111
00000000
000000000
000000
10011110
000000000
1111111
00000
01110111000000000101110001011111
111111111
1
111101
110011111
0000000101
110100
0000000
10000000000
11111000
1100001
011111
01111110
00000000110
00000000
011111111
1100000
1110111111
000000010
1101110
000000000
111111
110100
111111
100000000
11111011
10000001
0000000
011111111
000000
111111
11110111
000000000
0000000100
0111001
100101110
0000100
00000000
0
111111111
000000000
111011111
000000010
000000010
00
00000000
100001
1111111
1
11111111
01110110
100000
000110
001110000
1111
11111101
01
01111111101111
00000000
00111110
11
11011
0111
11101
1011
0
10
1111101
111011
1
1111111
1011110
111100001
11111010111111
1111100001101110
1
0011011110110111110000000101111
00000
1
111100100110111
01
111
10001
1
0001
00
1101
011100010
1
11
0111111
111110111
01110
01011110111011101001011
10110
01011
1111
111
111
11
101101
111
101100011101
0000000101
1011100
11
111111010010111
1111011111101111
111000
0
11111
01101
010
111001111
111
1110110
11110011110
111
10111
11111000101101011011111
111
010011
01011
11
11111011101101111001
110101111011
1101110100
0
11011011111101110000001
01111011110111110111110
100011
11
01110000110001111111110011100101010
111110111111101
11101111011111
1101011
1111111101110
10110011
11100
1011
1
11011111111111101101
1011
110
111
1111
110011
01111100111110100110
111010
101
101111110101
111111
1111100010
11111010111
1011
11
1011
1
11111011
1111
1
11
1101
01
011
11
1110101101101
111
1111
111001111110110110011100011101
0100001000000
11
1111101111
10110
11101
01
11101
111
11
1111011100
01110
11111011111111100111011100
01111111010010110
1
11111110111
1100
1
011
01
0
111000
000000000000000
111100
0
111
1111
101
11110
1001011
110101
1
10111111
1100
0
0
0
1
1
010
0
0
0
111
0
1
01
1
0
0
0
0
0
0
0
0
0
0
1
0
0
1
0
0
1
1
010
0
1
0
1
0
1
1
1
0
0
0
0
1
0
0
0
0
1
0
0
0
0
0
0
0
1
0
00000101
0
0
0
0
0
0
000
0
0
0000
1
1
0
0
0
1
1
101
0
1
0
1
1
0
0
0
0
0
0
1
11
0
0
0
1
0
0
1
0
0
0
0
01
0
1
0
1
0
0
0
0
0
01
0
0
0
0
0
0
1111110011101010111
111
0
110
110
1
00
0
101
0000
1011
1
1011
1101
1111
11
10000
1
10
010
11
1
0
10
1
0
1
0
11
111
00
1
1111111000
0
0
011
1111101111
1111111
11011
1111110000111100
111101111111
0101011101011110100100011110000011011
11110
101111100010100
111111101101101001
1111111
11011101011000001011
11
0011
11101
111111
1111110
01111111111110001011010111
11111111111000
10110011111
111111101
111111111010111110
1101111011001100101110111
1111111010000
0
0
0
0
0
0
0
0
0
0
0
0
0
0
111
1
0110
10
0101
1
0
0
0
111
0
0
0
0
0
0
0
10
11
11
111
0011
11111100100
111111011001
11
1
111101
111
001
1110011
10110
0111101111100001000
0111
1110
0111
1011
11
1001111
11111100
1111
1011
111
0010111
11
111100
01
0110011
11100001101
011
1111111
011
100111
111000100
101
111
1
01111
1
11
11
1010
01111
011111
1010100
11
1111
1
1111110100000000100
11
011101
0
0
0
0
0
0
0
0
0
0
0
00
10111
10010100111101111100110000011
0111001011001111010001010110
110111111
0
1
1
0
0
0
0
0
0
0
0
0
0
0
0
0
111001000
10111
111
111
11
111
1101
11
11
11
011101110
101100
0110
1110110
0111
111
111
11
11
111
10111
1111
00000000
000000
11
11101101
110
11
11001
1
0
0
0
0
1
0
0
0
0
0
0
0
0
11110111
1111111
1111
111
00111111111011100000110
111
111111
0110101101
111101100111
0111
111011
0
111001111
0
11
1111
0
11111
11011011
111
1
1100111
0
111101
1111
0
0
0
0
0
0
0
0
0
11011001011100011
0
0
1110
011
11111111
11
1
101
1101
11
111
010011
110
11
10111
000001100100100
1011
1
11
01101
01001111101111011
11101
1
1
1
00
0
0
11
01
1
1
1
00
1
11
10
1
1
1
01
111
0001011
0111010
0011
01
11
1
1
1
110111
11
11
11
111
0111
111
11
1101010010
11100110
11
11
1
1110
110010111111011110
11010011
1111111111
111111010
1111
11111000
101111
1111
1101111111
0
00000000
111011101
11110110
10001111
111111111
111111101
111101111
00111111
111111111
11011101
0
011
11011
1100
111
11
111011
111101010
0
111
1110
1111
1
00
10
1110011111
1111
111101
11
10
0
1
01
0
11
111
111
111100100100101
111001111
010111
0110100
111011111111111110111
0111111
100010101
111101
1
10
010
0111
10011
11
0111
101001
1101
01111
011111
1111
110111
1
111
010111
11
1101011
1111
0111
1
1
11
1111111
11
11
011
11
00011
1111
1
01011
11
110
0011
01111
11
11111
1111111
11111
111111
11111
111111111
11111111
111011
1
11111
11111
111
111111011100
1
10111
1111111
111111
1111
11111111
1
111
001001011111
11
11111
1111
1111111
1111111
111110111110
11
11
11111
111
11110100111
1111
11110110110
11111
11111111
11111111
1
111111
1111111011
1001111
011101
111111111
111110
1111111
1111111
111
1
1
1111
1110011111
1111111
11111111
1011111111001
111
111111111
1010001111111
1111111
1111111
101111111110
11110111000
111111
11011101100
111
1111011110111
01111
101111111111
111111111
111111111111
111
01111
1110
11101100
110111
111110111010
1111
11011111
111011111011
1111111
0010111100
11
111111111
11110011111101
1111111
111000
11111
111111
111111111
1111111
0111
01101111101
110
111111110
11111110
1111101111111
11101111111
111001111
01101110110
01010001010101001
010110111
11000000
100011
1
01101011
10
111110111010
111110111
1111101
1111011111
01111001011111
0
11010111
1
110110111
11011
110011100000
0111101110000001000011110
01101001010
1111010010
00
11011011000
01
0000001
11111111
111011
111111111
111
00111001
11111
1111111
01111
1111101
00111011
111111
00000000
110111111
110101
111111
011111010
111111
11110101
11111101
0111
10000
111111011
1111111
11111
1111111
01111111
11111
111010111
0001111
1111110110
111111111
11110111
1111011
111111
1110
10111111110
11
1011
111
111111
101011110
011
11011
0
1
111
100100111
11111011
111111010101
11111111
1010111
01010001101
110111
101001
10101
0
1101
11101110110011
0111
1101
11111111
101111001111
11
11101010
101001
111
0111
111001110100
0111
100
110
101111
100111
100
100011000
010010000
000
00000
000
1
0
11
1
1101
101
11011
11
1
0
1101100
011011
10100
00
0
00100011
000
1
0000
00000000010110
0011
11
10011
011111101001
1011
111
111
110101
111111
111
1111
1111111111
11111111
000
1110110011000
01101011
10111
110011
11
111100
01000101
10000001000
011
10111
11
1100
1101
10011
11011000
1
0
0
0
0111
0
1101
11
11
11101010011
11
1101
11
11
10101
111
0100
010111
0111
11101
000
011111
0000000
011
0000010
1100111000000
110
000111
111010
111
0111
1110
011
01010101101000
010011100
0101
1
0
0011
11
0001010
0111
110001000000
0
111110010
1111111
001011
1
110010000
101010
00011
0101011
101001
1101
011
11110010
10011
11
1011
111
001011
101100101100000000
111
111
0
111
11
1000101111
11
111
0011
000001
1
1
00100
0111
01000101
111
1111
111110
111
11110
111
0000010
11100110
00100111
111
11100101000001
10010110
111000101
1111111
110111111
1110101
011111
1100
111110
101111
11111111
011111111
11011111
11101
11111110
111111011
111111
01111
0000000
111111111
001100011
11110001
1
111101010
011
101011100011110000001
1
111111011
11
0100
11
000
11011
1111111111
11111111101
11
111111111111111
11111111111
1101111111111
11111111111
111
11111111111
11010101
0101
1111111101
111
111
11101001
0011101100
01000011000110111010
11101110101
110111101100001000000011010
1010100011100
1111
11000
111
010011
11
0111
0101
011
11
00
11
000
11
00
110
1
10
00
10
0
11
101
1
000000000
0
0000000000
1101111
1111100
1000111
111
00000000
0000000000
00000000000
000000
111111000
00
000000
010110
0
111
1
1101011
111
11
110
1
11
110
0
0100
111
01
000000000
0000000000
0000000000
11110011
0110011
000000000
0111100011
0111
111111111011
11110111
11111111
111111111111
111101110110
1111111111011
1101111111111
1110110110111111111
1111111111
111110111
111111111
11110111110111
111111111111
11111001111111
11111101
111111111111111
10111111111
111111111011
11111011111
11010111001111111011
1111111111011100101
111111110110
1101111010001
11111100011
11100111011000111101
11110010001
1011110010111011100111000000001
110111
0011010111011111001001111001100000
111011001111100000011111
0011111111000001000011010111001001101
111100001011101011111100110101110101011110100
1111
1
0
11
01
10
111
10
00
1
111
11
11
111
10
111
10
00
101
10
1
010
000000000
000000000000
000000000
1100111
0000000000
10111110110
0000000000
00000000
0000000
111001100
111
0
101111
00
011
11
00
00010
0
11
0011
10
0
01111111101
101111100110
11010001
1000100000001
101
11111
11100010111
111110100111
1011011110100010110110
1
111
11
1
1
1
01
1
00
11
1
11
1
1
1
1
11
11
1011001
10
11111011111
1111101
111111111
111
0101110
100111101101010101011011111
1111111110111001101
11110001
111101110101110000
101111111
01111110111010100010001001001
1110111001111111
1010111
01101011100101110101110
01111001111110110101110110
11111101001
11011111110100100010
1111011111010
1111111
111110010110010001110110110
111111111101011
1101011
11
111
11
111
111
1
111
10011010111
11
111
111
110111
111001100110
111111001011011001
0
111001
0110101
0
1110101000010001
01111100001
0
0
111100010010000
1111
0
0
01110
111101110000
011000000
0011111
0111100001
0010111
11001
10100
111000
11111
1101
11
01011011
00110010
01011
11011
0
1001
1110
10
1
111
11
111
0111
111
0011
0101
111000
111
1111
111
11
1
11
101100010
0000
100
0
0
100100111
11
011111
000100111100011111
1111010000101011
000101001100
111100110001110101101
1110
010
0
1110
011001001110011
001111010101001110001010110101
0
111100000001110
100
110
010011000010
010110011001001
1101101
0111000101110
0
0
11100001101011
11111
1011001100001
111
111111000001000
110110
00110100
1101001
000
0111
00
00111
0000
00000
01
0000
00000
0001
1110
101
111111111101
11
011
110001000001
0000
111
01
0010011011
00010
11110110110
00011000
1100001
0011
01110011011001
1010110
1110110111000
1110
0111111101
1111111010011
111100011
001111
1111100
0
111
110
101111011101110101
110
0111
11
0100011
11111110
1111011001110111011
1
0000111
110111000011111
0111
110001000
111
111100110
0
11110101
10111001
011111101011101
11001
1
1110111001
100111001
111011011110011101000
1100010
01101000110110001
11111
11110000
1001
01111011111100000001000001
0101000
111111
010
11101101
11
111111
111011
1110011101001
111
111110101001
11111000110
0110010110
101111
0
111111
10011
1110110000
11111
11101010
1111
010000000
000
0001
10
100
01001
11101
001
00010
0000
00
0000
111
0
10
100
001
0000
0011
0011
11000000
1111111111
11
11
111001
1111000101100110100001000
0111001000000010001
00000000
010111011111001010000
101111000001
1100011001
10111
1110010
11
1
11
11
10
1
11
0
111110
1111101
1111010111000
11110001
0111011010000100000100
1110001101
011110110
1111
1110000
111000
111101010001
111011010110001
11010
011
010
11110101101
1001011
110
0011
1101
10111
011
0111
111000
0110111
11010
10101100100
110110110101000
00111
0101110
1111001001
1
001100
1111
11111001001
1111101111000001
111001
0000000
111010000100
11111110
01011110100111
11111111011111
11010111110101
11111010101
11111110110001
1110
1110101111010
111111010110011
101111011
11110100
10000101
111001
1010101110101110
111110
1000
000000
1110001
01
1110011101
111101011
101011
11111001100011011
001110
111111001100
10110011
111011
11111
10111100011001
11111
1110011001101
0
1001
00001
111
1011011
1111010111000010111111110
11111101010111101
0000011101100110111111110001000111100
001111011
1011010111010010
11111011
11111110111100011110100
110101001110
01001111101111011010011100110011
111011111101110000000001000
0111111010000111001
100110100111100011000
011111101101
0111
011
111
11
011
11111111
111010000
1
101110
1100
0111
010010010111
11100110111
110111100101
10001111110011
0001011100101
100100111
00
0001111100111
10111111111
010001000111
00011000001
10000101
0100111111110
11010001101
01001100010
1100001011
11011111011111
11101101
110011
00
1111011100101000000
11
111010100110110010
11111110
1
11
10011
01000100
0010111
11100
0111
11100
000010111
111
1
0001111
11111
101
0111
00011
0101101001001
11010000
110111000
10011
10111
11000
101
11
1
1011
111110
011111111111010101
1011
110011101101011111
1100101
110101111
0
001110
01101111011
11111
01001111
0001101
111
110100101101000011011
11011
10
0111
11
11011
111
0011
111
01111
1000011
111
11100
111
111
111
1100000
11
11
0110011110001
1110101011
0111
11
11
00000000000000
111
11
01
101
10
000
111
011
111
1100111
0111
110000
11
011
1111
00010
000001110
01111101001
001110
111111111
111110011110111010111111
11100000111
01
0
10000100
1011
11110000
0111
111100
00111
0111
11100001
101011
111001100
11
00
010
0111
111010011010111111111101111
01
01
01101011100001011001
110
011111101100000
1111111
000010001101011010100
1110110101
11111001
111101100
11111
1010100111100
00
011110111011011011111111
1111
000000
1011
1111
111
1
101111100
11
11
11111111011000011111
10
111
01
001
0100
111011100
011
11
0111100101100
1100
111
11111101101
111001111100
01011001111110100000110101
11111000001111
111
1111101111010
11101111100
1111111001110
111111111001110000
111101100
111111
11011100
0011101111101110110101
10111011011110111100
111111011100
11101111101
111001101001110100
1111011101111011100
00011110011111100000011100010
01000000010000101100010010111100011100011
1111100110111110001
100
111111
1110000100
1101
0
10
0101
1
11
11
00001
000111
11
00
1111
010101111111001101
110000000
001
1110011
1100100
111110000101
0111110
11
0111011
11111
011
000
101111110110111011001
1011111111001111011100001
000
011
101011
11001
11111101011
1111000111111000001
01110111010101000000001
111011001
00000000
11111111
111011
100000
1111111111111111
111111111100
100111111
10
011
0111
111
110
11
0101111
1111
000
000
010100001
110111
0101101110010001
11011
101010
11101000010111001
00110000010000000000
00
0
001
011
0100001
1
1
11000
01
11
011
00
111
111
1111
01111100010100001000
101010
11111
01101000100111
11011110010000000
0101110010100001
1000100
01100000101011010010000000100011
00
11110101001
111
11101010001001
1111001100110
000011
0
1001010110
11110001
0000111
00
0100
1111011001
00000
10101000
11110011101101
111011101
111010111100
11011011100001
1100000011011
11101011
11110001
0100011111
011
0010101111
11000
0
1111110001111
01011
0
01110000
000000
0111
0
0011
00100000
11100
11010001110001
0110111100101
1
110110101001100
0110100101001010
11011
00
10110101
00111
010011101111010100001000
11
0001111
11011010
00
11
01100001
0110111
10
00100111
11011
0111
01011
1100
1011
111101100111111
11
111
01000100111
100001
01110010010001010011
11110000
0000
0100110001
0
10010010
00011011000
000001
11000100
000
110110101100100
111
1110100
111110
0111000001001010000
11
11
011000111
0111
111
0
11110
1001110101100000110
1
1110111011011010111
1110100
11010110
01111110
1101011110011
11110111
01111111110
1110110000000000
1100101010000
00
00000
0111
01111101100
11101001010010
001
00000
10
11
111010
1110
111
110101
111001
0000000
1111111111
11011110
101111111
1111110
111
011
1110110
111
11
1
110110
11
111
1
11
0111
11
0111010
00011
01101
101010010001
011111001
111
11
11101
10001100000000001110000000
11
0
111000111011100110001
111
001
111
0011
11
00010101
11100100
11111100
1
11100
11
1
0110111100110100110
11
110
1000011010111
1
001010000
110110
1111
111101
01111
00
111101
1
10
11
1111011010
00111
00010100000000
11
1110010
0111110010
011
0111
1
11
0011
1011010010100
111
1110
011
1
01
011
11
1100
100100011
101111111
101
11
1011101111
111011101
01111110110010011011
11111011111
1111001011000
11
1111111110
11111
110101111101
01101101110111011
1111101
111101111011
1111110110110111110
101111101101011110110001010
0
1100
010
111
11
111
000111
11001
0
110111
00000
011
0
011
110000010010
011
111011
11
11111
10
11
011100011
111100101011
0100111
11
100111
0011
10100
101001101010
1
001
011
1
111
1110
110011000001
010111
11
1101
0
10
11
11110011110101111
00000100010000
11111
11111010111001
11000000
1110010101
10100011110
111111111111011100110001110101
11
1011001011010
100110111100110010011111011101001011011101101101110001111101101
111110
1011111
11100111111001011
110
1010111111
11000000
001110111
001000001000
01111001111
000000
11101111100111111
101111111001
1001101111111101101101
11010
11011
111
10111
1100001010
1011
0000000000
11
11
11
11
1100
111
00100011001000
11011111111101001
11100101
111101111101111100
1111111110011111101
11101011100111111000
111011110011011111111
1101010110110000001110111
01011111101
01111100000001
1111011
101111000111011101
00111111011111011011
1110110
1110111001000
1101101111101011011111101100101100101101001111111111
100111111110
11
11111111001011
111110111
1111101001110
110111111011011101111
010011101
11101111111
1110011
11
011101111101010101111001
011111111110111111111
1
0011101001
000
00
0
00
00
00
00
00
101
00
00
10
000
1010110
00
0
1
0
0
0
000000
0
00
0
0
0
0
00
00000
00
00
1
0
0
000
10
0
000
0
0
00
00
000
000000
000
00
0
00
00
000
0
00
0
0000000
00
0110101001
11101100111
001000
00
00
00
00
0
00
00
00000
0
00
000
111111101101
01
000000
11111
1111
111
000010
11100101
1
0000
11
11
00000000
1
1110
00011010
1
10
10011
1
11
11100
000010100
111
111
110011
11
11001010111
111
00111
1001
11
1
00011
111
1100101
011
1101
01011
00
111
00
11
00
00
00
11
000
0
0000
1110
0000
00
1
000
0001100010111001011000011010011
110111
11
11
001000111
11
00110000000001000100000
101
011
0110000100000001
000001
111100
11
100111
110011
10011
11
111
0
00
0
0
0
0000
0010000
1000000100000000
1011
1110
1
111
11
1010
01010110001
10100
0010
111000
11
001000100100011
11
11
11
01
111
11
11001000000100
1100000
000111
00
00100
00100001
11111111
111001000101
111
1111001
1011111111
10101101010
0000000
00010000
0000111
11000110
0
01001
110111011000011
000010011101000100
000100
1100001111100100000000
110010
00101011010110110111000
0101
11101
01111110100100101010111011
111111
11101011
101011
1
11
1111
110111010001
101111
111011101
111
01111000010
0001110
000
0111110100000110
0111111010110
11110111111
00
11
1
1111011010111
0000
1100
1111010100001
0
0
10111
011000
101100111
01000010110
010001
00
11111
111011
11100110001
11110111
0
0
10001111
111
0000
11111111
0111011111
1110111101111101
11110010111111
1111110
10111
1011110111
1111101
0
1001
1100
000
111111110101
1110111111111
0011110
000000100
000
01
111000
10111101101
0011110111100
01110111
11110111111
111111000010
000
00000000000
01100
111110111100101110010
1111111000110111100001010010
10100
100011
00100000001
000000000000
01111111
11
1110100100000
0010100
111100
010011111101011101010111101010111000001000011001111001
1001
010010000
010001
1
000001000000
111010100000000
101110110000000
11110101110010010100001
011101100011100
1111011101101111001
0000001000
1011001
110111010111
00
1011101001010111
111
11
00
0011111111111
11111111000
011111111
11111101111
1000
11111111111
11110010100101001111
11111111101
11101101110011
00
110
1011111
010000
111010111001011000
1111001101110000
000000
111110000001100
111111101101110110111
11101011101110
111001
111011111100110101111101111
111011111111011110111011100010010010
1110011111111011111100010111
00
1100
111001110111
01101110111110
11010100
1110111100010010100001
10101000
01100101111110110
1100100100
1000000
11111111011
1111100111011000
1100111110101011111100
1101011101111100
110111101
0111111
111011001
1111111001100000
010101010011111
0
0110111111
00
1011100110100101110
1111111
0
11010111
0
11
101
010101
00000000
11011111111010110111010
11
00000100001100100
11101
111
0011
10101
111
011
01101111010000110
110111001
01100
01
111
1
11
101
000
110
1
001
01111110110000000
111
1011
11111001
00011101110101
1011111001
1110101111
0
11011
11100101
100101110
01011111001
0111010101
11
11110
111
1
1111000101
1100
00100000
11111001000
11100
00111
100111010010110110
1
010000001
101110
110111
1000000100000111
1011111
111
11100000000
01
111
11
101
111
11
111
111
111
11
1
11
0111
101011100111110010100001100
10110100
11
11011
11000
0111
0101111101111111011111
11110000010110000
1011
00000000
10011
1111
000
11
0010001
1111101110100
1111
101
111111
111111
01111111110111101
1
111111
00
11011
1111110111110111111
11011
1101
11101100111
0111110001010000011
01111111101111100111111
11110110110100010011111101111
11100111101111011111110010110110011111010
01110110111110111011111111
001111111001101
10111010
1110011111111100111101000000
110101
111101101
100000001100
1010
1011111
11
01111111
11100
1110001100101110000011111101000011001011101001010
0001
1111000100000
00110110110001
0
00000
01
0
11111100000
001
100
11
111
111
11011
11
11110
11
111
0
11100100
101
111
1
1110
111
011
101
10
111
1
1000001011
0
101101010110100
1100
1011
000011010001000
00
01
1
11
111
11
111
1
0111
00111
111
0110
0
1101
001011110100001
11011
01111
1111
0
0
111
1111
1
1
011
111
1
11011
1110110
1
0
00
00011010100111
000110
0
000
0111
1011
00
00011
00
00
01101
111100
11101
1101110
111111000
1111
01010
0
0101001001111111
1110011
10
1000
11110111001010000
10
1010000
110101001
111010
110
11101010
000010000
001111
11110010001
0010011110
110100
11111
1111110
1111111
0010101011
011
11
0100111
11
010111
1111
1111100
11
111
11
1100
11
11
00
11000
01
1011000
11100010
101
10
1111011001
111
10111
11
1101
111
1
11
00
111
111
11
11
110
10111
111
11
111
111
011
11
11
11
010111
1
111
11
111
11
0111
11111
011
11
11
11100
11
11
1
011
1
11
11
11
1
11
111
11100
111
0101
11
1010
11011
111
111
11
011
11
111
101101
00111
11
11
0010001100
11
0110
110111111
110011
1111111010
1101
11
1111
1111
111
011
111010110000
1111
11111
11
11
100100111
11101110111111111011101011011001
1111111101111001011100
00001001001
01101110
111011110010110111110
11111
101111001101110110010100011100
11110010111101011010111110
11
111110
1111
11
11
11
0000
1111011
111
11011
011
0
111
11
1001100000
000010111101110001000000000
000000
01111110
111
1
10011
111
1
111010
111
011111101110
11
0111
111110
10
1101011
1011
11
000111
110
10011
1
0011
0100000001001000011010011100000100101
1000011
111
000111
011
011001
011
111
001100111
1011
11
11101001000
0011
11
11001
111
0111
01100010
10110101
00111
00110010
110
1
011
00111
0010
0111
10011
11
10000011
10110100100
11
11100
10010111
0100000
0000
11111111
1111
1
1110
110
1101
01011
111
111
1
11
1111
111010
11
011111
11
11
00
11
011
01011001101
11111011
01
0
11011
01
1101
0111
11100001
11
01
001100010
01101
0111
011
111
11110
11
1
11011
11
1010001
0
0
010
111101
111
11
11
1100
0
1111
10111
1111
11
111
111
1
111
00111
111
11
1100
11
11
1
111
1101
001
11
11
11001
011
0111
1110000
111
1001
1011
11
0011
111100
110
1
01111
1
11
111
111
0
111111111
11
1
11
1111
0
11
0
111
0
1
01
111
10
110
1
11
1
