11
111
011000110
11
001111
11011
111111011
1111
1111
110
11110011
01
01100
1111
00
1111111110
11111
110
110
000000
110
00
1111
1010110010
1
11
111001001111
1111110
01011
111
01
10100
11101101111101
0110011
0101
000
1000101
0
000000
111100000000
100100000000100000
0111
1
11
00111
11110101101
1000110
11
111
1111111
010
1
0111
11
11101
1
1
111
0001000001100100110
0000
11101
001000001001
101111110
0011110111110101101
01
1101
10111
010011
11101
1
101001101101
11101110
0111011
10
1
000111
01101
1010
0101011
1100010
1111
11
1101
01
11
0
0
01111
110000111
10111
11111
111111110
1111011
1111101111100010100000
1111010011
1
111111
0111
11
1101
1111
11
111
111111
101111
0111
11101
01
11
1
10
11111001
111
01
1111100
011111
11
1111
011
111
1111
11
1111
0
10111
1111011
111
1
1101011111101
0110101111100
1111
110001100
1111110110111
111111
111101111110010
10111010110
111111111
11111
1111001100110
11111
1110011110
11110011001
11
111110011
10110111000000101
1111111
111101111100
111011
1111
111
01101110110111
10011111
1110111
111101110111111010000110
111111001
1110111001
111111010110110111
111110111
111110111
111
001111100111100
111111011
111111
111111
1111000100
011111101
01111111111011
1111110001101111
0
1101111001011111011
1111111000
01111110100100111011
1000101001001
0111110
11111111
110111
100101101100
1111110011
1111011
10111111
1111111
101001011111
11
1
000111101010011000101
1111
0111
1110011
11111111
1111111011000000
1111100000
11101011111101110
11111100101
110111111
110001
0001
110111
1
0100000
10000
1
11111
001
111111110010
11110101
1011110110
1011
01101001011111
01111
11111010
1111
110011000000010001
110101111
011111
01111111101011
1111
11111011
100100001011111101011110010010001000110100110011001
1100110000
1
10000000010110010000100010010010
1010101110001110001111
011
10000
11
00
10111
1101
00100
10111
110110001
1110011010101011010100
01010101110111100
111
11000111
10
111110001
11
11110
111
01110000
0100110100111011100101
0011011
111
01111
111
111
1000
11
111
111110
0111
111
0001110010
1111111
111111110111
1
1111101
111111001111011
1111011111000
111111111001100010
11111
1
1111110000000
111000111
1111110000101110001
11111101
1111
01010110000
101101101000010
10
111000001
01100
1
1111
101
000
00111101
01111
0
1111
00
011011101111
0111
111111
11111
0110
1010110
11
1
1111
111111
111
1110
11
10111100011
11111101
111
00
1111
1
110
1010
11
111
11011
1101
1
1
1111
101110010
1111
1110111
111101
11111
0111
111
1
11111
111111111
0111011010001101010101
1
011
111111
1
11
10110110010
111
11
111111
1101
11111
11101
0111
1111110
111010
110011111
111111
111
01
0
1
1
1111011
1111111
11
11
1111
11111100011
1110111011
000100001001000000010000
11111111
001001001110100110110100110111010
1001
11111
11111101110
11111101011
11101111111
0001011111111011101001101011100
111001
1
11111
10111
11000011010110101
101101
111111111011
000111000
11011110
111
011001111010101110111
10101101
111
1
11
1111
1
11
0011100
11101100001001
0110011
101
1110111100
00
111111011
11110101101
111111
0111011001101100110111
10110111111
101111
01111111
111010
011
1
1101000
0100101
11111
110000110010
111111010100011000
1111
1110
0111100
1111
0111111
1111100001
11111
01111111101100
111111
111011
111
00100001
11
11100110010
110000000
001111
1011
1100011111
011000
11101011
01
11
1100
01011
1111
110000111110111001011001000
11001010
00
110010100111
01011
110101111
10
01011000111
11111
1111110010
000000001100
110
11111111
100101111
11011
1110
111000011
0
00100001010000010000000000
000110101010111111010000000000100100010
110110
01111
00
11101100001
11110
11001110101000011011100
111110
1111
01
111
11101
01110000
1111111
01011010111010111
111110111
000100
101
111101
000
111
00
111101
0111111
11111
00
0100
0110011
111
1
111
00100
1100
1000111
0111
11101011
0
011011
111000
001
1
0
0111
00
11
0111
11
111
0
111101010
0111
01
111
101000
0111
111
1110011001
010001101
1
011
00000
111101000
000
111111
11101
1
111
11
0111
11
11
11
11
11
111
11001
000000001
1101
0111
1
01101
101
11111
111
111
0111
101
1
00
1
11
11
1111
111
0
011
10111
1011
1100
011
11
1110000
111
11
11
011
0
110
111
11
101
10
101
11
1
11010010
11
0101
11
10101101010010
0
101111
1
11
01111111
1111
11111111
11011
111
000
000
0111101001
1011
111000
111
01011
111
011110
11111
1011
11111
1
101111
11
00110100
100
101110111
0111
11111011110
1
1
1
111110000
1111011100000001
111111
1101011010
111111011
111
01
001
0010101010
111011111111
111
11111
1110100
1111
11
11111
11000000000001000
1
1110
11
10101
11110
001000101
1
01111111
01000000
111111
111
11
010111
111
11
11110101
111
101
11
111111
11
111000
11111
111
11
111
11
1
111
01110110000
1
111101111011101101
11
1
111
101
111
11111
11
11
11
1
1
1111
1111
11
111011011
11
11
111
11
1
111
1101
111
1
1110
011
01
1000111
1
11
1011
00111
111010
111
1111
011
1110
1
111
00001111
11
1
011
11
111
1
1001
111
1
1
1
111
11110
1101
011
011
1111
11
11
1
1
10
11
1
01
1
1
1
00
1
1
11
01
0
0
1
1
01
10
1
1
11
111
1
0111011100
01
10110110
0010111111
111001
111
010101
111
1
1
011
10
111
1
11
011
10
10
11
1110101111
111
0
1
1
1
1
1
0
0
0
1
1
0
1
0
0
0
0
1
01
1
1
0
1
1
1
0
1
0
1
1
1
0
1
1
1
1
0
0
0
1
1
11
1
0
11
11110111
1111000100101
1
011000110110
0
1100011111011011010
0110111101
11011101000
111011111110
0001111011
1
1
011
1
111111
0
0
1
111
10011
110
0010100
11
111110101
10
0000011
1101
11
111
111
111
11
10
11111
1
11111
011
1
1
1100
11
1
01
0111
11
110110
01110101
1101110
111111
1
1111100010
111
110000101000
11100
11
111
010000001010
110
011
00101
0
1
0001101
11111
0
011
110
101
0111
10111
11
111
101
111
0111000000000
1
111010000010000000011
10
1101
00100
11
1
111
1
000111
1
01
000000000000
1001
1
0
1
1000001
1100011
111
1011
1
01
11
11
1110
1110
00
10
1
10
111
1
111
011
11
1
111
01011
011
10
001
1111
111
11
0110
1111
1111
101
1
1100
111
111
1011
1111
1010
111
0
11
01
11
100
101
11
1
111
1110
11
111
0101
11
1
11
1111
11
111
1
101
1111
111
110
110
101
0
00
1111
111
11
01000
011
00111
101111
11
111
101
111
1110
111
0
111
1
1
1111
011
1
1101
111
110000
11101
1
00110111
111
0100
0111
10
11111
1
11
1
0101101
11101
11
1
011
1
1
0
1
110
1010111
11
01
101111
101
100001
1
0
011
1
011
111
111011
111
0
1
10111
11110
1110000
11
1110000
0
111
01
1
011
110010
0
00
11011001011
00010110111010011
010
101111
10
01
1
101
1
11
0001
1
11
1
10
00
11
01
11
10
1
1
11
0
11
0
0
0
1
1
0
1
1
0
1
0
1
1011111
01
11
110
00011
110
1
10
1
1
1
1
1
101001
1
0
1
1
0
1
111111
1111
0
0
10111
011
1111
1
111101
1
10111011
11111
011111
111
11110
11
11111
01111
11
1111
11
001111
11
0
1111001
111
1111100100
11
11
111
01111
1
1
1
0
0
0
1
1
1
1
1
1
1
1
1110000
1
1
0
0
1
0
0
0
0
0
0
1
0
00
1
1
1
1
0
1
1
1
1
1
1
1
1
1
1
1
1
0
1
1
1
1
11
1
0
1
1
0
0
1
1
1
1101
0
1
1
1
0
1
1
1
1
0100101
1
1
1
00
0
1
1
0
1
10
1
0
1
1
1
0
0
0
0
11
00
111111101
1001
111
111
0111
111
1111
001
1
1
1
100111
1
1
1111101
1
110111101111
11111
111
111
1
0111
000
01
00
11
111
111
11
00101
111111
1110000111101
11
111111
1
1
11110
111111
11
1
1
0011
11
0111
111
110010
0
0
1
1
1
0
1
0
1
1
1
0
0
11
1
11
11
11
11
1
11
00111
1
11
011
0
1
111
0
1
0
1
1
0
1
1
1
1
0
1
0
1
0
0
1
1
0
1110
1
101
111110111
110
1110101011
111
011111
0101
111111
111
1
0110111
11011
11
111
111
111
1
11
110000
011
1
1
1
011
111
0
0111
1
11101
00111
1
0
0
0
1
0
0
0
0
1
0
1
0
011111
11
11
11
0
10
111
000
00
011
0
1
111
1
0
111111100
111
1
1
1
1
0
1
1
1
0
1
1
11
1
0
001111
1
10111
1
0011
10111
0000
1111
11110101101111
011
111
1
1
1
110011
1
1
1
1
1
1
1
1
1
111
1
1
1
1
001
0
0
1110101
1
1
101111
10
111111
1
0001011
1
11
11110001
011111
11
111110
0111
10111110110
001001111111
1101111110100000100
111
11
011110
110111111
111011101
01110111
011111
00110111111
01111
111
1
111
11
101
111011111111010
11
001101
0
101
00000000
1110111
111
101
0
10
111
101
0101
011
00
0
110
11
1000
00
101
00
01111
00
01010110
11001
01110
001100111010010000001000010
111101001010
10101
111101010100001
111111
1110101001000010101
0110010
110
10
100010
0100010000001
0000001110011
1
1010
0
1
1
0101
01
1
0
1
10
111
111111
1110101
11111011010010110101
111
11101001
111
1111
111
1111
110011111001111
1101110001
1
1111101110111
1011
1111011
11011
11110001111
1111101111
11101110100111
1
1
1
1
1
1
1
0
11101
1
1
1111
01
11111111100
11
111111
111111
011
1101
111101
1111
1
11111
11101
1111101
111
11
011111001
1
11
110
0
101
1
1
1
1
1
1
1
1
1
1
1
110111000101
111111010111011100
11011011
11011110101
111011111110001001
10111000
11111110100001
0111100101
111111001011011
1110110111
111010001
10111111101110100
0011111001
11101011100110011
0
11010
10
1
1
1
0
1
1
1
10011
1110
1111110001010000000
0
1
1
1
11
111
0110111
011
1
1
11
1101101
0111010011010100
0000000000100
1100
11
1
01
10
11
1
11
01110000000000010000101100
01
1
01
11
011
1
10
100
1
11
10
10
11
1
11
11
10
1
1111
0
111111101
01001111101101
1
111
11
000010
10010011110111011111111100100111001110000011
10000
111101001111110111100010
1101111100010
111111110
1110110011011111111
001
111010110011100111111
1010
11110111000
101
10001
11
1001
0100111
11
111111111111010
111110001
111
11110
1111111
00
11010111010110
010
10
1
111101
111
10010111000011
10111100111011100111011
111001110110101101011
1101111111011000011
11001
1110110111000011
0111010
11111
010111110
1110100101
111101011
11
01110111110101
10111
11111
001000
0000
0111101111110101111
00
00
111
111
1111
101
1011101
000
01
11011110110
0001
01011
010
01111000
11101
0111
101
10101
11
11
11001
1111100010
11
0
111
11000100
111
1
1
11
1
1
0
11
1
111
001
1
011
11
001
011
111
1
1
1011011
010110001
1110101
00011
11111
10101111
111110101
11
111
11110
110111
111111
01
0
1111
10111011
0111
1
111
011011
11
11
01111
11010
1101110
000
100101010
100000
111010110000010
001001110100
101111
11
0
1
11
1
0011
110
11001
0111
111
11
1
11
1100
0000
1
111
11
101
11
0
00101111
110
1011
1
11
0111
1
010
00111
01
011
1110
101011
01
1
1000
1
0
11
0
1011
11
110110110
111
111
011
0101
11
1111
11101
110001010
11
111
11
11
111011
11
11011
100
1111
11
011100
1111
11
00000111
100111
101
11001
11
11
111
1111111
11
1
011
0001
11
1
1
00
1
011
11
11
10111
1100
01
11
1
111
111
110
1
01
111
0
011
10
00
1
1
1
0101
0001000
111110110011100111
00110110100
1011
10111111100000
111
010
00010
11
0000000
110100011
1100
10
111011
10
1
0
1
0
1
10
1
11
0
01
11
11
1
1
1
1
1
11
11
10
0
11
1
11
10
11
1
11
1
11
11
11
0
10
0
0
111
00
1
0
1
01
11101
01111
10
1111
11
010111001
11
1
11111011
1
111
110111
1
1
1
10
1
0
1111000101
111
11
111
00011
100011100
11
1
11
1
11
11101000
0001111
0000
1111
10010100001
111
0000000110001
00111
0011000111
1111
01101011
101111011
11100
1011
001110001100
0001
101
011
0111
010001001010000010100011101010001000
11
000111
10
0
111
1
10010011
111001
1101000011110001111
110101111011111
11
01
0000
010101000
000
000
00
11
010
111
1
1
0111
1011111110001
1100
11
0
1111110100
00101
1111
11
11
1100111
1
1111
11
00000001100100100001111110001000010
1110001
01100000
11
00111
01
1
1
1
1
1
1
1
0
1
0
1
1
1
1
1
1
1
0
1
1
1
111
011
1
111
1
11
11
1
1
11
11
11
1
1
1
1
111
1
10
01
00
0
00
111
11000101
11
11
1001
11
111
11111
1
11
1110
111
11
1
11
10
1111011111001111
111
1
1
111111
1111
0
0
10
111
00100
0
1110101010111110
111
1
0
00
010000
101110011
11110111110
0
1
01
0
10
11
1
011
11
01
0
0
1
11
11
1
11100101
11110101
111111
11
10100101111
1
111100001
1111010
1110111
0
0101
0011111
11
1
0
11
110010
01
00011
1
00
1111
1
110
1111010101
0
11
0
111
1
01
1
1
00
01
00
101
11
0101
011
0
10
01
1
1
1
101
11
00
1
01
1
01
1
1
1
0
0
0
0
001
1001011001000
10
1011111
111111
1001111111
010
1111010
111
0111
11
10111
11
1111
1111
11
110
111
111
11
0101
1
111
1111
11
100
1111
1
110
111
0
11
111010
011
11
11
111
111
011011
0011
1000011
11101110011110011111
10111
01100
111111111101
1
111
011
111
111011011
1111
11
011
11100101
0111
111101
1111111
11
11110
1
1101
111
1
1
0
111
0011110
101101
1111
01
101
111
01111000
111
01111
1111
111
111111
0110111
1
11111
1111
11
1
111
1
0110000000
11
010111
1110100111
110111
101
11011100
11
1111011
11
1001101011
111
11
0111
11
11
111
01
11
11111
111
000110110000010
11111110000
00
1011
11001
1111
10111
111
1101
111
101111000
1110011
111
111
1111101101111
111
1111
111
1111
11100001011
011111011010111011
1
11111
1011
111
1
11111111110100
100011
11110101111
0111001
000011
11101111001
1011111
0100
01
0
011
01111
1
100111
10111
101
11
1111100
111110
11
111
111110
011
1
01110
10110
1110
11
11
011011011010
111
0111
111010110
11
11
011011
1111
101
0
000
0
00
000
0
000
00
1
0
101
11
10
000
00
101111111011
00
100
0
000000000
0
111
011
11110110
11011
111
111011
0000011
11101111
1000001111
0110110
1100001
1101
0101111
1110111
1001
11111011101101
1111011
0111111011011101010
10110110111011110
1111111
1111101110111
111111
011010000010111000110000011001100010
1111110111110
11111111111
01110110100000110011101
01111010011010111
111011101100
1111011001100010
111111
1111100
1111111110
1111111101
11111111
11000000101011000110110
0101111101101
10110
01101011111111
1111101111
1010111111101
11111
110111
1011111
111111
1
1
0
0
110011111110100000
1
1011011010100111
1
1
1
11
1
1111111
11
111111
11111111111101
1111111
1111110101011100
110001101111000000101000010
111110111111110
01
1101111010101111
1001110011100111100
1100001101011111111000001011010100
111000010001
010100111100110011011
1111
111111
111011
11111101100001110111
1111000111000
01111101000101000011110
1
11111
111001111111100001
11101
1011
1111101101100000
1111001111100110111
110110001111000000111111011
1111111101
01011
011
11110
100
00
0111
0
1
110000
0
11
01
0
0
01
111
0
0
0
1
0
1
0
1
0
0
00000000000
11011111000111001011
0
1
0
0
1
0
11
1110111010
1
1
0
1100
11
1
1
1101
11
1111111
11010111
1
111001000
1001
010
1
11
111
101110110
10101
11
1111011110
11
1
11
111
111
00
1
111
110
1111
111
000111
11
000
111111
11
1
1110
1111
01
1111
1110011
0011011
0000100
11111
111
1
11
11
0111
1
1
1
0
1
011
0111
11
011111
1
11
11011
111111111
1
111100111110
111101111
10
1001110011
0
11111001
00000000
11111101010
01
0010
1111
00
1
00
110100111001000
0110111111000
010000000
100
11
11011101
001000111
0110
011
1111
111
1111
0
0011110011110100
1
0111
11011
1
1
0
1
0
1
0
1
1
1
1
01
1
0
1
00
011
1
1
1
11
1
0
0
10
11
00
10
1
0
11
11
11
10
11
0
0
110
11
01
1111
10
11
0
1
1
1
11
11
1
11
0
01
1
1
1
1
1
1
01
1
0
1
11
0
1
0
0
1
1
10
01
00
1
1
01
0
101101010010100110010110100111
11110111
1
01
1
00
1
0
1
0
0
01101111
0011
10
10011011001
1010010
111101110
11
101111111
1
100111011001001110001100
110110
11111
11111100101
1011
11111010
1100
110
111
0
11
11
0011
0
11
1
111
11
1
111
1111
1011
0
0111
1100
1011
101101
101111
11100
10111000
111011
1100
01111
00000
11011000
111
1110101
111110
000111
11
10111
01101
00011
111111
1111110
1111
100
1101
11111
1111
1111
10
1111
11
111
0
1111
111
001111
111
11111
10111111
101011
111101
1111
0
0
0
1
1
1
1011111
1110110
111
0111
11111
111
111111
1110
1111
111
1
111111
11111
11
00
10
0
1
1
1
0
1
1
1
10
1
1111111101
111101101010111
0
1111111
11111
011
0010000000111010001
1111
01111100100101
11100001
110
111010000
1111
11111
100
11010100010
11111010
11111
111
01
100100
11111
010001011
011
0101111
00101
1
00000000001010
11111
0
0
0
1
1
0110
1111
111
0
11111111111010
1
0
0
1
0
0
0
0
0
0
1
1
0
0
1
0
1
1
1
1
1
1
1
00
0000011
1
1
1
00010
1
01
1
01
11
0
1
1
111
01
111
000110
1
1
1
1
1
0
1
101
1
1
1
11
0
111010111
0
1
1
1
1
1
1111
11111
01
000
001100
1
0
0
001110
01011
1
0
0
1
1
11
1
11
11
1
11
1
1
0000000000000
11
1111
011111111001
1011111
10111
0110111
1
001011010000000010000
0
111
0011
11
01111001000
1
110100
1
0
0000
1
0
0
1
01101011100011001101001010100001
01110111100
111111
1110011110
10111
0
0
111011
111111
100000000001101110101000101
0010011000101000010110001011000100011000
1111
0111011
1111
1110100110
1000001001011101111000000000000000100010010
01111011101001
1010010100111101111100
0011011011101111
11
11
01101100000110010
11101100111010
00
1
0101
00
1111
00001
011
10
1
00
0111
1
1
10011011011
111001011
1010011
011011
1111111
1111111011100
0100111110010011011
111
1011
11111000110
01010101
111111100101
01110010000100000
0
1
011100
111111
10000
001110000100
111111100111011001010
01111001010
0011000101100100000100100
0110101101
0111011
0101110
10101010111110100001011010
11101001100111101
1001110011101
1001101100011001010
111101111
111
111
0
101101
0100001011
11
1
101110001
1111
1110110011110010001
010
11
01110
000
100
00100
10
110000
0
1
010011
1111
1
101011011
1
0
00110
1
01
100
1110001
11
1100010
11111
111101100101
1
1110110
1
0110111111
111100
1110
1
101
111
111
0111100011101
111
1110
1000000010110111
11011011
101
101111
111100100101100001
10110000111
001
11
1111011
111
01
1100
10010
111
00001000
10100000
010111
1
110111001110100000
111001010000101
0111101100
1
1
101
111
110011
1
1
1111110
0111
11
0
00
11
11
0111
1
110111010101
11111
1
01
111011111
11
0
1
11
0
1
1
11
1
1
1
1
1
00
0
100
11000
1
00000111
1111
1111
1101100000
1
10000001
0
00
0
01
00
1
11
0
0
0
00
1
1
11
0
0
01
11
11
11001010110
11
1000001010000
01000
1
0
0
10
11
00
1
1
0
10
00
0
0
0
0
0
1
1
01
01
0
00
0
0
0
1
00
00
1
0000010
1
1
000010101
11011
0
0
1
0
0
1
01
1
01
1
1
1011
11
0
00
0
1
1
0
0
1
01
0
0
1
0
0
00
011
1
110101000
111
111
111
0
11
0
0
0
1
11
11111110
11101100010
001111001010000010010010100
01000100000000
1111010000
01111
1011
111
1110
10010000
11
1
111
111
0
11
111
11
1110
11
0110
1
1
111
0
01111000000110000000010011100000
0
01101111000100
00
0
0
1
1
1
1
0
1
1
101
1
001
1
1
1
1
00
1
11
10010110101
01
0
11
00010010
011000
1110
1
0
0
0
00111
0001
1
0010000
1
1
0011
0
0101011
1
1
0
1010
1
0
0
11
0
00011
1
0
0
1
0
11
1011
110000010
111
011
0111
111110
0101
0111111
11011
10111
101110111
11
11
11
1
1
0000
0
11011
001
0110
111110
11
001
1101
11
011111111
0
1
11
1
11
00
1
1
0
1
00101
1
11
11
11
11
11
11
1101
111
0111
11010000
111
111
1
111
1110
111
1
11010111001101000
11
1
011110101
11
1
11
111
111
111
11
11
111
11
011
11011
111
111
011
011101
111
1
101
11101
1
11
10111
11011
111
00000111000
11
1
011
011
010111
1
111
11
01001
0111
11010
11
111
111
11110
1
1
1
0
1
1
1
1
1100000
11
011
11
1
1
110110
1
1
10
11
101
1
000
01
1
10011
1111
0
1110
011
11011
11110
01
0011
11
1
1
1
00
00011
01
000000000
11
01
01111
100101
1110001
110100100111101
11
011
110
0011
111
1
1
101
1
0111
11
1
11
101
1110010
111101
1
1101
011
000
1
1
1
0
0
1
1
0
0111
1
1
1
1110
11101
1
10
11
110001
0
1
1
0
1
1
0
0
100100001
001100
1
0
1
111
1
1
1011
1
1
1
1
1
1
0
1
0
1
1
1
0
1
1
0
1
1
0
1
1
1
1
1
0
0
111
1
0
0
0
1
1
0
0
0
0
0
0
0
0
0
01
11
0
1
1
0
0
0
0
1101
1
1
1
11
1
0
1
1
1
1
1
0
111
1
1
0
1
0
1
1
1
1
1
0
1
1
1
1
1
1
1
0
1
11
1
1
0
111
1
110101100
1
1
0
1
1
1101101
10
111
11
111
111
11
10100011111
1101
1
0
1
0
1100111101010110
0
110001000001000
111
1110000
11
1
0
1
1
00100101
11
0
0
1
1
1
111
0
0
1
111
11
1
0000000
101011
11
0
100
1
1
11
1
10
1
1
01
1
11
011000
1
1
111
1
0111
0
1
1
00000
0
1
0
1
1
0
1
11
0
1
0
1
11
1
0
1
1
1
11
0
1
001
11100
0111
0
1
1
1
110011
1
0
1
1
11
1
1
11
11
1
11
11
0
1
0
11
0
1
0
1
00
0
0
1
1
1
11
011
0
111
0
0
10
11
0
1
1
11
1
0
00110
1
1
0
11
0
111
010
1
1
1
010011
1
11
1111011100
11
1
1
1
01
1
0
10111
11
1
1
111
11011
100111
11
1
1
1
1011
111
11
0
1
000111
1
111
1
1100
1
1
0
0
0
0
0
1
0
0
0
1
011010
00000101
