1110111
1000
10111111001
111001111001
010
1111
11
0
1
11110111000
011111
11111
1111
01101
11111
0011000111
1011
1111
01111
011111110
1101
111111
100011111011010110
1100111
1
0111111101011
11
1111011110001011
11111
111111010100
11111111
11110111
1001111011100111100010100000
1110111011
10111011101
1111011
1110100101
111
11110001
111001101111001
100001000110
1100
011111100011
11111
11011
0111
011
11111
11110100001100011110
111
10000
111111001001000
11101
011111
1111
011001101111111001
111001
11101111010
00
111
0001101100
111111111
11
111011100
111111101101
010110111
111100
111110101
11111111110
1100111111101
1110010111010
001000
000
10111011
111111010111000010
1111111010
11
1100111011111111111110101
11111110000
0
01111
110011101011
110101111011
111111
111000
111111
11101100101
11111110110
111111
110011011011010
010011111
00
111
00
000
0
0
0000
111111
11111
1111101101
0010111111
010111111
1111111
011111
11111
0011111
11110011111101
11111
1111111
1111
01110
1101111
11111111100001
11011111
1001011001110110001101
11110100111
11111101010101101
110
1111101001001110100
111
11101
0000
00
000
0100
11
000
1111
1100111101001111100110000101011
01111100011
1111000100101
11111100
010
11111
111
010111
1110001111
1011011
1111111100
01
1111011
1
00011111
11101101111
1011111011111111100000000110
1
00
00
011011100011011110100110111111111101101
111111111011101011101
010111111011010111111101001110
1000111
111111111111
1111
110111111011101110
11011
010111101101111101111011110110
0111101
1111101
1111001
0
0111111101111111111
1111101
1
01
11111111111
11110111111100000100111100011100000000011000000000010010
1111100111111111011
111110101
11101100101111100
0
0
11011111010111101
0
01111011111111101000111110001
011001010111
0000110011111010100000001011
11111101111110
011011011001110000100111100111101010011101101010010010010000000000000001111110010111000011
01
10
00000101000001011111111101111100111000000010101001000000100000000
011111101111
11110001111
11111
011101110100101
110100111111001
111111
1111
001011110111110011000011010111011
11110101101011001001001111111111111101111110100110000110001
10101111001111011100110010101110010000000011110100
1111100010101101100011
011110101110101011111101
11110101000110011100111011111111
01111111111101101
1111111101
1111011011110001111111111100110100110101
1
00111110001111011110111111010
11101101110001111010011111111111001
10101111101101111111
11
011111001001100100
000000100111000100001110110000
11111111111110001000010110
01100111111111111011001110110000010
11
11
01101111111
11111011
111100111011100011
111010010111110110
00
0
0
111101111101
00
1
11111011
0
1110011100011100110011110011100111111011111101110001
11010010101101110110001110111111111001111000101100111100011000010100111110100100
01
111111101101111111000
1
011
111111101110101100001101100110111101011
111110111111110110101101
11111110110111101
1110111111
11011001011110110110111111111001
01101111111101111011111100001111010011000000011
001011111111101111010
01
11111
0
0
110
1010101111110101011101
1
11
1011111101
1101111
11011011110100000000
111101
0000
000
0
101
0000
00
0001
110
11
00
000
101101011101
0001
0001
0000
0000
11
100
0100
00
001
11111100111
1010
01
00
0
001
100
0
100
0000
0000
000
11110011
11011011110000011101
11111
1111
1111111
1111
111101
1
111011111111
1111111011111
111
1111011
11011111101101
1111
1111011011010
0
0
0000
0
11000
1
1
1100
000
111111
11111
1010
111111
001111011011
11111011101
11111
111
01111
110111010101
1011001111
0000
10
11
100
10111010101101
0000001011110110100000000000000000000
111110011
11110111111001
0001110111110111
01
11111
11111
11111
10111111
11010
1011111100101100000010
0111101100111111
11001101
11101
001111
1
00
1101
00
0
1
1
110001111100
11101
1111111
1111
1111111110
11111100
001111100000101100000
111110001
11111011
1111
1011111
0
0000
0
00
011
000
011111
1111111
0
111111
1111111011100
0100000
111111
111
1
1110110110101110110010001
111010110
1111101100
11111
1001011
000111
011100000111
11
0
111011
111111
101111011110011101001100011101110010111011
1100000
11111
1010111
11111110
110011101
11
00
00
0100
101
1110
1011
1110
10
010
0
1101
000
0101
101
0
11001111111101101101
1
01
1
1
0111011000011111111101
011011011111111011101011111101
1
11111011011110111100110
1
1101110111011110111111111111111010111101101101001011000110
1
0000010011000001100101000011111100011111111111
10111011100111111110110000111011111011
000
00
10
011111111111
1110111111101111011111
101111011110001111101010011111111111100010
101101011111101111010011111
01
110111111011111111
0
10
0
1111011011111
00
11110010011111010111110001111011101100011011110010111000110011110111100101
111111111110110
10
1110000101111111111100101111110000000110
11111011110111111111101010111010
00
1111011111111001011
111000110101101001001101001110
10000111011001
1
111111101011001111111010001010100110111
11111111111101
00
0111110001111111001110111100010
0110001111111111111010001010011
111100000010000100011
011011111100110101111001010110001101
1101111111110011111011111110110100011101000001000001
0
11
11110010111101111101111001001101111011111110000
0
1111110111001111001010111
1111111101110001
0
110
11111111111011011101111010
1110111
111111
10
110110110110110111110110111111101110100011111111110
101111
11110111000
110010111001
011101110101110111000
11111000001
101101
1111
101
111101111111100111
111111110011111110
111111111111111111
11111111
110101110111111111
00011101111111000001101000101
000
1111111111111111
1111
11111111111011111111
11111111110101
0110
1111011110011
1011
001111
1110001
1111101101111
00
0000
0
000
1111
01000
1011001010111
1111111111111
1
011
11100110111111111110101
0101
111
111011110111111111
0000
11
111111111111111
10011100111
1111111101111111
111
00
111111
1011000
11111011110101110101101
010
000
100
100
0
01111111101111101
00000
111
11111111111111111
111011111111011
11010100
11111
0011
101
1000
11110111111
1000
0111111111111111110
0
001
1111111111111
1111101110011011111
111
000
110111101101111110
111011011110
10111011111111111
001
1101
0011
111111101110111011
111110111101
00111
111010
1110
0
0000
1111111011111
11101111
0101111
111
11
01111
111111111111
011101111101111111
111111111111
11100111110011110101
111001
0001
1111
1010111
10111
111111111111111111
0110111110
111111111111
1101
0011
1101
1
0001100111
111110
101
000
01101110110100111110011
0110100100101111101111
100
1111111101111111111
101
1011111101111111
01110
00011
0000
0111
1111110111
111011101110011111101
110111111000100101111
10111
11101110101
0010
10100001
1111
11111110111
001111110011011101001101111010111001100111101111
11111111
1111110
1111111100
1111111
111100101110111101111
11111110111
11111101
0001
111111011111
1111100010
10101101
111111111011111111
111101110011011101
111111101101
11100111111
01
1100
1111001110110
1111111110111110100
111101
111111111
11111
11111111111111011
111
110111111111111
0100001110001110010111
10101
11101
00
111111111101010111
10101111111111101111
10111
111111
0111
1111001111101111
01110
11
10111
111111111111111
1111111111110111
101
1111
00000001110010
1111
111011101111100010101110
101110
0111
1111011111
111110111100110111101
0110111111110111011111
1111101101111111
100101111011001
10111111111111
011101010111
10110110011101
1110
11011101101101011111111
11100011
00010
1010
1111111
11111111
11111101011110010110
1111110
1111110011110
11111
011111
11110111001
111111
00
0011
11001100
10100
1
01
1
1111111101
010011111011010100000000010
01110111
10111
111
011100110011101
101111011111
11111
11111111
000
0000
1111
1
0000000000100000000000000000
1001000000011001000
00
111110010
1
0
011
0111
1111
111001000100
011
1
111
11
01
111
1
111
111
011
1
11
111
1
11
1
11
11
111
1
11
111011
11
01
0
101011
00
111001010011111100100101
11
1101
1111111111111010
11100
00
111111
111
11100101110100110011010000111010101111
11010
1111
0
1
111
11
0
0100
1
00
0
111
111
01
001
11
11
1101
110
111
11011
11
0101
1111
110
111
10011
01
11
11
11
1101
1100
0111
1101
11
00111
01
1110
110
11110111101111
1110
111
110
10011
1
1111111
00111
1
0111
1
11
11101
11
011
11111111111111111111111110111111
101
01
01100100
111
1111111111
101101
01111
110
11
11011
110101
1011011
111
11111
111
1111
10
11110
1
111
00
1
01
01
11111
11111
11
111110
111011
11
011
0
1111
1110
01111
11100
1111110
000011
011
1000101
011
0011
1110
111
10110101
00111
111111
11101
111
1011
1
011
0001001
0111
11010111010
1111
0101
1111
11111110
100111
11000
0010
101111
011
001100
111110011
11001
1010111
01110111
11100
00011100010100000
10001001010010
00010101
000010
0001
001111111111111
1111111
11111
11010101101
111111000
100111011110011010111100011100100101010110111011101101001011011100000101
1101111101110
11
000
1110
11
01011
11
11001
011
1101011
11
111
1011
111
111
111
111
000000011
11000100
1
10111
11
101
111
1011100010
0111101
10111
111000
011
0101011
111
111
01111100
00011
1011
101
011
111
011
101110001010001001
11
1111
01011
10
00111
0000011101110
101111111
0000
11
1
1101
000111
11
11
0011
11
11
1101
1
001011
0
11
1101
11
0111
011
111
11110
1111101111100111100010011001111011100001110111100111111011110111100
11100
000010101110110010110010101011100111111
00
0111
11000
0011
111
110
11100
1011
1001110
11100
1
00111
110111
00111
1110
111
0
111010110
01011
111
00111111
1
10
11
1111
111101
1111
111
101
11111
11011100
11111
00011101
0111
11
1111000
001110
001110
001110
0110
111
001
11
1111
111
01111
00011111
11111
11111
1100000
11100111
110010
0111001001
1011
1111
11111
11110111
111111
111
1111
01111100
11
1111011
10110011
1010110
111101
011011
11101110
1111101
11
10111
111
101
111110001000
11111
111
11110
01011
1110111
1
0111111
11100110
111111
11111
101101001111
11111
1111011111
111111
11111
0
0110
111111
1111
111111
1111
01111
0
111111101
111
00111010
1110
0111
001
1110100
11100
111
111100
1
101011
11100
11
00111
000110
111
0
1111
1101
011
1001
001101
110111
0
10
00111
1110
101101110100001
1011
110001000
1111111011111011
11111111001111
01
110000
010111001
110111
101101010101
11111111111
000
0111
1
1
1
0
0
1
1
1
1
1
1
1
0
1
0
1
0
011
0
11
1
1
0
0
0100
0
1
1
0
1101
1
01
1
1
1101
1101
1
1
1
111
0
1
1
11100
11100001
00
000
111
00
0
0
0000
00
00
110
01
11010011
110
0111111
10010
0
1
1
1
1
1
0
11000
011011
10101
0111111
1100100
1101111
11111
1111100
1101111
101111
1111111
11011000
101
001
11100010
0000
10
11110
01
00
01
000
00
0000
0
00
011
1
0
1101
00
00
0
011
01
1
01111
1
1
1
1
110
1
000
1111
011
1111101
0111
1001
1101
1100
000
000
1000
0110100
0111
0111011001011
01111011101101010010110
001011010011111110
1111011
0111111
111101110101
111111
010011100111010
111100111
1110011101
01111001110100
110111010
1111011110
110
10
111100111
1101
1111
1011
10
00
11
11101
11110000
1
011011
0100010000111000
00111101
11
111011
011111
1010111101010
111
1
0111101111111010
11
00000101
00111100111000110011010100
111111
11111
110111111
1111111
000101
100
11111111
11111
111111
011111
11111
11111111
111111
1101
111111
0111110
11000
111111
0111
1111011
10111
11111000
0111101
01111
1111100
11011
11101
111111
101100
11111
11111
1111111
011000
0110
1101
0111111
111011
1111
0000
11010010000111100000011000010
11
10001100110
100111
11110100
111100000
0
1111
0
000011101000110001010101
00000000011000000
11
11
111001
0111011
11111111
011000000
00111101
111111011
00011110111
10101101
00111100001
110010000
101000
10100100100
001101
1011111111001
1111011
0000
000000
101000
11100000
111111
11101
111111
111111
1111101
0111
11111
11111
111110
1011
11111010
11110
111111
0101111
111111
00010
1111
011
101110
111
101
0
00
100
111111001
11
1
010011101
100011110110
011100100011
1111011
1111111
111110
10101010111101
111100011010110
111001
01111111
000001101
0000001010110100001
11110000011101111101
1111001111
0
011111010011010
00010
1111111
100011111101110100101100110111
11111101111
1001111101
1
1
01
0111
111
111
111
111
1111
1
111111
1111
1111
110101111110
1110110110
1111100
1111
11
11
11
101
10111111
11101111
110
1110111011110011
111011110
11100
1001110100010000010
111100110100010
1100101000010
10
10010001
1
11011
1
0111
1011
0
1
010
0110011001010
000
001
000
100
0001
0
010
1000
111011101
0
11111111
111111011
0000110111
11111000101
1111
11111111
11111111
11111111
011111101
11101111
1110111
111011111
0111111101111
11110011010100
00011101001110011
1111110011
111110111001001110
101100111111110011101101000100
1111110100
0110010111000011000
0011111001100011001111010110
00111010101011100011001001
0111011110000000111001
0000111111110111001011010001
100000
1110111111100
111111000111011011001
111101111
010000010001100001
00101010000111100
101111111101110101110
100
1110
10001111100010
1001110000
01111111
1111101101
11001
11111
011011
11110111111
11110011101111
10111011001111000
101111110111
1000010111111
11110111
1010011101111
11111111
01111111
01
1
111110101
100111
111111
01011110101101
01110
11101111111
111111
1011101111111
111100
1111111
111001110001111
11111111
11110111
111101101101
1111
11011
0011
011011111
11110100011100
111
1110001011
10
11010
101111
011
1111
111000011111100110001000000000
11011101
10111
1110111
11101
110110
110
101111
1111110
10111
111111
1011101
011101
00110111
110
0011111
1101001
10
111000101
11111
11100011
111011
01100001001
101110
01111
111
1001
1101
0101110001
111
11
1100
011001111
11110011001101011
0
1100
01110111100101
111
1110110111
0
0
1010011
11
000
0111
11110101
0
000
0010
0
1111111
101011
0111
01010111
01101011010100001
101111010
0101
11011010110001
11111
1111
1
1
0
0
0
1
0
0
0
111001100
1110101
1
1
0
0
0
0
1110110111100100001
1111101101100000
1010101011111110110111101000001110
10010111011111100000101110010
0
100011
0
1110011
1110
111111100
1111
111100
11101100110
11001111
1111
101111
11101101
1111111010101
111111
00111
11100111001
1111110010
111
111111
100101
0
0
1
0
0
0
0
0
1
1
0
111
011
1101
0001000000111
1
1
1
0
1
1
1
0
1
1
1
1
1
1
1
1
1
1
0
1
1
1
1
0
0
1
11
1
1000000
011
110101101
110111
001
00
111101100111
011111
0
11111
1101010
000111
110
1111110
110
0110010011100
11111
111010110
1011101111
111111
010111011
1110111001
10100000
11111
11101001
11
111111
0011
01101
1
0111011
101
11010100100011000
111101001
101011
110010001
00111011011
11
101011
11101110101
0111111100110101011
01100
111
01
0
000
000
1
111
1110
1
011
111
11
11
111
011
1110
010111
11111
111101
1111101
01
1101111100000
1111
111111
1111
11111
1011
01011
11011
11100
1111
1111
110111
11111
1000001
1111
10111011
00100101
0010111
1110100110
1
111011
0011
1001
11
11
1
1111
111101
0111
111
1101100
1
1
011
111
11
1001101
111
0010
1111
11111
11010011100101010011100
1011
1110101
1111011
011111
001111
1111
11
111100
111111
111111
11111001100
11111
111111
011111
011111
11111
0011111
0110001111
011111
1110111
111101001111
111
11
101
0111111
11
111
11111011111110
100
10101110
010111
000
0
1
0
11
11
11
1
01
1
0
1110101001
11110100100
1111110
111
101
11011001
0111
111
10001
11
110
00011
10111
1
0011011
1
11000
011
1110
11
10111
11111
010
0011
1111
10111
111
1110111
01
1110
0
01
111111
1
1
111101
01
1
0
0
11111
10
111
11111
1
110100
11
1
101001011
0
1
11
111
111
111
0
11100
1
011
01
111
1
10
1
1
111000100
100011
11101
1
1
1
11
011011
01111
1111
111
1100000
0111
011
001
011111
110000
01100111
0000
100111001110
111
111101
0
110111111
111111111
11111111
01111
01111
101100001
1101111
1101111
11111011
11101111
0011100
11111111
110011
11111111
11111
111
010111
111
11
1111100
1101
11111100
11
001001
11
1
1
1111
01
11111000
01101101
101111
10111
111
01011
11100
0000
011
00000000
01001
1011100011
10100
11111
1111100
011111
111111
11
01
11
111010110111111
1101111001111
101011011111
1110
1111
011111
011011111
111
11111
0111110
110
0100111
00
110
00111
011
10011
0111
1101110
11111
1101111011
111
0101011
00111
111000101
110111111111
1111
1111110
11110011100000001
110101011111
111
1111111
11111
11110101
00
011100111110
001011
11101110
01111111
100101111
111
101100
111111
1101
1
011
11000
1111011
11100
011
1
11
110011
011101101100000001
00
011
00011
1
101111
11111
0101111
1111111
1011111
1110011
011111011
1100111000000111
0010111
101110
11111011101100
10101
11111
010010111000
0011010111
1
111
1110111011
111111110110
1
111
111
100101111
1111111
0111001111
1110111011
11111000101
01101
011101110
1110
11011011100001
111010111
1111
11100001001
1010011100
00
111001
1
11011
0
1
111001101100001110
11
011
11111
11101
011
11101111100
111
01
1111110
0
111
11
11
111101
11110111
0
0111101101
0
10111100000110010
010111
111110
11100
1
111
1
011
111
111
01
11111
11
0111101
1
11
010111
1
0011
1101
101
01100000
110
111
1111111000
1111
1101
011
0111
00
00
0000
00
000
00
0000100011
0011
111
11111100011
01101100
00
111
111
110
011
01
1011
1
0011
11
11010
011
11
11
1011
000111
110
11
01011
110
0111
1011
11
111
1011
11
111
11
111
1011
111
111
111
1101
11011
11101101
111
1101
111
011
011011
00
111
0
111
0010011
1011011
01110101
1011
1111111101
01
1
1000100
1100100011000011
11100
011
00011
11100
00
011
1111
1
1
11
111
01
01
01
1
111100
11
1000
11
111
1101101
1011
1101
10111
0101
01110110010
0100000
1111001100011111
1101011101001111
110100101000111010
11010101001001100
0
0110110
1100011101010010
1111
000000
1110011111100111001001
1011101111101
00110101
011001100100111101
1101011010001111
00111011111101110101
00111111111011101100
11110111
011
110011100110011001001101001
001001001
11110101111001100110
11100110000110000011
11011010001101
111111100
1110
1111001011001110010
111001101011010001
10011100111000011100011001
00000000001110
0110111001111001001011110011
100100110010110
1101000000000
11
010110101000010010011
00
1011101011111
110001100011011
000
11111110
011101001100100101111001
0010011000000
0011001111
11100101001000110
1101
111100110111
011
0
011010
00
0
0110100
1100101000111101010011011010101100
11110111001101
1110101100000011
1101
1110111001000000001011001
000000000000000000
0111101101000
10011001101111000000111
111
110100110101001110100000
100101100011111
01110
101100
10101010001101000111110000111010
01110111011101
1111010111
110
00111011100011111001101101010111111
010100100
1001
001111011110010000
11011110
101111011000110001011010010111011
0111011100
0001101001110001101110
101101011
0011100011101
001110001
0110111101111001110
0
11
01
1110110001000101
1111
0
1
001111
01100111
1111111101
110001
001000000110110
11111011001
0
11011
111011001111
11111111010
110
011110011100
11
1100001000000
111
01
0
0
1
11011100000111010
01101
011
011
1
11
0011
11100
011
111
11101
0111
011
0
111
011
111
11
111
00111011100101101
01
11111111011
11
111010
111
11
011
0111
11
11
11
01
11
11
111
111
000
000
00
100
0001
100
1
11
1
111
11
01011
1
111
1
11111
11
1
1111
1
0111
111
100
11
111
11
11
111
111
1
1
0111
11
101001
11
111
11
11
0111
111
011
11101
111
0
010110110010111101111010000000011000110100010011
0001011111110111101111
11111011111111011
100111100110111011110101111110101110
111011110011111
1111111101
1111111111111
101111111111111
101011
1111110111110111111111
10111111111111010111
10001011100111011011111100011111101000000010101000001000000101001
1010010100111111111101011000110111101011
11111011110
111111101111110101111
0111
111
0111
11
00110
01
110110111010010
11010
11011
111
11
111
1110010001111011
11
001000101
11101011100
0111101110100
0011
100011010100001
1111110001
111011101
11101110101111010010000101010100111
11101101001
0111010100
01111111
110111
0100111
11111010011
1111101
0111
11011
11100
10
00111
1101
11
11
01
111100111000111010
11
001
11
111111
111110101110
1110100000010
11111101
1111111111
111111101
01001010100001
01010101110000000001111
1101111111
11110110001
11111111000
1101101110010110110010
1111111101
11100110011000
1111110010
11
01011
011110
101
101111001011
10111
111
01100
111
1110
11111
1111101010111
1111
010111
0000000
11
100101100011
1111011
0100010111
0011
1110111
1
110101
111111
111
1111
01111
1
1111
11
111
0101
101101
1
111
1
1
11
111
1
11
111
111
1
1
1111001
11
001111
11100111
111
11001
11
1110000111101
10110001111
1100111110001
0111011101110011
1101
101011010
0
110111
111
1111010111110111011
010
111011
0111000
11
010
11
1111
10111
1000
101111
10111
111011001
11
111
11
1111101
11111
101011001
10011110
111011110000
0111011101
0011101
10110
11111
101011010101001100000
101001101001010001
1111100111100110111010001101
11110111101101010001011
0010001
111010111
11101011100001011
10111000001101110000110010000
10010001000011001
1010110000
1111000000001000
11111000111
1101000
110001100100100001
111101011
0011101
1100111111010
1110010101110001100111
1101111101
11
0001001111101110010000110001
00101
0111
111100111001111001000
111110011
011011011
11111010111100
001011011001
01101111
00
100
11
000
00
01
11101
1
1
1
1
1111010010
111
11110100
1
1
11111001101
1001111111001101011001
00100010111
001101010011010
1010001010110101110001101111
011110000000110000
100011110
10110
1111
1110000101000010011
101100111011101111100100001101111100001011
00110011101101110
0101111
00101101011111
11101
1111101
0111011110
111011110
01110110111010110
0
0000111110110
011101111010010010111011
0111101101
11
111111
0011110000111
101111011000111
1111
1
10011100100
011
111101101000000110
1100
01
011
1001
11010
000011
1
11
10000001
110
00010111
111000
100100000
1010110010
0111
11
11
11
111000010011
1
11101
100111
11
1100010101
111
111
111
1000
11
0111
1
010
111
1
100010010
0100000100010100000001001
10101
10111
00111
1
0111
111
0110001000
11
1011
11110
111111
0111
00111
101
11111
001
01111
1
1
1
1
0
1
0
1101
111
111110
0
1
1
1
1
1
1
1
0
10111
1100011001
1111011
1000101
11011111
1111110
1101101111
01
11100101
111
111110
0111101110
0110111
11011
0111011
1110111
110101101
11111
011
11
111
1
11
11
11
011
1
111
11
111
111
111
11
1
1
11
11101
11
111
111110
1011
11
111
11
11111
1110001001
0011
1
1
0
1
1
0
0
1
0
0
1
0
1
0
0
1
1
1
1
1
0
1
1
0
1
1
1
0
1
1
1
1
0
1
1
0
1
1
0
1
1
1
0
1
0
0
1
1
0
0
1
0
0
1
1
1
1101
111011100011111101101110111011110011111010
11110
111
0
10101
11
11
0111
11
11
1111
11
111110
111
111111
01
0111
11100
110111
1101
111
011
111
11
111
0111111
11
110111
110110
00111
01
11
111
11
11010
010001
001111
11
11100
11111111
1110100111
1011101
111111111
1111
1111011111101
10011111010101
1
1101111110101111101
111011
101111111
011111110111011001
111011111111
101
1
0
10
111
101101101
1111111101111111
1111111111101
11111111111
01111111
1011111111111
1001110111111
1101111110111111
101111001
111111111111100111011
111111111111110111001
11110101111110111
00111111111110001101
11111111001010011
1111111111111
1111100111111
1110111111111110
11110
111111
111011111111
1101111101
1110111111110111
11111111100001
111111111011111111
11001011111
0101111011001101011
10111111
1100000011111001111
01100111101
111111111101101
1111111101001111
110101100
11
0
0111011111000
0
11
1
11
011
0001000000111000000000
11
1110010
101011
1
11111
111
00101
11
1111
0101
111
1110
011111
11
11011
111010011111111111100
010
101
111111
1111
1110
111111
101111
01111
11
11
1
1
1111
0011110
01010000
101000
11111
01001
0
0
101110
001111
111
1101
1
000
01100000001
11
1111110111101101
1001111111011110111
01001101011110110100011110110000
111111
10111111011
11111001100000
011111
1101111011
101110111001110
1101101001010010101001101111001111111100100
01101110110000110
01
0110111
110
1
1
0000
011101111
1110111001
1111
11011
1111
1111111111101111111
0111
1
1
011
0
0111
11
11
0011
11101
0001101
1111
0
011011
010100000100000000
11111
10111
11000
11
1
111
11
111
10111
11
110
0111
111
11
111
1
111
11110
111
0011
1101
11
111
11
11
111
11
1011
111
1101011
11110
11
11
11
11
0111
01
111
111
11
0111
110
111
111011
111
0010111
1110011000
110
010101
11
11
11
11
111
10111
0101
111
1101011100
111
11
011011
11
1101
11
11
111
10
111
1111
111
111
0111
111
0000
10000000011
0011
10
010
011
111
111
1110
11
10100000
0000000
00100000
01000000
111
101011
00000000
00000000
001101011
101
00000000
10000000
11001
011
1100
000001
01
0010101
1000000
000011
101
0111
10010100
111
1110000
1001
1101
100111
1101
0100111
11100
1011
1000011
1011
111011000
111
1
11
1110
0
1
1111111110
0011
111
1011
11
11
11
111
0111
111
10111
10100
01111
01
111
011
111
111011010
1
01
110
11
111
11
110
000000
111
011
011
0101
11001
1110
01
111
01
1110
011
111000
0101
111100
011
111
000000
0
0
11
1110
0111
1
0
1001
11
11
101
110
1
111
110
1011101
011
111
111
1111101
11111111111101
111111
11111101111110111
11111111111
1111111
111111011111011
00111
11111111
1111111
111111111101111111010
1111111
111111101
111
1
111000
010111
1111111111101
011
010111
1111110
0011
11
1
000
01
11101
111
011
011
101
111111
1
1
101001100
11111111
11011
1
110
1111110111
111
1
1
1
1
1
1
111111
11111111
00
11111111
0
01
11011
1
110
11
1100111
101
101
10111
111
1111
1110
110
110
111
11
11
11
011
01
1011
11
00111
1
1
11
0
1
0
0
0
10
0
0
00
00
1
11
00
1
11
00
1
1
1
11
00
0
0
0
1
0
10
0
0
0
0
1
0
1
0
1
00
0
1
00
00
0
10
0
0
00
0
0
1
0
0
00
0
00
00
1
0
0
01
0
1
00
11
11
0
11
1
0
1
0
0
00
0
0
1
0
1
10
0
1
110101010000101010
11010
0010111
11100010
10111
111
01011
11100100
01
111
0000001010101011100000
111
111
11
1001
11
011
101
10011001
111
1111
010111
110101000100110
1111000
111
1
111010
111010
0011
00111
1101000
1011
111
0010111
111
11010
11
11
111
111101110
111
0101011
01
1000
1011
11
1110
0111
11
010
111
11011
10
10010100001111
001
001
1101
0100100110010
111100100
0
1
0
0
0
0
0
0
0
0
011
0
0
0
1
0
0
0
0
0111
1
0
0
0
0
0
0
0
111101
0
101100011
1
0
011
0
1
1
110
0
111
1
1110110
1
0111
1
1
111
1
1
1
1
1
0
1
1
1
001011
1
1
1
0111
1
1
1
1
1
1
1
0
1
011
1101011
11
1
001111
111101
001101
1
1
1
