111111
1111111
1011111
1111
010111101
111111
111111
111111
11111
111111
11111
111111
1101
111
1111111
11111111
11111111
1101111
1111111
11111
111111110
11111111
111111
1111111111
1101111
111111111
11111111
111111
111111
11111011
11110111
11111
1111111
11111111
10111111
101111111
111111111
1111
11111111
1111111
111111111
01111111
110111
11111111
011110111
11101
1111111
111111
111101111
111111100
11111111
11111111
1010111
1111
11111111
110111
110101
11111111
011111
1111111
11111111
11111111
1111111
1111111
101111111
01110
110
11110110
11111110
11111
111111
1111111
11111111
0111
1111
1111111
011101111
0111110
111101
11101
011111111
1110111
111111
101
1111111
111111
11111
0111101
11111
111111111
11111111
11111
11101111
1111010111
1111111111
1111111
11111111
111111111
111
1111011
11111111
111111
1101111
111011111
1110111
111010
11111111
1111111
1111111
11111111
1111111
1111011
11111111
0111111111
11111
111111111
101111
1101101
11110
01011111
101
1101110
1110111
11101111
111
1
1111111
101101
1110111
111111111
11101111
0111111
111011
11111111
00011110
0001011
111111111
1
011
11
1
11
11
11
11111
11
111
110111011
1111
10111110
11101
11111111
1
1111
11111011111
11111
1110111
10111
110
11
110
111101110111
11
11
1111
1
001111111
1111
11111001
11
1111
11111110
111
1
1
111
1
11
1
11
0000
11111
0100
1111
111
11111
0
0001011
11111100
0111
11101
11
1111
011
011
11111
01
11
10
100
11101
1111
0001000111
1111
1001001
1111
01000010101
000
1
110111
1001
1101011
1111
0111100101
1
11
0001011
1
00
1
001100
111111
10
0
111011
111111
1
0111
101
0
11
0010
1111
0
1011110110001010111111111
11010110
11111110111111111100111
0000110
0000
0101000100000000011111
1010
