1
0
10110
11101
110
0111
1011
11
1110
1111
011
111
1111
110
11
11
0
11
11
1
11
1
10
1
01
1
10110
1
11
1011
1
1
11
00
1
1
10
11
11
11
0
10
10
11
0
10
1
1
1
1
01
10
11
1
11
10
10
11
1
1
11
0
11
11
10111
10
00
10
11
1
0
01
101
1
01
1011
11
11
11
01
111
11
11
011
101
0
11
11
0
0101
01
010
10
01
0
111
10
11
11
001
0
010
111
0
11
111
11
111
11
11
1
1
11
111
111
1
111
00
1100
11
11
0
11
01
11
10110
110
010
0
0
0
110
1
111
111
111
1
011
111
11
111
11
0
0
01
10
11
11
01
111
111
11
1
11
11
000
1
11
10
1
10
1
01
11
111
11
1
11
111
0
1
00
1
1
1
10
11
011
11
11
1
11
111
11
111
1
10
11
1
1
1
111
11
0111
011
11
111
001
11
1
110
111
111
11
11
11
111
111
111
11
0
11
101
11
111
01
11
111
11
111
0
1
11
10
1
0
1
1
1
11
111
1
011
111
1
11
11
11
111
111
0
01
11
11
1
1
0
11
10
11
11
1
10
1
0
1
10
11
00
0
1
0
00
0
1
01
10
0
1
00
01
0
1
00
1
10
0
1
11
0
1
0
1
1
0
01
1
00
1
1
00
1
1
1
1
10
0
10
01
11
11
10
01
1
01
00
00
0
01
11
01
01
01
11
00
01
1
1
00
01
0
1
0
1
0
0
01
0
01
00
11
01
0
1
00
0
0
01
01
1
1
0
10
11
01
01
01
10
00
1
0
1
01
10
0
0
0
01
01
1
0
1
0
1
1
01
0
01
1
01
01
0
01
0
01
0
01
0
0
1
00
1
11
00
01
01
11
01
01
00
11
0
0
1
01
1
11
0
11
1
0
11
0
10
1
0
0
00
1
11
11
1
11
10
00
11
11
1
00
1
01
10
0
10
10
1
11
01
11
0
11
11
00
10
110
011
10
11
011
11
11
111
1
111
11
1
011
1
10
0
1
0
01
10
00
10
10
0
0
0
0
111
111
00
10
00
0
11
10
010
100
1
01
110
10
10
1
01
111
11
110
0
10
0
1
0
0
0
00
010
10
00
1
1
1
0
0
00
1
0
0
110
111
11
11
1
11
111
11
11
11
111
100
111
11
111
011
111
11
11
011
1
11
111
111
111
111
11
1
11111
111
111
11
11
01
11
011
11
111
1
11
11
1
11
1
11
111
111
11
111
1
111
111
11
111
1
11
01
100
1
1
1
1
1
1
1
1
1
1
1
1
1
1
1
1
1
1
00
10
111
111
11
11
11
1
1
111
0
00
11
1
11
1
1
1
1
1
11
1
11
11
11
1
01
11
0
1
11
1
11
1
00
0
0
1
1
0
1
1
110
10
1
0
11
10
0
0
11
0
10
0
10
1
00
1
11
1
