0
11
111111
111
110011110
011111111101011
11101111
11111
10101111
1111110001011111
11111111
1
111111
1111101
11111101
111111110111
111111110111
111111
1111
101111
1111
11
111111
111111110110
11111110111101
11111
11111
111
11111
1100011111011010101111011
1111110010110111
111111
11111111
1111110111
111111011111
1110111111
1101
111
11111
11111
1111
11111111111
1111111
111111111011111110
111101111
100111
101110111
1111
11
11111
1111111
01111
11111
01111
110011000011010111011010100101010101111111
101110101011
1011010111
1111101
1111101111
1111
11111
111111
1111111
111111
111011
11
11111
11111
11111
11
1110111111
1111111
11111
11110111
1
111111101
111111
111
11110011111
1111110
111111
1111100111
1101111
1111
1011
01111111
101111111
11111
101111110111
11110
111
0
11
1
111111111
1
111111011100111
11
1100
11111
111
11101111111
11111
101
1111
1
01
111011111111
11
111
0
0
11
1111110101100
11111111
0
11111111110
1111011111
111111
0
111111111
1100
111111111
11
111111
11110101111
11110111111
1111111111
111111111111
1
1111111111111111
111111111
111
1
111101010011111111
1
111
1
1
00
1
1
1
1
11111
1
1
11
0
111
111111111
11
11
11
1
010
1
0
01
101
0
11111
011111110011
1111
111111
1
111
11
111
1
1
010
111
111111111
0
11111111111
111111101
111111
11111111111
1111
011111
1
0
111
111111
111011111111
0
0
0
11
1
0
1
0
0
11
11
0000
111
10
1
1
1
01011
0
110
1
1
1
1
1111010110101100011
0
11
1
111
10
1
011
10
1
1
0
1
0
1
1
0
1
1101
1
1
11
0
11
111
11
1
0
1111
0
11
0
11
1
111
11
111
1
111
101
011
111
011
11
0101
1101
011
11
11
11
1
01
1
11
1
111
11
10
11
11
1
1
10111111111
11
111
0111
11
1
1111
11
1110111
111
11
111
111111
1011011
1
011
111
111
111
1101010111
1110
1111
111
11
11111101
011
1111
1101
11
111
11
1111011
10111
111
11
111
111
11
11
11
1100111
10111010
111
111110010101111
11
11111011100
1
1111111111
1111100
101111
11110
111
1111
11111
110011
11111111111
1
0
111111101111
0
101101
111011110011001001101
1
01
1111111111
11
11001
11
11
10110101101
11
11111
110
11
10
1
1
00
01
01
0
0
1
1
000
1
0
000
0
101
01
010
01
1
1
1
000
00
101
0
10
0
111
01
00
110
000
11
00
1
00
111
0
00
000
01
1
100
100
0
1
10
000
000
011
0
100
000
1
0
1
001
0
10
01
0
111
000
110
1
00
011
0
0
1
1
00
010
1
1
1
010
00
00
0
10
11
00
000
001
00
0
0
01
001
000
01
000
1
00
001
00
101
0
00
0
11
1
1
001
0
100
01
00
0
10
01
100
0
0
001
010
0
000
01
00
0
001
00
000
011
000
1
0
1
000
00
0
000
1
111
0
01
0
1
11
1
0
111011
111
1
1
1
00
0
0
0
0
0
10
11
1
01
1
1
11
111111
111
11111111111111111111111111111111111111111110111111111111
01111
1
11
11
000
111
1111111111
1
1
111
11111
11111111011
0
111
11111111111
111
0
1
1
00
11
1
1
1
11
1
10
0
0
1
011
111001
00110
1111
11111
11
11
1
01
1
01
110
1
10
1
10
1
1
010
1
1
1
1
1
1
000
1
11
001
1111
1
0
11
01
1
0
0
1
1
11
11
1
11
11
1
0
1
1
11
11
01
00
0
0
00
0
0
0
01
1
10
0
01
00
00
10
00
1
0
10
11
11
1
1
0
00
1
11
1
01
1
1
111111
0
10
0
0
0
0
111
11111
1
1
1
00
00
111001
11111
1111
101
1111
0111111
111111101
11
1
1111
1011
1
001
0
110111
1
011011011000000011
10111101
0
1
0
00
00
00
00
0
1
0
0
0
0
1
00
00
00
00
00
00
1111
0
00
00
11
0
0
1
00
0
0
0
0
1
10
00
111
11101111110
0
101111
0
1110111
1101111
11111
11
00
1
0
00
11
1
0
0
10111
0
001
0
0
00
1
0
0
10
1
01
0
00
1
00
0
0
1
0
1
0
0
00
1
1
0
00
0
00
00
00
0
01
01
00
1
1
0
0
0
00
0
00
10
0
111111
1101111
1
111111
111
11110011
11010111111
1111
0
01111101111
00000001010001
0
0
1
0
1
1111
111
1011
111
11
111
101
111
1
1111
1
10
111
111
111
111
101
111
1111
1
111
111
11
1111
1111
1111
111
111
11
1111
00
11
11
1111
1111
101
00
11
0011
1111
11
011
111
110
111
111
1011
1110
111
0110
111
111
1
1010
1
11
1111011
11
0
01
110
11
1011
1
100
1111
11
11
111
111
11
11
110
10
1
11010
1111111111
01011
111010
01
0
11
11
11
0
11
1111
010111111111
11
01
11111
00
011001
111
11110
111111
110111
1101
11
0111
1111
11110
111
1111
1010
0
110
1111
110
10
0
000
1
1
1
1
0
0
1
1
1
0
0
0
0
0
0
10
11111
11111
111
10110
1
01
1010
10010
1
1111
1111001111
1111
11111
1101
101111
1111
10111
111
111101
11111
1111
01
10
111111
10
111
1
110101111011
111111
100001001111101000001011110110
1110010
111011001
11101110001110
0111111111001110
111100111110111
1010111110110101011001011
010011001101011001101
1000011110110
1011111001111111011110
11111111011
10110111
01111
01000110111101011
0101010000001
0110111101000000
1011101101101010010
1101111110101101
111111111111
1111111111
000
1
0
1
0
1
0
1
0
1
1
0
1
0
1
1
0
1
1
1
1
0
11
01
1
11
11111111
0
1
1
0
1
1
0
1
1
1
1
0
1
1
1
1
1
1
11
1
111
1
1
11
0
101111111111011
010
11111011011000
111111111111
011111111010110
01111111101001
1011111110111
11111100001
0000110010111
111111111
1111111111110101
10101111111111
00000
1111110110110100
111111011111
11001101111101101110
11011111111
11011111010100
0
0000
111
0
00110
1
10111
101101001111101000101010110011010
011110010010
00110111110111000111100011111011100
1111100101110
11
11111111
1
111
1111
11010111
01
111111
1
011
1
1
11
110
111
111
11
01
111
11011
1
1
0
10
11
0
1
1
1
1
1011011111110101011011
100101000000
111001001110110110011101101110011010011001011101000111101000110
00111011110101011111010100010111111110111010
011100111
110110011011100101011111110011001110101101010011110101110101
1011100000
01111101110111001111011010
1010111101
101011111
1101101
10011011011011001101010011011100111010110101101110011101
111011110011111001111101110111100111110011011111
00111011010101011101111
11110001
00011111100010001011
101111101111111001110101111111011100
111010011111011011111011010100
0110011111111101011011101011001011111
100101101111110111110101010111
11111111
0
10010111101111100111110110101011101101111
00
111011
10001011100011111000101011110100
1111111101110111
011101110111011101111011010111111110001010101101
111111010011
10010111010110010110000111111011110110101010100111110101001010100
1110101011100110101100011110100
001111
00110110110111111110110101011101010111101111
11111111
10111110111110011011101101110011010
0101111101110111110101110100011000101110
110111111011000110
0001000101
1100100010000111100001110001111101111011001101010101111100110010110011110101010011101111001110010111110100
1101101110111101001111011011110111111
1101011111010100
11011011111110111000100
1010000000000110110100111
011100111101111111011
111001111110101010101
0101111110101111110101011010011001111
1010111001110111101101110101010001101111
11111010
1111110110110111101111110101011001110111011011111111110101111100001101011001010101101010110101010110111110110110111110101110010010
0110100111110111111111111010011101111101110011101010111011001100110111
0111101010010100
0111111011011011100011
1111001
011101110111110101
101101011011011101101
11011111111110011111000000111011100100
11001110001011111
011111101100000101010
011111101101
0
1
11
0
1
111
110
1111
1110110101
0111111100011000111001
01111111011111010111011
111101
101111111101011010
111110001011110111011
11111011110001100110111
0100101011101111101110011110000101110101001101010100110001101011011
010101111001
01010011100111110101
1111101101011101111111
11111111100111
1111111111100
11111011
100101010111010100011000110111111111111001
00100110110101011101111001001111101111011010001000111100011111001011011
101011110
101010111110110100101001011101001010101
111111
01101111100110101
11111
11111
1111101001010101111
11
1011101011110001001111100111
11101111011100
0111111111101000
11011
1111111011
110110101111110100
11111111
01111101011101
01111111011
1111
00101111111000111001011
10110111011011111
1111011010101111011110101101111111011010101001011101011001110111
11111111
1011101101011110100111
11011100111011
1111100101
1111001010111
11110111101111001001100111101111011101101001110110001001111011010111001000101101001101101
1
1
11
11
11
0
1
10110101010
00
111111
01110101010101010001011
1111011100101010001
1
010101
1
0
1
1
1
1
0
1
1
1
1
1
0
1
1
0
111
11
011110101001011111010011101101111
11111111111
11010000111001111110
11111111111101111
11111111111
0111111111
1
0
0
0
0
0
0
0
1
111011
0
0
0
0
1
0
1
1
1
1101111
1111111111
111111111111111
11001011111101110
11111111111111
1111111111111
11111111111
11111111111
1111111111100
11111111
00
11101
1
10101
1
1111
110111011011101011
01011110011011111101011101111110111101101011101110111111011010010101
10001011111011101010111110111
11111101111001101111
11011101101111101001011011111111011101011010101011010111110110
1111101111101111101011
101101011011011111
1010110111011111001111110101011011
1011111111101110101
111110011100111111111010101101110111100
1001111110101000
1111111001101101010010111
1111011110111111100
111111111101111010111010
1111111111011
11111011111111011011011101
11100000111111
111110111010111110101
110011111000
111011
01
111111111111
11111111011101
111111111101
11
1011111111111
11111110111
111111111110111
11011111110111
1111111101111
11111111011111
11111111
10110110111101
111111111101
10011101111111
11011111111111
11001110111110110
110111111101011
1101111111111111
1111111111011
01
1
111
11101
000
0111
11
1
1
1
001
01
0110011101010111011
1
110011111101111111011101101011001011111
10
1
1
0
11011
0
111111010111
1
111
1111
01
0
1
111
1
1
101
11101111111
1
01
11
01
11111111111111
111100
0
11
111
110
1011
11
1111
11
1
1
111101
1
10
11
11
111101110
11
11
101111
111111
11111111
11111
1
111
1111101
11111011
0110111
111111
1111
1111
11110111
1111101
11
101011
1011
011
0101111
1111101
111
000
1
111
111
11
1111
01
0
101
0
11
11000
1
11
0
1
1
1
0
0
0
1
10101
0110
1
1
0
0
1
1
0
1
0
1
1
1
1
001
1
1110
0110
100
100
111111111111100
1111000
1101111011011000100111
00011111101111111
1111111111
1011111111
101111111101
111111111101
11101
1101101001
01110010
11101110011010111011
1011110011
1011111011011
0111111111101
110101000
111011010011
11111111111111001
1110110
011000
01111
1111111111
11111010
11111111
10111111101
1111100111110101
1
1
11
11
1
11
11
1
101
111
111
11
101
111
010
110
11
1
110
11
11
00
10
11
11110101
1110111
111111
11101
01010110110110
11111
1111000001011111
11111
1101111
01111111010101
1101111111101100100
11111
11111
1111011
101
1111
1101111
11101111
11
1111
11111
1
1
11
111
11
1
00
10
11
110
111
001
110
10
11
10101111101
11
1111
111
111
110111101011
111
0111
11011101
011011
111
1111001
11
0
0
0
0
0
0
1
0
0
0
0
1
1
1
1
1
0
1
0
1
00
010
100
00
111
01
1111100
000
101111
11
1111
111001101101
11111
11
111101101
11
111
11111111
111
111
11
11111100
111
11
11101
01
10111
11
111
111
111
10101010101011011
11
001110101
0
11
0
0
11
1110111110101010111101101100
11
11
111
111
1011
10
110100110011011
111
1
11
111
011110
111
111
1101
01111101010
111
11
1100111
11011
1101
1
101
1
0101101111111
110
11111111110
010010111000111111010111111111011101011010111011011111101100
110
1
111
1
0
1
1
01
11
1
111
110100111
1010
101001
11
1010
1011110
1111
11110011
0111101111
110001011111010101
11
0011011111011011100100111
01011111000
11010000101111101101011000
10110011111101011110101010101000010111011100011
1111110
101100111101111
101001001101
1111
0
11
0
110
00111
01111
10
01
111101110110
00111
11111110110
11111110110
011011010101010101011010
01011101
110111001111011
1111
011010111011110
111101001110101111001010111110001011101
1011110
00111011
01001101010
1
011
01111100010101
111010011
11010010111110110001001
1
1010101100010111
011
01011100111
00011011011101101010101110010
0111101010101110110101100
111001
1001
01101100111
10
10
1000101101
010
1110
1111011111
11011010110101
0101001111
110101011101011000111010001010111
011
1001010111101010110101011
011111
0011100100100110010111101110100
1
1111111000110
1011010101010
101101010111111011100000101
00
011011110001
11011
10
111
10
0
0
0
11
0
0
10
101
0
1
0
0
1111
10111
111111
1111
111010011110
011
111110110101
111101011
0101
1
111111
0
01
1
0
1
0
0
1
0
0
0
0
1
1
1
0
0
1
1
1
11011
11011111010111
1
0
1
0
1
0
1
1
0
110
1
1
1
1
1
0
00
100
1
1
0
0
000
0000
1
1
00011
101110
11
1
11111
11
0001011
10101
1101011
111
11011011
10111
11
1101001
1
1
11
1
0
11
11
0111101
11
111
1111100
111
11
100
111
101111
111
11
1110110
1
011
1111111010
111
1
011011
0111
0111111011011010
10101
0
0
10
1
0
11
11111
101
111
0011
011111111010110011111
111111110111010111101
01011111101011101011111
01111011111100110111
1101011101
1111111111
100011111011011111100101011101111011
01011001111111111101101110011
111111110111011111110
1111111
1101111111111101011
001111110010111111111000101111
11101111000111101110100
1110111100011111111
111111100010111
10111111011010111010
111111111
11111111
101111111
01111111011110011111111
1011110101110011001110110
1011001111111110010111011111
0101111111110111101111111
1
0101111
0
1101011010111
111110101011
101000111110101111101
0111011101110010110111111011
1111111111101
1101111111110100111011010111100111111010110111
1111111111
10101101100001111011110
11011101110111011101111111011101010
1101110111111100101
1111111111
111010110111111100010101111110111010110
111111011111010001
11111111
11110111011100111101
0011111101111111101101
110101101110110111110011001111100110111
111011111011101010011
11101101111111
111111011011
111011111111011101111101101010010001010111111
1111111011111011111
1111111111
111111111
1111111111
110111011111
0110111111110111001
1111111111
1110111111
111101101110101111010111
11111101010011111
1111101111
11101110111010111111
11100111111
010110111101111010011010101110110
01011111110111111
11101011110100100110101010011
1011010111110110011101101111011101001
01011111011101011011111010101111010
1111111011
11011101001110111011
1101111000011011011010101110110010101111101111111001110110
1111101110111110111
01111110111111011
11111111111110110110
100111011011111111101011
1011111010111101111111101
0111111111010111011111
11111111011010111
001111001100110101111111001010111111001001011010
11111101111100
1110111110111110111101101010111111
11110101111101001
111101111101110101110111
1011111111
101111010011110111001010011110111
11111101111111
11101111101
1101010110100101010101100101001101010110101110111110101011011
11111010111111101011
11111111101011
111010101111110111
1111011111001100
1010110111011111001010111011101110110111
11110101111111
111010111110111110101001010101111111
0110010
11111111
11101111
110111110110111
10101111010111101011111101011100
11011111110111111111111
111
111011011
01011011011111111101001110011110
10111111111101110010011101111111011
1111
11111101111110101111001
11100111111110111100
100101011110111111101101111101010100
01110101111111110101001011101111100
11110101
1111011111111
011011101111101110111
111
111111111
1111011111110101101
1
11
101101111010110110010110111011101101011000101101011
01011110110111110001110011011010111100011001101111110100001011
1111011011
11111010001111111101101
1110110110111
11111110
11010111111011111010001011011001010111
1111111111100
1111011110101011101101011101101011101
1
100101011010100101111110011101111101000001011011100
0111100111101111010011110011
1110101111011100011010111101010110
111111
01101111011111
11110111011111011
1111101110111
1010110111000111111011011010101011110101011
1001101111011110110000
110111
1011
1010011110101101100011010011110111101111011000
01011110111101110110110111101101
111011110111111000101
0111111110101011110
111101111
1
111111111011011
1111110111
11010111
1111011111111
0110
1101111101
111111111
01101100101100
0111
111101101011101110
1111110011111
11111111110
11110011001011100101011101110010
11111111111
1011010101010010111011010010110101011110
11111111011110
11101011101111
11111111110
111111110
0110001111111001100111111011111111011011
10111011
111110111
10101110001010111110111010110011010110111
110110011111011110101111101001
11110111
1101100001011
1111110111011101
0111011111010000111011111110110010
11111110
1111010
1011
0000
11011
00
1111010110111011010011111110110010001011
111001111011111001111001101110011111011010111
1110011111111011011000101110101110110111100
11111011111
110111111111101
111110110101
1111011011
100111111011111
1101011110101101110
111111111110
1
010101101001101001110110111111101110111
01111111110111
101111
11101111
111111
011010010110111111010111010110101110010011010010010101110011101110101010
11111110111111
011
1101110111001110011011111010
11111111111
11111111
11101111111101110101111
1
1011101111101101001010110101010110111
1110111101101111
1111101101111011
11111111111011
11011101111101111111
01111101110001010101010100001001110011011011110111
11
10110111011111011
0111101011111101
101011110011001110111111111001
11
