0
000111
1101110
1
1111
011011000101001
10110001
11
10
11
11
00110
01
11
11010100
1
1
01011
0
11
11
10
10
11101001010
1011101101000
10
0
1101
0011
111001
01
11
10
1
00
10111001011001
11
01
111
011
1110111111
01111
1111100
011111
111
111011
0111
1
1110101110
01111
11111
11111011111111
111110111
111011111111
1011
11111110001
1111011
11111101111
0111
11
111011
11111
1110
11111
0111
11111
11111
11111
111
11111
1111101
011111101111
1110110101
1101
111
111
111111
1111
110111011011
1111
1011110
11111
111101010
1111111101000101
110
1110001110000
01111
11101101111
11101111
11000
1111101110
111101
011111011101100101
1001111100000110110101010001101001101
111111101111
1111101
11
1111
011
011101111111111
11000100111110111110111010
111111111110
00111111011
111111011
11111100110101111
111
11011011111
1111110111110010
11111
111111100
11111
11111101
110111111011001
1111101
111111
11111011111110011
11111110
11111011111110111001011
11111011
11111100111011111000
001111111010001
11101010100011011
111
1111111
1110011111010
11111
10101111010011
11111101110110101111010111
1
1101100
10111011
011111111110000101
11110111111101001
1111
111111110
11
1111111001011010
10
0
01
1111111
011100101
1111111011111
11111011
111110111
1
01111
111111
01111
11101010
010111
0110
11
111
111110
1
10111
111110100100
11011100111
11111
01011
1111111011
11
11
1
11
111
010111
1111
1101111111101101100011010
000
101110
1110111
11101101101111
11111
1011
01000
11101
11
100111
1111011101
1
111100
11111010011001
11
11
01
10111
1
11
1110
1011
111
111
1100011
11
101101100
11
1
110111
1111
11
111110
11101
11110111101
11110111010111
111
11111101010
11
11110111110
0
1101111111
1111111
1111111
11111111
11111111
11110111101111
110
0111111011101
11111111
11110001
0111100
11111111
011110101111
001
0011
10
011111
11110101111
1111101101110111
111111111
0
1111111100
0011000001000
1111101
11111111
01111110111
010111010110111
111001111
111001010
010
1111101
01
01100001100010000
1111
01101100
01011000
11
1
0111111111
1111111111
111101101110
00000
1110110100010
100
111
111
111010
1001011101010110011
1111101111
11111111
1101011
011111111
11110011
1111111
111111111
11111011101
00
11111
11011101011
1111101011111100
111111111
00110001101100
0111111000111110
0111
111101111
1111011111
10000
111111110
0000000000001
111111111
1111011
011111
1111
111
111
111
11
1111
111
011101011010111
11110
0101011
11100
0111
10
01111
00
01111
111111011
111111100
010
11101100
01
11011011
10
1
11111111
011111001101010
11111111
111
0111
111
11110
111110110111
1110111010
1100
111
11
1
11011
111
01111111111101011010
11
1
111
11100101010101111101
11111
001011
11
111101
111
001
11
11110
00100010
1111100
011101110100
111
1111
11011
1010101000
111111101010011
111
111110100
111
111011
111
00
11111011
0
001011011
1101
101
11111111
111110110
0
011
0
1101
111
11
11
1111
001111
111
111
11111111
100011
11
10111111111
01
110
001
111000
11
11
111
0
1101
1111
1111
1111
1011111
110110
011011
11
0111
110000100
11
111
011
1010111101010
01110100
01000000
11110111
1111111011
11111101
111110111010
11110111111110
111111101
11011111
111101111
1111111
1111111100
1111111100110
100010
1
11
111
1
11
1110101101
11110111111
1111
111111101
00
01
1
10111
1
1111111
10
01
0
111011111
111110010011100
111110110101
11111100110101
00100
0
111
111
11
1111
00
1
1111
0011101
1
110
01
1110001
01000100100101101
1
0111
11101011010
1111101101010
000
01
11111
010
010001111100111000111
1110101
1111100000
11110111111111
11111
001101101011000110101100011010000
1
1
00110
11
11110111110011
111
001
01100111
101
111
110100101100
0111
1111111101
11011111
11111
111
11110101101101
110101111
11111111
00
1111110
01110101001111
1110
11111111101101
01101
1110101
0
111
0111
111101111
01111
11
111110
0
11111
1011001100
11
111
111
111
111
1100
111
0
11
11
01
1
0
011111111
111000
1
111
01
1
00111
1101100000
010111
101001
111
0
0011
0
111
11
11
1
011
111001
111
1
11
10
0
1
1
111
11
111
111
01
1
11
1111
11
011
10111
11
11
11
1
00111
111
1
011
111
111
111
0
01
1
11
11
111
0111
00111
1
10111
11
111
11
111
011
11
1
1101110
101011
11
1
11
1011
011
1101
1
011
1
11
111
11
1
111
011111
11
1
0
1
1
01
1
1
11
01
11
1
1
01
1
1
10
11
0
0
10
01
01
11
1
0
01
1
11
1
11
11
1
1
1
01
1
11
01
1
1
1
10
00
11
11111010101
01
111
0
111
11111
11
11
1111
1001101
111
11111
11
111
0
101
0100
11111011110
1
101011
111111
11111110001
011
1111111
11001100101101111
1111
10111011111011100110111011
11110000111
11001011110111011
1101111
1111
011101111111011
1
111101
01111111001111
1
1111
1111
01
111010111
0100
11
110
11
01
010
01
01
1
10111
100011100
111
1111010101
1010111
1
01111101111111110
01
11100100
00111111111
0111111111111
1101001
1000
1000
1
000
0
00
0
0
1111011
010110111110001100010001
00010
1
10111111
11
0111
11
111
010001010000110000
11101
1
111110
111
1110011
0
00111
1111111
1101
11
011
1001101010100111001000010101100110110
10110101
1
1111
01111
000
111010
11
111
1110
1
11
11
11
01
11
1111
111
101
11
100111
1
111
1111110
01
00
0011
10111
111
10
111010
1011
1
1
10
01011
1
1100000
111
10111
11
1
0
1
11100
0111
11
111111100
1
1
00
01111
111
01010100000101000010000101001
11111000
11
11111
1101
111
111
01001001
11
111
1100
11
111
1
111
0100
0
1
1
1
1
1
1
0000
1
1
1
1
1
1
1
1
1
0
1
1111
011
11111
01011
111
010
100
1111
01011
1111
11111
111
0
0
00
1
0
11
011
111
0
1
1
1
1001
11110
1
1
1
111
1
1
0
111
1
1
1
11111
11
11
1111
111
1111
101
0110
1
11
1111
1111
01
11
11000110
110000
0010011
11110101101
111
01
01111
1
001
111
01
101111
1110010101
101011
0111100
01110100110
1111
110
1
00
11100
100
111
0
0
1
1
0
1
11
1
11
11
1
11
11
1
10001
0101100101101010
1
1
11
11
01
1
00
01
11
01
11
1
1
01
1
11
10
1
11
1
0
11
0
000
000000010100
10111
0001
0000
01
00
011
0
00
10
0
11
0
11
11
0000
01
1
11
01
0
11
0
11
01
1
010
0
10
11
00
0
1
01
1
1
00
10
01011
0
01
11
10
11
1
1
1
1
11
1
11
111111001100010100
11
111
1
10
00
1
11
11
11
111
1
111
01
11
11
1
101
111
10
10
1
01
01
11
11
0
111
111
101
101
01
1
1
0
11
1
111
010
11
11
10
0
0
1
111
1
111
1
01
110
11
11
1
1
01
10
1
1
1
10
111
01
00
11
111
00
100
0
11
1
11
01
1
0
11011
11111111
00
10110
011
111111111
11111011111
111101
110
111111111
0
111101011111101
111111111110
111111110111110011111110
1101111111
01111101110
01111111
11111111
11111100
0101
11110111111
1111111110
1011110111111
1
01011
1111111111
111101110
11110111
110111011
0111
1111
111111
11111111
111110011
011111110100
11101
110011
111
110111
11111111
111111
01111
1110111
001
01111
011111
111111111
1101
1111101
011111
111011111110
111
111111110
11111111
0110111
110
1
1
01
11111
11111
1010100001101001000
1
0
1111
110111100
111110111
1110011
11
1
11111110100
111110111110
1001010
11111
01111111111111
111011111001
1101111
11110110011111
10101111111011101
111111111
1101111100
010110101111
110001001100
1010111
10111
11001
11
1111
111011110
0111111
1
1
01
0010
111101111101
1
1111110101
111101110111101
01101
01000011
01110111111101101011111
1110
1110100110
11111111
001011111111110
00
001
11101001010000
001011
110
11101
110
01
11111011
1111011100
0
1111101111
101001111001010110101
1111111111
1101110111
11111111
1111111101
111111100111
01110111
111111111
1111101000
11111111
111
1111111
01111111100101010
1000
1111101
000
110111111
100100100001
1010
01000111
111101111
111010
1010011
11011
000111
11111000
11111110011101111101011010110
101
111
0101
10001
1
111
110100100000
11101111
11
1
11
1
11
11
1
11
11
0
1
11
1
1
0
1
11
0
11
11
11
1
1
11
11
0
11
1
01
11
1
11
10
11
0
1
11010101
11
101
111
10111
1010111
111
1111
11
1
1
111
1110010010
1
111
11101
11
11
0111000
1011
111
00
01
1
1
11
11
01
1
1
1
11
0
10
00
1
0
1
00
11
01101
01011
101111
111110
101
1111
1110111001
1110111111011
11111010
1
11
111111
011111
11
111
111
111
1
111111110
11
011
111
1
11
1011111
111
11
11
11
111010
1
011111
110
011111
0111
1011
11
111
111100101
1011
11101011
111
111
011
01110101
1111
0
11
11010011
01111
0111111
000
00001000000
11110111000
01010
01101110101101110
1111111111
1010001100111
11111000010110
0001
1000
101110001111
010
0
1
011011
0
1111111
111
111
11
010111
111110101111
1
11
01
01
1
110110101
1010111
011
11110
1111
0100
1111101001000101
0
000101
0
0011011111
111110110111011110110111
111111110
001111111
01011011111111010111
101111
11111111
11111111
111111
1101101111100101101111111
111111111111101
101111110
111110001
1111
1111101101111110
0
11001010101011
01
1111111100001011
010
11111111
0
10
0110
0
0111
0
11111101011
111
1
1111001110
100
1111
110111111111111111
1111
011110
1111111
1111110111011
11
110111011101111110101
111111111110
1010111001000
1011
1110101111111011
110011111
101111011110111101
11100011110110
01101101101111
1101111
111111111111111
101111
010100111110
00
11111111101
1101100
01011
111
100010
01111
00101001
1101011
11011101
01011111
00
11
1011001111
1000101101
11111110
11111110111111111001
111111111
1101110
111101101111111111111110111
10110101010001111
111
110001111111
1101111111
0111110101111101111
01111111
111111111111
11101101101100011
1111010110111
11011111
001100101001101
1111011111101101
00
0
0
0100
111
11110001101
11111001110
1011011
0111
11111111
1111111101111
011100
11010110
11111101
1111110
011011
01011111
10011111
11101110
011101111
110
0110111111
1101001111101111
101111
01111111
11111
0111
1111101111111
1
0
1
1
1
1
1
0
00
01
01
01
111111100
1100111
11101111
1101101
11110111101
01111111111010
1111
00111
111111100100101
11111
1011111000100100110
010111
11101101111110101
0111011110101
1101
0
101111101011001111010111011
011111101
1011101101101100110
10111111001011
1111101
11100111101
11
11
1111100100100101
1111000
11
11111110
1111111
00101
1
001
111
111
110
10111
10
1111
111
1111
11111
0
0
1111
000111
11111
11
11111
011
1
10
11
111
10010
111111
11011111101
11111100110000110111
1111101101111
11110111111
11111111010101
111101111
11
1011111
01
00
11111111011110
0011111011011001001110111101011110101001010001101
111011010
110010010101
000000
11111
1001011011
0
000000
0
0
1111111101111
001
101
01000000
0
010
110111
11
011
0
0
10111
00
0001
0
100
0
111110
111001101111
111110110
111110
1011101111010010
1011011111
01111110
1
1110111110111101
111011
011101001101011111
011111
01111111110011111100
111111001111111
11110111
111011111100
011
111100111
1111
11111011001001111
111111
11111011101
01111001000101110000111000010101
1111111
11111110
111
011111110001
111111
11111111011
111110001111
0111111110111
100011110
01111
11
111110111101111101101111
011
111111
111011011
111010
1111
1111101110000
111111
1110111111010
111110111010111001111
1111
00100011111
110110111
1110110011
1111111
11
111111
0110011111111
1111111
1111010000111111
11111
111111
11
01101111110010110000100011011111110110
0111110
111101111
10000001
0
10111
1101011011110100
111
11111110
0
11101101111111
11
0
1111
11111011001101010101
111000110101
001111010100
1111
1
1110111
111
111
1
0111
1101
11
11
1
0
11
11
0111
11
10
11
01001111
111101110111
111011001101011
11111011111
1101110010
101111101100
0101000001
0100011
1111001
1111
1110111101
1111111
111011
1111
11111101
0111001100011
000
111101111
110000
10
1111111
100
101111101111
11111011
0
10
01110111
1
00
1110
111
1111110010011001
1111011011001000011000000
1
01
0111
1
11
1
011
11
11
1111
01
101001
10101
111
100101111
111
111
111
11
011
1
10111
101011
11
0111
11
0111
111
111
101
111111
11
111
101
11
100011010001
11
111
1011
1
1110011
01111
110
1
11
1001011010010
1011
11
111
111
10110011
111
11110110010
11101
111
11
1111
01
1
11
11
11
1
11
0
11
01
1
11
1
1
1
1
1111010100
11
1
111101001
1
1
1111001
01
1
1101
11
1
1
0
1
0
1
1
100100010110100011
11
1111111
0111110110
0
111111111010
11111111
10111
0
0
1
1
1
0
01111111010011001101
1
1
1
1
1
1
0
1
1
111
00
1
00000111
001000
0
1111
111
1
111
01
10111
110010
1111111
1110111
011
11
0111
11
01
1
0111100
1
1111
11111
111110
0011
11
1
11
11
11
111
1110110
0011
01
11
01
111
11
011
111
10111
101
101
1011111100100101001
111101011111101
1
0
110110001101
101
0111
11010111
1011100
0
01111111
1101
110111
1111
11
1111
0011
01101111111
101101111
111111
11
11111
1110111
1111
11101111
10111101
1111
11110
11111
11101111
111011
1011
111101011101111
111
01111
1111111
10111111
11111
11110
100111110
111
11111
101111
11111
1101
11
00110
111
11
1111
11111
111
11
011
1110001111
111
11
1111
1111111
111
00111
1111
101
111
111
11111
101000
111101
0
1111
11
1110
111
111101
0000000010011011001
11011111
1101
000000000011110100
0001010110011101001000010
1111000110
01111
111101111
111
0010100011100101110111100100011100
1100
001
11110110
111
11
011011
11101110
000111
01010
111
1
100111010100
11
11
11011
11
1110
1111010
011
11110
11
0
1
111
000
11
00111
11111
11101100010111101
0111110100100
101111
001
1
1
111
1
1
0
0
1
1
1
1
1
1
0
1
0
0
1
0
0
1
11101110010
010111
0
1111101
1
1
1
1
1
1
0
0
1
0
1
111
111
1
1
0
0
11
1
1
1
0
11011
11
10
111100
011110
11110010
1
0
0
1
1
1
0
1
1
1
1
1
1
1
1
1
110
00
0
0010
1
0
1
1
111
1
0
1
0
1
0
1
1
11
111
1
1
1
110101111101011
1
011
111
10111
101111101100011010001
1111
1110
11
11
1
0101
11011011
1111110001101101
10101101
001000
11110101
1
011
111
10101
1101
1
1111
00
1
0
1
1
1
01
0
1
0
1
1
0
1
1
0
0
1
0
0
0
0
0
111001111
111
11
11
111111
101111
111111
0
11011
111
1
1111
11
0
011001111
1111011101100
1
111100110101
011
100
1010101110010100
001
10
111
10011
1100111
11
011
111
1010
0
1
1
10
01
10010100
000111
10010001101
000010000110100
1101
1111
11101
01110
1
101011
0010010001010000000
11101
111
100
1
111
11
00111
111011
01001011
1111011
11
0
1111101
11
011
11110
11110101011001
111
111
10
11111
111
101
0111
1
11
11110001011
0101111101
111111000000
1111111
1
01
1001011
1111111
1111111
111
1
0
1
0
0
0
1
0000
011111
11111110110
100111110
1
0001
11
111
0111
11
111
1111100
000111
111
1111
01
1001
110
111
101011
1
11
1110100
111
11
111001010
1111001101
01110110111100
111
11
110
111
001
11
11
111
0111
111
11
011
11
001
110
0111111
11
0111
11
1101010
11011001100
111
1111010
11
11
01111
11110
0111
11
1011
111
10111
111
10
011
111
1100
1100
000111
11111
0110
0111
111
11
1011111
1101
111
1110111
11011
111
011
1100
00111
111
111
11
011
11
11
111111
111010101
111001011
0
10111
11
11
111
110001010010
0111
111
111001011
10111
11
0
111
001111
101
100
11
011
0111
0101100011
11110001
1111
1011
1011011111
1110
11001111
111
11
1
11
11
1111001000
111
111000
111
11
11
11
1
1
11
001111
1
11
011
1
111
1
1100111
01111
0
0
0111
11
00
1
11
11
111
0
11
11
000011111
1
110
111
0111
0011
11
111
011
011110100
0011011
11
0011
0111
11
111
111
111
111
110
111
111
11
1
11
111
111
1101100
111
1
111
1110011
111
0111
111
11011
01
1100
11
111
011
111
1111
111
1110110
111
11
1
111
111
1
11
111
0
1
111
11
11110011
011
11
0
1001000
10101010110
1
110110011
0
11
1101
1
11
10111
111
011
111
1011
000
011
0
10111
11
01
0
111
1001
111
1
011
011
111
1
111
111011
1
1
11
111
0111
110
1
1
10
11
111
11
11
1
0
1
11
111111
111
111
1
111
1
010111
0000
0
011
011
1
1110
111
1111010101
11011
1
111
11
1
0
