0
01
110
011
11
11
1
1
111
1
11
1011
00011
1110000
1
010
11
010
11010
111
00111
1001
100
00
01001101
1011
0111
00111
1
10
1
111
01100
10110
1010
010
00
11
1111101
0010110
01010100
0
1
0
1
100
0101
10
10
01
010
1
11
1
1
1
1
11010
1101011
1
1110110010
000
10001100
00
0
11
11
11
10000
100
1
1
111
11
011
01101101
01111
0
1
110
01
0
0
11
111010
01111
011
01110
10110
101011110
11101110111
00
01
11111
1101110
11
11
1
11
0
1
000
1
1
11
01
11
100
010
1
000
00
101
11
11
1
11
11
1111
10011100110
11
111111
10100110001
11
11100101101111
111110011111001100
1111010111110
1111
11110
1011
1111011111101101101
1011010101
11111
1110111
1111
1111
111
11110
1110111011001110
110110111010100100
1110011101
01111010001
111110
11110000110000000
100
0101
00011101
00111011
1110010010
1010
101
1
00000
1100000111101
1110
1001
0
0
0
110011
0
11
01
111111
00011101111000101
11110
10
1101
1
010111
1
11
100100000000000
11
00101100000
1000
0111111
01011
0001110
011011111010001
1010011
11111110110100
1
111110001100011000001000100
0001
01110
1101100110100
0000001110
1
111010010
101101
11
10000100
0110110000
1
000000001001001000
1011101111001011000110
011111111
1110011110111
0101011101
110100111
0011110011
111011111
01
1001
000001001
10011110000000
0011
1101001110
01111
00101001
0100000
10
0000
101
00
111111
010100
00
001
001
0
1
101
1101101101
1
0111
1010111
11010
0
01011111111010001
11111011111
1010001110001010
1101001
0
111
01010
0
1110
111
1
1111111
111
111111
11101000011110101010011111101000
010
11101
1
011
111100110011
10001011000001000001
11
011
111011111
11
1
101100
111
0100111011
111011
00011000
101111000100
111111
1
1
1
01111111
1111110000110
101
1
1
0
1111101111
1111100
1111
011
000001000000000001111000001101000
010101
100100111100
0001
11111011
1100110000111011110101
11100011100101011
11111
011110100
01011111
101111100
110110010
1110100110100
0011001111010101010101
11101101
10000
010111
11011111
00111
00011
1
001
1
0
1
101111
111011
10110100100010101
00000100011
10
100011
10111
0011011
00001011000
1011011110100100
01111111101001000001
111111010100
1111
0111
111110011101
10000110
01111
01101111001101000111110
0001101001
00
11111110
111111
01011010
11111
1110110110
00111000
111011
011
11101111001
11010100100
001000000
001001
1001
00
111
101
11110110100
011011100110101
10111011
001
1110110101111001
1
1
0
1
1
00011100101101
01111
000
101
1011
0010011
110111110
111011
0111010
01000
11
11111111000
11011100000111011001001
0
11010010000000
1111111010
0
10000000000000000
001111011010111010
11111101000
11101000100
0
01
00111111100110
11100101100110001
1111
111110011
1111
1
110110
0110
1110100111010
110010000000111000
1
0001
1
1
1
100
0111
11
00
111011
1100101
0
01
10011000
0
0
01010
11
100
111
0011
000001
1
001
0
011
0011
110110
11
11
111
011
0
1
011
0111
11
1001
11
111
0111111000110011
01
101110101000000011
01101
1
111
111
101
111
11
011001
10111
11
0
101
0000010
1101011010
111
10111
01010111111111
1110011111011
1110
1
1111111110110000
0011
01101011111110100101
1
0
011
10
111111010
111
11
011
01
1001
110
111
111
011
000000
111
110
111
1101100110011
111
000
11
1
11
01
1
101
11
10100001011110
1010
1
10000111
111111101001
11
1111101011110
111
1
00
11
0000
000000000
11
10110110101111
0
1
111110101110
1111110
1111101110110001
01111111101
1
01
111
010
111
01
1
111
1
10
11
110011101
1
00
1
00000
001
0
01001
1
111
1
01
00
0
001
1
11
00101
0
1
01
0010
000101011
0110
10101
1100110
000
1100111
110
01
1000010100
101
0111
00
0111010010111
1101
110
1
11100110100
1110111101110010111010100
0011
10111
000
0011
11101
100100
010100001001100001011001000
0101110
01111011
011
1101
0011111
11
1101111000110
111
1011
1
10101111
111101
100011001111
11100
01111
01011
110
11111
1111
11111101
1111
011
1101010
1
00000011
11
11100
01011
111
011
0010
000111
11001110001
1001
1110110
1010111
111111
11010101
111011
101100
0101111101
1111
11
111100
0101110101
11111
00111
110111101111100
011
0
1110111
11
1111
111111
01
10111
11
11101101
1101010
001111010111
0000001
010
001
01
01
1000000
0
0000
00
00
00110
1111
1
01
0
00010
0
0111000
1111
1
0
00
111
11
0
11
11
0
11
1001
0101
101011
00
1
1
1
1
1
1
111
1
101
1
0111
1
1
0
111
111
1111
111110
10110111
11101
11
111
1
11
111101
111110000000
1001001
001111
00
1110
1010111111111
1
1111101
11111111
1100001
01
11
110
101
11
00010011111111
110
1
011
1
111
1
11
011111
011
0111
11111
1
11
0101
11
111
1
1111
11
101
1111
11
11
111
11
11
1
111
11
1
11
11
11
11
10
1111
110
0
0
1
0001
11
11
0001
11
1
11
11
111
11
101
1
10
0
1
110
111
11
11
11
11
111
10
00
01
0011
1111
101
0110001
00
1
111011
11
1
10
11
11
11
1
1
1
1
1
1
11
111
0
1111
0111
111
1
1
101
110
11
1
1
10
00
1
01
110
11
101
001
1
111
101000
11
1
1111
11
11
11
11
111
10
10
110
111
11
11
001
11
11
111
11
00
11
111
1
1
1
10
111
11
01
01
11
00
0
11
111
0
011010
111
11
1111
0110
11
101
11
11100
010
01
0
11
01
111
01
1111
11
1
00000
1110100000
0000
1
11
11100101
00
0000
1000
1
01101
1
11
111111
01110
11
0
1
11
0
11
11
11
1
11
1
1
0100
1
0
1
11
000010
11
11
1
00
1
1
101101
1
00
01101
11
11
1
0
10
1
1
1
001
00
1
00
1
01000
1
111110
10
11111
11011
1
00
011111
111
0
1
0
10111
011
11
111
11
01
110111
111
111010001111111
101111111
111
11
11
0111
111110111011
1111
1
111
01
01011011
11111001
111
0101
10010111101111100100
11
1
0111
111
010
011
1101
111011
00011
111
1110110001011111
000101001
1110111
0
1110111110110110111000
0
11
01
0
101
0011
0001111
100
0
1
111
0
1
11
1000110
0111
1
001110
1
111
111
111
11
1
11
11
11
10111
0111
100001
10001
1
1111
10111
11
0111
111
011
011
010111
00
001
10111
011
000100
1001
00
101001
00011
10110
1111100
100001
0101
1001
11011
111
10111
001
111
11
111
01
0
11
10
101
11011
1110101
111110
10
11111
00111
1
0
1010010
1101
111
010101
0
0011
11
10011
0000000
111
011
11111
1
00
1
11111
0
1100
11
10111
1
1
111
00
111
111111
1
0011
11
1
1
0
0
0111
11
0
011
100
1
1
1
1
01
11
111
1101
1
0
11
0101
111
111
10
11111
0
111101000101
0110
1
1011
110
1
1
1
0
00
00
1
10
1000111
11
11
1
111
11
111
11
11
0101
011
110
0
1
1
1
1
1
1
1
001
11
1
111
1
11
1
1
11
1
1
1
1101
11
0
110
1111
11
1111
011111000
01
11
1
11
11
11
111
11
1
1
1
1
1
1
0
0
11
10111
11111
010
1110
11110
1011
11111
1110
11
1111
1111
11
1
10
10
1
0
11
10
11
11
1
1
1
10
1
1
11
1
10
1
00
11
1
1
1
1
1
1
1
11
10
1
11
1
1
11
1
01
0111
0
11
00
0
1
0
1
11
1
0
11
111
1001
111
11
1
11011
1
010
011
0
1
11
1
1
111
11
010
1
11
1
0
1
111111
0
11
0
11
0111
1
111
111
0101
1
00
0
10
10
11
101100111
0111
111
1
1111
1
0
0
01
1
0
11
10
1
0
11
11
11
1
1
00
10
01
1
11
10
11
10
0
11
0
100
10110
1
1
1110101101
1
01
0111
11
1
11
1
1111
1
11
11
01
01
11
11
01
11
0111
1101
11
1011100
11
1
1
00111
111
1
0
11000000000001000
11
0010011
011011
0111
0011
111
110
01
10100
0110
11
0
1111
1100
11
0000000010
10
10
011
10
1
0
111101
00
11
11
0
11
11
0
1
00
1
01
0
1
00
10
10
1
0
00
11
1011
10111
1
111
111
1
00
111
111
111
110
1
111101
11
111
0
01
11
01
11
11111
1
1111
011
0111101
11
110110
0111
0
1
11
1
111
1111001
110
0001
1111
0
011
111
001
1
1
1
110
111
1
11111
1
0
1
10
1
1
11
1
11
11
11
0
01
1
10
10
1
1
1
1111
1
1
01
10
0
111
11
0
1
00
11
1
0
0
11
1
11
0
1
11
0
1
1
1
11
01
11
01
00111
11
111
000
1
00
01
1
01
1
10
1
01
11
11
111101
1
1
11
0111
1
00
11111
111
111
101111
1
1
11
1
1
110
001
00
1
111
0
110
000
11
0
1
0101
1001
11010110
1
110101
00111
1
11
0
10
1010000
0
011001
111000001
01
1
1011000
011011
11111
0101
010
10
111
101
10
1
11
111
1011
011
11
000
010
01
1111
0
1011
1
1001
1
11
1
11010
1
1
1
1
1
0
1
11
1
1
0000100
1
0
1
0011111001001
111
1
1
0010000
1111
00110
1
111
1
11
1
0
1110
1
1
1111
11
11
0111
111
11
1
01
00
0
1
0
0
11
1
11
11
11
0
1
1
0
1
1
1110
1111
11
11
0
01
1
1
0
1
011
100
100
1111
101
1
1
1
1111
1011
1
11
1
0
0
10
1
1
01
1
1
1
01011
1
10
001100101000
0
00
01
1101
100
01
1
1
111111101
1111111
111110011
010111
11110010
11111111
0111111
111110111
01101110111
11110110
0101011
1111011110
001111111
1
111111
1000000
0
1
011
0
011
0011
100
0101
1
01
1001
0000011
0
0
1
1
0
0
0
0
0
0
0
0
1
1
0
100001
10
1
1
0
1
1
01
0
1
1
11
1
11
0
1
1
110
01
1
10
000
00
1
0
1
1
10
1100111
111010
0
00
010
01111111111000000101111010
111111001111110110111110111000110101101111110001000111010001
11111011011111110000100000110110
1000111011110100100000001100000101
000011110101101000001000111
0100010101110110001
110111111111110000001010110
0000000000111000
01110110010111111010101110010011011
1111010001110111110111011001010111100111110011
01101011111011011011
011110000001
0100000000000000
11111010101111111001110100000001010101111001
11
1
111011110
010111001101001111
11110111010
11
0100
111011010101000100
11
0
00
1
0
1
1
1
101011001110110111010111111100011010000001010100100
0
0
1
1
0
1110
0001
0
1
1
1
1
1
0
111
10
011
1111
1
110100000110
0
00111
0100110110110
1100111
110111010101111000111001
0
0111
1
11
000
1
10
01001
1
0
01111
11
111
0111
1111111
111
1111
11110100000110100110001101111000110000000001100011100111001011
0111101001111010101111100000000010011000
0110001110110100111001011010101110000000000101011000001000001000101
1101111
1100110111111101111001110000101001011001111100
010
001
1
1110
1
1
1110
10
1
0
11101
0111
11110011110110
11100
11
1
111
111
1111
111
0111
1100011101
1101
110
0
1
10
011
10
100
0011
101
0
111
01000011
1
101
0
1
10
111
11
11
01
0
00
00
00
000
0
0
1
0
0
00
0
0
0
01
00
01
01
0100
0
01
0
1
00
1
1101
11001
111
101
111101
1111010001110000
11011100110
110110000001
0111011
1110101
01110111
0011101
011011
111100011101
1110
111
1111101100110
11
0
11101111001
1
000011101010100000001
01
1
00
001
110
1100
111
1001
1
1000
1
1
1110100
01011101
0
1
1
1
11
011011
10
1
1
1011100
0111
100
111
0
101111
111
0
1
10
1
1
11
1111
11
111
0
0
11
10010
0110
0101
01111000
111
011
100100
01011
00
1
0
0
1111
011
01
0
1
1101
1
1010
1
0
0111
010100
1
1
1
1101
1111
1
00
111
111
0
1011111111
110
11111
1
1
1
0
1
110
1
1
1
11
1
1110
1010
111011
1
111
1
11101
011101110
11110
111101
001010
0
0
0
1
1
0
1
1
01001
1
1
0
0
1
0
1
1
1
0
0
0
0
1
1
0
000000011000101
1
1
1
1
0
1
0
1
1
1
0
0
1
1
1
1
1
1
0
1
1
0
1
001
1
1
0
110110
111100
1100111
01111
00
111
1
011001
11100110
111
000001
1
1111
1100111
0
1
10
1
1
00
1
00
1
1
1
0
0110
000
0110
0101
10
0
1
1
01
1
1
011
0
000110111
1110
0
11
11
0111
11
0111
100111
101
11110
111
0
1
11
0111
0111
111000
10100110111
1110
0111
110111
110100001111
01
00
10100101
11011
1111001111
111
1111
1110
010111111
111
11111
00
11111
1
11001
111
010111
11
111
010110011
0011
1101
0111
11010110101
1110100100
111110101
11
111
11100
0111
111
1011
111
111
001111
10
1
000
1
1
0
001
000
100
0110
010
0111
11
0
11
1010
0
11
11
0001011
11
1011
0011
100
1
110
00
1
010
1
0110
01
000
1
100001111
111001
011011100
1010000101100
110
1101110
111
00000
101
11
0
01
000
001
000000000000000
0110111011110011010001111100
0111
011001001100
11
11
110100110001
0110100010
1
1
1
0
0
0
1
1
1
1
1
1
0
0
1
0
1
1
1
1
0
1
0
1
1
1
1
0
1
1
1
1
11
1111
1
01
1
11
1
1
10
001100
1
1
00
1
00
0111
0
0
0
01
101001
00
00110000
1
1
1111
0
0111
00
10011
0
1
0
1
1
1
0
0
111
0111
11110011
1001
11
1111001
101111
111
0
00
0
10
1
0
1
01
1
0
11
0100
1
10011
1
1
1101000000
00
1
11
10
0
0
1
0
0
000
010
1
0
1
0010011
00
01
1
01
0
1
11
00
11
1
1
0
0
01
01
1
0101
1
11
1
11
10
11
0
1
1
11
10000000
01101
01
11
0
000000
0
111101011
101
1
00
10101011111011111100001110010110
010011101000000110
111010000100111
00100000111011011100011100
00001
11111101101
111111010100000001001
1111111001
011110010000110000010101
1111010111
011110000011001101000110001000111100011011000001100101110
100111011001011010011011101
1111
11
000
1111
00
01101
101
1
0111
111011101000010011101
0111101
010001111
11011011
010111001
00000111
1011010
111
11111100100
11001
0010
10
111000
00000111
0000100110
0011
1101011110
01
001111001
0
0
1
1
0
10
0
1
00
010010000
1
00011
0
011100100
1011001
1011
01011
00
111110110
1
111
000
1101001
0011011
1101
10000001
11
1001
1110
0
0
001000
1010001
01101
1
11101
1
0
1
111
111111
1011101
111111
11
111
111
1110101
101110111
1111010100010011101
11110
011101111
111
111000
1111
11101101
011110010010101110000
111111
11101111
111
11110
1
0000000000000000
1100
110010
1101011
111
111
111
11
0111
1011
11100
00
11
0000010
1100
1
0100011
10111
11100
10
0
0
000101111
111
00
10001
1000101
10111
1110
011
111
11101
100110
1000001101
10101
00111
001
10111
101101000110100
0011
1011010
011111
1011
11
01
0
0
110
00
1
01
00101
01
1111010
0000
0001
1000
1
1
00011
01
1
1
1
1
1
1
1
100110
101
1101100111111110
111
011
1
01
0
1
010
1
1
11
11
01
11
101000
101111
1111
1100001110010
1100
110111
1101
110000111
01111
11
101111
0011111
0111
111
0001000
11101
111111
0000011110
11101110
01000000
1011101
0010111
11111
01110001000
0010
011
111101111011001
011000
111111
101111111
111010001111
0111110100010101
1111
10101
11111010110
000011
1111110001110100
00011011
011011000001101011100
11110101
110
01101100
110000111111100
0111
0110000011001
1000110
01111
110110
10100100111000010110011011010001100011
11010110
011011
11
1110
1100
01111
1111011
1110001
01111101010101011011
1110001111
11001110
111111
11
01111110111101111
1011110
111
1100101
111001110001
0011
111111
11110111
1111
101111
111111
1110
00101111
001
0011101111
11111
1111011011101
11110111
111010
10110110
11111011
111
11
111
11
1
11
1
01
0
1
11
1
11
11111
1
11011111
101111010110
0111111
11111011011
0101110001110000
111111
001
111111110
011001111000
1011100
1100
110111011101
11011
111110011
01111
0101111
111101100
111101111
110101101
01011101110001
11110111
1101111
110111
11111
111101010111
11
1
1
1
111
01
0000000110001
001001000000
10000
000110
0
0
0
10
1
00
0
1
00
00111100
000000000
11111
010111110111
111
01
11
11
1111
111
1
11
11
111
11
11
1101
11
01111110001101
1
10
1111
1111
11001111
1111
111
1
11
110101111001100
11111
111111110
111001011111
110111011101
111
10001110111101000110011100
11111
000
1
1
11
010
01
110000
1
011
00
10
101
0
0
00
0
001
11
1
1
1
00
1
11
1
001
0
1
111
1
1
11111111
111
10
111001100
11
111
11
11
111
11111
1
0
0
1
1
1
1
1
0
0
0
1
0
1
1
0
1
1
1
1
1
1
1
0
1
0
1
1
1
1
1
1
0
1
1
0
0
1
1
1
0
1
1
1
1
1
0
0000
0111
1
1
1
0
1
1
1
1
0
1
1
1
11
101
01
0
0111
1
01
110011
1000
0
010
111
11
111
1101
1111
0110
1111111
01
100110
11
111
000
01
111
1
11
1
0
1100111110001101000100010101101
1
01
1
001
11
001
111
101
101
11
11
1111
111
111
00
1110
110
1111
1110
110
1111
111
1000
00
010
101
111
0
00
1111
0
11
1111
1110
11
00
010
1111
101
000
1111
11
111
0011
111
101
1
111
111
01
011
101
10
111
11
000
0111
111
1011
11
001
00
1
1
1111
011
11
111
11
11
1
0101
0101
111
1110
00
0
1
1111
11
1
1111
00
001
1011
010
11
111
001
011
1101
1111
011
000
0010
101
1001
0
100110000000000101111101110101
1
1
0
0
1
0000
0
1
1
1
000
1
1111
000
1100
100
1
001
100
01
001
10
11
1101
11011
1111111001000001
111
0
1
1
1
1
001
11
11
1
00
10000110111100010101
10100
0
10011
0
110
10
100
1
1
00101
010
1011
10
011
1
00
1001101
11001101101
111101
00010001000
01101
01
11011111
11100110101110
00110010
111110000000
11111011
11101001
0000100
0001011001000001011
010010000101111
10011101
111010101101
011101101
010
110011001
000011111
01
1111101
1111111010111
11111011
1101110101010100101
11100111111
11101001
11111111
00010111
001101
001110
1111101101
11101
101110011110
111101001
111101100
01111111
10101110111
11110001
111010101
00111111
11101101110100000
111001001101
001001000
0
11010
0
0010
001
0
1
1
100101110111
1111100
111100011
111011
1000001110000
1101110
1100
101101
011011111010
0011101
1110
0010
11111111
1
01001
1
010
0
0
11
1
1
101010
00
011000111100111001001
11101
11000
00110
001111
110
111100010
00
01001
1010111
1000000010
110110
011
1010000
00010011
1111001
1
1111
101
0101111
101
10
0100
100
010
1110
1
111
01
11
11001
111
0
1
1
010000
01011101
1
111
0111
1
01001
11
0110
11
001010000000
111
01101
010
011
1
101010
011
111
101
11
111
111
1
11
010
11
11
111
11
000
111
001100
11
1110011110
001
100
1
0001
1011
00000100
01
1
11
1
11000
1
1
111010101
11110
11
01
1
01
11
111
10
1
111
1110
1
1
1100
0000000
1010
1111
11
011111
111
11
11111
1
1
1111
111
1111
11
01
11111111
1111
1010001010100
11110
1011
11
01
1111
111
1
111110
011011
11111
0000
1001000
0000100
000
00
10111
0
10101
11
0
1
1
1
1
1
010
1111
1
1
0
1
11
1
00
01
0000000
1
011
11
110
11101111
10111
1111
1111
11011101
0010
1111
1101111
0000101
100110
111100
0101011
011
1
11
11
0
0
1
010
0011
0
11111
10101111
11
110100110
1011
0011
0111101
1
1100011
11101110001010
110101101110000000001001100001110
0111111010011110
001
011101
1001
011100100
1111
0111011
1110000000000
011101
010100001110100111100001111
10001100111100
110001
1
1111001
0111100100
0
000
0
01
0
111
00110
10010
001101
11011000011011011001100
0101000100
111001100000000
10111
1111
111000
111000001001001
11110
00110
11001100111000
00011101
010000001
1
0101110110111011100
11
0000000
00001001110001111101001000
00011110000100010
11000111110010
11110000000
0111010
001111000001
0111011011000
1111
0101101
10100001
1100001010001
1110
010111000100000000010
0
0100000
111010
0001111011001000001
01
1
1
1
101010
00011
1001010100
101
00
0
11
0001
011
00011011
0
0
111
0101
1
11
11
00
101
0010
11
0
1101110
0
001
110
1
01100000110
10
1
11111110000
110000000001001000000000010000
00011
11100111010
011101000001
1101001001101
00
0
1
1
101
11
01
0000
11
0
1
111
010
000
11
11110110
11
111
1
01
0
0001
00
0
1
00
011010
00010
11110
11110
0110001111
1
111011
11101010001100100
110011
10100101
111110011100110010
0111101110
0010111
111011
0
011
1101110100101
0
1110100
00110100
1111100010111001
11110000011
0111000101101010011111111010
01
010110111
111001
000
10001
0101011010
10110011
000111000
001
1101000
0
11010
0
101000011
0
110100101100110
00011010000110100110111011100000101
0
100100
111011
10
111
00
10111
111101101
0111011
110011
100
01010
00
1001011
0100
0111
00
110
111110001010110111
111010
1110000110101001
0100011001
111101
00011
100111
010
111
011
1000111
100
00
01
10
11
0
0
1
000
0
011
01
1
0
1
10101010
10
0011101
01100
111
101111010011
011110001100
111010100000010
0
1111
0010101
00011
01
00
11111
0
00
1111
0
01
11
0
011
01
0
01
000100001
0
0111
000000
011
00
0
0
00
0
0
00
0
0
0
0
1011
00
1
11
0
000
1
10
0
00
0
0
0
1
0
0
1
1
1
1
1
1
1
1
1
1
1
01110
0011
001
0
0101
11
00
001
1
10
11
0000
0000
0
00000
0000
0
1
1
1101111001
01
111
11
101
110
0
1
0
00001110101110001001
11010100
100000101100011010010
1101101101000
1
11
0
1001101
111111
111101
10000010
11
1011
11100111
00111
010
00000
011
100000011
101
0011
11
1111
11111101
1
0
000
0
00
1
0000
1
100
1
01
10
0
0001
1
1
0
11
1
0
011
0
1
10
1
010
0
1
0110
1
010
0
1
10
11
1
101
1011
01101000000010000000011010100000
111
010
0
1
0
0
111
11
1
1
1
11
1
11
1
1
00
10
010
00001
1011
00
0
0
0
10
1011
1
1
01
1
0
0
1
1
1
1111
111
1101111
1
0
1111
11
11
1
11111
011
11
11
1
01
00
111
1
1
11
010
1
11110
1010
1
1
01
1111
11
11
00
0011
00
0
00
111
00
1
1000000000000
1
1010111001
110
01
00111
10
100
1110001
1111
1111110100
011
10111
0000000
1
11011
1111
1011100101
0
1101110
0
1111
00
001
0
0
0
1
1
0
1
0
0
1
01110
110
00000000
0010
110
1
010111
1
1
1
0
1
1
0
0
0
01
1
11
11
01
1
0
1110
11
11
1
11
11
1
11
00
1
1
1
10
0
11
1
111
011
1
111
11
0111
1
0
0
01011
111
11
00111
10111
11
111
11
111
111
11010111
111011000
11
1
1011
111
011
111011010
11
111
11
11
11
11101
0101
011
11
111
111
11
11
111
1
111
1
1011
111
111
0000
01
101
1
0110111
0
1100101
0111
00011
11100
11
11
11
1011
111
00010111
111
11
0
111
11011
111
11
11
01
1101
111
11
01
0
1111
1
10
11
001
1011
101
11
00
11
11
1
1
1100
1
0
0
00010
11
101000
00
01
11
11111100
1
101
11111
1111
00
00
101
01
10
10010
001110000000
1
11
10110
10001111
00011
11
100
1000011
1
1
0000
1
1
01
1
010011
1
11
1001
11110111
1
10
11
111111
11
10111
10101
11
100111
0011
11101
1
00000
1
11
1101
111
011
01011
1101
111
10
1
10
1
000
111
1111010000101001
00001
111101
1
1
11
11
01111
000
010
0
110101
0010110111
1010
0
011
111
111
11
0010
11
0
111
000
11
1
111
0
01
111
11
111001
11
101
11
1
101
1
1
1
0011
100
11
10
111010
011011
001
1
11111001
11
11
110
1
111
0111
1
00000
1
0
1
0111
1011
11110001
1
11
11
001
0
0
0
0
0
0
0
1
0
0
0
1
1
1101001
1
11
