010
0
0011
1
1
111
01
11
11011
11
11
0100
10011011
0111111
1
10
11
11
01
11
11
01
11111111
1
011
10
10
11
1
1
10
11
1
001
00
11110
1
11
1
111
11
11
11
1
00
1110111
1
111
1
11
01
1
1
11
11111101
11
1
01
11
01111
0
11
11
1110
100
000
11
11
1
11001
001
11
0
011
11
11
11
1
01
1010
00
110
0
1
111
01
1
0
1111
100111
101
01
11
1
11
11
110
11
10
1
1
10
1
0000
1
0
01
11
0010
11
001101
1100
111
11101
1110
00
0
001
1101
01100
11
00
11
0
11
011111110
11
1
11
1
1
1
1
11
011100
100111
01
11111
1100
1101
11001
1101101100
01
1
011
11
1
001
001
1
1
1110
11
111
1
011
101
1100
11
1
1
100
111
1111011
1
11
11
10
11
01
11
11
1
01
11
11
11
1
11
11
1001
11
11
1
111111110
11
001
100
0
110
010
01
1
1010
1
10
111010
0
1101
1
1
0
00
11
111
0010
011010
1
1
1
00111
1
01
101000
1
1110
1100
00
11111
110
110
1110
1111
1
0
11
10111
00
1110
000
111
01
01
101
0
10
110
1111
0
1
01
1111
1000
1
0
000
00
1
110
1
0
10
0
11001
1011
1
0
0
1
11
1
0
11
1100
00
0
1100
10
1
1
11
0
1
1
11
11
01
11
0
1
1
11
11
1
1
1
11
11
1
1
1
1
1
11
1
110
1
11
1
11
1
1
1
1
1
1
1
11
1
1
11
1
1
11
1
1
11
0
11
1
11
11
1
1
1
1
00000
11
11
1001
0
1
11
0
1
1
11
1
11
11
1111
11011
11
11
1
11
11
11
1
1101
11
11
11
11
01
11
011
1
1
1
1
11
10
11
10
11
1
10
011
1
1
1
1
1
11
1
1
1
11
11
11
1
1
11
1
11
1
1
11
1
0
01
11
11
1
1
1
11
11
11
01
1
11
1
1
00
11
11
11
1
1
1
01
1
00
1
1
1
110
1110
010
11
1
1111
111
0
0
1
010
1
110
1
000
011
1010
10000
11
00
101
1
1
111
1
1
1
0
01
1
011
0
1
1
0
1
1
1
1
0
1
0
1
1
1111
0
10
00
0011
0
1
1
10
1
1011
1
1001
1
10
00
0
1
1
1
1
1
1
1
1
1
11
11
11
1
11
10
1001
11100
1
1
1
1
1
1
1
1
1
1
0
1
1
1
1
1
1
1
0
0
11001
0011
1111
110
1
1
1
1
11
10
1
1
1
1
1
1
1
1
10
11
11
1
1
1
1
10
0
0
1
11
11
1
1
1
11
0
1
0
1
0
00
0
1
100
1
1
100
0
0
0
1
0
1
1
0
0
1
0
0
0
1
011
0
1
1
1
00
00
001
1
00
1
001
1
1
001
10
00
010
0
0
0
00
0
00
0
0
1
1
0
0
0
1
00
1
1
0
1
1
0
11
1
00
0
1
1
0
11
00
100
111
01
11
0
0
1
1
01
0
0
010
011
0
0100
111101
0
11
11
1
10
00
1
0
00000
1
100
11
1
11
1
11
111
01
1
1111110
1
01
11
1
1111110
11011111
01
1
10
111
1
1
111
11
10
1
111
111
111
1
111111
1111111
1
110
101
11
11
011101
11
10
11
11
111
11
11
10
1
011
0
0
10
11
1
1
001
11
11
00
10
111
1
1110
1
101100
00
1
0111
11
01
11
11
1
0101011
011111
11
1
1
1
11
11
11
11
1
1
0111
0
01
1
1
1
0011
101
111110111
1
11
1111110
11
11
0110101
1
10
001
000
10
11
1
110
01
11
111
11
111
111
101
11
001
11
10
11
111
11
01
11
110
1
01
11
10
1
1
01
1
1111
11
11
1
11
1
1000111
11
11
1
1
11
1011
1100
11
1011
11
11
10
00
1
0
1
0
1
1110
100
1010011
1
1
10
11
1
110
11
1
111
11
11
11
11
11
1
01
10
101
001
11
11
11
10
11
11
11
11
101
11
111
11
11
11
11
111
10
111
11
101
111
11
11
111
10
111
011
0
111111
00
0110
11
11
10
1
0
11111111
01
10
11
0
011
1
111
1
1
11
1
0
0
1
1
010
1
1
1
0
1
1
11
01
11
1
11
111
011
1110
0
01011111
10
11
0
1111
1111
11
11
11
11
0
11
11
1
00
0011
1111
10
1
11
11110
11
11111111
11
01111111110
0
0011
110
01
11
1101111
11111011
1111
11111
101111
1111
1111
111111
1111111
10
0001
0
1
1001
1
010
00
1111
0
11
1110
011
1110
10
1100
1
000
1011
111
01
000
11110
0
0000
00
10000
00110
1
0
1
1
10
1
0
11
1
01
0
11
1100
1
00
1
11
1
0
0
11
1
110
11101011
1
1
1
111
10
11
1111
1111
11111
1111
011
11111
11
110
1111
11010
1
1110
111
1011
1111
10110
1111
111
11110
101
0111
1101
01
0111
011
01
11
1
1
1
1
1
1
1
1
1
1
1
1
1
1
1
1
1
1
1
011
101
101
010
1
10
1
01
011
10000
0010
1
0
0
11
1
1
111
1
10011
000010
0100
1
1
1
1
1
1
0
1
1
1
0
1
1
1
1
1
1
1
1
1
1
1
1
1
1
1
1
1
1
1
1
1
1
1
1
0
1
0
1
1
1
1
1
1
00
1
1
1
1
1
1
1
010
1
1
1
1
1
1
1
1
1
1
1
1
0010
1
1
1
1
01
1
1
01000
1
1
1
1
11
1
11
1
1
1
11
1
0
01
11
1
1
11
1
0
11
1
01
000
1
11
1
00
1
1
0
00
1
00
10
111
10
101
0
1
0010
1
1
00101
1
000100
10
10
1
0
1001
1
1
1
1
1
1
1
1
10
0
0
1
0
1
0
0
1
1
1
1
0
1
0
0
1
1
0
1
1
1
1
1011
0
0000110
11
1
0
1
0
1
1
1
0
011
001
1
00
1
000
1
00001
01
10001010
01011
00
0
0
1
001
1
1
0
1
11
11
1
111
001111
