100
0
00
0011
0
0
0000
0010000
00100
11
00
001
1
0
000
111
0
01
0111
00
11
00
111
00
000
11100
1
0
0
0101
11
101111101
0
01001
1111111010000
1110111
01011
10010
11
0111
1111100
000111
0
0
0
0
00
11
0
01
0
11
00
0
11
1
1
1
0
0010
01
10
11001
001
0
00
1
10100
0
111
00
1101101
0001011
10
110101
11010000
1110111
101100
1111010011010
0110100110001010
0111
1110001110100010
111
0001101110
111100
011
011
1
0111
00
0
11
1101111111101
110
1010111
1110
111001100101
11
0100
11
01110000011
1010111
1
000001011
111
1101
111001000
0111
100
01
11010100
11100110001
0111
011111000110
0111
111
01
0
0
0
0111
10
1
1
00
00
0
10
00
00
01
0
00
0
0
0
11
11
0
0
1
1
01
0
0
10
00
0
0
01
0
00
11011
011011
0
111
101001110111
1101
11
11
1
0
1
1
11
1101
0
11
11
00
0
0
00
00
1
00
00
11
101011111011100110
000010010001
100
110110
000000
01
0
1
010
0001
0
111
00000011
111
1110
0110111
011
01110
0111011010
1110000000
1100110000011
01111
111
01111
11
11100
00
1
0
0
10
0
1
1
0
00
0
00
10
10
01
11
0
0111
11001
100111
0
0
01
11
0
11
0
1
111011101
1010111101011001001
11111100
0
11
111
1
0111001010
0
0
10000111
0000001
11101
0001110101111
000
00
10110
00111
000010
11
000
1111111010010
00010000
00000000100000000
11111011
1
000
011
0
11
00
1
11
0
1
0
0
01
0
0
0111
11101000
00000
11
10111
1001
00000
00000000010
10011011100
0100000
111101001101
00
1
0
0
00
1
0
0
0
01111
11
1
0000000000
1010011100111001
11100111100011
111001
01001111000001
0000
11
11110011100100
11011
0
0
11
111
00000000
0
0
0110
1101
1111010111101
110
1111111010111
110
1
10
0
0
01
1
0
1
0
011
0
0
00
00
0
11
11
0
1
00
1
10
10
1
0
0
0
1
1
00
1
110110000
0
11110111100010011100
10011
01
00000100
0000000
00101
10000101001100000000000
10
00000
111010110010000000110
1
111110
11
1100111
00
0
0
1
1
10
1
00
1
1
00
0
1
01
00
0
00
10
0
1
10
0
0
00
0000
0010
0
100
0
0
100110
11111001000010
11111000
111110011000000
1101111
1110110
11011
11111001
11011111110001001
011111110001
111011011000
001111
0111101
10000000000
00111
1100011
11101101
1100011000101
11111
1110010111
010000011110101
11110111
111011010
111011001
0110111
11111000
1000011001010100000000010
11101
110100110101100
01011
01111111
1110011
1100110101111
101001
111010111000
01111
111101011101
0000100
11111100010000
0000000000
00100001
1010101010
111111
00
011111
0
0001
0
0
00000000
0
0
111000
0
1
0000
101001
0
000000
1010101
0
110000101
000000
1
1010000
11000
111111
111
1001000010
01
0110
0
00
001
1
0000
00
0
0
0
0
1101
100
0011
0
01000
000001
0
0
01
0
0
000
100
0011
0
00
01000
00000000
00
0
000
000000
1110000
0
0
00
000
110000
0
10000011
1100
011
1
001001101010110
1
11001100101110
101
00000000
111
011
01010
111
11
10111
11
0
0000000000000000
00
101
111
00000000
1100
0011
011
0000000
01011
011
11101110011
11
1111000100111
1
1
0110101
1100111
1
101
1100011
0
00
1
1101010
110111
100010
0
000
10011011110001
0
111
10100011
011111110101001000000
111
001
110110011011011
11111011
000
1000000
0
1
0
00
0
1
0
11
1
11
1
00
00
1
10
10
00
0
11
11
01
01
00
00
0
1
1
0
1
00
0
0
0
01
0
10
0
1
01
00
11
0
0
1
0
1
1
1
1
0
1
010
00
1110
000000000
11100
10
1
11101100101
00100011
0
011
0
0
00
10
0
0
0
0
0
0000
11
11111111111
1111110
11011111
111111101
111111
111011110
111111
111101011
1111111111
11
011
1110111
111010
111111
101101
111
11101
11111111111
10111101111
11111111
10111101
100100
0111111111
111111
111001101
00111111
01010111
0111
0110110
1101111
1111
010111111
111101
1111111111
101
11111110
100111
1111111111
1001
11011101
111111
1111010111
000111110
101010010
1111111011
111011
011100111
01
10111
1111111111
11010
1000
0111101111
001100
10110
11111100110
101
011
11111
0011
011
111111
01111111111
101
11110
001
101
1111101111
11110111
10
11111111
1110011
110110101
111111111
11111
111111111
011
10101
1
111
11111
00
11
00
11
1
10
1
00
10
0
11
0
1
0
1
0
1
011111
0
1
1
0
0
0
1
0
1101
0
1
101
0
0
01
10
0011
00
1
0
011
0
0
0
01
0
1
01
1
11
11110
0
01111
0
0
1
0
0
00
0
0
0
01
1
1
0
0
1
0
1
0
1
0
0
0
0
0
0
1
1
0
1
00
011
10100000010
110
1001
111010010111
000
100011
0111000
1
0011
011
11001
001111
01000100000
0010101
0
0010000111
0
00
0
0
1
1
01
0
0
01
0
1100
00
0
0
0
1
00
0
00000000
0
11110110
01100000000000000000000
0000000
0
010
01011100
0001000
01000000100
00011
1000
0011
10111
000110010010011
1000
00110011
101
11110
011111000
10110011
0111000
011
1
001011
000
00110
011
1
011
11
011
0
011
1000000011
0010011100010000
11
00
0
1
00
000
0100000
001
011011
1100
00110111
000000100
11010101
1000111
11010000
010101
110
0110111
1111100000
111
001001
01111
01
0
0
01
0
0
1
1
1
1
0
1
1
0
0
0
1
1
0
0
1
0
1
001111
1
0
0
0
1
1
1
1
1
0
0
1
1
1
0
1
1
1
1
1
0
0
0
110100110000011
11100
11
001
11
0111111
1
00
000000
11000000001
0011
110
0
11
00
0110101010
111
0010
110
111
0
0000000000
11
11001
1
111
11
0
00
00
0
00
0
0
0
0
00
1
00
10
0
0
1
101
1101
0101
1
001000
1
11
0
0
0
1
0
0
0
1
0
0
1
1
0
1
0
011
0
0
1
0
0
1
10
1
0
0
0011
01
1
0
1
0
1
011
0
0
1001
0
0
0
0
0
1
0
0
0
0001011010100100110
01
10011111
0100101
010000
101011111001110001001100110110101
01001101110011111110001100010000111
0
00
1000
0
0
0111
10000001010110101000000000
1011110100010011001
01111111010
00000
0
0000
10001111110001000
0
0
1
0
0
0
0
0
0
0
0
0
0
0
0
1
0
0111
11100001
001110000011
0111100111
10011010110111011100001
11010101
111110101001000001000
111
1
00
00000
01110111010110
11111010000010
0
1011001010110010
0
0
1
0
1
1
0
1
0
0
0
0
0
0
0
1
001
10000
111
000000000
00100111001110000
1000
011000100101
1111
01000111110100001000001000
01011000
0101001110011110010
111000011
110100
10010011100
0
11111
0011
01110010101110101100
0000
11
001101100
11111110
1
0
000
01100000111
1111010000001001110
1001111101110011111
111101101111001
11110100100110
01100000001011010
00011110110100110001
1
011111111001001010100000
11011
1
01001
110111010111110001
01111
11010111
101011011111
111110010001110011
1011000011
1
011110101
01110
01100111011
001001100101011001
1111110
10110111
00010100
111
10011111
0
01010110000110000011110000000011000001000010000
000010
0010011011101
111100
00
011
1
1001111
1100
111110
010
00010
0110001000000011000000
101000
001110
0
1
001
0
00
0
1
00
00
0
1
01
1
00
00
0
1
1
0
00
0
0
00
0
111101
0
00
111
01100000101
00110000001
100
000000111
00000100111010000000000000
0001010010000000000
11011000001
0001
11101
000000000
000000111000
1101101
10001111
0
0
11
001
0
111100
0010
00000000000000
00
1100000000
00110010000100001
11111101101011010
00
1110
0
11
010
0011101100111011011101101101
11
1010101
1000001110
010011101111001100
1111100111
0011111
10101011110
111
1111
0011100101111
1101101110011101
101
01011001001000101
011010
0111011101
011010000
1111010101011
00111
01
1011
0010000
00010100
0101
000
0
10011100100010
0
11000101
111010001101
0
01
1011101001100100000000000001
0000000111
00111
1100001011000001010110110100000000100001010010001110
001100001001100101
110000011
10
000
0100
1000101
11
0111
111110011
0010111
1110000
11
01101
111010
001
1111100111
0110011101100000111011
0000
011110000010000111100
100001110101
0
00
0
0110
11
00
0
0
0
001001
0
1
0
1
0
1
00
00
10
1
0
1
1
10
1
0
0
0
1
10
1
00
0
11
11
1
1
0
0
1
1
1
0
100
11
1
00000
0
10
0
010111111
11001
1
100001
1
0
1
00
0
01
0
1
0
1000
11001
1
1
11
00111
100
00011
011010000
00000100000000000100000000000000000
11
01
111
101110
011
111
011
0010001000001
10
11
000011
0
0011
110101
0111
1
000000000
111
010111
011000
0
1111
11
1
110000
0000011
1110101100
111
1100
101
000000000
010
00111
1011
000000000000000
11
11100
1100101
111
000111
011
11
11001011
10110
11000110001
1
000011
001
111000
0111
011
111010001100
10
0110000
011
1111
0100
0
0
00100
111
0
1
000
00
0111
011
0100011
010111
11
10
0
11
0111
0
11
11
0010111
11
11
110
0111
1011011
000111
11
1011
11
1101
11
0111
110
11
111111000
11000111
111
00101
101
110111
111000
1111000101
0100101000000
11
1
00010111
100
1111
0
0000
010111
01101
01001011011
00000000000
001110
1110100
1111
0
0
1001000000
0
1000000000
0
111000
0000010
11011101010
0
101010
0000
0
1
11000100101101000
0
00011010110011001000011011010111
110110111
0
101011
1
1
11
11101
111
1
0001010
1
0
11
111
0
0
000
11011
11
1
01001110000
11
0
11
101
1
111
11
0
0011
011
1111
10
01
01
011
10011
0
11001110000000
11
1011000110010000011001001
1101111
0
111000001
11
1010000
1
01
111011
0011000101
01011
0001111
111111011
11101
110111
100100011101
1101000111
00
101
111
0
1
01011
1101
0001
0000
01110100
111
11
0
11
0000000
101110000
00111
1101
0111
11
010010000
11100000000000000
00001000010010111
001010
0010
10000
110
0111
11
011
1111100001001
11001
