001011
0010111
111
01
100101
10111
0111
11
0
1
00
1
0101111
1
1
00
11111
000011
01111
1011
1
1111
11110
110
110111
10
1100
10111
01100111
1111
0010011
11
0011
1
111111110
11111
11111
11110111
111111101111
11111
11111
1011111
110111111111111111000
00111011011111
0100011
1111111
111
1011
1111110101
01100111111001101101
1101101111
111010111101101
1111101
111111
11101110
101011101
10111
11101011101
1111110001110000001
111111
111101
0111
11100111
101111
111
11110101110
1111110
11100111111110001
0011101
111111111011011
11111011011000
0111
11011
11111
1100010110001
1
111111011010000101
1110011101110
11110100
110110011
111111110110101110
111101111001100
1110010111
1
1
1
01
0
01
0
0
1
1
01
10
1
01
10
00
0
0
0
011
000000000
0011
00111
11001
100011
1
111
01
0
0
1
0
0
0
11
01
01
000
11
1
0
10
1
00
0
1
101111
1
1
0
1
00
1
11
1
01
0111110
00
0
1110
11
01
0
0
11110
01
1
1
1
1
1
00
11
11
1110
11
11
11
00
00
011
10111
1011
11
011
0111
11
1
00
0111
1
1111
0
111
01111
111
101110
1
101110
11111
11011
100
1
011
0110001
11
01
1110
011
011
1
010011
1
000
1
011
0000
111
1
0111
11
00
111
111
01
11011
111
11
111
11
111001011
1
01
1101000
011
110
0111
11
1
00000
111
11011
11
1111
101
1
0
1011
111
1100
101011
11
111
011
1
11
111
111
1
10111
111
011
011
11100
101011
111001
1
11
1011011
0011
1
1
11
011
1
0000011
1
101
00111
1
11
0011
00
1
11100100101
011011
0
1111110
11
111
11101
00111
11101101
0
110
11
11
000
01
11
011011
011111
111
0000010000
01
11
00000
101101
1111
011
1
111
111
1101
1
10
11
111
011
1
1
00
11
10
01
00
11
1
11
00
01
10
11
0
1
11
00
1
00
0
01
00
0
01
00
1101100
0
1
1000111
0101000
00
011
110
11
1
01
0
110
1
01
0
011
1101
00
0
00
0111
11111
111
00101
11
111101001101
0
110001
1
1
0
111
0
101
111
0
011
1
111
00
0
0
11
1
1
11
1
10
101
01
11
101
1
1
1011
111011
10111
1
10
1
11
10
111
0
1
10010
010111
0111
1001111
1111
0
11
11
0101
1
01
11
1111110001110
1
1
01001
11
1101
10
10
1
11
0111
01111101
0000
1
111
101
1110
1
11
1011110010
11101011
1001
1
1
1
1
1
1
1
1
1
1
0
0
1
1
0
0
1
1
1
1
1
1
0
0
1
11
1
0111
1101
1
1
1
1
11
00100110000
01011100
01100011110111
01
0
010
0000
10
11110010100001100
00000
0
111011
000
11100110000
0001
110
0111
101
000000
1111110
0011111
11111111
11101110111010101
111011
11
1101111000
0
1001
001
000
11
1111
11
111111
1100000
1111
01010
11
1111
0110111001011000111100
01011111111000110111000110000
110011001111001110
110111
11010101
1111
1110
011111
111111
10111110
0111010
1111
1111
0011101011
11110
110
11111010111010111
110001110
1101111
110110110101110101110
110101111
111111111
1011111110110
1111101011
011
111
1111
000111100011
11001
0111
1111001010111010100101010110111
1111111001
0111111001011
110011001
1111
1010000
111111011001
10111001
11011111
11011101100011001
1111
111111110
10011111
11001110011
00
111101
1111
01
11
0111
1101111
100
11
0111
101
111011110000
11110110011111
110111101
10110110011
10111111
00101011111010
111
0111
011011
11001
110
111
1110
110010
01
1111001
110
00111
110
11
111100
1
1
01
0
1
1100
11
1
0
0
0
11
1
1
11
1
1
1
0
1
0
1
10
1
00
1
1
11
10
10
00
1
011011000
0
10
01
11
11
10
11
11
0
1
10
11
11
1
11
11
1
1
1
10
01
10
001
0
1
111
110
11
1
110111
1111
11111
11111
1
1
0011111
0
00
111100110110
00
1111111
0
1
11
0
0011
1
01
1
11
1
11
0
1100
000
0
00
1
1
11
0
00
11
1
0
0
0001
1
1101
1
1
1
1
000
1100
11
01
0000000
11
1
10
1
1
10
0000
0
11
00
1
1
10
1
1
1
11
110111
111000
111000
1
111
011101001111
1110
0111
1
111
111
1011
101
1
1
1
101
01
1
01
0
000100
00011
1
010
0000
0
1
0
1
01
10101
1
1
1
1
0
00111
00
111
01110
1
0001
1111
101
1110
1
00110
111110
111
1
1
0
1
1
1
0
1
110010
01
1
1
111
1
1
0
1
001
1
1
1
0
1
0
0010111
1
0000
1
1
1
1
1
1
1
1
1
1
1
1
1
1
1
1
0
0
1
1
1
0
0
1
0
1
1
1
1
1
1
1
0
0
1
1
1
0
10
1
1
1
1
1
0
1
1
1
1
1
1
1
1
1
11
1
1
1
0
1
1
1
1
1
1
1
1
0
0
0
1
1
1
0
1
1
10111
101
1
101
11
1100
11
11
1
1
00
1
1
0
1
1
1
1
1
0
01
100
101
1
0
1
01
1
01
0
01
1
0
11
1001101
1
10
0
11
01
1
001
1
11
00
1
0
0
0
0
10
1
010010100
1110111000111
1110110011011
1111011011
11100
10111011110111110001101
1111010111
00111
11101111101110
011111110000001
11011110111001
1101111011
111010111010
11110001110111101111101
11101110011
1110101111000111
10100
1
1111101001000
0011
01
011
01
1
111
11
10
101
11
1
111000
0110101101001100001
11110011110010
100010110011100000110011000
11
011001
000
00111010110001
110111111100000101110011
000
11111011010
1011110101111001000000000111
110011111101011000010110
010011011001111110000101011111100
11111110001
0
0
1
10011
10
1
1111
0
1
111
011
000000
111010
0011
1011
111
1100
111
0
0011
110010011
11001111
1000111101
0110000
00100111
0010
100
11
00001
01
11
11
10
1
1
0
100
111
110
0
11
11
11
0110
1
000000
000
10
0
101
0000
1
1
11
01
0
01010101
1110
11011
111100011
110111001100
0111
0111
101111
10111110001
001111
110111
010111
1000111011101
1111
1000101010100
0111000110
110111
00111
11011
0100111
1100001
011110100
110111
111111
11
1
0
1
10111011111111001000
111
0001111000000000
1100000
011
111101001000
011
00111
1110
011
10
1
10
1
1100000
11100101
0111
011
111000000110
11011101001
0011
11
101111
1111111
1
10111111
111111001
11111
1
00
1
00
00
0
11
1
00
0
00
10
11101110001
1
00
1
01
00
11
0
1
1
1
0
1
1
0
1
1
1
1
1
0
1
1
1
1
1
0
11
00110
1101
1100
001011
01101101010
11110
111
0111
110101
11
100011
00111
1101
011
00
011
1
110
1100001
1
11
0
1
1
1
10101
0
1
1
1
11
01
0
11
0
1
1
1111
000
1
0
1
10
01
1
11
00
00
1
1
1
1101
1
1
0
1
1
1
1
1
1
11
1
1
011
1
1
1
0
01
1
10
100111
1
1111001
1
1
01111111
1001101
00
1
1100010111
1110111
11111011
1
1
0100
0000
1111
0
1
01
111
10
1
1
1
1010110
0
1
1111
11
111111
110
0
0
0
1
0
01
1
1
10
1
0
11
0
1
1
1
1
110
10
0
0
1
10
0
1
1
1
11
1
1
0110
11
1101
10111
1
111110000
00101
111
001
11
11100001
1
11
11
011
01
110
1111
0
001
11
01011
1
010
1110101110
1
1101
01101
11011
00
001011
010110110
011
0110
0011
11
1
1111000
0111
11101100
1110100
0011
1101
011
0111
1111
0111
11001
0011
111001
111
111
1110011
1101
111
0100111
001001
11
00011
11
011
1000000000
111
01
111
00111
11
011100011000
111010
0011
01100000
111
00
11101100
0111
1100
1
01
11
0
101
11
1
01
0
01
1
111
1
1101
001
001
0011
111111
111
1
11
1100
0
1
010
0
101111
01
1
1
