111
1
111
11
0
110
1
1111
1111
11
111
11
11
1
1
1
1
11
1
011
111
11
1100
1111
11
111
011
11
11
1
111
1110101
011
11
1
11
11
001111
111
011
1111
11
11
11011
11
1
1
10101
11
1
1
11
11
10111
111111
1111111
110111
11
1
1
1
11
11
11100111
1111
111
1
11
0
1011
1
111
0
11011
11
000
0
10
0
00
0
0
0
11
1
1111111
1101111
0
111111
111
11111
11111
11111
1
1111111
111111
011110
1111111
11111111
111111
11111111
1111111
1
1111111
00
10110
1111111
11111111
111111
11101
011111
11111
11111111
11111111
11111111
0111
1111
0
11111
1110111
1111111
1111110
10101111
11111
1111111
111111
11111111
11110100
11111111
1111111
00
1111
1111
111111
111111
1111011
11111
1111
011111
111111
0111011
1110100
1111111
00001110
1011111
1111111
1
1
111
1111
11111
11111
1
1111111
1111110
1
11111
111111
11000
111
1
0
11
11111
101
1
0
0
1
0
0
111111111
111
1
1111
10
1
1
1
1110
00
0
01
10
1
011
0
10
0
0
1
11011
1
1111111
111
1111
01
1
1
1
11
01
1
1
11
11
1
1
10
1
1
1
1
11
11
1
1
10
1
1
11
111111
111111
11
0
011111111
001
1
11
1
1
0
11
11
1101
11
1
1
111
11
01
1
1
1
0
0
0
1
0
0
0
0
0
0
0
1
0
1
0
1
0
0
0
0
0
0
0
00
01101
0
01
011
1
1
10
0
0
01
0
1
1
11
110
1
00001
0011
11001
01
1
00000
01
1111
0
1
0
0
1
01
01
1
1
11010
0001
1
0
1
01
10
0
1
0
0
1
1
1
1
1
1
1
1
1
1
1
1
1
1
1
1
1
1
11
1
1
101
11
1
11
1
1
1
1
01
1
1
1
11
1
1
11
1
0
1
1
0
1
1
1
11
1
1
1
1
1
0
1
11
11
1
1
1
1
1
1
1
1
1
1
1
1
11
1
1
1
11
1
1
11
1
0
1
1
11
11
10
0
1
11
1
1
1
1
1
1
1
11
1
1
1
1
11
11
10
11
11
1
1
11
1
11
11
11
1
1
11
11
11
1
1
1
1
1
1
1
01
1
11
10
1
11
11
11
11
11
1
1
11
1
11
11
11
11
1
11
11
11
1
1
1
1
11
0
10
0
1111
0
1
01
00
11
0110
11
11
0
1
1
01
10
1
1
1
0
11
0
11
0
0
011
01
11
11
11
1
1
0
1
11
1
11111
1
1
1
1
1
1
1
01
0100
1
00100101
0
0
1
01
01
11
0
1
00
1
0
0
0
01
0
1
000
100
000
0
0
0000
111001110
11111111
10010000
11111
0
1111111
1111110
1111
1111111
1011111
110111
11111
1
1100111
00
001
0100
01
11
0
11111
11111110
000110
1111111
11111
111111111
11
110111
11111111
01
00
01
11111
000
001
00
000
11
000
010
0011
00
1000110
10
00
0
00
0100
001100
000
001
10
11
1
01
000001
0
0000
11
01
100
100
00
111
000
000
01
000
10
1111
001000
11
000
00
00
00110
101
000
001
0
0
101
0
1010001
101
1
1
000
1000
000
000
001
1
000
00
01
1
0
0
101
100
000
111
000
1
0
0
01
0
01
011
100
1
00
11
0
01
11
10
0111
01
0
00
10
11
1
11
100
11
1
0
10000
1
111
0
011
1
01
11
11
1
1
111
11
1
11
1
1
11
11
11
11
01
11
01
0
11
11
111
011
11111
11
111111
111
1
1
1
1
1
1
1
1
11
1
1
1
11
1
1
1
011
0111
1
0
111
0
1
1
10
00
00
0
00
00
0
0
11
1
00
0
00
01
0
011
11
01
1
0
0
01
0
1
0
