1
01
000
111
10
00
011
001
111
0111
111
1011
111
110
0101
111
11
1111
01
00
10
11
000
011
1
0
1
1
1
0
1
1
1
1
0
0
1
0
0
1
0
1
1
0
1
1
1
1
0
0
1
1
1
1
1
0
1
1
0
0
1
1
0
11
0
0
1111
111111
111
11
1
1110
1
1
111
111
111
11
1111
11
111
1111
1101
10
0
10
11
1111
01
111
111
111
111
111
0
1
1
0
0
1
0
000
0
1
1
1
1
1
1
1
1
1
1
1
1
1
1
1
1
10101
0101
1110
011
00111
0111
0100
01
10100
001
1
1
000
0
0
1
01
11
1
1
11
10
01
1
0
0
011
111
1
11
0
10
1
0111
000
101
01
0
1
0
1
1
0
10
00
0
001
0
0
0
01
10
01
00
00
1
0
0
0
0
0
0
000
000
1
111
01
0
01
111
10
110
11
01
00
100
011
1
01
11
111
001
010
0
11
111
010
0
011
00
000
011
1
01
111
001
011
100
11
011
1
11
000
1
10
00
1
0
1
110
11
001
0
01
11
110
111
1
11
11
0
001
00
01
111
1
01
010
11
000
10
11
0
1
111
11
10
001
000
11
11
01
01
0
011
100
11
11
1
1
11
1
11
11
1
1
1
1
1
1
1
1
1
1
1
1
1
1
1
1
1
11
1
11
11
1
1
1
1
0
00
011
0
111
11
101
1111000
1
100
01
01
1
000
01
01
10
011
001
0
0
0
0
1
0
0
1
1
00
11
110
1
10
11
01
110
10
10
1111
11
111
111
1111
0011
1111
111
111
11
111
1111
1111
111
0111
11
1110
010
011
111
1111
000
