00
1
0
10
00
0
0
1
11
0
1
1
1
1
1
1
0
1
1
1
1
1
00
1
1
0
0
00
0
0
0
0
1
00
01
00
0
1
1
1
0
01
1
0
0
1
1
0
0
0
1
0
0
1
11
01
0
0
0
0
1
1
1
0
1
0
01
0
1
0
1
0
1
1
1
1
1
0
1
00
00
0
0
0
1
0
01
00
1
00
1
1
0
0
00
0
1
0
0
0
00
0
1
01
1
0
1
0
0
0
0
11
1
1
00
0
1
01
00
1
0
1
0
0
011
001
11
0
01
001
0
11
10
00
00
0
00
01
011
0
0
001
01
0
11
01
101
00
011
1
001
10
0
01
0
011
000
110
0
00
01
001
00
0
001
1
001
01
01
00
01
00
10
00
0
110
01
1
1
00
001
10
100
0
01
01
011
00
00
001
0
1
010
100
01
01
0
11
001
0
00
1
0
1
1
1
0
0
1
1
000
11
0
0
0
00
0
1
011
00
0
1
0
1
0
0
1
0
1
00
00
0
0
00
1
0
01
0
0
1
1
00
11
0
000
10
0
0
0
0
0
0
01
0
00
0
0
00
1
0
1
1
1
