0
1
1
1
1
1
1
1
0
1
1
1
1
1
1
1
1
1
1
1
11
1
1
01
11
1
1
1
1
1
11
11
1
0
1
1
1
1
0
1
1
0
1
1
1
11
1
11
1
10
1
1
11
1
11
1
1
1
10
1
1
0
1
1
0
1
1
11
1
0
11
1
1
1
1
0
1
1
1
1
1
11
1
1
0
1
0
1
11
11
11
1
1
1
1
0
1
11
1
1
1
1
0
11
11
11
1
1
01
111
01
1
111
1
1
11
1
11
1
11
011
01
101
1
111
11
1
01
11
10
11
111
101
111
101
111
10
11
11
1
111
111
11
1
111
01
01
11
11
111
111
111
11
11
11
1
1
11
111
11
01
111
1
11
111
0
11
111
11
111
10
11
11
001
111
11
11
111
111
101
111
01
011
11
111
1
11
1
1
1
1
1
1
1
1
1
1
1
1
1
1
11
1
1
11
1
1
1
1
1
1
0
0
01
10
1
0
0
11
0
11
1
1
1
11
1
1
1
11
1
1
1
1
1
1
1
10
0
1
1
11
11
11
1
11
11
1
1
1
1
