111101
11111
1111111
100
1100
11111
1111111
1111111
111110
11101
11111
111
011111
11111111
101110
1101110
010
1110
000
110
11
0000
100
11
01
1010
00
101
110
0111
1011
00
1010
11
1101
010
1111
011
111
1111
111
100
001
11
0001
01
1111
00
0001
0000
111
101
111
1111
01
01111
01
11111
0111
1111
0
10111
101100
10101
11
11
1111
10111
11111100
1111
00101
10
11
10
010
111
01
000
0
01
10
111
01
110
111
101
11
011
0
0
100
111
111
1101
110
1
10
1111
111
1011
111
110
1101
00
1110
00
11
111
111
001
111
111
101
101
11
11
1101
1110
111
1110
010
11
1111
00
111
111
0110
0110
11
1010
010
001
0000
01
1111
1100
111
100
