111
111
11
11
111001
111
1
111
1101
1
11
0111
11
11
1
0100111
01
111
111010
111
111
011
111
011
1011
11
11
111101
0011
1
11
111
111
10111
101
001011
1011
111
11
111
111
11
01
1
0111
11
111
111
11
111
111
110
101
011
1011
111100
1
11
11
11
111
1
111
1
10
011
111
10111010010
11
1
111
11001
11
11111
11111
111111
1111
1111101011101110
1111
1111111
111
1
111
1011
111
101111
1
111
11
1
11
1
11
1011
01
111
111111
11110011
11
11
111
11
1110
1
11
1
111
11011
111
11
11
1
111
1
111
0111
10101
11
111
11
111
1111
111111
1111111
11111
01111
1111
1111111
111
11
11
11
1111
111
11
1
11
11100
111
11
1
11
11
1101
1
101
1
11
11
11
110
011111
11
11
111
11
11
11011
11
1111101111
11111
111
111
1111
11111
11111
11111
111111
11111111
11111
11111
0111111
1111
1111111
11
0111111
111
1111111
111111
111111
11111111
1111
1111111
1111
111111
101111
111
11111
1111
11111
11111
111111
1111
1111111
111111101
11111
111111
1111111
111
11111
1111
11111
11111
10111111
11
1111
111111
1
111
11111
1111
111
11111
1111
111
111111
111111
111111
111111
1111001
111111
111111
111111
111111111
1111
11111111
111
111
11110101
1111111
111111
111111
1101111
111011
1
11
1
111
111
1111111
11111111
111111
111
1111111
101
111
11
00101101111
111
111
11
11
111
1
1110
111
11
111
011
111
10111
111
11
11
11111
0111
1
11
1
1
11
1
11
111
1111
111111
11
1111
111111
111111
111
111
11
1111111111111
1111111
111111101111111
11111
111111111111
1111011011
11111111111
11111111111
111111
1111111111
111111111
11111
111111111111
1111111111
1011110
1111111111
1111111111
11111111110111
1111111111
1111
11111111111
1111111111
11111110111
1111111111
111111111
1011111
1111111111
111111111110
111011111
11111111111
111111111
100000111101
111111110111
11111
111
0111111111
1111111111111
111111111111
111111110111111
111111110
11111111111
11111111
1111111111111000011111111
1
01110111101111111
11111101101011101101
111111111111
11111111111
111111111111
1111111111101
1111111011111111001111100
1110110
11111
1111
111111111111
11111111
11111111111
111
1111111110111111
1111111
1111110110011011
1111111110
1111110011111
11111011111
11111
111111
111111111111
11111011
1111111011111
1111111111111
11111011111111
100111111
11111111111010110101
1110111111111
11111111111
1111111111
1111111
1111
1111111111111
11
111111111
111101111011111111
1111111110111111
01
1
11
111111
11111
11
1
1
1
0
1
1110
111111
1011011111111
1101
11111
1101
111
111111111111
111111111
111
111
11
111
1111
11111
11111
0
11
11
111
1111111
111111
1
111111
111111
110100111110
1111111
1111
11111111
11111111
111111111111111111111
11111
1111101
1111111101111111111
11110
111111
111
111111
1111111
1111111
11011111
11111
1110111
0011111
11111
11111111
1111
0010111111010
11111101111111111
01111
111111111
11
11
11111111
011111111100101111111110
11111
1111110
10111
11111111
11
010
110111111
1111111
01100111
1011
11111
11111
111101
0111
11111
111111
111111
11111111
10111111
11111111
01111111111111111110111
111111
111111111
11111111
11111111
01
11111111
11101111
111111
0111111
11111111111011
1111111
11110
111111
11111111
1111
111111
11
111111
111110111111011011
11111111
10111
1111111
111111101101
11111101111111111
0111111
11111
11111111
011
111
11
1011
011111111011111111001
1111111111111
11111
111111
111111
111111
111111
1111111
111111
10101
1111111
111111
1
11101011
111111
110
1111111
1111111
10011111
110010
110111
0
011111
1111111
11111
11111111111101
101110
111
1111111
0111101
111101
11111101
10111111
10111111
1111111
110110111
1111011111
1101
111111111111111111111011
1111111
1111
11
111111
11111111111111110011
1111111
0
111110
1111111
111
11111
11111
0011111
111111
1101
1111111
111101110111111
111101
1111111
011111
0010111
11111011
1110
0111111
111111
111111
111111
11111111
001111
11111111111111110
111111111101101111110111
1111
1111111
1111111101111111111
1111
1111100111111
0011111
1111111
10
11111110
1
011101
11111
11111
1111111
1
111111011
01
1001
1111111
111111111
11
0
11111111
11
11
11
011
101
1111111
1
111
1
11
11
11
1
1
1
1
111
1111111
111111111
11100
111111
011111
1111111
0111001
101
10111
111110111
11001111
11111111
1011
1111
110100101
11111101
001011111
11111
1111100111010100110
11111
11101
1111111
111110
11111
11
1101111111
111111
11111
1111111
11111111
1101011111
111101
0111111
11111111
10111111
110111001111
11110111
1101111
1111101
1
1
111011111
111111
1111111101111
11
11
11
111
11111011111111
11010011
1111
1011111111
11111111
1111101100
1111111
1111010
111011111111
1111101
1011111
11100
0111111
111111
1111111
1111
111110
1111101111101
111101
01111
11111
00011110
1111000
1
111
1
111111
11101
011
11111
11110
01011111
1
1101
1010
11111
1111
10001110111
1111101
111111
1101
0111111
111111111
1111111
111011011
1
11111
1
1
111001
111010111111110
1111111
1111111
0111111
11111111
111111
11111111
0111111
1111
1110101111
111101
101111
01110011
111111
111101
1
111
1
10
110
11
1111011
111
11
1
111111
11111
11
1111011
111111111
1111110
011111011
101
1111111
111
1111
11111
011101010
1100111
101111
11111
1111
11101
101110010111
111111
11
1111111
11110111
10111
11111
1111111
111111
11
1
1
1101111
1
1
1
1
1
1
111
111
11
111
111
0111
111
111
11
11
1
111
11
1
1101
1011111111
1
1101
11
11111111111
111
11111
11111001
1101111101
11
0111111
1111
11101
111
11
1111
11111
111
1111
1111
111111
11111
110111
11111
011
111
111011
10111
11
111
11
111
011
1
111
11
1
1
111
111
1011
0111
111
11
1111
1111
1111
1111
11
1111
111
11
11
111
11
111
0111
111
11111111
1111
010010
11
110
111
11
11
11
111
111
1011
11
111
111
111
11
11
11
111
1101
1
11
11101
11100001
01
11
11
11
111
11
111
11
111
11
11
110000
0110011
111110101
110011
111111
1110111
11111
1011
1111010011111
111111
11101111
1111
111111
1
11111
1111011011
111111
11101
111
1110111
11101
1111
1111
110111
11111
11111
1
1
1
1
1
1
1
11110111111
111
110
01111
111
111
11
11111110
11110111111
111101001101111
111111010111110101
111111111011111
1110111101101110
110011111101000
11111111001110
00011111101110011011001001101110
011111111101110
1111101111100
0000110001110011
111111111
111011110
111
011111110101
1111100111110000011
1110101
11111111101
111
11111101111
111111011110
111111
111111111
110111111
0101
111111111011
10111111101
11111111101
1111
11111
01111
1111
11111
1111111
11
11
111
111
11
111
11
1
1
001
010
1110111
1
1111101
1100001111110
111100111
111111111101
11111111111
111111111111
1111111110
1011111111111
11111111111
111111101111101
0111010001
1011111011111
111111110101
11110111001
11111101001
111111111111101
1110111111011
10111
11
1111
01
0110
1111
01
11110
11
111
111
1000
110
10110
11
111
11110
1111
0111
0000
10
0101
11111
0111
0111
0011
0101
1111
0110
11
00111
11
10
111
1111
0110
0011
0111
1111
1111
0111
0111
01101
111
11
0
11
1011
11111
1010
1010
10111
001
010
0111
111
1111
111
11110
11
0
0111
111
111111
11110111
111
11111101001
11
0111
11
11
111
111
111
111
111
111
111
111
11
1111111111111111111
11
1111
1
111
110
110110
111
110
1
0
111
1110
111
111
101001100
1111101
111
1111
1111110110
1111001010
1111
111101
11100
111
1
11
11
111110
01
11
11
11
1110
0100
111111101
1111
11111111111
111111
1
11111
11111011
11110111
11111
11011111
11111
1111110
1111
1111
11
11111
111101011
01111011001100
110
1111
111111
1111
1011111111
11101101011
0111
1111
11
1
1110
01
1110
1
11
11
11111011
11111
1111
111
1111110
11111011011111111
1111111111
111101111111001011101011
111111111
1101010101111111111
111111111
10111111111
111111
01111
11111111
1111111111
111111101111
011110111111101
111111111111111
111111111
11011111100110110
11111110
11111111
01111111011111
0111011101110
111111
11011111
1111100111011
11111101111111
0101111110
11
1
01
11
1
01
11
0
1
11
1
1
11
11
1
11
01
0
1
1
1
11
11
11
111011110100011
111111
11111
01111101101011
1111011
1
10
1
11
11
1
11
01
1
1
11
11
11
11
11
11
01
0
01
0
1
11
11011
1111
11111011111
1011
1110111
110
11111111111110
111101111011111
1111011001
1111101111
111101111111
11111111111
1111101111111
1111011111
111111110110111
1111111100
01111111111
1
1
1
1
11
01
11
1
1
11
11
11
11
0
11
11
1
11
11
1
0
11
11
111111
111111111
1011110111
011111111
111111111
111111111
11101110111110
111111
1111111110
111111110
11111111
111111111
111111
11011001100
111111
1111
110111101
11111101
111111111
11001111111
10111111
11111111
11101111111
1111101
011110101
111111
1111111
1111101
01111111
11111101
111111111
11111111
111111011
110101111
111111011
1011
11111111
110111111
01111101
11
11
11
11
1
11
11
11
11
11
1
01
1
11
11
11
0
11
011010011111111000111
1
0111111
11
01
0111111011111011100
11
1011111111011
10111
10010111101011111111111010
111111111011
111111111011
111111111
111
11111
1111110101110111
1110111
11111
1111111
110111111
11111010011111
0111000
11111
111101111
11111
11111
1111110111111110
1111100111111
1
11111
11111
1011
111111
11111
111111
01111011110
11111111
11111011111001
1111110
11111
111111111101
1111111
111111101
111111111
111111101
1111
11111111
111111
111111111111
111011110011
11111111111
111111111111
1111111111
111111111111
1111111111111111
11111111111111
100001101111
1111111111111
11111111111
011111111111111
1111111011
1111110111111111
111111111111
011111111111101011111001
111111111
11111111110111111
11111111111
10111010111011101111001
11111111
111
1111001101111
1
11
1
1
01
11
1
0
01
1
1
1
01
11
11
1
011
111
11111
11011111
1110
1111
11111111111
11011111011111111110
111111111
1111111111111
1111111111111
1111111111111011
1111111011111
111111111011011111
111111111
1111111111111
11111111111
1111011011100101110110110
101111011111
01111100111111111
0111111011010111011111001111110110101101110111
1111111111000111011
111111111
110110011010001010011110
1
10000101
0111001100
1111
111
011011101
111111111111111
11111111011111101011101100111001101100
1111111111111
111111111111
1111111111111
110011101110001101111101011111
11111111111
111111111111
111111111
11111111111
0111111111
11111111101111
111111111111
1111101110111
1111111111111
11111111111
11111111
00111
1101110
1111011
001000
111110
11111111
011111111
11111011
11111111
111111
1111101111110100111111111110100011
01111111
11111111111
1111111111110111
10110111111111111011111
111111111111110101110110011
111111111111011
1101010111010111111111011110100
1111111111011111
10111111111111
1111111101111111110
101111111
1111111111
1111101111
111111111111
111110111111111
111111111111
11111110111
11111111110111
111111111111
1111111111
1111111111111
11111110111111
111111111111
11111111111111
1111111111100111
11111110101110111
111111111111
1111111111111
111111111110111
11111111111111
111111111
11101110111
111111011100111111011
111111111111
11111111111111
111111111011
111111111111011
1111111111011
11111111
1111111111
11011111011011
11111000
11111110111101111100
1110111
01101111
11110
111111
111111
1111101
11111111
110011
1110101
101111111
00010
111111
1111110
1111111
11111111
11111111
111
111110111
110111
11101111
1101111
111
0111101111
1
11
11
11
11
1
0
11
1
11
11
1
1
1
1
1
1
1
0
1
1
1
1
01111
11
111
1111
111111
111101
111100111
1111
11111
11111
1
0
11
11
11
11
11
1
1
11
1
11
1
11
01101111
111111
11111011110101010010110
11111111
110101
11111
111111
11011111
111111
11111110
1111111
10111101011
11111
111111111
11111011111
1111
111001010011100
11111
1
11111011101
111111001
111011111
1101101111011
011111000001
01101111
1101101001
111111111
1111111
0111111111
11111111
1111111011
1110111111
1111111011
111110111101
011111111101
1111111111110
11111
111011101101111110011011111111
111111111
111
010011
111111111
1111011111001111111101
11111
10101101111
1111
111011111111
11100100111111111111001001111110110
10001111
1111111111
011111111100111111111101
111111110111111
00000010010110001101111001000111000010100100101110000
11111
1111011111111
111111111
11111
111110
101111
111111
111
11111111
1111111
11101111011111111
1111111010111101111
01110111111111
11111
01001111111110101101110011
01011101111111
1111001111111101
0111111
1010011100111110101111001111111000
1110111110110101011110
011110111101111110
1111111111
1111
1011111
1111110
0010011111010
01101111
11111
1
1
1
1
1
1
1
1
1
1
1
1
1
1
1
1
1
1
1
1
1
1
0
111111010
10011
10
011111
11111111
111111
11111
11111111
11011
11
11
11
11111
1111
1111
1111
11111
111111
11111
10111
11111
1111
111
111111
11111
111011
00111111
1101111
11111
110111010
11111
11111
110101011
11101111111
11011
11
11
11
1
11
11
1
1
11010001101
11111
11101
1110111
111
11111101010
11
11
10
1111
1111
1111
1111
111
11111
11111
1111111
11111
111111
1111
111111
0
0
1
0
1
1
1
1
1
1
111111
111111011111011101110101
111101111101010011110111
1111101
1111111111100
111111111101
111111101101011101110
1111
11111
11101110
111111
1111
1111111
1111
1111
1111001110100110001111
1111111111111100
11011011110111110101110
1110111
1111011110111110
111111111111011
111
11111111111
1
111
11111101111
11111111111
1
0111011110111011111001
11111101111
1
1
1
1
1111111111
111111111
111111110101
111111110111
1111111111111101
1111111111111
1111111111111
11110111111101
1111111111111
11111111111101111
11111111111
11111111
1111111111110101
11111111110111
1111011111111
11111111111101111
111111111111
1111111111
111111111111111111
11111111101111101
111111111111
11111111111111
11111111010011
1111111001111001100
11101101111
11111111111
111111111
11111111
0100010000001011111111110010101010001000000011100000000
11111111
1111110111111
11111111111111
11111110111
1111110111110111111
111111101111
111111011111011
1111111011010101001110
01101100011011111
011
1111
111111
1111111111
11111
111111
1
1
1
1
0
1111
1
111111
1
1
0
110111
111111
11111
111
11111
11111
11111
011111111110110
111
111111
11111
111111
111111
111
11111
111111111111
111111
1111110011111111
11101111
11101111100101111
0
0
1
1
1
1
0
1
0
1
0
1
11111111111
011111110011101
1111111
1111011
001001111100011101101001110
0111110
11111111111
11111111011
1111101101111
1111110
1111111111
111111111111
111111111111
01111111
1111111
11111111
01111111
1101110001
111111111011
1111111
1111011111
1
1
1
0
0
0
1
1
1
1
1
11111111101
111111111
111111111
0111111111010
1111111111
1111111101
11111111
11111111111
1111111001
1111111101111
1111111
11111111111001
11111111
111111111101
1111111101
110111111100
111111111
1111011111
1011111111
111111111
11111111111
11111011111
1111111111111
1111111
1111111111
11111111
1111110111110110011
1111111111
111111111
1
1
1
0
1
1
1
11111
111111111
111111011
1111111110111
111111111
1111101111
11111110111
1111111
11111110111
1111111111
111001111101110011101
11011111100
11111100111
1111111
1111111111
111111110111111
111110111
1111111
1111111101110
11111111111
1111111
1110111111001
1111111101111111
111111111011
11111101
1111111111
111111110101
1
1
1
1
1
1
1
1
1
1
1
111
01010011
110111
1111111011
1111111
101000100101
10111
10111111
11110
111111
1111111
011111
111011
10111111
111001
11
111111101
11111
11101111
1111111
11111
10111
1111111101
1111
0111111
1101
111111
1111111
11111
111111111
111
111111111
111
111
11111111
111
11111
11111111111
1111110
11111011101
1111101101011110
11111111
1111101111
11111111111111
11111011111110
11111
11111
111101111110
11111
11111111111
11111111
11111111
111111111
11111111
11111101111
11111111101
111111110111
111111
1111111111
11111111
1111111111
111111101111
11111101111
11
11111
1111110111
1101111
1111111
1111100
11110111101
111111111
11111101111
11111111
11111
11111111
1111
11111
111111111110111110011101111111111
10110111111111111010101001100110
111111111111111111
111111
0111111
1111011
11101
0110010
110111
1111
011111
111
1011101
11011
1110111
1
1
1
0
110111111
11111111011
1111
1111
1011011
11100
111111
1111
1111
111
1111
1111
111111
1111
11111
1111111
11111
111111
110111111
111
11111
11111
111111
11111
11111
11111111
11111
1111101
11111
1111
111101
11111001
11111111
11111
11101
11111
1111
1110010111101101101
11111
1111111
11111
11101111
111
111111
11111111
11101011
11111
11
1111111
111101
11
11111
1
1
1
1
1
1
0
0
1
1
1
1
11011111
1
111000101001
111
11111
111111
111
1110101
1111
1111110
111
1101
11111
10011011
101101010
0101
111
110110101111
1
1111111
010111
1
1111
111
1111
11
111
1101
11
11
111
111
11
10
111
111111
111
101
11
11
11
1
11
111
11
11
11
11
11110
1111111
1111
111
111111
111111
1111100101
111101111101
0111011
11111
11111
11111
1111
111
1111
111
0
1
1
1
1
1
1
1
1
1
1
1
1
1
1
0
1
1
0111111101011111
11111
11111
111111
111111111011
111111
111
1111
111111111
111101011
111111
1111
1101
101110
01111101
11111111
111011111
11111
1111
11
11011111
111
111
1111
1111
11111
111111
11111
1111111
111101011110
11111
1
11011111
110000
011
0
111
111111
11111
1
11111111
111111111
101
1
11
11
0001111
11
11
11
1
11
11
11
11
111
11100
11
11111011111
1111
1
1
111111111
1111
1111
1
00111
11
111
11
111
11
111
111
1111
11
11
1
11
11
0
1
11
10
1
1
11
1
1
11
1
1111
111101
111
0011
11
1111
1
1111
001111
1011
011
111
111
1101
1111
11
11
11
1110
11
111111
1111
1101
111
1
111
111
1111
11111
011
1011
11110111
111
111
11111
1000011
111110
01
0
0
10
10
0
1111
111
11
111
110
0111
1
11
11
11
11
11
11
111
1
011
1111001
111
111
111
111
111
011
11
1
10
111
1
0111
11
110010111
00111
11
11
1
111
111
0111
1101
111
010011
11
1
11
11
1
111
11
111
011
10111
1110110001101
111
111
1
1101
11
101101
111
111
11101
0111
111
1111
111
10111
1
11
1
10111
1
0
1
0
0
0
1
1
0
0
1
1
0
1
1
1
111
0
01111
1111
1
01
11
1
111
0
1
11
1
011
0111
1
110100
0111
1
1111
11
1111
101101011
1
1
1
1
0
