0110000
11110111111111
111111111001111110
011
1
11
111
0
1011011
1100
1
1
1101
111
1
1111110111
11
0111111011110011110110
1
1
1
1101
00
111111011
111111111
111111111111
1
0
111111110011
1
111111111111101
1
11
1
1
1111111111010111
1
1
111111
111
111
11
1
111
00000001
111
11
1
11
101
11
11
11
1
11
011
000
1
11
1
110
0110
1
1
11
10
11
1
1
1
1
1
1
1
1
11111111111
1
1
0
1
111111111111011111
1100
11
111
11
011
1
01
01001
111
111
11
111
111
01111
111111111111
11111111111111100
111110111
111111101101101
111000011
11110111111111
11
1111111
111111111
11
11
111
11
0
11
111111111
1111
111111
111111111011
11
11111
1
0
1
1
1
10
1
1111
11
11
1
01
1
1
11110
1111
1111
111011111
1111
11111
111111
111
111111
111
11011
1111001
11111
1111
0
111110
1111
1111
11111
11111
101101
111111
111111
1111
11111
0
1
1
1111111111
111111111
1111111101110
11
11011111111011111011110
00011111
01001101101001111
1
11111111110
1
10111110100111110010
1111111100
11
1111110111
1
1111001
11001011111
10
111001111111
1001111000000000
11
1
11101111001000
111111111
00
11111
1
01
111111111
1
1
11111111101
1010111111
0001010101010000111011001001
11
00
11
11101110
110111
110111111
11
11
111111100111
1111110101111111
00
11
0
11
110111111
11
11111111
01111110111011111
0
00
1111100110111
111111111
1
00
01110100011111
111
11111111
10
01
11
111100111
11
10
10
0101100
1
01
11001111111
101
1111111
111101011111
11111111111
11111101
1101100101100010001
11
00
11
00
1
10111110111
110110000111011111011
1111111111100
10111001000010
1
111110101111
0
11111
0
1
01
0111001111111
111100111
11
01111011111
1
1110111
11
00
1
0
1110
11110011111
110100111010000001
01
111
11
11
11
111111100011111
11111
1111111111111
11111111111101
111111111101111
1111111111
11101111010111111111
1111101011111011101
01
111111100110
111101111111
11
11
11111111111
10
11111111111111
111111111
011110
1111110
0111111110111
00
1
1000111111111110001
011101011101
111
101
11
1111110111011
11
1111111111
110
11
1111
111110011000010
111111011
00
1110
0
1111011111
11
0
00
11111111111
1111111111
01
11
1111
11
1111
01
1
1111011111111
11100101111
11111011000
0111
111111111111
11111111
111010110111111
1
0101000010100111101
001011
111111111
0111
111111
111110111111
110101111
11111111
11
1
1111111111111
11111111111
11111011111011110011111
11111111111
11111
1
011011
11111
10
11
11
1
1
1
1
1
111111111111110111
1
1
1
1
1
1
1
1
1
1
1
1
1
1
1
1
111
11111
11111
1111111
111
1111111
1111
11111111111111
111111111010111
101111111011111
1101010111110110111001
111110110111111
1
111011111011111111
0011111111110111101110011
11111111111011111
11111101101
101110
111101
111010
1111
111111101111
1
1
1
01
00
11
0001
101110
000111
111111101110111111011100
11111111
11
1111111110
0
0
0
111010011110010
11101
00110101
1101111
1111
111101110
101111
11
111
101111
1111
0
100
1111001
0
0
0
1
1111001
111
101
0
0
01111
0
0
1111111010
11
111
1
1
11
11
1
111111
11
1111101
110
111111
111110111
10110
1
11
0
11
11
11
111111
1111
01111111111
11101001111101
11
1101
11111111111
11111
11111111011111
11111111110111111111
01
11111
11011
110111
11111
111111
111
11111
111111
1111111111
1111
11
1111
110
0111
111
110
1111
111
010
1111
010
111
1111
1111
11
111
1110
011
111
111
111
1111
1
1111
111
10011
1111
011
11
0011
0100110
1111
1111011
10
10
1111
0111
100
11
1111
11
1111
111
11
11
1111
11
111
111
11
111
11
11001
111
1111
10
1101
101
111
111
11
111
0111
11
1101
111
11
101
10
11
1111
111
11
111
11111
1
111
111
1
11
11010100111
1101000
1100110011
01111
11
11111
10
111
111
111
011
1001
111
1110
11
1110
1111
1111
1110
1111
1
111
11
11
111
1111
11
111
11
111
111
101
111
110
1111
1111
11
1111
11
11
111
1111
1111
1111
01
11
1111
111
10
110
11
1111
111
1
1011
1
110
111
1
111
1111
111
1110
111
1010
0111
000111001
110111
111
111
11111001
111
11111
1100
1111
11
1111
11101
01110111
11111
1111
1111
10
11
11
1011
1110111
11111
1111
1001
11111
111
1110110
11
0111111
11110110101
01
11111
1111
11111
111
11111
1111
1111
1111
011
11
111111
111111
11101
111111
11111
111
011011
11
1111
1111
11110111
11111
11111
11101
11110
11110101
110011
01011
0111100
1011111
10111100011
1
1101
1111
1111111111
1111
11111
1101
111111
11111
10011
11011
1
11
111
110
1111
10
1001
1111
1111
110111
1
01
111
11111
1011
111
11
11111111
111111111111
11111111110101011110
011111110111
1111111111
1111111001111011
111111110111111
11111111
10111111000
101
111110101111101
110111110
111010
11
1
11111110111
111111111
011111111111
11111111111
1111110110111111
0111110011111011
11111101
11111111011
111101110110
01111111011111111
111101111111
1111110111011
10101101111
111101
010110111111
11111
0000100010010110001000100000001010000
11110
0111111
1000100111
101111
1110111011011
11110000011011001011011
111111
10110101
00110111
11101110111
1101111111
111010
111111111011011001
1111011001
11
1111
110010111
1
11111
1010011
1101101111
1111110110110
11111111
111011100
111101
1110011
10111
111111011
111111001110
0111111101111
111010100
110111
011111
11111110011011
0111011110000000101110000
01111111
0101011011101
1111111
11111111
01101101100000100001
11010101
1101010
111
101
111100011
0000
1110111111
111111
1111111111
11111011
0000
10000101111011
1111111110
11111
111111101111
1111
111111100
1111111
11111111
1110101
11110110101
11111111
111000
101111
11111
111000
111111110001
1111110011001
11011111
11111111
101111
01111101
1101111
111101111
111111111
111101
110011
111
111110101111
11111111
111110110
11110111
011101111010100111111
11010111
011001101111
00
00011
01101101111
000
11000
1111
111111
1101110
11110000010111101111
1101
1
111011011
1111110
11
01111
11011111111
1101111111
1
10001111
1
11111111
1111
011011
1111
00100011
1111
011
11111111
11110101
1111
111111111
111111
11111
000
0110
1111111
111111000110
11111111
10
1
1111101111
111111111111
1010111100111000010111101010111
011110011100111
11111111111001100111001000
110101
11110011111
1111111110
01100001001
11111010
111011010001111
11110101110
1001110111001111
11011011
01110111001011111101
111011110110
11110111101111
01110
1111111
1111011100111
011111100110111011010
11111011100010110
11100111011110110
01100101001011000000010011111
10010111111110100010000000
01111011110111100111
11110110
111011011
11101011
01111111
11011110111
11111101011
1111111111
1111011010111010111
111111100101100
10111111
111100011111000101110011
11100010
1001010111001010111001111100000000101000111
11111111100001010011
1101110110111010100011
111111011
1100111011
01
1001
1111
11111
1101111
111111111
11101111
11111111
1111111
1101
00
10100001
001110111
11111
1111
11111
111101011
000
1101001101
111001111
11
1
110011
110
011101100
1111
1111011110
11110101
01111
1110101
111101
11111
11111
11010101000
1111101101111000101
1111101101
01110100010
11111
1111101011
11111110100111
11111110011
001
11
10010
11
111101
11
1
1
01111
1
1
1
0
1
0
0
1
1
0
0
1
0
1
1
0
1
0
0
0
1
111100111
111111
1111011
1111
111111
1111110101
111
11111110
1111111
010111111
1100
1011111011
1101111
001
111111101
11110111010011
111011111
111111111
11111111
1111101101011111111111
1111111
1111111110010
1111111110111
01011
110001001111011001101000000
111111101001
111110100
111111110011
1001011111
0111101110110
10111111111
1
1111111111
110011110111
10010000000
1101111111
1011111111
111101101111
01111
1111101100000
0011111111101
1111111111
11111111
111111111111
11101110001
011111011
111111111110
1111111111111
111011110101
111011111
1111111101111
11111111
111111011111
111111111011
01100
011
111011111
111000011111000011110111
1101101110001
1001111
11011111
1111111101
010
1111110111
111111
101001111001
11110
111011111
10111
0111011110110
1110111111101100100011
1110110110101
100011011101111100010011
111101
11111011111
1111
0110111111
111111111111
11111111111
111111111111
0110011111
10010100
11011111100
0000110111
11000110101
1110111111
11010110
111111011
1111011
1111111111
110111
11011
0111111
011111
10
111111101
0000000001
1110100110
10111111111
111100
11110000
111
1101111
11111
1101101111
11101110
110111111
111101
1011111
11011011
0011100110
11111111
00011110101100000000110110100
1110000
0101111
1111101
11111
11110111
111010
11100011101111
10111
00111111
1111111110
11111
111111111
11011010
1111111
1010
11111
1111011
1111
011111101
11
111
11
0111
11
111011
11011
11
11110
1
111
1101111
1
11
111
0111
11
11
1111
1001111111101001
111101
11111
1100111110
11111111
01110111
1101
01101110
11111
11
111111
11111
0111111
1111111
111010111
1111111
11111
11111111
11111
110111
1101101
1111
1111
11
11
101
1
10101111
011001110011
00000001
1
0111
011101
101
111
10000110
110
11101
101
1
111
11001
11
11
1011
11
00101111
11
100
10
111
11
1111111010
11110111
1
00111
11
1011
111
11011010
10111011
1110101
1111011
001000111
111100101
11
10
1100111
111111
0111111
10111
11111
01001111
111010001
001111
111
111111111
01111
1111
111010
11111
111111
1
111
110
1111
11
11
0
111010111
1111
1110
10
0001
0
11
1110
0010
1110
111110111
1111
111
111
101111
0111
1111010111001
111111
1000
111111
11101
11111101110010
111011
11111
111111
0111
11111
11111
111
1100
001
1101111111101110001
1111
11111110
001110111
101011
1111
11111
1001
1111
1111
1
1
1
1
1
1
1
1
1
11111111110010
11111
01
1111
11100
11111111001111
1111
11
110
11111
111
11011111
111
11111
11111
11111
011
11111
1111
11111
111
1011
1110000
000100100
0111
01000
100011
1101
110111
1111111
00
111
111011
111011100111
111
11101111
0110
111110
111
11
1
11
1011011
1101110111
10
11
11
111111
1111
11101
011
11111
110111
11101
111111
11100111
011001001
1111
11111
011000010110
1101111
1111
1111
111111
111111
10
11111
11111
010111
111010001
1111
11111
1100001
11111
0000010101001
11110111100
10110111
1111
11111111
01
1101
11111
11111
1111
111
11111
111111
1
001111
1000011
111
11100
11111
101000
0
1110
1110111
1101110110001111111111000
11111111
10111000
1011110
011111111111
1111111111101
111111
101111111001111111111110
111111110111011
111111100
1011111111101
111111000001
111010
11111101111111111
111111111111
11111
111110011
0011111
1111101111
11011111001
111101111111111111101
100
11111111
1111
0
1
1
1
1111
1100111101111
1110
101111
1111100010011111
11110111111111
01011
1111
111
10
01111101011
1111
01000
1111111
1111
11111
11011
101110
01101
1001
11111
11111
111111
01111
100000
1111
11111
101
11
11111
101111
111
111111
1111
111110
1111111
111
1111
1111111
1111
111111
1101101111
011
1111
1011111
1111
010
1101
11111
1
1
0
0
1
11
1
1
1
111111111
111
1
1
1
1
1
0
1
1
1
1
1
11
011
1
011
10
10
0
101
00
10
01
10
10
11
11
11
11
01
1
011
11
11
11
10
10
00
111
1
00
11
11
11
111
11
00
10
1
1111
1111
1111
01111010
111111
110110
11111
110111
111101111
11111111
111111
11111
111
111
11101101
001
00
111
001
111
11
10
01
00
1
101
10
1
111
111
101
000
110
10
00
111
1
11
11
111
10
01
11
1
11011011
11
111
1
111111
1111
111
1111
0111
11
11111
1
111
111
1011
11
1111110
111
1111
111
10111
1111
111111
1111
11
111010111
11111
1111
0110
110110
010
101111100011111111110111011101101
110111111111111
11111111111111
1111110111111111111
11111111111
11111
11111111111111
1111111111111
1111100111111101
1101101111101
11111111011110
101111111101111
1
110
011101111110111
111111111111111
11110101111110111
01110111011111011101101001
11111001111111011111
0
1111111111111011
111111101100101111001111110011
1111111111
1101
11111111
01
0011
01111
111111111111111
01101100011101111
0011
01111
111111111111111
11101111111111000010010111
111100
10001000000010
110011
111
1001100100000010110110101111011011010111101111011111101010011110110111001101101111011
0001111
111111111111
1011100111101100001101110000111
111111111111000
1111101111
1111111111011111
1111111111101
11111111011111111
11111110110101
110111011011101111111111
0111111111
11110111111111011
11101111010
111110111011111001
1111101111111011010011
11111111110
1111111111
11111111111111
11011111111110011111111111
1111111111111
01111111111011110111111101
011101111101110011111111
11111111101111111111
1111111111
011111111111
1110111111011111
0101111111101110111111
1111110111111
11
111101
01111
1110101101001
11111
000110101100111111111001110
1101
1001101011101101111010111111001101000110000101110111001010111011
1111111110
0000101101001011100111110110011000110000011000001011101010111101100100000
11101101
11111
1110001
1011101010111111011110000101011011
1001010010011100010001101000111110111110101111010
110101111
11
00011111
1
10111
1111100110
110
11
11
1111111111111
1111
01101
1111
1101111111110111111
1111111111011001011000011
1110
11111
111111
111110111110
11111111111111
1111111111
1111111111
1111110111111010
11011101111111101111110011101111
11111111111
1111111111011
11111111111111111
111110101111101111101
1111111111111
11111011111101111
11111111111111
111111111111
111111011101
1111111011111101
11
11111
11100
1100110
11111011
111111
111111
0111
11111
111
11110111010
111
111111101111111111
11111111011111
11
111
11111
111101
111111101001110000111
111101
0111
011001111
1111011
101100
011
00111
111111
11111
1111
0111111
011
11
111111
01
11111
11111
0000
0101111
0101011
11
0111
110111001110101
1111110111
1111
111
01111111
011
111111111111111111110
111001111111111
111111101111
11001110011111100100111101
11111111111111
11111101111011101
1111111111111
11111101
1111111001
111111111
101011
11111110111111
1111
1
111111111111101
1111111101111110111
11111
10111111111
111111111
10111111111
11101111
1111
1111111
1111
11111
111
11111001
11101
1111111
11111
1010111
111010001
111111
00111
111001
00010011101
1111
110011
11111010100110111
1
01
10
111
01
111
11111
111111
1111010
1
01000011
111111
1
11111101110101
1
1110110
1
010
1111
10
111
111111
11111
0111111111
1111111111
1111110111
101111111100101
111111111
1
10111111010011111101
11111011111
010111111110110111011111111
1011111101101101111101
01100010001101111111101
01110111111
01111011111010111111
01101111
0100010000000
11111111101011
0000010111110010111100
0111001111111011000
00000111
001010010000000000
11
11101110011
1111110001111
11101
11110011011110
11011110111111
010
110
10
100
1
111
1000
00
11
0
10
110
111
1111101010
1111111101111111111
111011110011101111110
0111111110011111111101111
111011111
111111111111111110101
1111111111011111110101101
111101111111111101111011
100101111111111111111100
11011111111101111101011
0111101010
11011010011101101111
11100111011111111111
11100111111000110011101101
1111101111111111111
010010110101110011111
1111111111011101111011111
1011001101101111111
1011111111010111111111111
0111101111111111111101
1110111001111111110111
1111110111111111111
001111111111101111111110
101110100
1111011000111111111111110
1110101111111111001
1111111111111111111111
1111010011110011111111
111100111011111110111011
1101110110111111011
1
1
111
1110111
101110011111111111
00
11011011110111
0
111000
1
101010111011001101
011101101110111111111110
11
011100010111011111111111
0111001111011111111111
01
111101111111110111101
101000000101001110001101
1101000010000011
10
0111011110111011101111
1011001111011000100011
11100111110101
1100011111111111111111
1111111001111111111111
11101111011111111110
001111111001111101101
1111111111111111
1111111101
1
110101111111011
1111111111
1111111111
10111111111111
111100011111011101001
11111011010111111111111110
1111110111111111110
111111110111111111111111
0111101111101111011
0
11111101111101111111
11111111
1110101111001111011111111110
11111111110111
1111110111
1111111111
111111101
1111
0
0111
1
111111111110011000111111
00
111
010
111
110
1110
100
1111
1
10
11101111111111001101111
111111010011111
11001110101111111111111
1011011101111
11111011111111111111
111100111111111111111111
11101111001111011111111
0000011011101111101101
11011111111111111111111
0101110111111111111111
1111101111111111111111
1111011011111111111111111
010111111111101
111001111111111110111111
1111000011111111110
111011111111111
111110011111011001111111111
0000001110101001011111111
11111111111111111111111
11111000101100101111111
11111101011111101111
1111011111111111111111111
11110111111111001111111
11100011110101011111111011
1111001
1111111110101111111
11100110011101110111
1010111111111100101
101011100100111110111111
10110000101111111101101
1111001111101110111111101
1101111
111111
111110
11
11011
11
11
11011111111
111111111111
11111111
111111010011110
111
111
110111110101
01101101100111100001100
110101111011
1111
1101
111
111
011
01
1011
111
001
10
1111
011
1111
11111
11
01
10
11
100
111
1111
1110
11111
1011111101111011101
0111111011111111111
11111011111101111111111111111
1111011011011100111111000
1001110011111111101111
0011101111101
101100110110011001101
11011011101111111
1111111011111011100011
11110111111111111111111111
11100111111101101111111
111111100
111000
111111111111111111111
111111111111011111111
11111011101001111111100
1101011101101111111111111100
1101001110
1111111011111011011111
11001111111011110111
11110011111
1011101101111111111111
11110
0101100101001101101111
11111110010110111001110
11111011110100101
110111110111111111111
011111
001111001111011111111111011
0
11110111111111111111
01111001111111111111111
11
11111111110111111111111111
111
10
11111011
111
101110101
0
11111111
1111111111
111111111
111110
111111111
11111111111111101
1111111111
11110110101
11011111
1111111111111
11111011
010
011
1
111
1110
11
0110
111
1
110
01
01
1
1
1
11
1
1
10
11
1
11
1
11
10
11
1
11
01
0
1111
1
1111
1111
001
0011
11
01111
111
1
11
111
1
11
110
1
11
11
11110111
111111
1111111
111101100111111
11111
111110110
111111
11111
11011110111
10111111
1011111111
11111011101111
0010111011
1110111111101
111111101111
11111
0011110001
10111
10111
111
1011
01
0110110010110111001
1111
11111
11110
1
1011111
10101111
111111
0101111
1111
10
110
01100
111101110
1111011100
10001011000
10
1
1
1
11
01
1
11
0
11
01
10
01
1
1
1
1
10
111111111111111110
111
0110111011010100000
111000011
011101111101
11111011
1111010
1111111
11111
1011110
1111111
1111111
11
111111111
1111
111011
111111
100110011111
11000100
111111
10111111111101
011010100110110110011001110
111111
011111011
111111111
000111
0110101000110
1101
1
11110
11
1
1111101
11111111
11111111
111111
11111
1111111111
110011101011011
11111
0111110
1111
11111
11111
11111111
1111
1111110
110110111110100110011
0111
101
1
11
111
100
0111
01
1111
1111
101
11
11111
11110111
11111
1111111
111111
01111011111
1111101111
011110011110011
01111111101
111111101000000
1111111111110111011
11111010
11111
11111111
11111111
1111111
1111111
011111
11111011111101
111
111111
11011111
111111111011
1111111
1111101
1111111
1111110001
11111
111111
1111011101101111111101
1111110
111111101
011
111111
1111111
111111
011110111
111
01111111
111111111010111
111111111
1111010111111
1111111
1111111
111101
1
11100101
11
111
11011111
110
1111
10
111
1110
11
0111111
0101
110
11
0
1011
11
11
11
0111
1
111
101
1
0
11111010
1111111111111111011
011
1111111111
11
1110
0
110111
010001111
110100111111
111101111111
1111011001
1110111111
11111111111111111111111111
1110
111
101
1
111
1
11
11
110111111
1
11
0
11
1
1
1
10
1
1101010110111
1
11
0111111
111001100111111
10
1
11
1011
011
110
11
0111
11
11110
11
111
11
10111
11
111
0111
111
11
0
111
11
1011
1
1
111
0111
11101
1
111111111
111
1110000000111
111111111111
000000100110
11
0011100010
11
11110000000
10001100
111
1001000000
10110101111
01010110100
0000001000000
100000100
00110111011
000100000000
11100111111110
1101001
111110010000
01010100101110110110111110101111
11
111
1111
11111
1
11
0110001101
111101011
1111
11111
011101111011101111
1100
1111100111110
101111101101110110010000110000100
11111001111
01111
0111011110111
1111111
111
1101
11101001
111
01101
00
11
101111100110101110
11010011110111111
111011
11011111
111011
110110111010110
1
1111110
1111011111
11111
11
11111
111
11
1
1111
11101011
11
1
11
0011000
111
011
111
1
00000
11110
1
11
1101
1
111110
11
100
111
1111
1111
101
111
11
1111111111111
111
11111111111111111
111
1101111
1111
111110000
11011111011
000000101100
101000000110100101
1110
0111011001100101101
111111101011110
11
1111
1110111
1011
111101
1111
1111
11111
11001111
101011111
1110
11111
110110
10111110
11111
11111
11111
1100111
0
11
11
0
11
00111
11101010010
111110
11
111
111
11
1
1100
110
111111
1
1
01111
111101
01
111110
1111111
110
0111111
1011111111011111111110111
1110
111
1111111
1111111
111111
0
10011
1101
11101111
111111
111111
11111
11111
11111
111111
111111
111111
111111
1111111
11111
11111
111
1111
111111
11111
111111
11110111
1111111
111
1
111111
11
1
11
1111
111100
111
11101
11
011
11
11
10
01
1111
1111
110000111110000011
11101
1111110
111
111111
11111
1101011
1101
1111101
11111
111011
111111
11010
11111
1111111111
11111000
1
00001
111111
1011110
11111
001101101
100010
0
1
1111
1
1
01001
11
100011111
1
01
11
01
11
1
1
1
11
00
10
01111
11000100
0111111101100
11
1101
11111111111111101110111111
111011001111111101
1000111100111000101110111100111010100110
000100000000111000100100111011000111
0000100010000001000000000001111010011010110
01010100001001001110010111101001101110010110001101001000
0
1
111110111111011
1111
100000000110110110010110110100100
101111111111011111000110011
001
1
1
11
11
11
001111
1111111001100110111001001001
00000010101
11100000011100
1111111110
1011111101
1111
1111
1101111101
01111111
11110111
101111
11111011
1111110
111110111100
111111100001
1111111
1111111
11001111111
110000111001
1111111
111011110111
011011
111
111
0101111111
10111110110000
1111011
10
111
1110
101
1
1
1
10
1
1
11
1
00
10
11
1
1
0
11
0
11
11
10
11
1
0
1
1
0
0
1
10
0
0
1101001
111
11
11
11
111
111
111
11
1
111
01
11
01
1111
1
11
101
10
111
11
111
111
11
0
0
00
11
1
01
1
1
10
1
1
11
11
1
11
11
11
1
1
1
01
1
1
1
1
101
111
010
0011
11
1
11
111
1
111
01
1111
1
1011
000
111
110
11
1110
10
1111
101
11
1
1
11
1
1
1
0
10
1
11
0
11
0000
0
0
1
0
0
111
111
1
11
1
11
11
01
1
1
01
10
01
111
1
0
011
11110111
001111110
0110111101011
100111100101
11011111111
101
111001
10111101
101011111
111100111110011
1111111
011111111
101111111
0111111
1111111
1100011011
11111111101111
11
1111
11111111111
1111111
10
11
1111
1111
1100
111
111
111
1111
01
0000
1111
010
01
101
11
01
11
1111
10
11
01
10
0011
111
11111
11110
011111
111111
1
111
10
1111
111
1101110
0110011
00111
11
11001
101
11
111111
11011
1111
11111
1111
1101111111
01111
0100000010000
11
1011
11
11111
11111
1100111
111
1111
111
1111
111101111
111111
011110011
1111
11111
11111
1110110011
11111
1011111
10000111
010
0111
11111
111
111
11111
1001111
111011
11111
11
0111
111
111
111111
1111
110111
011
1011
11111
11111
111
11111
01100000110
111111
111011
111111
111111
111111
1011
11
111
1101
11
1
0111
110
11
1101
0111
11
00110101
11
101
100011001111
11
11
1111110
0111011001101100
111111011
10100111000110111000
1111101
100110111111
11111111111111111111
1111111111111111
1111110110011111
11111111011111011011111111110111
1111110011111110111101100110110010011101110001
11111111111111111111
1111111111111111111
111111101011101111111101111111111111101001111
1111111111111111011100111111
1010010010111011111110111011110101101001
111110
10110111111111111101111111101111011
11011011010111011101111
0111111101111011111101111111111
1011111011
0011111
111111
11101
1001010
111
11100
011001
111101
111111
1011110
1111111
11
101111
11111
111111
1011
111111111111
111111111111111
11111111111111
11111111111110111
111110111111111111101
1111101111111111111
1110110111111111101111111111111
1110111111111111111000101111111110110
1110111111111111111101111001111011110111111110111111110011
01001000001110000111100111100111111111010101111110
000111011101111111011110111111011111111
10010010111
111110001111111111110110111111111011111000011
10110110111110011111101111111111101011011011100
1111111011001011100011001100110
111111111111111111
11111111111111
11111111111110111111111111
1111001111111111111111100111001000
101111101100111111111111101000101111100110100011100011
01111111111111111111
11101111100011111101010111010111111110110
101111111111111111111111
1010010111010100
0000000000001000001111100001110111000101000000000000
01110111011110111011111111111
101010011111111110001111
011111110110
1111110111111111111
11111111111111
11111
11
111111
1111111
0
0
11
1
0
0
1
1
0
0
0
1
1
1
1
1
1111100111110111111
1111111111110011110111111
1111110111111111111
1111111111111
1111111011111111111
1111010111010001111110
11110011110100111101110111100100011111110010000100100111111001
1111111011101111
111111111111111001
1100111111111111111101011110
00101011101111111011010111111101111
1111111111111111
111101010101111111101010111111010011010001101
11111100111111
10
1111110111111111100101010110
0111111111101110110110111110011100011111011110011111000100
01111111001111100001110111110111011011001111011010111111000000111111100100110111000111110001001101111
0100111011111111110110110101011111101111001
111111111110111111011111101111011010011
1011111111110111011011111101111
10110
111111
1011
110111
111011
11111111111111011
11111
1111111
1111111
1111111
111111111001100111110111011111111110111111
1111
11111111
111111
1111111111111111111
1010
00011011110011110010111111111000100101111011110111111000
110111110101111111111110001010111111101101000111011
1111111111111111110111
011111011111111101111011111110101111111110111101111101110100101
11100111101111101111011111011111111111101111101100
0
11111011011111110101101111110110111
1111111110111101110111
111101111111101111011101111101
0
1000111001111111001111110111110011110101101100011110000011011111111110
11111110001111101101101101111111111111000011111101110011111111111111101010
111101111011111111101101011110111
011100111110110111111101010111111011
1111111111111111111110
10111011111111111111110101101111001001000000001101
1001101101100
1111
111
11
11110110000111
111111
11111
11111
1
11111111100111
1110101
1111111
0111111011
1101111
01111
111011
1100011
010100111111111111111010111011
11111111111111
111
111
000
111
111
111011111111111110111111011111
11111011110111011111111011001
11100
111111
1111111
111000
101111
1111100
11111
1111
1110
11111
111111
1111
1110010
1111111
111111
11111
0011100
11110
0000001
0010110
110
101111
10100
1111000
1111111
1111110
00010
1101001
0111111
10100
11111
1011010
0110111
1000
01101110
100111
01111
11110
000101101
0010
00000000111110
1111
1111
111111
110111
111101
11111
111111
0101100
111100
101
1101
111010
1111111
11111
1110111
1001111
0111111
001111
011111
1111
11111
111111
1101101
11111
111111
10000111
111
01011101
111111
11101
111000
111101
111111
101111
111111
111111
1011001
1111111
11111
1111111
11111111
111
111101
1011111
11011
1111111
1011111
11111
11111
1111011
11
1111111
110111
1100000
01111111
011011
011111
1000111
11111
00110
1111
010
11101
110111
1111011
0011100
111111
000101
10011001
11111100
1010110
1111111111
11111111
111111
1101101
110111
000
11
1011111
1
1
1
1
1
0
1
1
0
1
1
1111
11001
100
101
0111011
11011
111011101
111
11111
1001111
11
11111
1111
01011000111
11101101
1111
1101
1
1111
11010001
111
11
1111
111111
1
1
0
11101111
111111
00111000111111101111011111011
1010101111011111
010110010
11110100111001
11110111111111
10001110011111101
11011111111110011111010
1110111011111
101111111
00101111111111
100111011110111
100001100111
111111111111111
11110000
111111110111101
1110111111111110111
11111110111
111111111111010110101001
101111111111111
1011111110111
111111111111
1010011110111110111011
110111011011
1001111111110111
1111111111001100
111111100101000111111
111101111
111011011011111111011
111111111
11
0
00
0
1
01
11
11
1
1
1
1111011
1110
111111111100111011
1111111
111111111111
11101111
1111111111
11110011111111111
111101111101101
111011111011111
111111111011110
11111011
0101101011111011111
1110
111110111
11
11
11
110
1
1
101
11
111011
01111111001
110111
10111011
111
11111
0111011
1110111
0011101
11111
11111100111
1111
11111
11111
001100011
1111
1101
11111011
111101
11001
110111
1
111011111111
1111111101110110111
011111111
1111101111111
11110111111
111111110101101111
11111111111
111011111111111
11111111
11111111011
1110110111
11101110
011111111101100
1111
11111111101111
111111111
111
11111
11110110011101111111
11111111111111
111111111111111
1111011111111
1111111111
11111111111
111111111
011011111111111
111111
11111111111
1111111011010111
11111111111
0111111111111
11111111111
111111111
1111111111111
111101111111
111111111110
1111111101011111
1111101110111111
11111111
111111101111
111111111111
11111
1111111011110
10111011111111101100110
1111111111111
111111111
1000111111110101111111
11011111
11111
11111111111
010011111111110
111111
111110111111111
11111
11011
101111011
111111
111111
111111
11111
111011
100111111
101
01000010110010
11111
1101110
1110111
11111
111
101100
11001001011
111
111011
1111
11111
1011
11111111
1111011111111101111
11111001110111111
11101111111
1111111111
11111111111110
11111101111
1111110111111
111111111111
110111111111011111111111110
1111101111111
11111111111
110101100110
10011111111110001101111111
111111111011101
1111110
11010100110
111111
111111
11010
1111110
011101
111111
11111
11111
11111
11111
11111
1011110111
1111
111
1111
0111101
1100
11111
11101
11111101
101111
11111
0111100
01
1
011111
11111
1111101111011111
011
111
1111110101111111
11111111
1111111111
101111011
11111111101110
1011111111
1111111111
11111101111
1111111111
11010111111111
1011001111
111111011
111011111
11111
11111
1111
1110111
1110110
111111
11111
0111111110
0111
11110
11
11111101
1111
11010
1111
111
111011
11111
11011101
111
11111
01110111
111011
1111
1111
1101111111110
111001101000111011111000111111000
011110111101111101101
11111
1111111111111111101
11111
110111
1111111
11
11111
1
111001101111
111111101
11
011011001
1111111111
1111111111
11111111
11
11
111111
11
111
11110
11
11111111001111
1111101
111111111110011
1001011000
11111111
0110011111111
1
1
11
1011
110111101
01111011111011
11111010001
001110010011
1111011111111
0100101000
000110110101
1111010111101
1111
11101111111
11
111
111111111
11111111111111
0101111011001
11011
0011111111
00110011101
111
111101011111
111
111101111001
11110100011
0011110001111
111
101110111
11011111
000
11111111
11111111
111010111
11111110
11010111
11
111
1
10101111111111100
1111111
11011101111110011
11111101110101
1
0111101
0
111111
111111111
101101001100
11100
111011
111011011
11001011111111
11011
1011
11
1111111
1011
011
110100
111111
1
111
1
1
1111111
111101111110010100011
1011111
111111
111111
1111
11111
110111111
0010100111
111111
1111
11111
1110011011101
1111011
111111
11101111
1111110
111111
1111
111011110
11111
111111
01100101
111
111011
0000001100
0111
11
1
110111
11111
111111
111011111
1111
111
111111
11
11111110
11
1
011
11101
11111
11
11111
11111
111
1111
111
0111111
111111
111
11111
1
11110111
111
1111111
11
111
11111011
111
111011
111
1110111
111
111
1101111
11
11
1111011
01111
1111
00110111
111
0111
101
11010110
01111100
0010
11101
011011
01011
101111
11111111101
111111
0100111
111011
00011011
0001110
11111
110
111111
111110
0111101
011111
010101011
101
01001
0111
11110
11001
1001111
111111
011100
1111111111
11110
11111
1110111
111110
111111
11001
111
1110
111
011
11101
1111
1111
111011
1111010
0100000010
11101011
1111
111
1101
1111
111
1111
111111
11111
11111011
01111
01110
11011110
1101
1100101
10111001
11010
101110
11111
101100
0110111
1101111
1111
111010
0000
1111111
110101
1111
1101101
11111
0
111
10
10011
111
01111
0111111
111111
111011101
1111111
111111
1110111
111110
011011
001111
110011
00101
1111111
01111111
1100
1011111
00100
11011
11001
01011
111100
001011
1111100
11110
11000
00110
110001
100101
00011
0111110
01
111110
101
111100
011
11111
11
111111
011
111
111
100111
101101
11111
00111111
000101011
1110000
1101
10110010
011110
00101011
011111
110
11011
1110100
111
1111111
1110111
1101
0
1011
1111110
011010110
1101111
111111
0
111111
011111
110111111
111110111
111010111101
111111011
010110000111111
1101111011111110
111
1111
11111
111111
11111
110111
1100001111101
11110011
1111101
11111011
1101011111
1111
1101111
111110111
101111
110111
101111
011111
00100111111011
1111111
1111111
1
11010101111
111111000111101
1110
01111101011110
1111111
11111010010011010
11111111
111111011
10
1110011
1111111111011111111111111111
1110001111111101100
11
01
00
110101011
11
111
11111
1
1111
111001
1
1111
111111111111111011101011111111
1
1111
11111
111111
1111101
111001011
101
111
1
10011
11
111111111101111100111011111100110101000001
1101111011111011101011111011111111001101110010100110101111110101101011101000111111
11001111111110011111011110111101111111111111111011111011
11010111111101111111110111110011010101011111110
10111111011110111111011111111101011100111111
0101110101
1011
1111110111
0
1101
111
111
111110
111
11111
11
01011
11111
11111
1111
100
010
1
000
0
11
11011
10
1
1110
10111011001
11
0
11
1
11
111
111
01101
1101
01001
11110
00001
1
111
11
11
111
1110111
111
11110111111110011001101
11
11
101
111
11111
1
111
111
1111
110
11
111
11
11
111
111
1101111
111
1
11
1
1011
1101
11
111
111
11
11
110
11
11
11
1
11
1101
101
10110110111
1
1
11
111
01111
111
111
101
11
111
11
11100
11
1111
1110
11
11111
111011101
111
111001
011
11
11011
1101
111
1
00
0111111
1
11
11
11
11
11
10111
111
1
11
01111
111001
1111011
11111
110
110
1111
11
111
1111
11110101101
0111
11111
1111001
01111
11111
11011
11111
11
1101
1
1110
11111
1110011
11110
111111
1111
11111
11101
1111
11111
011111
0
11
100101111111111
1
110111111110111111110111111101101111110
111111
10
11
11
1111
10
11
111
11111111111111011
1
111
111
11010110011011011101011111
011101001000
1111111011101
111001101111111111011
10111101111110111010111
01111011110101100111011110
11
11101111101100
11101110110110
111111
0011111
11111111
111111111111
010111010
111111
11111111111111
011111000111
11100000
01111110
1111111101111
11011111
00
11010111111111111
1111111
11
1
00111
11
1
1
01111
1111
11011111
11111
111
111111111111111111111111
11111011111111111111111111111111
01
11101
111
1111
11
11
10111
1011
111
11
11
1
11
1
1111
11
111
111
11
101
1100
111
111
110
11
1
11
11
11
101
111
1111
11
1
111
11
11
1
11
11
111
1
111
11
01
1
1
11
11
111
1
11
11101
11
1
1
11
111
1
111
111
1
101
111
111
1011
1
11
111
1
11
111
1111110
1
1
1
011
1
1101
11
111
111
111
111
01
11
11101
111
0111
111
1
11
0111111100111011101111111001100011111110011110
010
1011
11
11
111
11111
11111
10
1
0011
10
1
01
11
011
00
0
1
10
00
1110
0001
1
000
11
0
0
1111
1111111
111111
1111
10111101110111
1101111
111100111
111
11110111
111
111111
11111
111011
1110011
111
11
1011
1111
1111
011111
111
1
111011111
11
11111
11111
10111100111
00
111100111111
10
11
1
1
1
11
1
1
0111
1
111
01
1111
11
01
000
1
0
01
1
000
00
00
11
1
10
11
11
11
0
10
1
101
101
0010
1
1001111111
11111
1
11111
1111
11011111
1110101
1111
11010110
11111
11
10
11
111111
1101
11
1
11
100111
0111
11
11111
0100011
111000
11010110
111
1111
1111
111111
11001011
11
0011101110111
111
11111
11
111
1101011101
1111
111111
1
11
111
1111
111
111111
11111111
1111
11
101111
0111011111
1111001
111111
1111
1
1011
01111
111000111
111
11011
111111
11101
11111
1111
1110
111111
111
111
11
1110111
1111
110001111011
1111
11
11111101
1111
01
111
11111
111110111
111111
1111110010
11101
111111111111
11
111110
0111
111
01100110
11
110111
1111
111
1111
11
111111
111111
10111011111
11
11101
11
011
11101111
0011011111010
0011111
1111
11111
1111001110110
1
1111
1110
011111
1111
1111
11111
1011
1111111
1111
11
1011111
111
1001111
111
11111
11111101
111111
111111
110111101011101100
111
11111001
11111101110011010010
11111110
1110111
011
111
11
10
11
11
111
1
111
1010101
111111
11111
11111
111
1111
1111
110111
1101111000
10111
11
0101101111
01
111
00
111101
110
111
1
1111111101100111000
00000000
00011
111
00011
1111101
1
11
1011
111
011
11111101110110111
110
111101111001
1111
1111
111
1111
111001
111
11111110111011111
111
11101
111
1
11
1
111
0111
11
11
11
0111
011
1111100
111
111
011
0111
111
111
111
011111111111111
11011111110010011
11111
1101
111
111
1
0
11
1
11
11
01011
1110
11
011
1
11110
111
11011
111
01
01
01
111
1101
111
111110101111111
01110111111101111
11010
0100
11
11
111
111
111110
1011
11
11
11111
11
111
11101111111011
11
0111
0
1
111
111
0111
11
11
11
11
111
11
011
11
111
111
1111111
11110000
10111111111111111111011
11111
01110000001111011101
11111
1111
11001
11110101111
111101111011111
111111
1111
11
00
111
11100100111
11111
11101011
1
11
0111111
111
011111
11
11110
111011
1011
111111
111111
1111
11111
1111011
111
01111
1111
11111
1011110101
111
1111
1111
111111
111111010
1111
11111
111111
111111
11111
01111
1111110
101011
10
11111
111111
1110
111
1010001110000110
0
110100001
1101
11111
111100
11
111111
1011
0111
111
1100
11001
1
11
11001111
11111
1111111
0111
111111
1111
011
111001100101110000
111101110
111
1
0000
111
1110111
0
11011
111
111
1111
1
0
01111
111011
0
111110011110
01100111100100
1001111
10
1
1
0
0
0
0
0
11111
0
0
0
1
0
0
11111
11
111111
11
1011101
11
1111
1111111
1111
11110111101
111111000110
1111111
11111
110100101111101100
111111
1101101
101111
1111
111
111011111
1111
11111011
11111
1111
10
1111
1101
0111
0111
0111111
1111110
111
1011
001111111
011111
11111
1111110
111011
0111111
1111110111
1111
1111
1111
111
011
11111
1
111
111101101111
111110
11111101
11011
1111011
11
0111
1
111
111
01
11
111
11
11
111
111
111
11
111000
11
111
0110111
11101
111
111111
10000001100
111
11110
11
1
111
1
11011
111
1
111
110
11
111
1
111
111
111
11
111
01111
11111011110110
10
1011
111
111
10
1111101000
111
11
1011
111
1110
11
111
01111
111
111000101
111
000
0
11
00101110010
111
110
11
111
000
110
0110
1
11
1111
1
1
0111
11
0111
1111
11111
11111
1111
111
111111
111
1101111
111
0111
1111
111
1011111
1110
11101111
1111100
11111
11111
11101
11111
11010111
11111
111
011
110010111
11
1101111
11111
11110
111111
01111
11111001
101101
11011
110011110
111
11
1111
11111
01111111
1111
10101
1111
11111
011111
1111110
11111
11110
11
11111
111
10111
1111
11111
1111
111
11111
11111
111011
1111
111
11
10111000
111111
101111
111
11
111
1
11
11
101
110
00011
0
111
110110
100110
1101110
011111
00110
1111
01111
11
101
01
01110111
11
111
01
11
1
111
1
101
10
111100000000101
011101
1
11
111011
1011
010111
1
110
1101111
1111
111
11011
111
01110
111010
0
11
0
11
1110
11
110
0
111
111010110010
111
1111
111110
00000
00
0011100
111001
11111
1101011000000
010
1111
10011
0111
11011011011
11100010
111110001
011111
11111
11111
11
1
0111
1111
11
0
1111
111000
0
0
0
0
110
01111
111
11
11
1
0011111
11101
11
111
1111
1
1
1011
111
11
111
111
1
01
11
111
111
11
11
0
1
0
0
1111
1
111111
1
1
1
1
1
1
1
1
1
1
1
1
1
1
1
1
1
1
0
1
1
1
11011111101
100111
1
1
1
1
0
1
1
1
1
1
1
1
1
1
1
1
1
1
1
1
1
0
1
1
1
1
1
011
111011
01111
11
0
1
11011
11
1
011
111
111
1
111
1
1
1
1
111
111
11
01
111
11111111111111111
11111110111
11111101
111111100111111
100111111
0111111111111011101
1
11111
111
1110110000111001
11111111
101111
1011
11
01
11
110110
111
11111
11101
1111101
11111
0111111
1011111111100
111
1111
11101
11110
1111
111111
1010
111111
1110111101
11
11111
11101
11101
1111001
100110111
110111101
111011111
011111101111111011
1111
1111
1111
11111
11111
1011111
1111
1111
11110111
11111
1110101000
011011
111
111111
11
1101111
1111
111
11111
111101
1101
0
0
0
0
0
0
0
1
0
0
0
0
0
0
0
0
0
0
0
1
11101111
0
1
1
11
1
11
1
110
1
1
1
11
11
11
11
1
1
1
11
0
1
1
11
1
11
1001
111010
11
111011011
111
10100
11
11
1011
11
01
111
1
1
11
11
11
11
011
11
1110101
111011111
11111
111
111
1111
1111
101011111
1001111
1111
11101111
11111
0110100010
01111
1111
11111
1111
11
1011011
1111
111
111111
1110100111
11
11110
10111101
10111
101111
01
00
10
11
011
11
11
1
111
1011
1
11
11
111
11
11
1
1110
11
1
11
1
11
11101
10011
11
111
1011
1001
0011
1
111
11
111
10111100
1
10111111101011111101
111110110111111011110
11110111
0111100100011
111111111111111
101111011111111101111001110111011111111111111111
110111
11
111111
1111
1110
111111111111111011111111
111111111111001
11
111001
1
100
11
11101011
1
11101
111011
011
001101
111111110111
11
011101
11111
1011101
1
11
1
110
01111000
1101010
1
1
1
11
11111
11101111111111111111011111
1111111111111101
11
1
011
1
0010
111
11101010
01
11
11111
11111
001111
11
111100
1111111
101
111
1101
11111
11110
11011
000
1010
011
1
0
111011011
001
00100101011
11
11
100
11
11
11
110
1
11
11
11
0001
10
11
0000100011
001
11
1
00
11
0
0
111
0
01
1
11
0011
11
1
1
111
11111
11
11
10
111
1
1
1
1
11
11
1
1
111
00
0111
111011101100
01
01
11110111
1
0
1
10
1
1
11
1
1
1
00
1
01
00
11
1
0
11
11
1
00
0
1
1
1
1
11
0
11
1001
01
0
11
0
11
11
011110
011
01
00
1
11
11
0
111
01111
1
101011
0
00
1
11
1
01
111000
1
11
0
1
0
0
0
10
10
1
1
00
1
01
1
11
1
11
1
1
1
0
1
1
11
1
110101
0
11
11011111
11
1
1
10
0
0
0011
1
101
011
11
11111
001111
111101
111111
111111
111111
11111
1111
1111
111101
11111
111
11111
11111
1111
1101
11
11101
11111
111
10111111
11
11
111111
1111
10111
1111
11111
01111
0111110101
1111
1111110
1
11
11
1
1
1
1
11
11
11
0
10
11
1
0111
11111
1111
1111
111
1111
111
11
11111
111
1111
011
0
111
10011011
11
1
1001
11
111011000
1
1
1101
111111
1111
111
0010
1110
11
0110011101100
11
111
111111
1111101
1111
11111
11111
111111
01110111
1111
11111
11111
1
1
11
111
11
11
111
1111
1
1111
111111
111111
1
111
1
1
111
00
001
1
1
111
1
0
101111
011
0001
1
11
111
111
1
10
1
01
11
11
11
11
1
0
1
01
1
01
1
0
1
01
001
1110110010010000
11
1
01111
1
10
1
11
0111
10110100
10
001
11
0001000011
00100110
00
01111
11
000
1
0001
11
11
1
11
1
1
01
11
1111010
11111
11
11
1110
11
11
00
111
1
000
1
1
11
11
110
1
0000
11
11
0
11
01
1
11111
110111
111111
11111
1
11110101
111
0
00
00
1
1
1
1
1
11
0
1
0000
11
11
1011
1111111
1111111111
1110111111111111111
11
11
11111
1010110
111011111111
1111111101
111111111111
11
11111
11111
1
111111101111
11011
111111011111
111
1111101111101111
1111111111010111111
11
111111
1111
111
0111
111111101
0111011111
00
11
11
111
1
101
1
1101111
111
11
1111110111111101111
11101111
11
1
11111
1111111111111
111111111111010111
1110
111
1011
1
11
1111
111111100111
1
00000
0111111
111011
011110
11
11
111111
1100101
1111
11111
111
11
111111111111110
11
1111
011
111
11
11
011
111
1
111
11
111
111111
01
1
111111
111
11111
11
11
1111111
111111111
1111111111
1
1101111
11111011101
0
11
11
1
111101
11
01111111
11101011011100111
00
1111111111
111
01111111111
110
11
10111111111011
11
11
1
1
01111
111
011100111111
111
11111011
11111111
01
1101110111101
1
1
111
11111111
1
111
1
1
11111
11
0
1111111
11
11
111111
1111
111111
1111111111101
11111111111
11
1111111
1
0110111111
11
1111
11111
11
111
1
11
1111
1111
111011
11
111111111
0011111
11
1111111111111
011
1111
11
11101101111
111111111111
1111111
11
11111111110111
11
1
0
1
11
11
11
110111
111111
11111
1
11111011111
001
1110111011
1100111
1
1
11110111
10
111
1111
1111
1111111111101
10011
0111011111
11
111111
1
111110100011111111
11
1011100
1
11
11111101
111111
01
11111
1111
1
111111111111
1111
11111111
1111111101111
1111111111
11111001
1100
1111
1111
110
111
11
10
1
11
1111111
01110011111101
1111111111
1111
11
10
1111111
110
11
11111110110110
11
11
11
1011
11001110
111111101110111
01
00
111
11
1111101
111111
111111111111111111
11
11
11111111111110
111111111100
111
11111111111
111
111111
1
111
111111110111
1111111111011111
11111111111
111011111111
011111
1
111111111011111
101111
111
10
11111
11
00
00
11
10
10
11
11
1
11
100011
11111
111111
1111
111101111
1
1001
1101
11
111101111001111
1
11
111
111
1011
0111
1
0111
1111111111111
111111111
01
111
11
11
11111011
11
1101111
111111
11
111111101
1
1
0111
11111
11
1101111111
1111
0100
10
1
1111
1
01111
011111
111
111111111
11
1
11010111
011
1111
11
1110
1110
111
11
1111
111
1111
11111111011
11
0
1
111
111
111111111
1111
1
1111101111001101110
1111111110
011111111
0011
1111111
111111111
0010
1
111
11
11111111
111111111
11101110
111011
11
1101101
11111
11111110111110111111
111
111100111
11
1111
1110110110
111
111110
01111111
11111
11
0101
111111111111
1111111
1
10
111111111100111
0
11101111
111111111111
111111
011
11
11
11
11
1
11
11111
1
11
111
10111
111
11
1
1111
11111111
11
11
1
1111
11001111
1111
01
01
111
111
1111
11111
1011
110
1111111
111011
111011
10111010011111111
111
101111011
0111
00
1111111111111
101001
0111011
1
11101111
111
11111
11111
1
11
11
10111
001
111
0
11111
1
101111111
11
111111
11111
111
01111
11
1111110
11
11
1011111111000
001111
0011011
11
11
11
101111110
111
1111111
11
11111
11011
10101
11111110111111110111
111
1111010
11111
11111
111
111
1111
1
1111
111
11111
1111
1111011111111
1111111
11
11
11
101111
11111
1111
11111001
1101
11111111
1
111
11
110101110111
1111111
111
111011
11101011111
11111
1011111100101111
01111011011111011111
11
111
1
111111
01
1
011111
1011
11111
01111011011
11
1111
11111
1110111101
1110111
1110111
101
1
0
1011111
11111111111101
1
101
111
110110110
1011
111
1111
101111
11111
1111
111111110
11
11
00
1101111
111
111110
11
111111101011
0000
0111
111111111
11111
111111101
11
1111
10101
1111
111101
11101
1
11111
0111
011
1111
1111111111101011
1
1
111
11
11111
1101
111
11
0011111
1
111
1101
01
1111
111011
111
0
1
1111
00011111111
1111
11111011111
111
11
111
1
1111111111111
10111111111101
111
1111100
1
11
111
1
111111
111010111
111111
111
11
1
1111011
11111
11
1110111
1
111
11111
0000
11
111111111111
111
111111
111
10011
11111
011
111
111
11111
111
11111110
1
001111110
1111101
11111111
111
111011101111
11
1
1111
111111
101111
1111011
1111
1111
11111
111111
1111
11111
111
110111111
11110101
111
111
11
11
1
1101
111111
111
11111111
0
111
111101111011111
111
11
11010
0111
111111
11
1111011
11
11111
00101100111
01111
101111
111111111110
11
11
11111
111
11
11110
11
0111
111110
11111111011110110
11
01
111111
111111
111
01
0
1111
111011
10111
1111
1111
111
111111
11111
1110111
0111111
111
11111
10111111
11
1111
111
111
11111111
11111111111
000
10111
11111
111
1111
111111110110
11
101111111
111111
1
11100110111
1
101111
111111
11111101
111
11
1111
1110110
11
1111111
011
11111
11
111110
1
11
01
1111101
01111
11111
1
11111
11111111011
11
111011
1111
11
1
0110011
111111111
11
11
11101
1
0111
111111101100
00
1111111
11001
0
1
11
111
1111
1111110
1110111
1111
110111
111
1110
0111111
11
1101110
111
1111
11111
11
11
11111
011
111
01110111
11
11111111
111
1111
111111
1111
11
11111
110111
11111
111
11111
110
11
11111
111011
1111
11111
11111
0001011010001010010
11
101101
1111
0011010011
11
1111
11
111001011110
1011101
11111111
111111
11111
110111
111100
111
111111
1
1111
1111
1010
1111011
111110
10
111111111
11
1111
1111
10111
11111
111
011
1011101
1111110
1111
111111
1101111
111
1111111
11
1111
110110
11
1101
100100
11
11111
111011
111
11111
11110
1
100110111
11011
1111
01
11111
111
10111011
111
1101
11
0111111
111
1
11111
11
11111
00
10011
1
11111
1111
00
11
1011101
10
011110
10
101101001
11
1111
111
111111
1111
111011011
11
111111
11
1
111
110111
111
111
111
11
111100
111
111
011111
111111
111011
11111
00
0000
1
10
11
11
1
01
111
1111
0
1
1111000
11
1111111
11
1111110101
000
0
111
011111
1
110
11111
10101111
01
00
10
0111
11
11
111111
11
000
11
11111111
1
10
0111
111111
111111110
10
11
01
110100001
0011111
1
10
1
111
0
01
11
11011
11
11
1110110
00
1
11
01
10
0
11
01
11111
01111
11111
11111011
11111111
1111
11111
10110
001
01
11
110
111111
1
11
1
00
11
0000
111111
1111111
1111
10110
011
111010
11000
1011101
1101011
1101010010100
11111
00111
011011010000
110010
1100111
11111011
111
00
110
11011
11111
11
1
1111
11011
11000001
11100111101
11111
11111
110111101
11111
010111
11111110111
1111
1111001
101101001
111110
0111010011010001
101111
101111
111111
11110
10011
101101110
10111
1111011
0
11
1111
11
11
111111
11
11
011011100
111001
11100111
11111
011111
111001
1011101
101101101
1100111
0111000
101111
1110100
11
111011
11
11111
1111101
11
110111011011
1111110101
1011
111101111
11
1111111
111110111
11011111
1
11111
110
110111
1
1111
11111111
10111
1101111
11011
111
11111110
1110111
010101101111
101111
111
11111
111
11101010111
01011000111
11100111
11
11011010
1111
11
1111
111011
111111
1110
0011110011
111
1111
11
11
1111
111
111
111111
1111
11101
0
00
00
0
0
0
10
0
0
111111111
111101011111
11
111
111
111111011
1
11
0000
111
1111
1010
111
011
01
1
01
1111
1
0
11
