0101
1011011
110
11
011011
1111110
11
1100101000
11111111100
110110
11
01100111
11
011011111
1
11
11001
1011
01111
11101110101
1111101
11
010011
101110
110
11111101101000111
101100
11
00000011
111
1111
10110010
00010101
0
11
11
111
110011
000
1
010
1
1001
11010
1
00000
111
111011100010001
1
11100
01101
111
1
01101
1
0111
1
1
1
00110
01111
1
1
1
11001
1
0
0110
010101
00
1
1
1
1
0
11001
01011
1
1
1
111
11101110
111
101
1111010
001010010000
100111
1111
10110000
1111
1
111011
1000111101011
01011111
1111111011110
110100
001
1111
111
1101
1
011011
11
11
1100101
11
111
11
11
0111111001100
011000011001000000010100000100000000000
11
01101001100
111
11
00010011
1
1111
001111
10111
1
111
11101
1111111011101
010
0010001001110010000000001100000
01
11
1
11
01101
01101
10010000000000
0000000
1100110
11011
11
1110101
10111001
11
111
11
11
11
1110101
11
11
1
111
111
1110111011
11
111
11
111
1111110
1111100
111
11111100111
111
111
1
1111
11
1011011
111
01101
1
111
111
111
111
11111111101010
11
1110
11
011011
1
11
11
1
11
1
1
010111
11
1
0
1
1
11
11
11
111
11
101111101
111
11
01110011
1
0001100
11101
111
111
111110
111000011100000000
1
11111011100
11110010
001110
1000000
1
0010
11
10
11
1111
01111111
11111
0110011
1101101100
111
1
111100000101
111
1110
1110111
1111101111000
11
011101100110
11
1011100110111
11
01111
1
1101
1
0110011011101000011010
011111
11111
010011
11
11001
11
11010110
101011
1
1110101
01001111
110101
1111111111111
111
11100
11
10001011
100
1
011111
1
1100
01111
0101
01011
1011011
1
11
11
0111
10100111
111111
011100111
11001100100
0111010100111
10
1110
11100
11
111
111
1111110101101
1100
1111
1
1
101
011111
11101
11
1
110101
1
111
10110
011001111
1110101
00000001011101
111
1110111
11
1
111
1010100000
001101
011011
110011
110111
1110011010
10011
11100
000101110101001101110110110
0000
000
10110100110101
01
11111010
101111110111101111100
101
00
1011
110
000
11101110011
1100100
11100011111
01100
01110011111000
1111010
100
01111111001
1
11
1
1110110
11
0000100000100
00111
0111
11110011001
1
1111
11
11111111111
0000000000000001000
0011
11
111
001101
100110011
111
1110001
