111
1
1
111
1101
1
11111011
11
0111
1010110
11
111
111
111011101101
1111
1111111
011
1110111
001000
0000111
11
1110
011
11
0111011001001111110011
1101
111
1011
11101011
11111001101011101100
1111001101
11
110
11
111
1110011
011111
1111
1101
01111
111
111
11010
11
1111
11
111
1110
100100111
11111
101111
1101000101
1
0111
111
11110
100111110100
111101011
0111111011
11111011111010
0111
111
1111100100110110010010101
1010
1111
01111
111110
11011011101100101101111000
11110111
01111
1111
1101000100
0111
1
1101
01111
1111
0111011
111
11011011110011
1
11111
11011
111
1110
1111
1111111
10111111
111
1111
01111111111
11100
111111
1111111111
1111
00111
111111
11111111
11
0110111111
01101110010100001
1111111
011
0111101101111
110101111101
111111
0111
1111110011
01011011
11
1011111111
1111101
111
01111
1110001
11111
11111
11
111
1
1
111
111
1
1
11
111110
1
1011
1111
10111
10111
11111
1
1
1
111
111
111
11
11
11
01
1
1
111
11
1
1
1
0111
011
111
111111
11111
11111
01
11111
11111
111
111
11111
1111
11111
101111
1111
11011
111111
111
111011
111
111110
111
11111
11111
11111111111
1111
1111
1111
111
1111
0111111
111
111
1111
010
111011
1111
00010
111111111
11111
1111
1010
11111
1111
1111
111011
0001
010010
0
1
111
111111
0111110010
111
11
111111
111111
1111111
0110
1
10101
111111
1111
111
111
111
1111
11111
11111
1111111
11111111111
11111
1111
1
1
1
1111
1
10100
11
111
1110
11111
1111
011
111111111010
01011
11111
011
1111
11
110
11
1111111
1001
1111
11
111
11
1
1111
1111
0111
1111
1
1
1
0
11111
11110101
0000011
1
100
1
1
0
11
1
11
111
1
11
11101
11
11110111
0011
111
11
1101
11
11
1111
11
00001100
1100
1011
111010101000000000
1
1
0
1
11111
11111
1111
1111
111
11111
10111
1111
101
111
111
1
111
00
1
001111
1110011111101
110110110011011110001000
0
1
01011
111
1111
1111111
0111
1110111111111
1111111111
111
11111
111
111
11
1111
1111
1
1
1
111
111
111111
1111111111111
10
11011
111111
1000
1111111
1111
1111
1111
111
000010010
11101111011
11111
1111111111111
1111
111111111
11
0111
011
00
101101
01101111
1
1
110
1
1
11
111
11
0
1
11
1
111
11
111
11
011
11100
0111
11
11
1
11
111
1111
111101
111111
1111
1111
11111
101
1111110
11
111101
000101
11
11
11
11
111
11
101011
01
0
11111
111
110
111
11111
11111
1111
111
1111
10111
111
11
11110
1
11
11
11011
1
11
11
1
101
1111
011
111111
11
1111
111
11100
101111111
11010
11
10
11
0
0
11
101
1
00
1
111
111
01
11
001
1110
111
1
11
1
0111
111
110
01
111
111
110
11111
011
111
111
11
1
11
111
00111
11
11110
111
111
0011
0111
11
011
11
11
111
11110
111
001
1
11
011
11
1
11
11
11
001011
11101
11
11
111
11
1011
1111011111111
11
0011
00
011
0
0
1
1
0
0
101
0
110001
10100100001
1
11
1
01
1
11
01
0110
011111
1111
101111
1
1
11
0
0
01
1
1
1
1
1
1
1
1
1
1
1
1
0
1
01
1
1
1
1
1
0
1
1
1
1
1
1
1
1
1
01
1
10
1
1
00
1
0
1
1
1
1
1
1
1
1
1
1
0
10
1
01
1
1
1
00
11
1
0
1
1
1
1
0
1
1
1
1
1
1
1
1
1
1
1
1
01
1
1
1
00
1
0
1
1
1
1
1
1
01
1
1
1
1
1
11
1
1
01
1
1
1
1
11
0
1
0
0
0
01
1
1
1
1
1
1
1
11
1
0
1
1
0
0
100
1
1
0
111
11
1
1
1
1
10
11
1
111
111
11
11
1011
111
111
11
111
111
111
1
11
1010111
111
11
111
11
1
11111
1111
1
111
11
11
11
11
11
1
11
1
111
111
11
11
11
111
1
111
111
10
111
011
11
0000
11
11
111
1110
01011
01111
111111000011
11
1111
11
1111
11011
11
11010001111
11
1111101
1011
111
0111111110100
11111101
1011011011111
111111111
11111
111111
11111
1111
111
011
11111
111
11111
1111101
11111
1111
110
111
1111111
111
11
00000
1
11
1
1
111111
1
110010
1
1
010111
11
111
111
1
11
11
1
1
11
1
1
01
11
1
01
110
101
11
1
11
11
1
111
1
0
111
01
1
11
11
1
1
11
11
011
110
11
11
11
111
11
11
111
1
111
111
11
1
111
111
1
111
11
11
11
111
1
111
0
100
11
101
10
111
110
11
1
111
11
11
100
10
111
10
111
111
101
111
10
111
0
11
11
11
0
0
110
11
11
111
111
111
111
111
1
111
1
1
11
1
111
111
11
1
1
11
11
111
11
01
11
11
11
11
110
101
11
11
1
11
111
11
1
011
10
111
0
11
11
11
10
11
11
1
01
0
11
111
10
11
111
01
111
11
111
111
111
11
011
1
111
111
1
11
111
011
1
111
1
1
11
111
11
1
11
1
11
1
1
1
1
10
11
1111
1110
1
0
110
01
1
1
1
1
111
0
1
1
01
11
1
111
111110
111
11
11
111
11111
1
0
0
1
1
1
11111
0
11
1
111
1
111
11
1
11
1
0
01
1
1
101
1
111
1
1
1
1
1
1
0
1
0
1
1
1
1
1
11
1
0
111
11
111
11
011
11
111
1
0
1
0
0
0
0
0
1
0
1
0
0
0
0
0
1
0
111
0
1100
0
0
0
1
1
1
0
1
0
1
1
0
0
0
0
0
00
11110101
011101
1111100
11
1
1
0
1
1
1
0
111110
011
0
0
0
1
1
1
0
1
1
0
0
0
1
1
1
1
1
1
1
1
1
1
0
1
0
1
1
0
1
1
1
0
0
1
1
1
110100110
1
0
1
1
1
1
1
1
1
0
1
0
1
0
1
1
1
1
1
0
1
0
1
1
0
1
0
1
1
0
0
1
0
0
0
0
0
1
0
0
1
1
1
0
0
0
1
1
0
1
111110
100111
0
1
0
0
1
0
1
0
0
0
1
0
1
0
0
0
0
1
11
11101
1
0
1
00
111
1
000000
1111
00
1
011
10110
1100111
111
1
0
0
1
1
111
1
111
1
10111
11
111
10111
10111
11011
001
11
0111
11
111
111
0
1
1
1
1
11
1
1
1
1
0
0
0
1
1
1010
000
001
110
0101
111111101
11010
1
0
001001
011001100
00
111
1
1
1
10111
1
11011
1
0
1
1
1
1
1
1111111110111
11111111101111101
1111111111111
11
111
11111
111
101
11111
1111
11100
0111
10111
11
111110
11111
111111
11111111111111
11111
1111
1111111
111111
1
1
11111
111111
1110111
11110
011
111
111111
11111
1111111110101111
11111
001111
111111
10
11111
11011111110100101011
1111111
111111101111111
110111
11
11111
111
11
1111
11111
1111
11111
11
11111
10111
1111
11111
1111
11111
1
001
11111101111111
1111110101010111101
0011
111111
111111111
111
01011011
11
111111
0011
1
01
11111
1111111
1111111
111
1111
110111
00111
10111
11111
011
11111
111
11110111111111
0111
10101
1111111111110
1011
1111
0111011
111
11111111
11111111
111111
1111011
11111
11111111
11011
1111111
110
11
11
10000010
11101
110
11
0111
11
111
10
11
1
11
11
011
1110
111
111
11
11
11010000
11
0111
111
111
111
1
1
1110
111111
111
0111111
11111
111
11111
111
11101
1111
10110
111111
0111
11010
1
11111
11
11
111
11111
11111
1111111
1111111
11111111
11111111
1111111
1111111
1111111
111111
111111
1111111
111111111
11111111
111111
101
1111
111
111111
1111111
111
11111
1
110
11
111
011111
11
1101
1111
1011
111
110011
1000
11
111111
11001
11111
110
001
1110
11111
1111111
101111
1111111
11111
11111111
1111
11111
11111111
1111111
111111
11
11
11
11
101
111
01
11
110011
000111
111
11111
1111
110
111111
00100110
1000
0
010000010
1111
11
111
1
11
11
11
111
1101
11
1
110
0
0
111
111101
1000
111000
11
1110
11111
1111
1010
1111100
1001
100001
1111
11
010
00010
111
0
1
1
1
111111111
0000000
1111111
11111111
1
110111
111
11
011
1
1
1
1
1
1
11
1100
11
0110111
001
111
1
11
1101
0111
1
1111100
11
1011
1100
1
011011111110
11
1
111
1
1
1
111
10
11
11
10101
111
11
00
11
000
1
11
11
1
1
1111
01
111
1001
111
1
111
111
10010
11
1111
0011
11
111001
0100
11
111
1111011
111
11111
1
1
1
101
1
1
0
1
11111
0111011
011
11
1111
11
11010
11111
101
10111
11111
1011
11011
11
0
11
1
1
1
00
0
11
11
000
111
11
1
1
111111
1111
1
111111101
0111011
111111
1111111110
111
111
1100111
111111
1
0
1
1
1
1110
001
111
11
01110
11
111
1
111
1
011111110100
111
1
11111010111
1
111
11
0
11
1
1100
00000110
01111
0101000
11101
11111
000
00100
111
111
11101
11110
011100
1110
00101
10
1
1
111
1
1
1
1
1
1
111
11
11
101
000101101010011
11
11
1
111
111
111
1
111
1
1
1111
11
11
1
111
11
11
111
111111
1
1
1
1
1
1
1
1
1
1
1
1
1
11110
1
1
0111
010001011
11
1
11
0
0
0
00
111
1
00
1
0
1
1
111
1
11
1
11
11
1
001
1
00
0
01
111101
1111
1111111
1
1
0
1
01011
1
0
11
100
10
01
11
1111
10
001
0
1001
11111
1
1111
1111
110
11
111
1111
11
11111
11101
11111
11
11111
00
101
101
101
1
11111001011
101100
10
10111
111
11
111
10111
0111
011
101
00000010
11110
01
111
00
1011
11
0101011000110
011
1
1
1
1
11
11111
011
01
1111
11
1
11
11
1
1
1
011100111110001011000
1000
0
1
11
11
1
1
1
11
11
1
11111
1111
1111
11111111
1111
11010110011
11
11
11110101
1111011110011001
10101111
111
110100011100
11111
111
11
111010111
000100
1
11111
1111
11111
1111111011011011
1111
1111
100010110110011001101111000111111
101111
111
1111
111111011101111
111111101000101000
1101
11111011011001
011100111000101
1
1
1
1
1
11
1
1
0
11111
1
111111
10110011110011011110111
11
0
111
000
0000110100
1
1
1
1
1
1
1
1
1
1
1
1
1
1
1
1
1
1
0
1
1
0
1
1
0
1
11111
1
1011110111
11111
11111
1111111
1111
11011111
111111
111111
10111
1111111
1111
11111
11111
111111
1111
1101
11
1011110111
11
0011111
10111
111011
11
1111
1111
1
1111
1
1
1
1
1
1
1
11111111
111010
10111
01011001100
11
1111
111
111
0
00
11
11111
1111
1111
111
1111
111
111111
11111
1111
1110011111
111
1111
111
11011
11
11110110011011
10011
11
0101111
111111
1
1111
011
1111
1111
1101
111
11
11
11111
1111101111
111
1
000
1
11
1
1
1
1
111
1
1
11
01
111101011011
111
0
1
1
1
11
1
11
0
1
0
1
1
1
1
1
0
1
1
1
0
1
11
1
1
1
11
0
1
1
1
1
1
0
1
1
11
11
1
01
1
1
11
11
1
1
11
1
1
1
01
1
1
11
1
1
11
1
1
1
1
1
1
1
1
1
11
1
1
11
1
11
11
11
1
1
01
0
11
11
1
0
1
1
1
11
11
1
1
00
1
1
11
1
11
11
1
1
0
1
0
01
0
01
1
1
1
0111
11
1
1
1
0
1
1
0
1
1
1
1
1
1
0
1
1
1
0
00001100
11
1
1
1
0
1
1
11
1
1
1
1
0
1
1
1
1
1
0
0
1
01011
111111
1111
11111
11111
111111
11111
1110110101
11011111011
101
111
00
0101111011
011
11111
111
111110
1111
101111
0101
11
11111
1
1
1
1
1
1
1
1
010110111111
1
1000
1
1
11
0
1
111
0
0
0
1000
1
1
1
1
0
1
1
1
0
1
1
0
1
1
1
1
1
0
1
1
1
1
1
1
11
1
1
11
1
0
1
1
1
1
1
1
0
1
111
11
1
111
101011011
1
11
011
11
111
0111
01
111
111
1
11
1001
11
11
1
111
1
1
1
1
1
1
11
11
11
1
11
11
1
1
11
11
1
1
11
11
1
11
11
1
11
1
11
11
1
1
11
11
1
11
11
11
11
11
1
1
11
1
1
1
1
1
1
11
11
11
01
11
11
1
1
11
11
10
11
11
1
11
11
11
1
11
11
11
11
1
1
1
11
1
1
1
11
1
11
1
11
1
1
11
1
11
11
1
1
1
1
11
1
11
1
11101000100010110
1
1100
0
011
1100001100110
001
11
111100000
0100111
0111
1100
1
1111
1
101
111
1
11
11
1
110111
0
0
0
0
0
0
1
0
0
0
0
0
1
1
0
0
0
0
0
1
0
0
0
0
0
1
0
0
1
0
1
0
0
1
0
0
0
1
0
1
0
0
1
0
1
0
0
0
0
0
1
0
0
1101101101001
11
0001
1011
0001110
0010000000011000
11
00011
0
010100
11101000
111011
1
10110
1011
0111
111
0
11
11
01011
1
11
111
01
111
11
11
100110
11111
001
1101
1
1110
1001010
011
000
000
1
1101
11110000
011110001100
101111
11
0011
1
001101
1100
0
00111
111
1
111
0
1
111110111
0
11
110
100
111
11
1
11
1
11
111
11011
11
111
1
11011
11
111
111
1
11
0010
1011
11
111
000011
11
1
0
00111
111
1101
101011
010
01111
11010
11001
1111
00000000
1
11
101
11
1
111
0111
01
111
111
11
11110
111
111
10101
111
00
1
0
1
1
1
0
00
1
1
1
1
001
0
1
1
1
1
00
1
0
111
111
11
11
1
1111
111
111
101
101
111
11
111
1111
1001
111100
1
11101
111
11
111
11
1111
11
11110011
11101101
1
1
1
11
11
000110001
10101111111
11111111
0000011111
0
0
11
1
0
1
1
0
1
1
0
0
0
1
1
1
1
1
1
0
1
0
1
1
1
1
0
0
1
1
0
1
1
0
1
1
1
0
0
0
1
0
1
1
0
1
1
111
10111
11
11
111
111
111
101
11
1
111
11
1
1
1
1
1
1
1
1
1
1
1
1
1
1
1
1
1
1
1
1
1
1
1
1
0
0
1
0
1
1
1
1
1
1
1
1
1
1
1
1
0
1
0
1
1
1
1
1
1
1
1
1
1
1
1
1
0
1
1
1
1
1
1
1
1
1
1
1
1
1
1
1
1
1
1
1
1
1
1
1
1
1
1
1
1
1
1
1
1
1
1
011
1
1
1
1
1
0
00111
1
0
0
1
1
1
1
1
1
1
1
1
1
1
0
1
1
1
1
1
1
1
0
1
1
1
1
1
0
1
1
1
1
1
1
1
0
1
1
1
1
1
1
1
1
1
1
1
1
0
0
1
1
1
1
1
1
1
0
1
1
1
1
1
1
1
1
1
0
1
1
1
1
1
1
1
1
1
1
1
1
1
1
1
1
1
0
