1
0
1
1
1111
11
1
11101
111
1111101110111
1
1
1
1
0
1
1
1
1
0
0
1
1111110010011101
111011
10111
0111111110111111001111
011001111111101101001011011111001011111111110111100111011101100
0
0111000111101011101100001011101100110011
1111111111110111111011110111110
111010010
1111010101111110110101110111010
0
11011011111
110111010011
1111
1
110111
1
11111
0
110
011111
110
1111101
1111111110110110011
0
1111011110
110
11111
111101011110111010
0
111011
0101100111111100110110110101111
0111011111110111001011110110101010111010011101110011
110101011011110111111110011101010101001001101111010
1
0101111101110000010110101011101
11111
111111
111110101
1111101110111100
011101110111
11111111100
0101111111
101
111
1
0011110101101110111110011011010111011110
1111
01011101111111011000101011011
01111
101011110
11111101111
111111110110100101
1
1101
01111111001011001001011001111101
111111101
111101
11111
0110100
111111101
1111111110101
111101101101
11111
101101111100101010110111
111111111111
1111
11011110111101111
0111011101101001100101011
01011110111010011101010
111100011110
1
11101
11010000110100100
11111011
1010
11111
11111111011
1110
11110111
111010100111
11011110010101
101010101110110110101100100110110
00111111
111
1101
111111100110101001
0
1
1
011111101
111101
010100111
1010101010111101110001101110
011111101101
111
1
11111010111101010110
1
111
11111011010101011
1011000
111101011011
111101
01011
11
11111
111
11110011
1000011001011101111111101011011101101111
1111111
101101010110010111011101111010110110010000101101011100110
11111
111110
11
11
1
1
11
111110111
1
111110101
11110
01
1
0
11
00
1111110010110101001
1
1111001
01111
10000001
1
1
1111111011
111011
111111011
011111
0
0
0
1011101100011111
0
0
001111111111
1
1
11010101
011110101010111110
11
0111011
1111
11111
111111011011101
101001011100
01111
1
1111
0111
11100
1111
101110000111
011101
01111
0
111100
0000
1111
111111
01111001111
11111101
1111101111011101111110100
111101111011110010110110
01
011111101010
01110101010101011111110110100010110101011101
10001010011111101000101
1110011011
00111
001011110101100101011010110111
11100101111011011
1111011010100100110111101010
11100110011011010000
1111101111111101011110
111111011110
0
1111101111101011101011
1111111110
11111
010110
0111110110
1
0
0
0
011
100101111011000
1110101
0
111010101
111010101
0111
1110110
11
10
10101011
11
11101
11110111011111
11101011101110101110110101011000
001100111111
010011
1111111011110
11
11111
0110101011101000110111111101010110000100110110111
1
1100001011011010101101
0111
110111011010110101
111111011111
0110110101110111110101011110101111000101
111101011011110110
1111
110101011100100100010001001010101111010
110111
11110110110001011111100
111100010101101
1111111001111101100101010111101110
11101111110101100
1
1111
11111
11101111010111110111111011
1101001101011001001010111011101
10101100111101110000
0
11011111
1111110101
11111110
010110101111101101001111011
101111101001000
11111010
111110101001110110101
0
0
0
0
0
0
0
0
0
0
0
0
0
0
0
0
1
0
1
0
0
0
0
0
0
0
0
0
0
0
1
0
0
0
0
0
0
0
1
1
0
0
0
0
0
0
0
0
0
0
0
1
0
1
0
1
0
0
0
0
0
0
0
1
0
0
0
0
1111
101011111
11111111001
0
1
1
0
0
111111101000111
0
10111011011011101110
110111
101111
0111111
1
1
1
000111
11110110100111111111
1110100110101
111110111
1
011011111010001
01001100111011010110111101111101010110110111
0
111011111001101101110110110101010110
10111110011
0
0
001111101110
1
1011
1
0
111110100110
0
111111
1111101111101
111111
011010111010
111
001101011110
111111001
111101010100111111011010110101110101101011
11110
1
110101011011010111110001100110010110100110100
1
0
111111110
111
0
0
0
11111
0
1011010110001011101101101111101111
1
01100111111001101011
1101110111
0
11110111111100010111
001000010101101100101101011111111
11111111
011010111111101011000
11110
1110010110111011001011011001
01001011010101000
1111
11111
0
0
0111111111010111010
0
11011011111010111010
1100
0111
11111101
01001011001100100011100010
110100101011000
10101101111
0110111101100
00101111111010101
010101
101011100101100
1001101111001110110110100
0
110101000101110111001010110011101011
10101110110
101010111101000101
1000010011
1101000
101011110100
0101
11111
111001100
0111
1110
11111011101001110
101
0
111
10100010110101
01010110101110
101111100101
1101011011
11110111110111001110111101010
1111100010100
11111101
11000101
001011
00100
1
0
110101010011101010110111
011101010111110011010111101010100
1101101101
0
001011111
1110
0111111
1111101
111100111011
1
0
0
1
01
10
1
11
1
0
00
0
11
10
0
11
01
01
01
01
10
11
11
01
10
10
01
1
11
01
0
10
01
1
1
1
11
11
11
1
1
0
0
10
00
0
1
0
11
00
11
0
00
11
10
0
0
0
0
0
1111100010101011
10111111
0
1
0
010
1
110110111011001011010
11011011110110011010110
11
1
0
011
0
1101100100101010010
0
011111
111111
0111101011101101001011
11110100111110110101011
1010
111101101100
0101
0110110101001
00
1
00
0
011010111101101000111
1
010100010101010101101101001101010100111101111001
010101
1011110011
111
11010101
0
11111
1
1111
1111
111
11
1011101111
111
101
1101111
11
11101
11
11
11
1111111
1110111
1
01
11101101010100
101
101101010011001010111111111101110110011011111101
11010001101111011001101111
11
0110101101
1
01100
0101111
11
11110
11
0111
0100110010100
11010
111
111
111
011
11
1
011010
11
111
110
111
1
0111011110100
1101010111110111010110101000
110101001010101
11111110111111010101
11111100
1111
0100111111
01011101100
11101111
111
011101111010101
1001011
01011
11011
101011
01001
01010101011
011101101
11111011
01
111110111111
10101
001100101011
01011
1010101111
111010110010
10101110100
1111
110111000
0110110
0
1011101011
0111101
10111011000
0111111001100
10001111
001110100
01101
011110110101
1111001111
111111
10111011101100
101011011010101010111
11111110101111111
0
1
1
1
0
0
1
1
0
1
0
1
1
1
0
0
1
1
1
1
1
0
1
0
0
0
1
1
1
1
0
1
0
0
0
1
1
1
111110011011
1
0
1
0
1
1
1
1
1
1
1
1
1
0
0
1
1
1
1
1
1
1101011
0
0
1
0
0
1
1
11111111111011010101
0
0
