110100001
00
11011001
0101100
111110101000000
110101000
0
10011111
10000
11
1011
0
10000000
00011
1
01001100010110
011
0100011001
001
1111111111011111111010010
010
0000000
00011
011000001
00010
11101001110110110100111110001001111000
11000
1111100010
011111110111110
10101110011111111011100101010110
10001100100000
11100
01101
01001010010100
0011
11011110111011111011000111001111001011110111
000010100011
00100
0111101001110100111100111
001000
0000
110010011100111111010011111011100101111
1111111011111111101101001110000001
0010100001010010001000
01
0000111
0110010001100111110011110000001110100010
1010
11010
10000
1111101
10000
00100111
111010010110010100110001111
111111110
1100
1100100001
000000
1111110111011
1
00000111100000011010000
111111101
11010000011011
1000010011010
0
101101101110100100100100011111111101101111011010001001010001000010011001001000010000001010111001
00100
1110
0000000000
1100000000010111100111110110001011100001000110000000000000000
1111010111111000111101110111000000010110000000
00001111
01101110111000000001
0011010110011111101011011
10111101010100111100110101111
11
1001000
000111001110101000
111101011101011111110000000000100011111
0001110010
00010101110
010011111101111010111101111
111100111111000111000011000001
111
10111111001111010001
10
11
00
0
0
0110000101
111
1
01
11110010
111
000000110
11011101110
100
1100001
10010011
111
11001
100
111
11110011011
1
11101111101
101000
10
111101011010110000
011
011000
1111110011110011010100011
01111101110
0111100100
000110001000000000
1
01111110
011000111001001101100010010111111101001
111100111001
11000110011000
01111000000000000
01001
000100000100111100001
111
00100
1111
011
111111111001
10110101111101110000
00111111011001001010001011
00101100110000111010100
11001010
0
0101010000011010001110101000001110000110011000000
111000011
0000010101010011
110
111010000000
11100111100010
01111111101010100100101
00011010111001000000001
00
00000
11011
0
1101111
01101011101110
00000
0
110001001
1110
001010101111
00000011111
111111001111101110000011101110
00000000000000
001101000
1
111111011101111001100111111000
100000
1110
10110101111111111101010011000001
1
1011010111111111101110011101101
0
110100110111001000010100001
0
011111001110011100010
11101101101
1110101100111111
11111100
001111111010000000111000000000101101010010
000
11101
111111
1100
1100
00100
11101110010010
10101011100001
11110010
010
00
10
000100111000000000
00
01
11
1
10111011111100110001
01011
1
1110000
0
001010
001111000101111
1
10000000
1000110
110
00000000
0011
11
1100111000100000001
011001111110
111
101
0000
11111
1110000101101010
00
11101010
1
00
0010101111
10
0
1
100111101
00000000
111001
1111010010100011000111
1
11
11100111
0
111
111000
1010111
01
111000
11011
0
1111001
11
110011010000
11111110011100000
00000000000
00000010000000
0
11111010100000101000001100101101
0
1
111111
1110011
10111011
10000101
11
00011
0010010001
1111001
11110111
1
11
1010100
00
10
11
1
1
10111
00
1
000000000000
111
0011010101001000100011000
0000
000000
0
00
1000001100100
1111011
0011
1110
000
1
11
0
0
11
10
0
0
0
1
1
1
1
11
1110011011101000110101000000
000000
00011
00001100000
00
11111011
100110
10
01011
10000110
10111
111100111001010
000100001010100000001
11
0000000000
1
11011111101
00
00
11
01111111000
010110101001
00
0
00
0
110110101111100011000010011011
0
0
11
11
00
1
1
0
0011011
10000
1101111
010110
10
11
10
00
1
00
1
1
10
0
00
0
0
00
01010000
00
0
01000100000000
00
1111111111
10111101100011110011110001111000011
0110111111001101010001001100001
00
00
01
00
000111
11111
010101111
111011
111
1000000
0
11011
0
000
11100
00
010001011100100001
01100
000000000
00
11
0000
01010100000110
1000
111111010
10101001
11
00000000
1011
011111001
00011100010
000
0
1101010010101000001
100000
111011101
0101010000
0
11100
10001
110
011
0
1
10
1
1
11000011001
10111
011000
110111110
00
0
011
0
0
11
00111
1101101101
0110100
1
0
111111110111
0111
01
1011000000
1000110
010100
000
111111010110110
111100111110101
11
010
1
0
1101011000101
1111
0
0
0
0
1
00
000000
00
10
111
0000000000000000000
100010
00101110110110000001010
01111
000
10100
11100
0001111010110
110001111010101001011011001011
11
0000
11000
0
000111000
000110000
001001110111001001001000001000111
10
100011001000110001000000111101000
000000000000
0
100001
111110000110000
00101010011
111111000001
00001100000000010100110010000000100
000
00
00000011000010010000010100000
010100
0100110000
00000111000000000000
100111011110010000000000
11111
10110
111111110011101001
0111000111011000111100101010001
1000100111100100111101110
1111
101
11011
111
111
010000101
110101101100
01011110
1100000001
000
01
1111111
110
00011111001110100
01110101100
111010101110100010100001
00000
111
00
0000000
11000000010000
0
00111100000
11010100
0
0
00000000111001111000000000001001000100
0
10
0001000000
11100110000001
00010101
1111110101
00
0
000
1010010110
01011
0000001
11001010110
000
0
010
1101001
01110100111111110110
1111010
1000100100101
1
1
11
110
1
11
1
11
11
111101111110
1101100
00001
1110111101100010
11
0
011
111
11
111
0
011
1
000
11
1
10
11000111111100011101001
111011111110111
1
111
11
1
1
00
01000110000100
1111001
111
1
11
00
11
000
10
100111111000001
101
1000111000001
00
110111
01
11
0
0
1
000001
11
1
0
01
1
100100
0
11110110011110001010
1000
11100111100101
00011101111000100
0
0
1
001001100111000
0111
1
0110101000
111011100000001
111110
11
010000110110
0000000100100010111010
1111111101111100
01
0010000011101000001000000011111001
011111101111010101100
111
1111011000
001
11001111111110000111001101
111101101110001110
0001111
0110010100111111010111000001
11110100100000010
011110111101
11111111110011110
111101100000001
110
100111001
00111111100001000
000001111101001100000001000101000
11000110001110001101010000110
101010
0111110011111101110000010000
1110111100101
0011110110001
101111111100
01100000100
111111100
111100001101
000100011111110000011000
01100001011000100100100001110
100111
100011100010
11110
00
111100101
01111
10
0
1100010
10000101000011000
1010101001
000011000000
11101111111100
111100110111001101
101011010011000001000000
11
00111001
011110101011101
0110110100010001
1101011001011101010000000111100
11101001
0001
1
11100
00000001
0101
11100
001100
111111
011010110111110111111010111101
1000100001000100
00
011011011110111010011100
1100011110111011111
1101011010000
001100000
110000001
11111000010000
00001
1001110000011
0101
0
01101101
0000
111000
0111011
010000
0
10111111
000
10001111101111000011100100000
010
011
1
01
000000
110
001
01011
1101000
010011001
000
100
00110
0000000100
11000
101
0000011
1111110
0010011
11
011
1110001
10111
110011
11
1010000
00001
100011
111100
0000
111110
1111000000
0000010
000
1011010
00
00000101000
000
0
01000
11
0
11
111
0001
11
110
001
00
11
0
110111001
11110000011
10110101
0000
111111100000011100110010010000100010
1
01111100
001111
1
1000011110101
1101010101001000010000
111
10101101
11111110001
10001001
00000
0
00
00011
11000
0110011
0111110110001010
111
001111100001000000
11
111010
0111000100010110001
0011
11100111
0111011
0100101
0
1001111100001
111111
11011000100111001
1100011
110
01100111010001
1101
011111101000100000
1
1000011
000
00
01100
11
0011
01110000
111
1011001
100
111
11
10111
0
10101
011
11110
010110100000010110
111010001
11
000111
111
111
1
0011
011111000
111000101001
111110000000
01
11
110
010000010000000
111001
001
00
11110100001
111100110000
1101
110011
101101111100010000001
110100001
00
100
10001
00
1101100000
00000000
111101
10
010
1110100110110
0010111
1
1101
0000010000
00
00
000001010001
01111000000
0000000000
0101001100101000110
010
0
10
011
000000
0101
0111
1000010010
000000000
1101
011
010110111011110000000
011
00
111
0111
001010000000
0
011
100111011110001001001010
001
00100011111100001000001100000000
111111
11000000
11000100
10111000111101101
110001
1011011
1
110101100011110001
1101
10000011
111
11010110000001
00111100110
1001000
100011
101
11110101
1
1
11000100010
01
111000
011000110000001
1100
0011
011010001100
11011
0110110111000000
001
1101110000
100000000
1100
111
1011
111110
1111
11011000
011001000000000
11010011011
00
101110111001100
011000110
111101000011
111011
10
1
010000001
11010
10
00
0000100
0
01101111110001000
1100001
1110100100
1
000000
00000110
0
0
0
0
0
0
0
0
0
00
0010000010
1
011000
011
00001
110000
01000
0110000101001100010100
01011
1
000000010
00
000000011
0
0
0
0
1
0
0
0
0000011
111
011
000
111
0011010100000001
1001
00
1
11
00000000
10001
001011
00000100
000011
101010000001111001000001000010010
0
1
1
0
11
111
11
10
1
0
11
10
0
11
1
10
11
11
1
111
1
11
1
11
11
11
111
111
1
11
110
110
110
111
11
11
1
11
11
111
111
111
0
1
11
11
111
11
110
1
010
001
110
110
11
0
10
11
11
00111100100
10
10
111
1001110001010111
11
111
101
00011
11
1
1
1
11
111
01
0
10
1
1
110101
0010101011
11
11100
01100
11000100000111
0
10
00
1101000
10011111
00
011110111
0
0111111100110001
1001010111
101011
11111101101110001001111
00011100101001110001101101011011000100
110000101011000000000
0100011110001001001
111011111010001101
01101001011100
0
0010000100111
00
111111001
0
0111
111101
111
011
01101000000000
010110110
1111
111100000011010100001100001110
1111101100111001101
111111
01101110111111011001100
1111111
111101000000000
1111010110110
1111
11110011100001
1011101110010010111111
001100000000
1001011101
00000000000000
0010000100000000000000
1111100
1111010101110110101
101010111011011001
11111101010
11
111001111110011100011
11111100011101100
0010111110101001100111
1111000110111
1110101
1
01
1101
011
1111011110111100
100101111
1111100
11
1
1111
111101010
1
11
10011
00100110111
11
1
001010110000000000001
11110
110
1001
101
0111000001000
110110
00111
01111
11110
11011
011111
11100
11
1100011010001100100
111110010100
111000100101011000111
1001
111000110
10001000111
11000010
00111
1111001
0000
01
0
0111
000
0
1
0
0101
0111
1101001
101100101
1011
011101
000000101
00010
100001100
1001010
1110010111
01010010
00001111
110000000
0000
0
001
000
000
001
0
111010001
0000011001
111001
1001100
11
10011
00011011000000
1100000001000
011000000010001
1
10101111
111
1111001001
111
0110110010011100
1
01
011
1
00
000110011
0
0001100000
010
000
011001000100
11
0
0000
1
110
0
0
1
0
001
00000
000
1
10
1
01
001011
000
0
110110000000
001
01
01
001
01
010
1
0011
0111
0
1
01100100
1
010
01
1
0
011
11
01
0
1
1
01110000000011010
00011
00000
1
00
1000000011001010101
111
01
1000
011011
0
1111010010010
1
1
1
1
0
0
1
0
0
0
1
1
0
111
111011111001110000
0000
101110011011
0100011
10010111101011111110111001100
1110110010101011010011101110
111110111000011111
111000110101101
010111111011
1100100111111111110101000
110110011
0111011100000000000000
0110111
111011111100000
1010010000
0100000001111100000000100001010000001101
1111101011011
1
1
0
0
0
10
0
11100011110101
1011101010111111000101
0011110111100000
1000111100011101011101
11101001
1101110101001111010111
0000
000000
01100
11111111110
1101000001
11110111
10111111101000001
1110101
011000010
101000001010100101011101110000001000101010111001
1110011010101000111
0
01111100001100110000100
0
100
0
000010000000000001
0
01
0000
010000
10
010111
1000000
0000
00000
001
00
011
00
01
000000
0
1101011001010001000010
000101
00
10000
01111
00
000000
0
11
0100
0000
000
10000110111
11110
101000
00100
110111
0011011
11
111100
0100001111
0100
1100
0011011
11
100010
11011101
1111
0000000
00001
0
01010
000
011
0101
011
1
1100
11111
1
011
111
11
11
010011
010
111100
0000011
11011
11110
11
111110
111
011100000
00000
0
0001
00
0
0010011
101000101
10111100011000000001100
1110000010000
111
1001010000000000
1100
11011000000010
1101110001010001
01011
000011
100110011
111
11110
111
11
00000101100
0001
11011
111
000111
0001100
1
110000
1
01
011000000100000
01
10011
1
0
1011001
1100
0101
10
01
01
11
0
1
00001
1
1100100
0
01110
1
1
1
1
1
1
1
000
1
1
000
0011
00
1001
1
01
1
0110111
11001
01
1
0101
1
0
100
001111
1
01
0
11010000
0001
110
1
0
0111
000000
0111010001110000011011010
1010000010000001
10
010
01110011010010
0
100001000001
11010001011
11110101100010010
1111
101010101
1111
001
111100010100100001010
00000
00100000000000000
0
0000000
10101110111000100000
00000
0000
1000
000000000
0
111
1110000
0000000000000000
000000
0100101110000010101
1111
1110101010001000001
111100100000000
000
111
1011000
00000000000000000000000000
000
1001
111101010110
00010001000000000
101101
01000000001001000
10111100110110000000100010
1100001000
0
0
1001000
0111100011100000
0
0
1111001100
000
1111
0
0100001
00
00
1001000
110011
00
00
1
00
0
1000
1
00
1
1
1
1
10000100
0000
0010010000
010100
110111101
011110000
0
00000
0
0
1
1011
01
1
11010010
0001011101010011
11100100000
11101011100011
0001111100000100000011
0010
111010100001110011000
0000010010001000000100000
10
10111
10111
1
110111
101100100110100110001011010001100
1100000
010000000
0
10
00
00
0
10
1
00
00
11
1
0111
100010001
0
01000
0
11101
01
01
10
000001
11
0
011
0111100101101001011101
0000
1
11001101001110110000111111110100001011011000111000
001
010001001
0000
100000011100000010001
01
01
00
111
0
000
000000001100000
0010001001
0100
00
000
1
00110010000000
000000000010000100
0
01100001
001
0
000000010
100011000100001000000000010
01010010001001000
000
11110011110011
1100
000
011
000010000001000000
00
0
00
100
00
001
101011010010111011001000101011010
11111
11
011100010011000
110010111
00000
000
01111101
1101
111010110011010000
0
0
0
0
10111100100
111
1
110000
110001000000000000
0
0010100
00000000
111001001
11000000
00011
11
1
0
00000
0011101101010111001
110110010
0101001
0111
01
1111100111110110
111001111001111001
11110000011111000110101110100001
00010001
101011111110100011010001100
11010101000110000100000011010010
100
10001011101111101000111011101100100
000010110
0111000000000011111000
011110110110110110000
10011010011111100111011001111111
11110110101010001
01101011
0001101000000100001000010000000110
110100100
101000001100111110
11001000
000
1
1011111
011000000101000101
10000110100110110010110010001000101011010001
11100
0000111111
1100000
01010111010010111000101111011101100001001000011010011110000001110
0000111000010000010010100011010110000100010000001000000001101001100000000000000
0
1110010
0000000010000001000101001111010001000000110001111101000101111100000110
00
0
100111111100
110100011011001111111111001101111010001010001000111101001001000000010011001000110
000100000
010
1001100000000
110000110000000000
0100100110001
000010101010100011100110010010011000001110001011100011
00100
110010110001
10011000011000001000000010010
000100111011101110110001011000000001110
01101010010000000001
010010000010001100
000111
01101001
00
0000
11111111000010011101
100011111111111011011110100111
101111101010101111
1100100101000001
01110011111110001000001000110000
1
0010100
0100
01100111100000000001000
1101010
01000001000100001111000000000110000
1111101110111
001111101010100101100111000000000001110111100
111111111000111
0
1011
1110
000
11000110
0111
1110
000101100
1
11110
100111
1
0
0
1
1
1
1
0
0
1
1
1
1
0
1
0
1
11
0000
00001000
0
0000
111010
1
0
0
0
0000
01110111111101
11
1
100111011000
00
101001000100111
010
0110011000110
010
11011
110101000
0
011
1110001100
01001000
00
0000
000001
10100111110000100
10
1100111010111000
000
1101
0
000
0000
10
1
0
1
1
1
0
1
0
0
0
0
0
0
101
10000
0
0100
1110100101010
00
0
00110110100000000
100000111001
0
1
0
1
1
0
1
0
1
1
0
1
0
0
0
0
0
1
0111
010
101
0
0000
0
0
00
00100101000
0
1
1
0
1
1
1
1
0
1
1
1
0
10000011000110010010
01
1
0110111110100
00
00000
1100100100110101000001100010111000
1
00111
1110000
011
001
0
0
00
0111
1110110000000001
1
0
1110000010
1
11000
01
0
000
0110110101110100011011011001
00001
00
10100000110
0
01000111001110001
00000
110100110100010110011
00000110000
001000
010
11
10
11100011110
1
1110111100001010100
01
0010010000011
00000
00000
111
1010100110
0101000011100011100010110000010
111111111110110
001111111110111010011001
11111
1100011110001110000000100110101100
0111
1
101001100
110001010111100100101010000101000
1
10
0
11
1111000100001
11
0
0
0
1
11110001110110100111010
01011
01111001
11011111111010001001110000100111011100
010
110000000
0011
00001
0
000000000000000
1100001
00010
0000000
110
110000110100100
10
0
001111
10
1
11
0
000000000
0
10
00
00000010101
11
0
0
1
00011101110000100
0
10001001000110001
00100100000
0000
0
00000001
100000001
000000
1
0
101001
00000000
00
000000000000000
000
0
000
0000000000000
00000
000
00000
0000000000000000
000000000000
00
0
110000001
1
000011000
00010
0000
00010
000
00
00
111
0
0000000
00000000000
0010001
00000
000
0000
01010111
1100100
0
0001
0
0
10001000000
0000
000
00000000
0000000
0
0
0
000
0
000010000
0000010000000000
100011
0000
00000000
0000000000
011
000
000000
0
11100
00
10
00000001
11001100010
00000000
000101001
0101010111
10
111
110
01
0011
011100000
00000000000
0
11011
0000000
000000000
0000
1
01111011000011
1
1
01
11
0
1
11
10
10
10
10
11
1
00
11
01
11
1
1
0
00
10
01
10
10
0
10
00
10
00
11
0
11
11
10
11
11
11
1
00
10
00
1
00
1
10
11
00
0
11
00
1
10
1
1
11
1
0
10
00
1
10
11
01
11
11
0
11
0
11
0
11
00
10
0
11
0
1
01
11
11
11
11
1
11
11
00
0
11
10
11
11
0
0
00
00
000
0
00
101011
1
1
1100
1000001
00011
11
000
0
0111
0
0110000110
1111011100100010
1101110111
11
0001
1000011
0
01101011
0000100
00000110
11
0
0
000
0110001
0
1
00
111
10011100
00
001110010010100000100000000
00
1011
000
01100
00
0000
01011
10
01101
0001000
111101101110
0
1
01
00111
0
0
01110
001001
0
11
111
0010
000
1
10111
00000000
0
0010
1
111
00010
11100011
0000
0110
011000
0
0
000101100000011001110001
111001010101000001010110
00
0101111001
0
10011000111001010100000010
1111001010000000000001
1
00
011100110
00
00
00
01
0
0
00000000000
1
1
0
000
11
11
01
1100011
000
0
00
00
1
001111
111
000
1
1
0111
00
11100
000
0010
001
11000
01
10
11
00
01
0
00
0
00
1
0
00
1
01
1
01110
11010111
00011
000
1
11100
1110011
0010000
110010000000
1111110001100
0
00111
11011010001
0101100
1
0
0
00000011
0
1
10101111
1011
00
11101
0011
1110
01
01111011010001010
1111
001
111
011
0
0
0
0
0
0
0
1
00
011
000010
0
0
000011
0
11
1
0
1
1
0
1110010
0111
10
11
1
0
1
0
0
1
0
1
00
0
0
0
0
0
0
1
0
00
0
0
0
0
00
00
0
01
0
11101000
1101011
11110100101
01000000
10010000001
0110111
110001100
0111000000
00
001001
1100000
001
01
0
0000000
0
000000
0
11000000
0
0
110110110000010
00
0
0
1111
0
1011
0
0
0000010000
1110
00000000
01101110000000000
0000000000
01100
1000111000100010110000000000000000000000
0
0
111110
00011
010111010010
1011
1111
1
0
110011
011110010
1
1010011
0001
011
10
011
1
11
1
010101100100000
11
111010000000000
1
0
10100
000011
11
110000
0
1
011
1000001
0
1
0101100001000
0111
110100
0
0000
0
000010
0
111100
11
0
0
00010
11001
0
0000111
10011001110000
0001011
0111011
0
1
10000
110
1
01
010
0
0
0
0111000110
0100000
11
0
1111
00
0
0
11
111
0
0000111
0011
111100101
1011011
000000
0
000010
1
0
000
100000
000000
0
00
11011
1111011
11010000
11
01
11
1
1000000
010100
0
011
0000000
0001
000
10
000
0001
100111
0110101101
1
110
10110
0
1000
0101111
11
0
00
111
0
1111
1000
0
1101
1100
111
111
11111
111110
1
0111
00111
10
01111
0101
111
00111001
