10111101
00011
11100111
111
11111110111111111011011010111
011110100111000
0111101
111111
111111
01111
111111
1111111011
1111
11111111
0111
11111111
111
11110111
11111011
1111111
11111
11111101
11101111
1111111101
1011111111
111
111111001
111
11111
11110111
1111111
111111
111
111111
1111111
1111
11011
111111
1111111
111111111
1111111
011111111
11111111
1111111
1
1111
111111
11111
11111
1111111
111111101011110110
11111
1111101111
0
1111111
111111101
111111111
1111111011100
1111101
1111111110011111
1111110110111111
111111
111001011
1111
0111111010110
111111
1111111
111
1
111111
1111111
111111
1111111
00011
0101110
11
1
11110
1111110110111
111111111011111111
111111111101
101111101000
110110000
1111111111111001
1011111101111110
011111110011111
111
1110
1111
111
1101
111
1
111
111
1
1
01101
1111
111
11
1111
1111
1111
1110101
0000011
1111
1111
1111
1100111
111111111011
111111110110111
110111110111
11111110110111
111111111111111
110111111111111
011111001010011010000001110
111111111111101
11111
111111
1111
110111
111111
1110111
11111
1111111
11111110
11111
111111
1110
11101111
11111
1111111
110
1111111
111111
1111
11111
11111
1111111011
1111101111
11111
111111
111111
01111
111111
1111
111111011110
1111101111111
0111111
1111111
111011
1111111
01101
1111
0111101111
1111111
1111
101111110
11011
111
11111
1111111
111110
1111
110011
111110
11111111
0111011
111111
1
11111
111111111111
11000
0111111
1111
011
11111111
11111111
011111111
1111111
111111
1111
11011111
11111
111
111111
1110111111
1111
1111011111
11
11111
1111
11
11111
111101
11
1111
111
111110011
111111111000101
01111100010001
111111111111011
11111101011001
111
11
01111111101110
11
1101
1
1111
111
1
111
10101111
11111
11
11111
111
11111
1
1111
11111
1111
11
1101
11111
1111
1111
11111111111111111
01111011111111101
111111101111
10010
111111111111
11111111111111111
111111111111
00111111110111
11111111111111
11110110
111111111111111
11101111111100110
11111111111111111
10011111111110
00101001
11111111011
11111111111111
1111111111110
1100100100111
101111101111
111111111011111110
1111111111111
111111111111111
111111111100111
101101110111011
11101011011
011111111101
1111111111111111
111111100000111110
1111111010011
11111110110100
1111110111111
101111111111
111111111111
011111001100010000
1000000010
1111111111111110
0111111111011111
11111101101100
0010000000001000
1111010010
1111111111111
11111111111
1110101100001
1111111000011
1100011011
111111
101111111011
11111
111111111101101
1111111111111
011110111111
111111111111111
11111011111111
111111111111011
111011111111111
111111111111101
1011011111111111110101101
1111111111
1010
11111111111111
1111111111011111
01111111111111011
111111100111111
11111111101111
100111111111011111
10111011111111111
101111101111
000111110110100001011100100000010010001
011101111101011
0010100001
111111111111111111
011
1111
11
11
1111
111
1111
111
111
011011
111
111
111
011110000110
1111111111111
111100001
0101001010
11111110111101111
111111111110
111111111111
10110110001010
010111110000110
01100111100001
0
01100010001011
0111101010
1111111
111101
1
111
1
11111
111111111111
1111111011111111
1111111110111
1101
1111
1111111101011
1111111111111110
1111110110
10111111011111111111
111111111111101
111111
1111110111011111
11
111111111
11111111
111001111
1111111111111
111
111110011100111
111111100100111
1110
11101
111
11
10001
011
1111
111111
111111
1101
11
11
11111111001111
11111101111110101
10111111011
11111101111111
111110001
100100001
011010100011
1111111010111
11111111011
11111111101101111
1111100011100
00001111111
01100111
111
11
1
1
1
110
111111111111101
0111111111
01101111111
1011011001111
1111111111111111
110010111
0111010
111111111111
1111110
111001111101
1
111
1111111111
0
11111
11111111
1111
11111010111111
1111111
1111111110011111
1111011100011
11111111111
111111111111
011111111111111
011111011111111
1111111111111111
111111111
10111111011010
111111100011
110111011110
111111111111101
111111
11111111
1111
11111111
1111
111111111111111
11111111111
11111111010
10111111100111
1111111111111111
111111111111101
011110111011
11110110111111
111111111111
011111111010111111110
111111110010
1111111111011
01111101
111100011111101111100101
1101110111011000011
111111110111110011
111
00001000111100
11111111111111111
11111111001111
1111111111111101
111111111111
11
11111111100000101
010100101
00
111111
01111111111
1
111
011010001
11111
100
1111
11
0100
1
11
0101
001
0
11111
111111
11111100111111110
1111101011
00010011000010
111101101011111
111111110111111111
11101111111
011111111011101
111110111111100
111111101011111
10111111111111
01111011011010
0111111101011111
111111011101
01110100001
110010000010
0
010111111111111101
011111100100110
1110011111101
1110111101011100
011111111101111
1011111111
1111111111
111111101111111
1111111110110010110
11011111101111111011001
1110110111
111011
10111111111111
111111000111
111111111001011
111111001111
1111001111
111111110010001
0000110001110
111011010101
111011011001
11101111101
11111
0111110
1100111011111
10111101011
1100
01
1
0011
11
11
0
0000
10111111110111
1
0
111
11
1
111
1
0111
111
11011
111
011
1
11
11
11
111
11
11
11
0110101110011000010100
11111111
111
111
111
111
1
1111110
111
100111
11
101111110000001
1011111
1101
11
111111
111
0
111111
1
10
11101
1
1001
11011
00
11101011110
1
11110
111
0
0001100
10111010111
1111111011001
101111
1101001
11111111111
111110
11111111
111
111
11101110
1011
1101111
111
01101
111
111
11111
1111111101
11
001111011
11111
11111
111
111111111
11
11
1111111111
11111111
1111
111
1111110111
111
11101111
111
1101
011111
1
00011111111101111011101
11111111111
11
1111110111
11
111011111111
1111111
1111111
1111101001
11111
1111
1110011
111
11111
111111111110
111
101
1
1
110111
11111
1111
1111111
11
111111111
01111
1101
1
11
111
1111
001
111
111111111110110
01111001111111110000000111100
1
1
1
1111
01111
11
10
11
11
1
1
1
1
01
111
111101001000
0011011010
0111111010111
0101111110101
1
1
1
1
1
1
1
11
0
11
1
01
1
01
1
1
1
0
11
1
1
1
1
1
1
0
11
01
1
1
1
1
1
1
1
1
11
1
1
1
11
1
1
0
10
01
1
1
1
0
1
1
1
11
11
1
1
1
1
11
1
1
1
1
1
1
1
11
11
10
1
1
11
11
1
1
1
1
11
1
1
11
1
1
1
1
11
1
1
1
00
10
1
11
11
1
1
10
1
0
1
1
1
01
0
1
1
1
1
1
1
1
1
1
1
0
1
11
1
1
1
0
1
01
0
0
1
11
1
1
1
11
1
1
1
1
0
1
1
1
1
1
1
1
0
1
1
1
11
1
11
1
11
1
1
10001001001000
11
1
11
1
1111010011110111
0
001
11110111110
1111
1111011101
0
01011111
11100000
1
1
11
1111
111
1011
11
01110010
111
1111
1
11
00101
1011
111
1
01
11
111
11
10111
1011
11
111
111111
111
10111
1111
00
0111
1
111
101
11011
011111
1
1111
111
111
111
111
1111
1111
1
11110111111111111110111111
11111111
10001110000000
11001111110
11
11111
11101
111110111
11110110000111
11111
11
111
11
11
011111111100
011
1
111
111
111110
0000000
111011
1111
11111
11
1
11
11
111
11
111
111
11
111
11111111111
11
1111
000000
011111111
101
11101111
1111111111011111
011
11
0110110011
0100
1101
11
111
11
111111111
111111
1011
01
11
11
111
111
11
1101
0111
111
11
111
00
1111111
11
1111110111
1
1101
1111
111111
1111
111
1
11
11
111111100011
11111111
11
101
10
11
1
11011
11101111
1
0
0
0
0
0
0
0
0
1
11
1
11
1
0111
11110101
1
1
11
111100
111001101
1111
101
111
1111
11111110111
11111101
11111
111110110011101
11
11
101
111
1111
110
011
111
1
11111111011
11
1
11110111
111111
1111
1
1
10111
10
1111
1100111
111
1111
101
101
11
11
11111
11
1111
1111101
11
111
11
1101
1110
111
11
1110111011101
00111111
11111101111
11110011111011
11111111111
11111111
11111110111
1111111110
111111110101110111000010
0111
111
11110111
11111111010101
1101100
1111
10111
111111
110111
001111
0111111111
111
11110111001
101
001000
111
11101
11
1
1111011001
011
11
01001
11111111
111111
11111011111111
1111
1111111110111
11111111111111
1111111111111
111111111111010
111111111111
1111111111111101
111111111111
110111111
1
0
1
0
0
1
0
1
1
1101111100
110110001
01
111
1
1110
01110000011100110
1101110
11101001111
1
10111
111
11
11111
1
111
101
11111
11111111
11
1
111111
011
1111111011111
111111
11111111
1111111110
1111111
11111111
111111010111
1111111001
11111110
1111
1
1
1
1
1
1
0
1
1
0
0
11111111
111
1
111111
111111011111
1111101101
11111
11
11
11
10
1
11
111
001
111
11
111
111
11
00
11
1
000
00
1
111
01
1
11
1
1
111
111111011110111
0
1
00
111
100
101
11
11
1
111
00
111
01
1
010
11
11
111
11
111
111
1111111101
111
0
111
00
111
1
01
000
1
111
1
111
110
1
001
11
111011
00011
1111111
1
10
111
1
11
11
11111111
0
11
100
111
11
111
1111
11
100
00
111
11110
1111
000
00
11
111
100
11111
0
000
00
001
0011
11
1
111
1
1101111111110101
1
1
1111
110
000
011
10101
00
11
111011011101
01101000011101001
111101101111
010010100111010000000001000000010110001010111
1111111110011111111011
01
111
11011
1111101
11
11111
111
1011
111
111111
0111111001111
0011111
1101111
11111
1111
10
11011
1111
00111111
1111
1111
11110
1111
0
0
1
111
11
111110011111001000011110
00
0101110110001111
101000111
001100110
1111111111110000101010001
111111111100
0010101010001
110010
01111000011110111110100010010010011000111
11011101101001111100
11110111010010111001001
01
1
0
0101101
100000
1
0111
1
111
1101111
11111111
1010111111110
1111111111111
010101111110
11010111111111
1011111110111
10111111111111
0111001111111
11101011110111
111111111111111111111111111111111111
1101111111111
1111111111
111111111111111111111111
100010111111111
1111111111111
10101101111110
11111111111111111111111111111111111111111
1111111111111
0011111111111110
111111111110
101111111111
111101111111110011110110
10111111111111
0010
111111111111111
01111111111
110101111111
111111111111111111101
100111111111
11110111110111101110
101111011111111
111101011111101101111111111
100111111111111
11111101100010101111111
1111111111
11111110011111111101011011101
111001111111
010111111
11111011101111111
11111111111111
1111111111111111111
11110111111
111111101101111111
11111101111111
1101111111111
11101011111111
00011011011
011111101111101
111111111111111111111111111
11111111111
11111111111111111111111
1111111111111111111111111111
111111111111
1111111111111111111111101
111101100110111101110
0111110011111
1111111100111110111
111101111111011011111111
01101111111100111111111111
1111111111111
0111111110111111110101
10101001101001111101111111110111011
00001111111011100110011011
111111101111111111111111
11111011010101
11110101101111
101
1111111
11111110011101
110111111111
11101110011110111111111111
11111111111
01011
11101111011110111110011110101110
11
1111111011111
111111011111111111111
000111
10111011111111
11111
011011110111
111110101101
11111111
11111111
1001111111
11111101101111111111111111
01111111111111
111100111011
1111011111
111101111110101001111111111
11111110111111111
110101
1
11111110111
1110111101
11111111110111
0111
1111111111111111
111111111001111
11111111011101
1111011000000
111111111111011
0111111111111
1111101111100011011
111111110111
111111000011
10111111111111
11
110111100111010011
11111111011010111
11111101111111
1111111101111001
0110100011
111111010011101
1111110011111100000
1111110111
011111110100111
1111111111111111111
1101
111011000011111
11111011111011101
1111111111011111
11111111111101
111111111111
11111111111110111111
1111110000
0111111110111111111
111110111111
111111111111111111
10111011110101111101101
1111111111111
11111101111111
11111011111
11111111111101111111110101110
11111
111111111111111111111111
11111110111101
110010110111100011101011101111011111111110
111111111111
1100111
1111111110111
111111111011111
1101111101111001001
111111111
110111111111111111111
1111111111101
1111111111111
11111111111
1
1
0
0
1
1
1
1
11111110010111111
1111111111111111111
10111101111110100000110
11
1111110011111
1111110110000111
11000000100
111010011111
1011101110101
0010100
0111111110000010
101111111001100
11110011101
01111111111101
101101101111
100101110001111
10010011100110
1111
11111111101111
011111111101110
111111111111
10111111110111111
111111011111111
111111101011
011111110111111
1111111010111101
111111111001111
1111111111110101
11111111000111
1111111111111
11111111111
1111111101111110
111111111111001
1111011111110
1011101110111
11111111111111
11111100101010
1111111111111111111111111
1
111
111111101
1111111111110111001
111111
11111111010111111111
11110011011110111
011111111111110111011111
11111111101111
111110001
11100111111
11111111101
11111111
11111
11111111111101111
11111
1111111111
1100111111
11111110111110
010011111
1111111
11111110111111
1111111
0111111111101
10111111111
111111111100011011101101
11111111111110111111101
1111101
11111111111111111101111
11111111111111111111111011111
1111111111111
11111
111011
10011111011111111
1
1111111111111101
111111111111111011110111111010
11
0111110010111
111111110111111
101111011010
1111111111101011
11111110111101
111111101
11111010111
111111111111111
111111111101
01111110110111111
111111111000
1111101110101111
00111010110000
100010110100100100
11110100000
1111111011011
001
11111111111111111
00
1111111101111111
10111111111110111111100111111
11011101111
11111111111111
111001111111
11111101001111
1011110101011001
11111111111111
111111011111
11011111111
111111111101011
1101101111111
11111011111101111
11111111111111
0111111111111
1111111101011
11011101111
11111111111111
1111100011
1010111010100
00100011
111111111111011
1110100011101111
1111111111111
111111100011
011111111111001
1
10101100001
1111
1110111
110111
1111
111
111
111111
10111101
11
1
111
11
11
111111
111111110
1111111011111111
111111001
1110011
11010111
1111
11111
0001101
11111
00111
1111
01111
1111
01111
11111100
1111111
10111011
111
101101
11101
111
11111
1111111111
011111111
111111
111111011
01110101111
11111111011
1111111
111111
1010011011
111111111
1111111111
111100
11111101
1111111
1111111
111111111
1011101
1011000
1100111110
111111
1100101111
001011110111
011010111
01111111110
10001010
0111101
11111010001
11111111
111110111
101111111
11111111100
011110111
1110111111
11111111111
000011
011110101
011111
111111111
111
1001111
111011
11100
0111
01
1111
111
11
11
10111111011
1111
1111111
11101011111
11110111111111111011
1111
11111
11111
01111
11111
10111
11101
11111
111011
111
111
111
11
1111
11001011101111
01100
101111010011111
11101111111
1101111011
01111
111111111101
0101011
01111100
011011100110
1100101101111101
11111101
111010110100100111110
11101111111
101111101
110000000
110100000000000000
110110000010
01000111011
1001011
11011100
0111011111
0111
111111011111111111
111111111
11111111101111
1111111111101111
11
11111
101111
110110111111011111110000100011111111101011
1111111111111001
1001001111110101
111000001011011100100011001010110011
111111111101110
11111110011010111
01110111101111111111101010111111
01111111110010101
0
111111
111
1
001111111111110111110101
11111111101111
11011111
1101111
1111011011111111
11
111
111
11
1
111
1
0111
11
111
111
11
11
11
1110
111
0111
11
1
01011111101101011
101
0111111111
11
110011111111101
10101
111
101100
101111000
1110111
1111000
11
111110
1111
10111
111
111
1111
1111
011100011100
1111100
1101
111101001000
11111111111111111
11001110000
11111110110111
11111111101101
11111101010110
1111111011000
1111111111
1111000111
00110001111
111011100
1110111110110010
1001
11111011101
111010101111111000001110
1101011101000
111101110111111111111111000111001010001110
1111
1
11111111110
101101111
1101
10001111
1
1011110
1101
1111
10111111110111
11010111111
111011111111111111111
1111111111101111
11111111
11011111111011101
111111011111
11111111111
1011110100111011011
010111
1111101111111101
1111111
110111111110101111
11111111101
01111
11111111
111111111
1101011111
1
11111
11
1111
1111
1111111111111101
0111
00011001
00100000101001
11
011
1101
1111
111111111100
011111101110011011
111111101000100010111
1111111111111011
1111101
11100000
1011111001101100110
111101111001110
111011
111
1111111111101111
1100001000100001011010001101010111
11111101111111101111
11011111011
10111010111110
01001001010110
0
011111111101111
10111010000011110000010111001
111111111001111
1000
011111111001100111
01111110111001
11101110111110011
1111101111111111
101001101
111111111111
0110011
111011101011
11001001101110110101
111111111011
1100
1
11
1111
011
1
001111111110
01111111
101000
111
11111
11110
11
11
11001001
01111111
11011111111111110111
00111010010000110
0111111111110101111
11111111111111101
11011111111011111100000011110110111011110
01111111111010101010
111110010111011
1111111011111010111110011
11011111011110101
1011111110111111011001111
111100111010111
0111111001101110111
1111011111100111111100
1110001111111111111011110011001011111010
101101
1001
101111101110
111111101111
1011101000110111
11111101111011100
11101111011111
111111111111011111111100
1111111111111011011111111
0111111010011111111
01111101011110111
11111111111110111
1111101111
11111110111001111111
0000000
11101
00011
11101
111111111111111111110
101001
0000
1111111
01111101
0111000111111111
01101
111011111
1
100
1100101
11101101
00110
1111
110
1
1111
0
1111
1
10
01110
111
1
111
1
11
110
11111
111
1
11
11111
11111110011
10010100000
1111010111111011
0
111010101100
111
11
111
10111
11
1101
111
1
11
111
11
1
0
111
1000100
1
00011
11111111
110111110110010
111101
0110101011000101
001111111110
1111000
1111111101111111
11111111011
1011101011
000100110
11010111101010
011101000010
01101010
1110101101011
01101111110101011
11111111
1111111001100110100
010
10101111011111111101101011
110
11
101
11
11
11111
10110
0
111
111111
1001111
11111
1111
1110110
11101
1110111
100
1111111111
11111
00001100
1111
11111
1111
111111
11111
111111
111111111111111
111
1
11
1
1
11111
11111
0111
10111111
110011
1
11
1
1
0101011111111
10
10
111
11111111111111101101
1111
1111
11
11111
111
1111
11
111
0
111
010111
11
1111
1
11
11
1
110
111011
11
11
011
111010011001
1
11
11111
111
111011
111111
0111
11011
01111
11111
111
10111
00010111111
11
1111
1111
111111
0100
11
00
000
1111
1101
111
110111111
1111111
1011111
1111111100111
11111111
11
0111110101010
111
1111111111101111
1111101
11111111
10111
11101111
1111
11011111010
11100
11111
11
1
1111111111
11
1
11
1111
10110111
1111
11
110011
1
11
101
1
1111
1111111
0111111111101
11111111
111111
111101111
0111101111
111
111101
1111101110110101
111011101
01111
0111
111111011100
111110101
111
011111011
100111111101000
1111111011101111011
11111110001110
1111110011010
00110001001010101000
00110010100
011111111111101101
101111111111111111
1111111
101101111111
1110111101
101111000111
11101111111111
11100101110100100001
110110101111111
111111111101
01110101000
011110110111111111111
111101000001100
1101001100111
1111110001111
10011010
100111000101
111110
11011
11111011101111111011
11011111010
11001010100100
1111111
011
01101110111
1101
1110111111
101
1111
1011
111
11111
1111101100
1101011110101
111
10010011010
0010
1111
1011111101111
11111101
011
111111
1111011011010011
10001
11111
11100
011
1000
0
1101101
01011
11
11
11
11
1111
11
01
11
11
1111
11111110
111
1111
111
1111
111
1111
111
1110111
1111
111
111
11110
1111
1111
1
111101
01111011
110010101010
111111
1111100111
1111
1111
11111
111111
1111
111
111111
1111111
11111
11111
111111111
101111
11111111
111101011001111
11111
11100011111110
11111
111111
111110111
11111
11111
111011
1110010000101
011001011101
1111101
11
1101101
1011111
11110100
1111
1111
0110101
1111
111111
0111
00
111
011
111
00
100
001
11
111
000
00
100
01
011
111011
1101110010011111
111110111
111111
11111
11111
111111
11111
11111
11111
11111
00000011111
1111
11111
111
011
11111
00
111
111
1111
010111
1
11101010
1111
11
11
1011
111
011
1
1111111
111110011001110100
1011111
1
0111
111
10111
101111
0111111
1111000
1100101101001011
111
111111
10
1110
1111
011111
1111
110
1111
11
1
01110001
1111
1
111
111
111
111
11111
11
1111
11
111
11
11
11
111
111
11
11
1
11111
11
111
011
1
1111
1111
11
11
111111
111010011111
1111
111
11
111
1011
101011
11
11
1
11
11
111
111
1
11
11
11
11
11
010011
1
111
111010110000110100
11101011111011110
1
1
111001100
011
11
1
1
11
1
101
1
11
011110011011
0000000
11
1
000
11
11
11
111
11
11
1
11
001011
101110000
11111111
1111
11111111
11111
11
111111
11
111
1101
1111111111111111100001
10110100000011
0111
1
1
1
11
0011
111
11000
00
100001
111
111
1
111
111
11
1111
110110
01
11
11
11
111
111
111
1011
111
111
111
0111
111
11
1
1
111
11
1100001
1
11
1
011
1
11
111
111
111
111
11
111
011
11
0111
1101111
0111
111
11
11
1011
111
11
11011111111
11111
11111
1111101
111111110110111
11111
111111011
11111
111111
1110111
11011111101010001
1101011110011111110
11111011111111
01111
11
0111
1110111
11
111
01
0101111
111011
01111
101011
111001
000010
10011101111110001111101
11111
1
111
101
111
111
1
100111
11
111
1
1111
111
111
11
1011
111
0111
0111
111
11
11
11
11010
111
0111
111
11
111
1
1
111
0111
11011
111
011
111
11
111
111
111
1
11
1
11
11
1
11
11
11
111
110
1
11
011
0111
111
111
111
100
111
11
0100
11
1101
0
11
1
10011
1101
111
011
1
111
11
00011
11
11110111111001
1
11
111
0011
111
01
111
11
1
11011
11
1
000111
0
1
1
001
0
111
111
11110000
11111
0101111
10000000011
1
11111
111
1001
111111111101111111
1
111
01
11
11
0
11
111
11
1
111
111
11
11
1011
11
1
11
1
11
1
11
111
11011
1111
111
1
111
110111
111110
11
10111
11
11
111
1100
111
111
1011101
101
1
01
11
11
11
111
11
1111
111
1
11
111110
110111
11101
01001
011
101111
11
111
111
0111
11
11
0111111110111
1111
11
111
0
000
0011
11111
1
11101
111
111
101
11010011111011101101000001111011101
00
111111100111
111010011100011111
1110
1
1111111
11
01
11
11111
111
1101
11
11
11
11
11
1
1
11
1
01
11111
10011100010001111101
111
11
11
0
1
111
1111
1
111
11
1
111
0111
10111
1111
1111110
11
1
11
110
111
0111
111110
011
111111
11111101
011111
11011
0
11
1111111
111111
1111
11
0111
11111
11
11
10
111
1111011110101111
1100001
00011
111
11
1
11
11
10
111
11
1
01110111111110011011
11001
111111011111001
1111111111111101
11111000
1110001
01110100011001111010101111010111111010011011
10
01111111111101
1111111111111011011100111
1
11
111100
111
011111111110101
0111
00
1111
0101
1111111
1
01
1101
111
111
11
11111110
1
1
011
11111
11
11011
110
11111010010111011011100101111011
1101111111
111
1
11
11
1
1
000000000000000000000000000000000
00000000000
1
001
1
101
1
1011
0111
11100
111
111
1
11
111
111
1
1
111
111
1
1100
011
111
00111
111
11
11
11
111
011
111
1110111
1
1011
0111
11
111
10
1
11
011
110
111
1
1
111
1111
11
001
111
1
111111
111
011
111
1
001
11
11
111
1
111
0111
110
111
1
11010
1
111
000011
011
11
10101
111
111
11
1
1
11
1111
11110
1111
01011
11
11
100
011
111
111
111
111
111
0
10111
1111
11
11
1
11
111
11
11
111
00111
1
11
11
111111
11
011
11111111
011
01
1
011
111
11110
01
0
0111
1
011
1
11111
11
1
11
11111
