1
110111011111
01110111111
11111
1
01001010010
1
1
111
1011
0
111
1
1
11
01101111111011010111101100110100110101100011
111
111101100110100
0
1111
1110110110101100
00110111011
11110
1111101100
111
111
11111111
0111111
01110101111111
10110111101010111000011011001
011
111111
110101101110
11011111
11
11
111
111
1111
11
10111111111
111
101101001111010011100100110001000010110010
11111100
111100110010111100000
1101
111
11011111
11
01011100011111110011000001
1101111110110110110111
11
011111
111111
1111
11111
11111001111110001
111
101111011011001100100
111110111
011
1011
111
111011
111
1111
011101101101
11111101
111101110
1111011111
11111001
111010011
1111
111
111
1110111
11110111111
111110111011111011
1111100001111101010111001110
111110111101
111110100011000001011110111101
000110111
11011
11111
110
111111
11
1111010010110001
11111010011
1111110
011
1111100
111000110111101
11100100111
111111
1111
1110111
11
111
111110111
011
011
1
111
11111111
111
1111
111111
111
111
110011011111
1011001
111
11101101011111
011011
1111111
011111
11111
11111
111111
1111
111
11111101110
1110011110111101011000000111111
111101101
0100111110110000111
111111
1111011
111000111010110010011011100
1111011
111
11
110110111011111110011110010100
01110111111
111111
011111
111100111111101110011010
1110
01111011111
111101
11111
111
0111
1111110100
111
011011101001100111
11011111110111001101110
111111
01111111011011110
1110101111011100
0110011001110101101010010111
1
1110110111100
11110111
01111
111011101111
1011101111
11
11111
1111111111011
111
0110111
110
1111011
0101
11111
11111
111111
11
011101111
1110
0111
10
001011
101011100
1001111
100
111
1100011001
0111110000
1111
11111001
11
11
101111
11110
100111
110111000
1
011
1
0111
1100
1
11
111
11
11010010
111
11
1
111
11
111
11
0
01111
111
111
1
11
11
11
111
011
11
101
0101011
1
11100
1100000010
11
10111
00001000011111011111110110
111111111
1111
111
1011100100001001111100110101111110011011000100111000001001001011
111
111111
00
1
0100
1111
111
111
111
100101
101
1
1101
111
1110111111101
111110111
111
000
11
1011
11
0
111
1101111011110
1110111110
11101011100
111101
11
111
111111
11
11
111
1111
011110001011000000
11
1011
11101
11
111
11
11
111
11
1101111011
11
11
11
1
1
001111
0
111
011
000110111111010
11111
11111
1
1000111
101
1101
1
000100010010000010100000
00111
111
1111
11
1
0111
011
101100
011
0
00001010101
111010
0011011
101
1
1
010100111
111
11010110100101
00101111
111
11101
11
11
0101
111
11
1011
1101
11
01011
011
011
110
001000100111
11100
110
0111
001011
011
11100
000011
1
10110
101
1110
11
11
11
1
111
0
111
1110010
1010101
01111111101011
111
1
111
11
11101100
0011
10111
111
11
10011
00
0001011
0111
111
0001101
001
110000
101
111
0111
00111
11101
111
1
0
101001
1011101001
1011
110001
1
111101
011111
01101110111111
1111
1111101
1111001
11011111
11111
11110111111
111111
111111
111111001100
101011011101100100011101
011111111
1110011
0
0
111
011
11
11
11
11
0
1
0111010111
101
011
10111
011
1110
0111
1011
1
111
1
10101
1110
100111
110000
111
1101
01
111
11000
1101
11100000000
1
111
111011
1111111
1011011111
1111
1101111
1111011010101
11101111
1110
11001110111
1111001110
1111111
11101
0010010010100001
01011
1101
0
11
111110
111
110100100001101011001001010101
1
1
1
1
1
1
1
111
011111
111
11111110
0010110111110110101
100111101000011101
11
111
10000
11
11
111
11110
1
10111
11
1101
1
11
01010
111
01011110101001000
11
1101
111
111
1011
11011
111
11
1
110111
1110
11
1111
111101
111
11000
01
101
111
11
01
111
01
111
1
10111
111
11
01110100100101001100
101
111
1
11
111
011
00111
1
111
1
1
111
11010101111110110110100101
1111011
111
1111101
11111110001
1111011110111110010000
111111100
10111111111111110
11111
11101011
1
1
001
0111
00110111
111110
011
00111
1
111111
0010010
111
11111
1
0
0
1
1
0
0
1
1
1
0
0
1
0
1
1
1
1
1
1
1
1
1
1
1
1
1
1
1
1
1
1
1
1
1
0
1
1
010
111001011
1110011
1
0001101
0
111
10
0
0
1
1111
1111
11
11
1011100000110
1011111
00
000111
11
111
1
101
11000
101
0111
11
001
1110
111
11011
01111010
11
1
11
111001
11
11
111
11
011
11
111010
11
11
111
1
1
11
111
111
11
1011110
111
11111101010
11
00111101011010100
11
01
0
00
101
001000000
1
111110
0110111
1101
1110
11
11
11011
11
11
111
01011
11
1
101111
11
11
11
11
0111
11001
11001
11
11
001
11101
000000
111
110110011
011
11
111
101
000111
1
11010
1111100
11
11
011
1
111
1011111
111
111
101
1
0
111
11
0
0011
11
111
1
111
11
1111
1
100001
1101
0
1
1
11
1
0011
1100
111
10111111
1111101111
01
01010100
1
01111101110110
111
1011
100
1101101111
000111
1110000
1111
11111
11101011100
11
1011
1111
01111111110100001
1101111
111
11110
1010000110001100111
11111
11011011
11
1100110
111
11
111101111101
111
110001
1111111
111
01111110011101
111
1
0110111
0
011
11
1
11
01
001101
111
11111
0111
1
1
111
1
1
1
110
1
1
0
1
1
1
1
0
1
1
1
1111
11011010
11111
1
111
11
11101
01
11100
11
1
1
1
1
1
1
1
1
1
1
1
1
1
1
1
1
1
1
0
1
1
1
1
1
1
1
11111011001011100111
111101011110
0111111
0101101111111101011111
101
1010010110
01001101110010011
111
11101
01101111011011
1111
11101111
1010111110100010010110110
1111101011001010010011010110100100
01111010100110001111010001100000000101001
111111
111111
1111110001000000
0000000000011000000
1111000001110
110101100010001
1
1
0
1
1
0
1
1
0
0
1
1
1
1
1
1
0
0
00110010101
110
111
011
111
11
11
1101
1
11
110111
001
11
1110101
111
111
1110
01101111
00011100111
10110
111
0111
1010100111
011011101
110111100011001
001101
001000010
0110000
111010
111
11110
001
111
111
011
11
1
11
01
1
10
0
0
11
11
1
1
11
1
11
1
1
10
11
1
11
11
011
101
111001110011101
111110
0011
1110011111100101110110010000
11110
10
11000111001111111001101
11
11110111111
1111111100000
01111110
11111110
001
1011
11111101101011
1111010110001
101
11
1111101101110
10
1
11
1
1
11
00
0
1
1
11
1
1
11
11
11
11
1
11
11
0
0
11111100101
111
011100
0111
1
0111
10
111
011
0111
11
111
111101010
1011
11
11
01111
1
1011
10
11
11
011
11
0010
101
1
011
000100
0000110010100110
111
111
011
11011
1
1
1
0
0
0
1
0
1
1
1
011010
0
010010111
011
11
11
01111
0011
111
1110101001
1
11111
111
1
111
11
01
10111010101010001101110000111001101010110010
111
0101111100001
1111
1110101101010
1
1
1
1
0111
111
0111
111
0001011
11
1
11
1
111
110011
1
101
1
000011
11
11
101
1
000
0010100
11
1
1101
00111
1101
011
111
111
111
11
10
111
11
111
111
111
11
111
11
11
1111
11
111
11
01
1
11
111
1
110
00001
1
111
11
111
10
101
1
11
110
111
11
11
111
111
11
11
0
011
1
11001
111
11
111
111
11
1111
11
01110
1111
111
0011
0001
111
1
0
111
011011
101
010
111
11
00
111
1111
11
111
11
111
111
1111
000
1
11
11011
11
10
101
11
101
00
1
11
01
101
111
11
11
11111
10101
111
1011
0110
11
11111
11
111000
11
100010100110
11
11011
1
111
1111
1
111
0111
1110111001
1
1
0
0
0
0
1
1
1
0101
01001
11
00
1
011
01
1000
1011
11111011001
1
00001
11010
11011
110
11
100
1
111
111
00
111
001111
1111101
000111
101010111
1
1
1
1
1
1
1
1
1
0
1
1
1
1
1
1
1
11
011
11
11
101
111
1
11
1101
11011
0
11
1101
1
1111
011
101111100
01111
0
111
1111
1111
1
11
1
010
11
11
1
1111
1
0111
11
10
11
111
111
110
1
111
11
1111
11
1
1
1
1
1
1
1
1
1
1
1
1
0
1
110101
11111110
111100110011011
1101101
011110101
111101
0110111
101011
0111
11111000010101001
110100111110110
111011
11111
111111000
111
1
0011
11111
1
111
11
1
000011001
111010
0111
0111
111
00
1110100
0111
0010011
10101
11
011
0100011
0111
1
11
00011
1011
1
100101101110
1
001111
10001
111
1
111
0011111
1
11
1
101
111
11
111
11
10111
10
00111
00
10
0111
011
1001
01011011
10110000
1
1100
11
11
11001
0001
11
10011
11
00111
11
11
11
11
1011
100001101
0011
10
1
111
01
11110
1111
11
1110
01
11
11111
011
111
11
111
111
00111
11
011
0
111
111
0011
11
11111011110010
111
01001
0011111010
11
111010100
10
1
011011
0
11
11
001011
1
1101
11
11111
111
11
1111
1101
1111
011
1011111
111
0111
111
1111
11
011
111
111
0011
1011
11
0
10100011
111
1
1111
11
11
0
11
10
011
11
0
0
1110011
1110
1
0100001
111
11
1000
1
01011011
0111
1
1111
0
111
011
111
111
001010111011
100111110111111011
11101
11111001
011011000010010110000
1111
111000
111000001110
011
10
1
00
110110001
0000
11111
01
11011111
000
1011101000
00
111
110101001
11110
1
011100010010000
011
1
1101011
01101
11
11101000000110100
111
01000000
1
11
0011
111
1111
11
1
0
11001
011
11
11100011
1
1
0111
11100
011
101
1
10010111011111010010000
11111011
11
111100
11
10101111110111111100001001110010111
101111001111101000000
1111101100101111100
1111111111
11111100011110011101
111111111111110
1111110110011
111110111101
1110101100111001110
1010111110111101010100
00001001101111011111011110110111
011011011111110111000000110001100
1111111
010111
1110
11
0111
11
1110
11
111
11
11
11
11
11
011111000
111
111
111
111
1101
0111
11
111
11
01010
111
111
1
1
111
010001101110011110000010
00
11
0000001
111
101001
110111101
111110111101000
011011100100
011111011001001101111
0110111010111101101100101
0111110110101101
1111101110110010
10
01110011001101101111
111
11
111
11
11
11
11
111
01
11
111
111
011
1
11
11
11
11
01110111011011
1111000110001110010
11110001111111101
00110001101111111110100010000010000010001111
1111111111
11101101011111101011101010
011111010111110010001010111011
0111110100111
011111111001011101011
11011111101110111110111
0110101110
01111110111
011100111000110011110101001010011110011011100
111111101011000
11101111001110101010111110111011
111110101111101110100010111000
0111
1
0111
1
11111
11001111011001111101
1111011010110
1111101
00000011
11111
1111111
001110111000101010110011110100010011100011100110
100
1101111
01011111011101100111110101
11111
0101111111
1111101010110110
1111011110
11011111
111111110111
0111111110
110110111111001110
01111010110110
11101
111
0000
110110
1
1110111111
11
1
111
10111
1110111
11
100000
11
10100
010111
1
11
11011011011111
01000
11111111
1111
111011111101110
1011110111001111011111010
11111
11
11111101110011011
011111100011101
100011111100100001011001110111
11111111110
10111010001
010110100101100010
011001111110011010110
01111110101
001000
01011011001001110111100110011000001100
0010011110010
1111010010
001100000110001001011
11111111
111111
111111
1101011110110010
1001010101111101000011001001000
1110101110
1111101011110001
111111111101
0111110011
1111101
0111100111001001100110111
0111111101
111111110011
111111
00111
111001011
110100
00
00111
0011
10110
11
1
110000100011
1111100
011
10011
1111000000
11
111
110001110000
11
101
1010001000010
111
00101101011
1001100
11010
11
1111
111111111110
111101110101
0111011111
01110100110011100
110000101011111
1111
10110011011011010001100010001
000
010011111111110
0111111
101111
011110101111
111
11111111001
110001111111
1011
11
01011
0
1100010
0111
111
1011111
1111011
1111
111
11
1
11
11
111
11
11
11
111
11110
11
111101110
1111
11111101
0111
111011101000
1111
111011
11
1011111
1111
11
1111
111
111111
1111
111101
0111
101011
1110110110110001
111
0111011
1111111011
1011
111
011111111101010011111011010000110010100000101010
011
01
10100
01001011
00011110100
01011
1011101001101
110
11
0111
1110
1101111
0111
111
111
11
111
0011
11101000
101000
00011000
11
01
11
00
110
0000
111
11
10000010
111
1011
101111
111
11101101
111011
111011
11111011
01110110001110000
01111
111110
01101
10100100101001000
11100100011
111
00
111
111
0
1
1
1
01
111
001
11
0
011
11
1110110
11
11
00001
1001000
0111
11
111
111
1
1110110
00010111
111
111100
0011
11111
01110110110010101011110011011100001
000001111000101100111111100000000110011110000011
01111010110010111010010100110111
10101111
1111111
1101111111
111011101101011000011111
111100111110100101011101111111000
1111111101010
111111111001110011100
100000011111
111111111001101010001
111
11111111
111
1100
10101110011011001101
11
0
1
10011
00111
0111
11
11
01
11
1
10000
0111111000011000
011
11111
011
111
11111
0
1
11111110
011
11111
111
11111
111111
0001
111111
11011110111
111111101101111010
11001
111
111000
011
11
1
1101100011
0
1010111111100011001111
0100101
1
11
11100
010110101110100
11110001011000001101010001011111100
110101011111
01111010
111111
111011110101
111
1101111101011001000101000101001
11101000
11011
0010
1111100
0111
1
11100
111
01
1
100000100
1
01011
111
11
11
011
11111100
111
111
110111
0111111
1111101
111110011101
01111
11011111011
01101101
111111
0
0111
1
11
11
11011000
1
1
01
111
11111
11
11110
1
11
1
011
111
111
11001
11
111
11
010111
1101111
11
111101
1110100
11111
10111111111
11111
001110011111
1101
10111
11111
1001111
1111
1111
11
1
11
11
11
111000
11
1
111
110111
11
011
011
101110
11111010000
1111
11110111110
1011101
01011111
1111
1001
1100101111
10101111
01
1101
01
1010011
0101111
101
0
1
0011111
0111
11110011
00100
1001110
0010111010100
11
11011101
01111100110101
1110101000111110101
000
01
11101
101101101
111
000111
1100101010110001
1001
100111001
011
000111
1111010011110
100001000
000001
1111100111011
100110001110011100
0110
10
11
01111101111001000010
10
001111
1111010
1101100
1110000101111011
111111110
0100110000
0
1
11
1
0111100011011
0101
01
110011001
0000
00
0
1110111010000100
11
0
1
1
11
0000011001001
11101111111111011001110111010
1101
11111
1111111111111111
11111101
111110111011111111111
1101
111111111101111101011101
001101111
110111010111101
1111111111110
11110110
11010111111100110101110101001101111000111
111111011110011111111110101101110111
111111111110111111110
111111011111
110111111101101111110101110111101111011111101
1011
01111111111111101101110001
011111011101011110111111001111101
111
0111011111111011110111111
1110111111111111111
0011101011111111011011101111
111101110111
1110001000000001000100
11
11101
1101
111
11
101000111000
111
111
1010
1101
111
1
11
1111110110110111111111111
11111111111111111111
11011111011111111111110101111111111110111
111111111111111111111
11111111111110111111111111
1111111111010011110111101
1101111111111101011110001111101
11110100001011111111111101
1111111111111111111
1111111111110011111110101011010011111111111
111111111111110111111111110111
11111111111111111101111
1111111111111111111110
10011101111101011111111111111
111111111111
111111111111111111111
0111111111111111111111
110000
111111111111101
111111111111111111111
011111111111111011011101111
11111111111111
1101
11111111111111111101
101011110101111001100000001011100
0111101111000000000001
1111101111101
111111111010111111
111111101111101101101110111011111
1101110111010011111111111101010111111110111111
1011011111011111111111
11111110110111110111110001110011111110001001
1111111111111111111111
0111111111101000001100111100
01100011111111111110111000111010101
1111111111111111111110111110
101011100110001011001111111010111
110101111111101001001101111101100
011100111001010111111001011010101011111111010101011010011000111011101101
01101001001011110001111011010110100111001000010111
00111010
0110001111011001111011100110011110011100001111101100011111111111100111101111
110
1101101111011111110111010111111111101
111111111110011111110
1111111111110011
111111110111101111111010
1110100111111000011
011111111001101
11
1110
111
1110111
11
111
1
01
10111
11
0011011111111001
10011100111000011111101101001101010011
0
10111
1101
1110101
001011
0111
1
1
11
100110000010001011010000111000010100
0
1
1
0011111
11110
11
11
11
0
0
1
1
1
1
1
0010101001100100
0110001010011
001100
0
0
1
1
111
00111
0011
111
1100001
1111
10110101
111
1
11
01
1011
11
11
11
111
111
0
111
1
11
1
111
1
11
111
1011
111
11
11
11
1
1
111
111
111
111
1
01
0111
0111
111
11011001
11
0
111
111
01011
11000000111
1011
1101101110
00
011
001011
111
011011
11101000110101
1101
111
11
011
111
1
10111
11
11
001111
101
011111
0111
11
111
00000
1011
0101100101100100
111
01101
0
1
10011
111
1
101101
1
11100
11
111
011011
111
111
1111
111
111
11
00111
11
111
11
11
11
111
100
0100001110011100
000000000001100110111
1111101111
11111011000001
011111110110101
1000100101100110110101000110111
11110000111111000
1111111011111100
1111111
11111111101101
10011100110100100101110010010110111011110000000000000010011101000101001
1000111111111101111010
0111011101
11111111111111
01111111110
11
111111011111110111
11111111
11110111111110111
11111010111111100111
11101101011111111
11111111111
11111011111
111111111011
11110
1111111
11110111011011111
11111111111
011111111
111111
111111111
11110111111111001111101
11111111
1111
11111111
111111111010111
1111111111
1111111
111111111
11100
11111110111
10000000100010111
1111111111111
1111111111011
00011111111111100011001
1110000010
111011111100001101010
1111111111110
111100111
1111
00011111110010011001110010
00
101101100111101011010111
00111100111101100001111111
1111011111111
1100
11010011100101011011
011011111111011
11010101011111101100101010111110101101
01110111010001
11011101111011111101010111
10111000111111111101110000000010101100110
1111111100011111011111
1111
011111111
11111111111
0110011111
010100
1
1
110110001
0
11110001
1110111101111011101
1111111111
1101011111010
11111111111
00
0111111111111010011111011
1111111111111
1111111111110
011111
0011
0111111
00000000
010111
1101
00111
11001101
1111111111100010
0
0111011001010
1110011110101010011111011111
111010111001111101010111010010111001111011
11011111
11
0111
1110
1111101110010011010101
0
1001
1010
00
1100000
10100001
1
1101001011111
0011001001011011101101101011011111100001010110110110101110001001011101111000011011
111
10
1011
10011
111
100110
0000000
001101
1111111111011111111011111010111
1111
1011111
1
1
11010
11001111100000001
111011101101000
0111
11
111100
1111
1
0
0
1
1
0
0
0001101100
0
010111000
000
1111
1011111
0
10100000
111
11
1011101
111
11
1
11
0111
11
11
0111
011001
111
111110
11
1
111
1
111
01
01011111
111
110111011
111
1111
1
11
0101100100111
11110111
011010
11
1111
111
11
11110
11011111
101110
101110111
1110
11
011011
111111
111
11
1111
011000010
11
01110
111
111
11
1
100111
011
001111110011
111110
11
111
111
1111011
001
1
0
1
1
1
1
01110011111
111
00111
11
0
0010
1011011
0100100
11
1
1
1
0
1
0
1
1
1
01101
0111
111
111
111
11
1
111
0011
11
110
111
0111
10
11
0111
1010
111
11
11111
0111
1
1
0
1
1
0
1
11
1
0
1
1
1
1
01
1
1
0
1
1
1
11
11
1101
01001001011
11
1111001101
1
111
10
1
1100
11
011
11
10
1011
11
0011
001
0
0
0
0
1001001
11110
1
01000011111
111
11010
101
11
1
11
11
1101
101
1
00011
100
0101
0101
111
111011111111111111001110
10101
11
010011
11
00010010
1
111
01011
1110101
001011000
0
111
1
11
111
110
111
111
10111
011
1
111
0111
11
11
111
01110100
0
011
111111110111111111111
1111
0
1100
0111
111
111
110000
011
0
0111
0111
111
0101101
111
11101000111
101101
1011100010011111111101
1111110111111111111101
1011100011111000001011001110101001110111
11100110001011111010010100111000111100110111100
1000011111111110111001110101111001011
1001
11
101110
11
1
0
1
11
0110111
11
01
01
0001101010
111
1011011
101000100
111011001
111111111111011101111
110
10100111
111100
1011
0
111
1
0011
11
1
0
1
0
0
0
111
101101011
0
10110101111111110110001110101111100011111111111110101010110100111
0
1011111111111111101110011111
0111
1
1
0
1
1
1
0
0
1
1
0
0
1
10100
0101011
10011000111001100010110010
00
100
111
011
111101000010
11101
10
1001001011
11000010000
11
011111110
111011111010101111011
110
1111001011101101
11110011111100001111001110
11101011101
1111111111111111
1
1
1
0
00
100
00
01
11
1
00
111111101000
1100111101110
00011
111010011110101110011010000
000
110000011
11101010110000100
110000000010
011010000011000111101011101101110111001010000000010001011000100000100101001100001
10
0
1
00
000
111
11
001
010
01
1
1
01
1
11
100
0
1
00
11
111
011
1
0
0
1
11
000101110101100000101
10111
11101111001
1
1101111111
10101011001110111011100111011001110111
11111110010111110111
011
1110101111
01
1
0
01
111
10
10
0
10
01
111
011
11
0
101
010
101
1
11011100011110101001
0111000010
10011111011000110111111011010011111010110101
010011111111010011
11100111010111011
0110011110001011010011110
00011
1
11
110000
1011
11
111
111
11
1
01
00111
1
1
1
1
1101000
001
00111
000000000
01111101
110011101
0
11
01
11
00010101111111110101000111011010101100
1
1
11011
111
00
00101111110111011110110111
01
001
010
1
1
01
1
0
110111
1
1
111
0
0
1
11111
1
001
1111
1111
00000111
11
1
1111110
011111111
1
0101
1111
0
11100111
01101001
1
1111111100
11101100
1
1
1110011111100111111011
000110
0
1
1
1
1
11
1111
111
100100011
111
11
0
10111
0
00000
0101
11010010111110110101100111
0001
000011
11100100000001
11
10
1
110010101
111
111110101
1
0100011
11111001
10101
10
11
111
0011
011
1101101
1
0001
10111
00001
10111
111
1
0
111
00
0111010
00
1
1011
00001000
11010000011
11000011101011000100110
110
01
0011
111
00000000000
111
1
11
00111
110
000011101001
001001
1
01111
11
11
111
111
11110
11
011
000100110
11101101
111
1
1
11001
11
1111110100
111
11
11100101011
1100011010100
111
100
011
111
1101
010110100
0000111
1100
00011
11
111
111
1100
0111
111
110000
101
111
0111
0111
111
101
10
111
11
011
00010
11
11000100
011
111
1111
1111111
0110111111
1101
01100011
011
1
11
1101
111011
11
1
111
110110000000
1111
11011001
0111010101001101
1110000
11100
111101
10111011
1
0
11
00011
1
0
0100
1101
1
1
111
10011
11100
1
0010
1
1
1
010110110110001
1101110
100111
11
0111
0
1
11100
01
1
011
00
1
1
01
11
01
1
1
0
0111
111
111
1100
1011
01111
10101
10110110
111
11
00101110
1111
01101
010010
00
1100
11
1
1
1011
1
1110
1110000
011010101
100
00111
000
11101101001010
0
11011
010
111
011
11
1111
11
0111001100
1
0111
000111
1001
0111
111
11
0111
1110
00111
1
1
11
1011
1
1110
1
0
1
1
0
1
1
0
0
1
1
1
11
1
1
1
010111
1
1
1
1
1
0
1
1
10101
1
0
1
10010111
1
1
1
1
1
1
0
1
1
1
1
1
1
1
1
1
0
0
1
1
1
1
1
1101011
1
1
11
111
1
1
00011
0
1
1
1
1
1
11
1
1
1
1
1
1
0
1
1
1
1
1
1
1
1
1
0
1
1
0
1
1
1
1
0
0
1
1
11101011
0
1
1
1
1
0
1
1
0
1
0
1
0
1
0111
1110110
0
111
0
0
0
1
1
1
1
11110
1
1
1
10101
1
1
1
1
1
1
1
1
1
1
1
1
1
1
1
1
101
0
1
1
0
1
1
1
0
1
1
1
0
1
1
1
1
0
1
1
0
1
1
0
1
1
1
0
1
1
1
1
1
1
1
1101
1110110100000
0
1
1
1
1
1
0
1
1
1011
1
1
0
1
1
1
1
1
1
1
1
11
1
0
111
1
1
1
1
0
11
0
1
1
0011
110
1
1
1
1
0
0
1
111
0
0
0
0
1
0
1
