11
1101110
0
1
111001100111010101010101
1101110
1110
0101
1
1111
01111100
1
00011110001
11
110
111
111
1101011001
11110001
1
1
10
011
110
01
01001100101
11
1011
01
00111
001000110
11
0
110010
11101101101
11111
0111111011100
0
111
11
11011010
1000111
1101
01111100
01111
00
11011101
01
1100000011110110010
110110110100
1110
1110
1011011
11101100
111
110010
111001111
10
00111
11110100
010111101
111
101111
01111111011
1
00011110111
1111
01111
111
111110
11011
111
001
010
1111
0000
110
100
0
011101111
10
1111
1111
11
1
11
011101001011
011
10101
11011
1101
10111101011
100011
1111
111
11
001
0
000
001
1
100
0111001000001
10000111
111
111
11
1101111100
1111
011110
00101101
0
1
11001011011
1
011111
11
1111110
1000101111
10
111011
01
111
1110
1
11111
1
1
111101
11000
111
1111
1110
0000111
1110111001
01
10
1111
111
1111
111011110
11
01111
11111
11011
111
11
10
01
0
110101101110101100
1
1
11
0
111
111
011
011011
111111001100
111
11111110111
110
00
0010
0101
011
11001011100100
100
11011
11
100111111
10100
11
111
0011
111
111
10
101111
111
11
0101010111
11101
1110011111
011111
100
11
111011011110111101010
11
11
10011111
10111100010
1111
11
1000
11
110001000100010
10
1000100001101100
011110010
11
111
111
111
00110001000
001
1111111001
111
1111
111110111111011
111
000
011
10011111
1111
0001
000011
10
101
0110001100
100
000
000
10
1111111
111
011
0000
10
00
110
001
111000000
000
111111
010
1100101
111110011110
00
101
00101
01
0010
0
1111101
011
00100011
000
000
11111
1111
1111
01111111
111
1111
101111111
0101100100
111111
011111000001
1111111
1
100
01111
011
0000
1110
1110
0000
1000
0001
111
010
00
11
101
1111
1111
111110
111
11
1
111
11110
0
011
110110110
010110
1111001111
110101100111
11111
1111010101111001100
1111
111011
00
00100000
0111011
01
10011
111000
010111
000
0000
00101110
000
000
1
1
000
001
111
11110100
1111
11101
101
001111
01
111111
1111111
11111
111101
0111111
111111
1111110001110111
1001
0
001
0
1111
1101
01
11011111
1
11111
11
111
011111
110101011
11
1111
111001110110110
00
0111111
000
01111
0010
1010111
111
011101001
011
1111
11
1
1
1
00000000
1111011100
11
111
11
11
111
1111101010
110
111
111
1
001
00
00
1
0111
000
111111
000
11
010
000
11
111
011100010110110101001001101
1111111101111
111000
011
001
111
1111
111
101
10
001111110010110000111
11101
111100110111100
0
1
001111
1000
0101
11
0000
01
101000000
100
0010
11101
011
10100000010100
111110
111
111
0111001110
10010011
1111
011111
1110
1110
1
00
011101
111
1010111
0110100
110
11
111
01
1
1
1
11111
1
000
010
11111111
11111101
111111111
011
1010
1111111110111
11111011
1010111
11011100
11111111000
100
1111111
111111110
011
111
1
1111011
111
1111
11
1
111
111
001111
000
010
001
00
0111
00
11100
0
0
010
11
0
001111
1
01
0
0010
0100011
01
111
0
10
1101101101
00
00
01111
01
11
101
01
111111
11111010
1111
1111000001
0110111
1111011
10111111
1
0110111001
010
1
111011
00001010110110000111000010110001101010001100101100010000011001010100
11
11
11
01111
0100111
1
011011
111111111
1000
00
0101
1111010001
001
00000
111
1111
0101011000000
01110101001
00
000
011
001011
11110101
01
0111
011000010
1101011
111110
0111
101
11001
101110111
001
00
0010000111
000
11110
00000010111
00
01
11
11
11
11111
11010011
011
0101
111
111001
111
10011
1101100
0111
000
1101111101
0111111110011111110001
11100
0001
0101111
0
100000
0110
0101011010
01
000011
11000101110110010100
111011
0110110010110000100011110
010001011000
111
0111
11
0
001
00
0
011
101
111
010011
11
1
111
000
1
1
1
111
111
111
111110001
010101111
01101101100
111
1110
0001
11
111
011101
100
1111
11
110110
11111
1
111001110101
001111
1100
11
1
0
010
10011
00
1111
001111
11011
11
11
11011
111101111
10100101
1101100111000
1
0
1
000001
01
1
00001
0
0
1
0
0
1111
111001
110111
101111
111
00111
11001111011
11
1111
111011001011
111011
111101111111
01110
11100
011
11
010111
1
01
0101000
011111
1
110111
1
1
11101010100
1
011
110
11
011
11
111
11
01111
111
1
1
1
0
0
11
1
11111101000
01
1
1
1111110
0
0111
1111101
1
11
1
000
010
111000000
000
10
1
1
1
1
1
1
1
10
11
11
11
1
11
1
11
11
11
11
1
11
0
00
1
1
11
0
1
1
1
11
1
11
0
1
1
1
1
1
1
1
1
1
11
11
1
1
00
01
1
1
0
1
01
1
0
11
1
1
1
1
1
11
1
1
10
1
0
01
1
1
1
1
1
0
00
1
1
00
1
1
1
1
11
00
1
1
1
11
1
1
1
1
1
1
1
1
11
1
1
0
1
1
1
11
01
1
1
1
1
1
1
1
10
0
11
1
1
1
1
11
11
1
0
0
1
1
0
0
0
1
0
0
0
1
1
0
11
1
0
0
1
0
0
1
0
0
0
101
1
0
1
0
1
1
0
1
0
1
0
11
111001011
00
10
1
1
11
00100
0
1
0011111
0111111
0010
1001
1100111010100
0
010
0
111011
1
001011
01
11
100
1
1
0
0
111
1
1
0
1
1100011
1
000100
0
11
1111
111
111111001111000011
0011111101
1110111101
0110111
1101111
1111
111111011
1001011001
11011
11011011
1111
1111011
01
111110111111100
111111
11100110
11111
111111010001
0111
10011100111011
1111101010
10111
111101110
1111011101
0111010110
11111011
11011
00010100111011101001
101111
11111
1100000001
1100001100
0101100010110010
11110100101101000101111011
11111110
11111111
01111
11111011
11111101
1111
11101011
111
1110000100000010
11111
111
0
11111
111111011
111
111011111000
111
1
110000100000
1
0111
11111
10101111100001000
11
11
11
0011111011100
111
101011
0
1
011
101
11
0011
001
10111
1110
1110101
111
11
1111
0111111011
1101110
11
111
11
11
11
11
111
111
1
10011
1
011100001010101101
11
00
11110111
11
0011
111
1111
0
1100111
111
1010110101
11
11
111
1110
111
001101
1110111
00111
11
0111
0
010111
111
11101110001
000010100
11
011
011
1
1
10101
111
111
10111
1100
0000101111
11
1
1100
101001
11100111
0111
11
11110101101
111
00001
11011
10111
111
1100011010
101011
1110
10010111110111100001001
11
0
01011
11111111
0111
10110010101
111
0111
1
11
011111
010101010
111
0
01011
1110
101111
111
1110101
01
11011100111
1101
11
111
1
1110
11111
0100011
101
111011
01101111000
0100001000011
000
111011
11111
11110111
011111
11111000
010011
00100011
1
1
111
1
11
1
1
11
01
011111
10111
1111111
11101111
1
1111011111
1111111
111111
111
10111010110010
1001111111
11111
001
1
1
0
11
11
11
1101
11
1
01111
0010111111101110010001000
1101
11
01
1011
1
1
01
1
011111111
1111101
111
0110111111111001011011000
1101101110100
11100
0011
1
1101
11
111
11
1
11
000
11111
1111101110011
1111111
101111
111
111101
11
111
1
1110
10
1101111
1
1111
1
1
0
1
1
11
111
111
1
110011
11110111010100
1111000
11
111
11011111
1111111111
1111
111111000111
1
1111
11111
10
10111
1
0
1111
1100010
011111
11101
0101
101111
1101001
11100
111
1101111
0111
0011001
1101
010111
111000100
00111
111
1001
11
1111
101111
01111
110001
101100001
11
111
1110
11111
01111010111
1
11111011
11
011110
10
1001
1
101111
1100
11010111100011
11
1111
10111
11101
111
1100010100
11
111
111
1110
111
110111011
101110011
11
11111
1110011101011
11
11
1
111110101
1
1
1
0
11110011
0101111
11
1100011
011101011011110001101
1111011
00101
10110
01010111010110101010
0
1011
111
111110100
11
011100110111
110001110
111
110111010
1110111
0
1
11100
0110011111
11
10
00001
0
0
01011
11101
0
01110010100
01111110110
01
1111
11101111111100110
1
01
1000111
1
1111
1101011100011
1111
111
111
1
1110
00000000
1
0
1
000
001111
100
000
10
000
0
0
11
1
1
1
01
00
0100
111
0111
1
11
11111
0
11
1
11
1
11
0
1
1
111
11
11
01111
1
11
1
1111
1
1
11
01
0100010
10
1
1
11
1
1111
1
0
1011
1
00011
11
111
11
1
10110
110
1
11
1
1
11
11
11101
11
1111
111111
01111
10111
0
1100
001000111
11
10000000
1111
110110010
1111
0
111111
1
11
00001
10
111
11100
111
0
0
1100
0111
111111
01110
10
1
100
1
1
1
1111
01111110110
11
10001101
11000
111
110111
01
111101111
0011
1
1111011110
101
11101010111
001010
00
010
0001
010
11100010100011111
0001
101100000
111111010
1110111101
11001111
0
000
10
110
10000
001
0
0011111011
011011
000101101
11111111111
1111
111110011
111101010
000
00111111
1110
1
011101011
1110111
001110
1111111101
000
10010
110011111
11111
10
000
0000000
111111110011
000
001
1111111
0111011
11011
1101
1100000
11111
1
1111101
000011100000010000000
0010
111010110
101000
11100000
01011101
111100
11011
0010001
01
1101101111111000111101
001
000
11110100111011
00
1100
0100100
01111001
1100101
11010000
001111001
11101010011
110100010110
11111
00
11
1
0111000
1101
01111
01111
00
111011100111
1
11111
01111
110010100111
011111100000
01010
101001
0001
011011101110100101000100100
00111
10111
1
10101100001
0011101111
01010
1111
11110101100000
1
00010111001101000101001
10100011001101000010100
1101100
111
111111
111
110100
1111
11
11
1
0111
01001
1110
01101
11111101110101
01101
00
1101
01
00
1
001
00
1000
00110100
0
000
0000
0000
11110001
000
110
0111
11000
110011011
11111111100
00
00
0
001
0100
0001
0111111011001010
100
110
101
101
0111
101
11110101
00111
1110111
0000010011111
10
001
1100
111000
00011
0000
00001
110100
0111
1
1101
11
11
11
11001
1110111
0111100111011
1
11
11
11011001
11
111001
11
100011010
111
01
10
111
110
0
010
10
1111
1110
011
10
1
10
00
011
01
00
1010
01
01
010
01
1110
110
11
010
1
0111
111
110
1
11
111
011
11
10111
10110110
11
110101101
01111
010111010
00101010111
111
111
11
11
01001
000111
1
0111
1111000100010000
1
11001
1111011001
1
0010
00101
11
1
1
00
100110101001101
000011
111101100
1111001111100
000111100110010
1011010100110
01111011111
011
0111011111011
0000000010100100000
11010011
11111010100100
0000000111011101000
100
00110101
0110000100111001001101000000010
10000111
010110110101000
001110
11
11
01
1
01
11
0
11
1
1
01
1
1
1
1
1
1
11
11
1
1
001
1
1
11
1
1
0
1
01
1
01
11
1
11
11
11
110111
11
1
11
1
1
11
1
10
1
11
101
1
111
1
10
1
11
11
11
11
1
1001
1
011111
11010001
001
00
0111011
111100
0101111
11
11
1
0101111
101111
0
0
11111
11011111001
11101
1111
111
11111
111
11111
11110100001
11111
0111010111
11
00
11110111101
11111
1111
111
111111
11001
110111
11101111011100111
1
1
111011
11
01111000
11
00000100111
11
0001
11
11
11
1
11
111
111
1
0011
00
000
010
000
10111110
0000
00
0000
110010100
000
000000
001
00
0
0
000
1111
0111110000010011
0
111
1
0000
1
01
001
1
111
111
0111
11
1111
01111
111
111101
10011
11001101010
111001
011
11101000110000110
11
01
111111
0101
0001001
10011
111
0
110000
001100101110101010111110101
0
0111
011100111110111111
01010000010
001100100
011001
0
11110
0
1
0
1
1
0
0
011
111
111
1
1
1
0
0
0
0
0
0
0
01
111111
00011
1101011
0110000011
001
0000000
100
0011
01000000
1
0111
1101000110
11
1
11
11
11001
1
0
011
0
011
01101
0
1001
0
1001001
10000
0110111
110
0
0101111
0
10
0000
00000
11110
110000
000000
000
0110000
00111
00
110011
011010
0
011
111111
11
110011
001
11
1
001101
111
1
11
1
1101
11110
111
111
101111
11111
10111111011100000
000000
101111111
111101100111
1011101
11100
011111111
01000
0101010110
1111011
000
1000
000
1001
011110101
110111
11
1
0111111
111
101001
1
100011
11
11
111
111
0
11
1
011
10100111
01111
11110010100
11010111
100101111
0001000
011011100110111100
010
1
00
00
11010101111
1111110
01100110
11001
1110111
0111111
111110
1111
11011110
1111
1111
10111111100
111011001110
11110
10111
110
111
11000111
1111
001111000
1101110001
001
11
1
111
01110001
00010
1111101110
1110111110
110000
00000
1101011001
01
11
00
11111111011
111110
100111
1111001
0111
0
0011100010000001
001
001011
111001111
11010
0
1
1
1
1
1
1
1
1
1
1
1
111
111101010001
0
00
11110110101
0
0
0
0
11110
111011011011
11011111101110101101
11
1111
11100001
111110011110
111
1111110001
01
111110111010010
0110011001
111
00011
11110001100
11111101111
11011111110
011
11011111
111011110010111101111
0111111
1011
11100100
0000111
110101101
00
0
011
01
01
1
11
111
1
10
11
10
1
101
0
11
00
100
11
101
1111
0100
10011111
11110010111
1001101110110011100110101
1111101101
11111101001110
11011
11111
111100
1111
1111
0
11111
111111010011
0
1111111100111110
000000
0111011
0110011011100
100
1110010
001
110
001111111
000101000
0
0000001000000
00
1110
0101101101001110101
1100
1
0000
10
000
000
0
11100111111110111110111
0011111
11101
111111
11101
11111111110
1101000
111101101
11111011
010110111111110
111111101010
11111
11100111
0011111
11001111
0110100
01110111
11111
11111
1111111
11110111001111
0111100111011
11111
11111111
1011
1001101011110110
11101110110111
1110110
111011111
10110111100010001
11111011001101
1111001100111
1
011110101101100110
1
1111
111111
1111
11111110
11110
111111
11110101111
0111
00111
1111
11101
01110011110
11
1
111111
111111
1111
1111
1101110101011100110
1111
11110
111111
0100010101100111111100001101010110111010
11111
01101111010111111
1
1
0
11
1
11
0
01
0011
1000
0
0
0
10111101110
0
1
1
0
00111
111110
11111
0
1
0
1
1
0
1
111
010001
0
1111
1011
1
11111
1
111011
11
111
111111
010000
1111
1
1
10111
111101
0
11001
0
0011110
1
0
1
01
1010001
1111
0
1
11
11111110
11011
1
1
1111000101101
1
001000001001
000000000000000100000101000
111110
11110110011010
0
11
111110111
111010001
111
11110101
11111
0110111
1
11111000
10100
11011010010
001
11010010
111
110
0
01100
0
01011
001
111011
0111
10011
111
111
11
11
11
11
11
11
11
110111
11011
1011
10111
111
11
111
0011
0
11111
11
11
11110000
0000
00
00
001
0001
000000
0000
0001000
00011
11011110011111
0000
000
00011110
1011001
01
010000100000
01101100000000100011
000
000000000001
1111111110
00111011110101
100
0000110000101000
0
010
111101
01
1111
10111111
011111
111
1111
0011111
101
0111010000110
11111111
0111111
11011111001
0111111
1001111
11111
1110110101111
01111
11001101
0111011110110
1011101111010010101
1001
111101110101111
01100
0
10101
111
11
11111
111111101
0
11
111
111010101
00111
1110100
0
011
11
0
111
11011
00101
111
11
11
1100000
11111
111001010001
1101
11
101110
0101
1111111
111110001100011011001
111101
11111110111
101110
111011110
1111011011011010110100
111011011110101100111100010
111011001001
0111111111
1101001
111101111
0
111100000
1
01
111000
0
00010110100
00011100001111001000100011101
0010000100110101000000100000010
1111000101
1110100110100010
0110
0001100001111000
110100001001010000
1011100
00100001
10
01000
111
1
01101110101110
110110001101110110
111001
111101
111111
0110111
11110000010110111001
0000000000110110101111101
1111110000101
1011011
111111
0010011111000
11
1110111011
01111
11111
111110110111010
1101011101
11111
11111
111111
11111
1101111
1111
11
1101111111000101
1111
10101111
111
011
11010110
0111
11
1011
100011110011
0111110101111
11
111
1100
11011
000011
111111
111111
11111
11111
111111
1111
111111
101111
101111101011
111110110
11111011
1111
11110111
111
11111
1111
11
11
1111111
11
1111110
110111
111
11
011
1111
11101101111
10001111
110
0111
111
1101
110001
1001110
11101101
11
01
1101111
1101111
100
11
1111110
11111
1001
11
0011
11100111011000
110000001000001000011110110
111000100111101100001001101
1
1
1
1111
111110111
0110
1110110
1
111
0110110
11
1
1
000
001010001110011011100001110000001001100110100
1
11
100
011111
11110
111001111111
11
0111
0111
1001000
011
10110
1101
11111
11
111
11
1111
111100
11
111
1
111
1
11
111
11
111
111
11110110
111
11011
111
000010
11
111000001
1
0010
000
1011111010111100
10111011010101011111
01001
101
111111
11001
1111111
1111111
1111101
1111111
11111111
11110
101010
1011
111001
101101
11011
111
1100
111000
111
01010
11011
1111011
011011
11111
1111111
11111011
111111
1111101
111111100
0111001
001111
111
1111110
01111
0101110101101100111
1111100111111111
001010000010000101000110100010
10101
1010101
1010
0111
1111111
111111
1110111
11111
111111111
0110101
1111111
11111111
1101
11111
11111
111111
10011
011111
1011111
0111
1111
00111
000110000100100
111
00
01
000000000
111
11
11
11
011
111
0
11
111
001
00
1
1011
1100011
11
111
11101001
1111
1011
111011
1111
11110111
1111111
1111
111
110111111
110110
1111
11011
111011
11
011
11111
1110110011
11111
111011111
1
11
0111
1
11
11
11
11
1111
1
1100
11111
00001100111111
101011010
10111101011
110111
01011100111110101100
0100000
11
11010011101010010
11111
111111
1111
110110
11101111110110
0001101101110
0111111
001000
010001110100110001001100
11111
001101
00110
0010011111111000100
1111010
111111
110000010000011110
11111111
1111110
1111011
110101110
11
11111111
11111
1111011111
11111111
111111111
1111111000
11101111
100111
1111110
01111
01010111010001101
1111101111
1110111110
111100
11
110101101101001111
11
101
0101110111
1001
010
0
00
1
1110
1111000010101
00011
11
001
11
0111
1110
01
111
0010001
11
111
011
01011
11100
011
111
11
111
111
11
0101
11001
1
11
101001000
111
1
110010000
001111
10111
11
001011
1
1
0111
11
0010111
0111
00
11000
11
0100111
0011
11
0111
11001000111000110010100100
011011
010
11
11
00111
01
11
1101
11
11
1011
11100011
11100111101000
01
00001
101000
11
0111
11
01
11
111
1
1100111
1110001
01111
101111011101000
1110111
1111
1
0111
100000110
11
11101
000001
0
111
110000111101000
111011
0
111
1
011
1011
11
011
0
11
11
1
0
111
11
11
1110
0111
1
011
111
111
110111
11
01
111
110111
111
11
00
10101
01111
101001
10101
11
11
11
1
111
1
1110
100111
1111
111
000
010111
100
101001001111
110011
111
01
00111
111
11
1101
011000
10
1
11
101
1
000001
11
111011
111
11
11011
11
10
0011
111
0111
11
1
11
111
11
11
00
0001
010
001
000
1111100111011
10001
10000011001001001
0
00101
01
01110001
000011
0
11
1
11
1
00
11
111
011011111110001
01
01111
00110111
111
111
111
11
111
10111
111
011
101111
111
111
111010110000
101
10111100011
1
1101
111
0111
11
00110
111
11011
111
10111
1
0101
0101
11
1
01
111
111
0111
00010111100010000000000
1
1111101000
11111111
1
0
00
10
1
00
00
10100011
1
11
0
00
00
1000
111
00
111
1
111011110110111011
1011
111
11
0101011
110110011
00
00
10001
0000
0111
0
0
111
10
011111110010
111001100001
101
1
11110000101
111
11011110
1000111
1101
11
111
111
11101
11
111
01111011101101
1
010011
11110
1101011
01111
111001
0111
000111
11
011
10101
10111
1110
11100101111011
1
111
1111011
11101
1111
0001
111111
111111
111101
111
1101
11
11110110100
111111
11
11
11
1
00
111
11111100
1111
11011
110
11110111
01101011
1
1110
11
1110111
11
111
111
111
11
111
1111
11
1110011
111000
0111
11111
11110
111
110
1
1
01011
1111111
00111
1110100010000
1
0111
1101
1
1
111
11
11
1
111
101
001
100011011
111
11100101101
111
111
111
11111
1101
010001
01111
0101
11
01111
111
11
11
111
111011
11
10101
000111110111110100001
11
001
11101
0111
1
111
11
1110
11
11
111011
100000011
111011
1110
001111
11
111
11
111
11
11010111
11111
1111000010
11
101
111
01101001010
1
1
01
011
11100
0111
11
01
110
10101111
11
111
0111
00011
11
11011001
00111
0111
101
111
111
1101001000001
1111001
0
01111001
0111
11
11001
111
1
0111
111
11
111111111001
0111011110
1101110001
111111111
111111110
1111
11010001
111
1111110110101001000011
1
11
01
10111
11011110111
11111110110
1101
11
00111
11001
011
01
11
110101
0111011
1
11
1111
0
111
1
11
11
11
11
001111
11
1
1111
1111
00101011
11010
11
0111010
11
11
0
0
11
