0110111
11110101
011
1
11011
11
111111
100
110
1101111101
01111
111101
11111111101
01111
1101111
111111110
11110110111
011111
1111111
10
11111100
1111111
111011111
1101
1111
0111101
11111101011
0111
11110111100
1111
11
111111011
01111
1111001
0111
01101111
1111
01111
11111
11
11111
11011
101
0111
111111
1
111
111
111010111110
111111110
1111011
11111111011101
01
11111
111111
1101101111110111
11011111010
1
111111
111111
111111
111
111011
1111
111110101
11111011
00
111011101
111111
11111011
10
00111
1111
11
0111011111
11111
01111
11111
11100
011
11
01
11
0111
1101100110
111
1110010
011
011110110
1
011010100100011011000
000
11111001011001100
1101
0111100111010
11111101
11111
1111111
00111
01101110
011111110101
11111
1111101
00
1111101
1111
1111
1111
11111
111111
1111
1111
011111011
111
111
1111110
011111
1101111001
11111011111001
111111
11111111
10111
101111001100
0
0111
1111
1111111110111001
111001001
11111111110000
11
1
111001
11111
1011111
11100
11101100101
01111
111111
110
111
11111101110110
000111
11110
111111
111
111110101111
11
1
11111101101
11
1101111100
11
011111
1110101101000010
0
0
00
111110
111111
111
1011110110
011111
1111011
000
110011010000
1111111
10
11111110
1110
11111000
1111
11
1111101
1011
1110
0000
11111111
111111111
010111
111
1111110110
11111100110
11010100011
110
000101001100100
11111
1101011
1101111
1111
111111
1111
101111
11111
11
1110101
11011111
11101101
0111
111
01110011
00110011011111
1111
100000000
01111101101101
111
1
111
10011
111
11101
00101000
11011
11110001
0111
11101101
111110
111
1110111
011
01111110000010
11111
01
10111
1111
011101
1111
111
00011111
1111110
11111
001011
111
1101
011111101110
001101011
1111
011111111
11100
1111111
1101011110001000111
1111000
10111
0110111000
010011
111
11111
011111111
11111101
1111001110
11000110
00111
11001101
10100101011
111111
111111111100
110
1111
00111
11
111110
0101010010
11110
1111
0111111
000010110010110101011000001111000
1111110
111
11111001
101111
1101111
011
100111
1101
011111
11111
011111111
11111
001111111
1111101
1101
0111111110001
111101
111101111010101000
1101110100
11110110111
1
111111
111
011010111
1111
11
111
111
111
11111
1111
1111
1101
10111110111
11
111111
111
1
110111010100
0011111
0111101
11110111
1101
1111111
1110101011111
01011
1111000
10111011
1111
10
11
0111
01
1
110111111011001
111101
1111111
111001
101111011
111011111
1101111
1111
11111
1
111
11110
11111
1111
1111
111110
111
0111
110111101
11111110
0
11110111111001101
11111110
111011111
0110101001
1110101111
11111111111
111110001101111
101101111
1101111000
111111
11110
11111
1011
1
11
10010
11
010
01110000
111110111
110011101
11111000000110
1111011
111111
1111
1110101
111100111111110
111001
11
0
01
000
11
11111
111101111
1111001111
110110000111011111001010100001101000101010010
11001011010001000000101
1010011110001
11111111
111111
11
01111000001
0111
1100101
0111
011
10011000000
111111100
01111
1
1111
0110
11111
00010100
0011
111
11
11
11
100111
011
011
1110110011
01011
11010110111
1
0
111
101
110
11011
01111
11
11100
111
0101111
11110
1111
0111
1101
111
111111
1110101111
1111
1111
110111100111110111
111111
1
0
0
111
01
0111111011
111101
10111111
0000111
11110111
11111
111
1111
1111011
1111111101010
1111
101111
111111100
0
0
1
0
1
1
1
1
0100101
1
0100
11100
000
11
1
10011
111
011011
1111
011
11100
0111
011
11111
1111000011100
01111111100
111
1101100110
011
00000
1
11
11111
111
1011
1110110
11111
1111
1
1000
01100010
1
111
11111111111111
11101110111111011
111110101
000001001101001010
11
111111000
11111001
101110110100001100001101110111
0111
1111111
0101
011101001
0
0111011
00000110000000
111
111001011101000010100111
0
0111011111
1111111111110
011011011111011011101111001
01111110011110001101111001100011
111000011011101
1110001011100010
11111111111111010
01011111000101000
11
11111001101
1111
11111101111010000101001011110110
111111011111011111
111100101
1110100
11111011111010
11100
01011100010110000010111
00110110111111111111000111001111
00
1011001
011111001101111100101111010101100001
101111
00011011110
011101111
011111
1011101
1111111
11111111111010111101
111111011
000111101001101101
111111111
1
111111011111
111
111011111111111100001111
11111110
11101111100111010001
11011011
01110111011011111011111
1100
100111
1111110101001111001
0000
111
1111
00
11101
1111
1
1
0
0
111011010111101011010001
00011
11101
0000111
1110011
11111
000101000000001010
1011101110000
1100101111001100001
100001000
1
100000
00001111001110
11
1
000
101100
1111011100001
101
1101111100
10010101110101
111010111
1111101101
111
1111
0010001011
1111001
111111
11111
0110101111
011111
1111
011111
1100
001001001
00000
11100100100111
000010000100100000010
00101101
0
0
10011111
11111
11
11111
0
110011
0011
00
11
111010
1111
10111
1
11
0101011
11
11110111
11
111
11
1100
00100101000101100100
111110
00111
00
110111
11010
11010001
00111
00001
11111
111111111111
101
1111
110101110000
1100100
01
10100001
1111
0
0
11
1
111010011
00000000
11010010
1
01111011
1111110
01001
0111
1110
011011
11110000011
000111000
1110100011
111111
011111
101100
011111111
101011111001001
111
0
0
11
00111
111
11
0111
0
11111
111001
11
1
11111111
111
111
01111101010111011
11111111
111
110111111101
11111
1111101100
1
1
11
11
10101
1100
1011
11
11
111
110
11
010111
0111
111
1
111
0
11
1001
101
11
11
10101
10100
110
10111
11
10011
10
1101
11
000011
1101
111111
00011
1
11
011
0011
111
1011
111
011
111
111010
111111101
111
11
111
11
11
11
111
11
001
110
0111
1011
01
1
1110100
011
1111
11110
11
0111
11
111
1000010
10011
11
1110100
111
101111
10
1110
000011001
111
10
0011
011
110010010100
11
11
111
10
0011101
01011010
111
11
111
0010100
11
1010111
1101100000
011
111100001
0111110
10001011011
11101
011100010
11100
00000010
111110
11
1111
11
11
100110010010
011
011111110
0
11
110101
11100101
11100011
11
11
001
11011
1111
001111011111100101001000110000
11
01
01101
0011
11101
10101
11011111
1101000
011
111001101
1111
0111
111
111
0100111
111
11
1
1
111
11
1
111
01111110
00111
1
111
1110010
010111
0011
1110001
1111
11
111
1101
111
11
0011
00
0000
11
001101
011
1101
011
01
001
111
1110
00111
00111
1110
0111
11
1001
1
0
0111
11
1111110
10110101
0110111
11111
111111000
111001101101
111
1111
1111
10011111
1111
1101111
111101011
001111
110
111
11
0111
110
111
111
101111000
01111
10110010
01
011
11011001
011
1100
111
11011
101100
11
1
11111
011
1011000101
001
00101010110100101000010000
001010010110111010110010100
111111
011101111
11111
101111
111101
11000011101
111001110
1111011
111
11111
111111
10101110111110000
1
011
11111
101
0011000011
111
1110
11
0
111
001
1111
11
0111
11
0011
111
11
011
011
111000
111000
0011
111
111
101
00111
111
1101
11110
0111
1111
110
1110
011
1011
11110
0
1101011
000100
1011111011
100
111011
011
1101111
111
11
011
011
101000
01
11
1111000
01101000101110
111
001111
10011100
001
10111
1011
00
0111
111
00
110
11
1
1111
101
101
10011001
11011010
0010101100111
11
110111
10111
11000
001011
0111
1100
111
0011
00
01111100100
011
01011
110
11
011
01
11
011
101
0000010110
00010100000000001100001000000010000
1110010
1001001
0
0111
11
01011
111
100100111
1111
11100
000010111
1111
11
111
1101001
11
0
11101001
111
110001011011
110100
111011010000
0001111
110101
0001
111
111010100
00010011
11100
000100
011
111000
0011011
00111
101
010010111
1111001
00011
01110100011
10010011
11
100010000
1111010101010001
1100100
000001
11
011
111
0011111
011
11010
000
111010010
111
11111
000
1101
01011
111
111
11
0111
010011
111110
1100
1
011
1101
0000
00
11
01100
00111
1
110010001
10101
101101
11111
1010111
1010010011
111111
1011110101010010111001100010101010000110
111111001110111111001001101011000
11011001000101000010000011001100111110011000
111
11101110000
111101
11010110111001110
10011
111101110
0
100
11100
000
1111101110011010100
1110000010001
01100010
11110101
10110100100011
11111010010011101
011011101010100000100010
0101111110100111100001
101110110010110101110100011111010101
011111110
11111110111
01
0111111
11011
111111
01110011111
111111101
011111
1111111111010
111100101
111011111
011101
0100011111100011110
101001101110110100010001001
111001
11111100000011
111101
011101110011000
11111
110100
111
110001
1100111
01
11
1000
011
111110101
10111000110101
11111
10111
110011011
11110111010
1111101111
110000000000001
10110111100011010011
11110111001
1111001
11110111011
11111101
100111111
11111001111
11111111101100
11111110
111011
11110110001011
1011001
101
11111
11010100
01010110111
11000
11
10101011000110
11100
0111
0100111
0100101
11
1111
11001011101111
111
1
1
1110
1001
1100
11
11
111010101101010
110
011100000000011111
10100
111
0110000001
1110111
01
1011
11
01
01111
01
11
1101110000
111
111000
1001100
0
1011
1
111
00
1011
01011
1101
1010011
111011
11
11
010100
11
111
111
011100111001000
11001
11101000011
1
111
101
0
1110010100011
01100
111
0
1
1011
11000
101
1111001
000001110110011110010011010101001110001010111001
1110001
10
111111101
1
11
1
101
01100001010000
111001100001110111110010000111001000
0111010100111
110101101011001
1010110
11101001110110011
0101000101000011010100011011010111001100
111
101011
11
1101001
11
011
111
0111
1111
11
10111
1111
11
111
111110
111
1
11
01
011
111
11
0001
1100101010101
1010111
11110
1
0111
0111
11101
11
010111
0111
11
111
0111
1
111
111
1101
111
111
111
011
10
1011
1111111
1110
111
110111
111
11110
011
111
11
11
11100
1
111
110111
11
1110
11011
11101111
1100
00111
11
1111001110
11111111101101
00111011
110001011011001100010101101010001100000111010
01110110110
111111110
0011110010111
11111000110011
001110010011111
1111101
110111
11
1
1110
111
1101
11011
110
011
111
10
1110100
111100110
10110100000000001100
10010
0
100111
001000001000110000001
111010110
1011
111
111
1101
01
11110
0011
1101000
0000
0001
11
0
10110001110001
11
1
11
11
10
111
01
01
11
110
0111
0111
1
111
110
10010111011011
0
11001
11
1011
11
0111
1110101000001000
110011
111100
10011110110100011111010
10100
111100110101010
1110
0110111011010101110000
001101111010001110110000000100011001111
0100110000000011100000
1010001111100000101101000
1110110
0000011
1110001
01110100100
1011111000101010101100
101100101010110100010000010010
000000011110000001000001
110101010110110100101
0000110111101000111101
011110001100101
0110101111100111001011101011
11
10100111
11
1
1011
010
00
111101011110111010100000
11101000
0110110111010001110
10011100010111
000
1101101110100000010011000
1100001010010010000101001101101
11100
1
111100001011001
11111000110101
1001101110100
11
111
111111011
11011
1011000110
11
11111001110
11111111
01110101010000100011011
0100100111101111000100000010110001
1111100111
1111110001
10111111101000
111010111111010010011011101010
0
110110111
01111101
11110111111100000011110
111011110100111100
0111
011111110111000011001
10000011101100000100001101101101
1111
1
1011
10100101
10011011
111
01011
1110000
111011000000
1111
01100
00111
10
110110011011110011
11011110011
10111011
111010111111111
1110
111011101111101101
11111100
11111011010
0110101011111001
1010111
1111101111
01111
011100111001
1111101110001
011110100001
1110101000
01111101011101100
111110001000
1110111010001
11111111011011011
10111111111110111001111101
0111111111101111110011111
111110111111101
11111
11
111111100
11010111110011011100
111111111111101
1111110111110011100010
1111111111111
11111101010001
1111111001
01111001111110111111100000111
10111100000000
1111
110111
1000110
0111000111000010111110
000101
11111
001111
11111110010110
11
111011110010
10111
0
00111111110111101
01010011110100011010000010000000110010100
011
00110111
0110011111111110011110111101000
100111101
111000010010000000
01111101
0111111101111100111111110
1110000010101110110010101001100010011001111011
00
1111011100101100001
1111
111111101111100
1011001001
11111010110110011
10011101000111010
010101100111111101110011010111100011011
111010
111111101100000
01111011011110
11111111
010
10001011
0011111
111111
00
101101111111
110011
110
01111111011001
010000000011100
11000110
0111
1111111111000101000110
001111011110
101011111111011101101000010110
1111111
01011
000111010000111101
11001
01011
111000
000011
101101
01011111
0
1111110
111
01100
11110111
101100110010011010110111011010010111001011101001100001
11101111110110001111101001111000
0
111110
111100111
1111110000100001101101
0111101011000101111
11111
11110101110011101000
111111110100101
1111111
111111
010000110101
0110011111
1101100011101
0101100110100
11001110110111011101
110111111011
101111111001
11001110110000
11111
0101111
11
111110001011
10101110111110111001100011100
00000010110111010111000
111011110111110101011111010010001110000101011001
110111111111
110110010
111
000011
1111001
11111000010111
00111
01101101
1111
11110001011001
111111001111
10001011111000110111011111111011011101110001010011100111
11011110010011000001000100101
1
11101111
101100111
01010001001011110011000
111101111011
0111110100111
11011011
0111010101110010111
11111011110
1111010011000001101
11011110101
111111111000
01110111100001100001
11
0000
1111110101
0000100
10
110
0
000
1111110011110101
01110010100101011010100110000110010010111100001
100100000001
100111101100111000100011001010110001011
11111110100010100110
1100
111111
0
001100001
1000111
101010
0011000
1111100
0101010
00
0111
1111001101111000
1111101
11111
1110111111
111110011001100101111
111101
1
1
1
1
011111
0000000
001111
001
11
110101
111
0111
0
11
11
0000010011111
11101
01111
1110000101001001010
111110100
0111
1111001
0111
111
1
11011
11001
01111011
01
101
00110111
10
0011
111
11011
1111
111
010
1111
00111
11
1111
0110
1101
11001
1111
01111
11
111
11
1111
1111
0101
0111
111111100001
00001
111
11111
01111
101
01111
10
0
1
0100011010010
1110110
1
111111
1111111
111111111
11111001
011001
00100000110000000000
11011101001000001010
1000000010000000000
111100001
11100100010001
101111
01101001100010
11110
1010001111000000
111111
0111000000
1100110011110001000010
11110001101110101
000000000000
11001001110101
1110111000000
011011111101010010101101
1110101
111
0111111010000
1111101
01111
111011
11001001011110000000000000
0000001010010001001001100
101010001000001001
0000101
11011
01111010000000
111101
101101
111110
001001011110000000000000000
111
10111000010000000000
10011
0110001111001000101
1111010011
10100
1111011101
111011011010000001
11110111001
1111101000001
0000
011001100000000
11110101100000
110010110001
11101000
01111
1111001
100110111
11110111
0101110
111011001
111
11111101010000000
0100111010001110001
1100
000111111
111101001
1000011
10110101
000000000000000000000100
011101011010
1100
11010100011001011
011111
11111
0110111111
111101
00010000111
11100
111010101
0101000010101101
111111000
1011111
1101110010
11111
001011011000
01111
11111011000001
10
1011011110011110010000101011011110
1110010
0100101001000000
0011000
00001010001
1111110100101
010000
01101111111
111
000
01011
111011
110111
11
111
101011
0111
1
111
1
0111
11
1101000110
110
00010111
11010101011010000010001010
111000111111011010101011
111001
1101
00
000100
111
110
01
111110
0111
11
110
001101111
11
111
1000
001000
0111
010100000
000110010000000
00000000
000000000
0010010100
1
1110000
1000001
0100100
0111
111101100
101101
101
1101
10
01110010001101110000001
1011110
11
0
00111011
1110000
1
0011
1111101010
111
011
1
11
11
111011111
111100100111
01110110110
101010111
11
11011
01001
11111111
110101100
0
0
1
11101111
1111
111
111111
11101100111
111111001
11111
010111
011
0011
01010010010
110011111100101010
1
101101
111111111
1110
11110
110011
1101011
0001111
1111111
010110101110111
110011111100101111
0111100111
10111
011111
111
111
11
1
011
1011
11
111
1
01
1
011
0
1
11
0000
011010
11111
1011111100
1101101
1111
1111110
01111111
11100
0011111
11111
01111
1011111
0
0
1111
11011
10010101001010011011
111110101101
1111
0111
1
111001010
1010011111
11111
11
011
11
1111111111
11111111110101
10011
11111101111
111011
101101
110110111
1110010
00000100
0
11
10
01011110011
1101110
11110111000
11111
111101100100
11111000001
111001
110
11011101
110111001
1100001000
1000101000111
00010111
100000
11
01101011
1
110000
111
111
11
11100
010111
0011
1
110
0100111
0111
111
111
011
01011
0
11110
11
1111111
1111111100
11
0
1
01110100
1
01100000
0
1
111111
1
10100
0
11
111
10
111
0111
01111
110
01
0111
0111
101
111010
01011100
01101000101010101
110100
1001
0111
1110010
111
10101
110
011111111
111111
11
0111
10011
01
0111000
10111
11
11100
11111
11
011
0
0
0
0
0
1
0
0
111
110111000110101010
10100
01010110011
11101
001
0011
111
1
0111000001110
11101000000
0
0
1010
1110
1
11
1
111
11
11100
1011011
11
1111001
011
00011
0
0
1001110
011001000
0
0
0011
0111
1
0
0
1110101100
1
0
0
0100
1
0110
1111100100001
0000111
0
01001
110000
0
0101110
10101
0
0111
110
0
0111
1110
0
0110
0
11
101
011101001010001
0000
01
11100110000
0100
000111
101000
011101011001
0
0
0
0
10110
011110
11000
10111
0
0
0
0
011010101000
0011
1001000001
0
011
11100010
100101
1110
001
01
0
0
0
0
0110
1001010
0
0111
110011
00000111
10110000000011
1
101
10110010000110
100111
011
0000
0
10100110
0
101
1
01
11
10111
1111
01101001
1011001010111000
0
1
101001
0110
000111
110001
11
01
00100001110000
11
00010010000000
011001
1111
01111
0
1110
110
0
0
01
001111011
111
0101110111110100110
111111
000111110
1001101
0
1
01101011
1100
100111
1110101
0
100100001
111001
0
0111
0
0
11010001000
0
11110011000
0
0
11
0
0
0
11
0
111
0
0
011
111
0
1111101
01010001001100
1110010
0111100
101100010111
111100
01
110111
011110010
1
1100
1111
011
1111
0001
111
110011101101
0111
0
111
110
1
011
111
0
0111000000
0
0
0
000001
01000
1101
01011
011001000
1101011100100
11011
011110010
01000001
1001
0
01111
0011
0
1010
0
0
101101
01001000011010001
111
11001011
1
111
00110
0
10
11111
00011
01010
010
0111
01
11
1101011
1100110010
110100001100
1
0
011
11
01110
0011
00100111
11
11
111
11
010
1101001001001
011
1100011
0
0
1
11
0
0
111
010111
01010010
11
00101
0
0
11011
0110011001001000000011000011
0100110001
011
10111
10100
01100100000000
11010011
101
10010000
00001
1110010001
00000
1000
000011
001010
110
11
010101000
1111000
00111
11
0110
1100110
0
101
0
00
1110100
11
111
111100
01111
11
011
0
11101
00111
10011110
11000
011
011011
11110
11
11
11
00011
1101
011
000011
1
00
0
0
