0
0
1111
110101100001
001111
1111111
111111111
0
0101
11
0111
10
011
111010
1
11
111
1110111
11101111001011101
001
0000
01110
000
011111011100110
1111101
10100111
1111101
111110111001100
1110011101
1111110110101111
111110111
1101101001111
1111111
10100
0
11
110111100
00
1111
111110101
11111
1
11001010110
111001110110
011
0011111
11111101111
11111
111110
1
100110
1111110010
11011111101101100111
111111
001
0001
1100
111001010001
010101111
0000
11111
0110111
1111110111101
00100111100101100
111
1010100011
011111
0
111011
1111
1100101
111101010110110111
01101
11110
11
111011010111
1110101
11111111110011101011
01111110111000010100
0111
111101110111110110
1011111011110111101
11111100
11110010010
11
1111
111111
10001001110000111
1111
111111111
11101
1
1111101101
1111111
1
11110
111
0111100
011
1
01101111
1
100
1
1
1
111
1
11
1
11
00110
1
011
11011001
0001
01
1111
11111
11
111
1
010010101
0011000111
10111100
1111101
111110
101111011111
111
1110111
111
11110111
1100111110111
0111001111
101
01010
1
1011
11011
11110
111
0
11011
11
11000
1100
1111
111
111
1111010111
10000111
11001
10011
011111110111101110
111
0
101
11110010101
111
110
111
111
11011
1111111110
111
00
1001101
101
00
10111
11111
011101
1110
111110
11
111
111
1000000000001010011000000001000010010
11
011
01
101111100011111101
1011111
00000
1011010101000101011
11010
1100011
110111
011011100001011
01
0
111111011011000110101101
1011
11100
000011
111001001101
111
111
01011101
0111
110010110111000001010001111100111000011
011110
110111001000011111101100
1111
11
00
11
11
1010111
11100111
1111100111
101
1111100
01010
1
011001
11011111
111
01111
111101
0100110
10111010011
111000101
1
11101010111
0000
1111
1100111011
11011
0
1111100100
01000
1
01
01100100
1111
01010
0
1
0
110011011011100001
1111
1110110
1001000101100
11
111
0010110111110000000011101
11111101
111001100101011111010
11110110010111010
011010000001000000
10010011011
0
0000000
10
111
111
1
101
11
111
00
1
11
01
111
00101
111
1
0011
1111
11001
0
0110
011
1
11
0
1111100010
11
11110111
110101010001
01
11
1
1111
111011
0
0
1
11111111111
011
110000101
111001
1
01
00
111
1
01100
11
10
11
1
0110101
011
1111
1
1
111
0
0
0111
0
1
111
1
101
111
011111000000
11
1
01
10011
101101
101
11
01
011110
111111
1101101111
11
00110111
1
101
1
11
11
1
11011
00
111001
11
1111
0000
11
101111
110
1011111101001
11
1101
00000111
0
011
111111
0
1
110
111000100
10
111
01010101
11
1
11111
101011
111
11
111
110111
11
10101
111
1
111
00111
10
110111
011
1
111
0
11
1
110
11
1
011
000
111110110111
111
111111
00111
101000010000000
11110
0
0
01
10000
001
1
1
1010
1
1
1
1
1
11
1
0111
1111110
1
10
1111
1
11111
000100
1
10
1110011101101010111111
1
1
00101
1
11101101
1110
11111010101101
111111
101
11
111111111
1111111110
1111101111111
011111011001
11111
11
00100
010011
1
1010111110110101101
0
01111
11011111
0
1011
0
1111
11
000110
0
10010011111
00000
0
1
0
01
11
0
1
1
11111
11
1111
1111
11111
1
11111
111101111001
01
1
1011
0
000
0
1
0
1
1
0
110000
0
0111
1111
1
111
1
0
0
1101100
1
1
1
111111111
110111
1011
111111
11110110110110
0101100
111
0
110
101101
01011
1
01
011
1111
11111
1111
01111101
001
101111111
111111
0
00101
100001010
1101
1111
00
01011011
000011110
01100110011100
101111100001
101
1
0110100
1
0
011
1001001
1111
1
1011111
10
00000000
0
111
10010101
11011
0101110
001
11
1100
11
11
1111111110
11
01111
1001
1001000
11
011
1010101
00000000
0111
0101
01111
1110
11
1
0101110
100101
0101100
111
10
011110111
00
110101
11
010100
11110111
1111
0
111
1111
1011
111100
0110001
111
1011
1
01
0101
110
1
111
11101
1110
1011
011
11
101100
1
1
1
001
10011
1001001
0
11110
1110101110111111111
11111
010111011110101111
111011
11111111111111
11111101011010110111
11111111011
01011111
11101111111011111011
11110
101110
1111
1
01101
11111111
11110
10101
1001110
1111101101
1110110100010
110111111111001010
110111
11000
1111111
111111111110
1101111
111111110111111111
1111110111110
011111111111
11111110111111
00111111111101111101
1
1110101010
0101111100
11111
11111101
111
1111111011
1111
1111
0111
10
00
11011111111
1111
01100
001
00
010
10111
111001
1
1
11
001
11
000
10
11
00011
11
111
1
01
000
0000000000000000
010
111
1111111101111010100
11100111
1
101011
1
11
11
110010
1001
10
101
011
11
0111
1110001010
101
1110
011
11
011
0111
11
11
1011
111
11
11101
11
11
1110000001110
1011
01010
111
11
0111
11110
111
1
1001
11101
11
1011
1110
11
10111
11
1
1
111
1
10
0111
111
10111
0
11
110101101110
111010101
1
00
11011
1011111101011011
10110101010
0011
111
11111
111111111
11
001
11111000111000001111
1111110
1
1111100
101
1
10101110000001
1
110
01100
01110110
11
0011
11
01111111100111101111
01
01011010001
10110011011111
111
1100111
0010
11110110110111100
11
10011001
110101110111110111110010
1111101110111111
0000
000111
00
0111
101111001010111000001110101001110
011
11111
011000011011111100111
10
100
111
1101
11
111111111
10110111111011011110
100
1111
111
1101111011111100110
01
101101011101011101111111
101
1111
111
11
111
011
0
100001
11011110001011011011111
11
1
1
1111
11
11
1
111111111
11
0
1
11
111
1110011111
11
11111
01111111
11101111
0111111
110
101011
1
01
01111
111111110
1111111
1111111100111100
1101
101111
1111111
11101
10011
1
011
011
11100100
1111
1001
1110
1
0
00000
11111
001
111
1011100011
01
0111
1
1101111
0000
00
1
001011
101
1
00
0
1
11
101
1100
010011
0
1
0101
1
01
11
1
1
0
000
1101
0101111101111101111101011001101100000
110110
01
110
11
1000
10100
1101
1
111
1
10
0111
00000000000
110
11111110
111
1110011
111
0110
01
11110
11
111
111
0
011
1101
0
1
1
11
0111
10
11
1111111
111
1
001
1011
111101111
0111
1010011
111
11
1
0
11111
1
1
11
1
1111
10011
111
111
11
1
101
0101
101
100011
1
10101
11
011
111
111
11111111011
110111111011001
101011001
101111111
11
0
101
1
000111
0
1
01101
111
11111111111111111
11
011
011
01111101
01
10
011
110
10111
011
11111
1
1111
1
01
010111
10
100
1101
00001
11001
1101
11111001
1100
011
11111111
1
1
1
1
1
11
00101
0
11
101
111
1
11101
111
1
00
11
111
11
01
1001
001000
11111
00
11111111
111111101
001
111
10
1
00111
11111
1
1
111
11
111111011011
10
11111010
1010111
10
001110
00
1
1111
1110100
10
011
01
11
11
111
11
1
0
0
11101
1
11
001
1011
0
11
1
1
01
011
1
11
11
11
0
01011
011
10110
10
011
11
111
110
111010000011
001100
0
1
11
11
1
0
0
10
1000
1
000
10
1
111
11
101
0
1
1
1100
11010
11
011
111100
01011
11011
111
10
0001111
111
100
0
01
11
1
1
1
00
001
00
00
1
1
0
11
11
1
10
11
10100
1110000
1101
11
0000
0
11
111
111
1
11
01
100
1
11
01
0
1011101
00
1100
0000100
111
011
0001011
11
1
11111
1
1111
11
1
101
1
01
111
01011
11001100
11000111
1101
111
1
11
001100
01
0
1
011
111
010
1
11
011
1
1000
0
1
11
01011
111
11
1111
11
11
0001
11
1
111
11111
11
1111
11
1111
111
11
111
011
111
110101101
111
1010101001
01001011
01
0111
001000
11
1111010
1
11010100
111
11101111
111
10100
0010100101010110100
011011011001
11110
11011000011
01000011
110100110100101100000
11101001101
111111
1111
1011
11110
10
1
11
110111111010101
1001101
10
111011
00011001
100111
1010
111011
11100100011111
0
110
1111
1111
11
001
11
11
00
11
11
11
1
11
0111
000
111111111
111
11010111
1100
01
01
111111
1
1110100000
1
001
1110
1
011
101
100111101111
1
0
0
1
1
1
0
0
0
1
1
1
0
1
1
0
1
0
11
11000
0
1
1
0
11
1
1
111
1
1
0
1
1
00
0
101100
1
1
1
0111
011
1
1
11
1
0
0
111
0
1
00
0
1101000
0
11001
000001110001000000000000000000000
00100100010001111000001000000010111010
000
111110
00100001
001010001111
01
0111
111
1011111110110101101100
10
1
11
110111
11010
1011
01111
01
00111
0011
0
100
10000011111
1000
111
0
00000
1
11
010111
1
1
1
1
11
111
1
110
11
1
111
1111
111
1
111111111101010
111111011111
111111111111
111
11
1101101
111
111
11111
011
011
011
1111
1111111
10000010000101
0101100000011
111100
1100100011001
111010
0011100101
11
1000001111
11111
1111
11111
111
01
111
0001011001
11
11
1111
01111
110111
1000010100
111
11
1111
101
101100111
111
1011
111
1111
11111
1111
11
1
01
1101
011
11
110100001
01
011011
01
111
10011
111110001
1101101
1
1010
01111
111000111
10111101
11111
1111
11
10110111111
1
11
111
11111
111
11
11
11101
11011
11100
11
111
11111010
110111101111
111
11111
011111
1111
111010111
11
1011
01111
0000000001
011000000110
1001011
001
11
111111
0110
1111
1011011
01
10
1111
0101
1
000
0000100110100010
101111
111
011
0011
1011
1
00011
01
101011
0
0
0101
0111
11000
01011
0
101001
1
11
111
001
1000
01
0
00
0011
0
1
01
11
111
011
1
000
1100101
111
11
1
10101
11011
011
01
111
1
01
01011
01
1110
11
11
011
1
11
01011
111
011101
111
0
11
1011101
010101
000
11001000
1
0
0001
0
1
11
0
000
11
1111
11011
1111
11
11
01
1
1
010101111001011100011
0
10
00
1
001100
0
11100
001011
110101101
0101
0
11
1
100010100
1111111010
11100000
101111
10001
1111100
1111
0111100000000
1111
11001
1111
1
11
111
111101000
0
1
1
10001
11110
1100011011111
111011111011010111001110
01111000011111110
10111111111011111111
100111111111110101010
1011110111111010111111
11111111111111100110111100101
11011011101111110111110
11100111011111011111101
110110011001101
1111111101100011111101110000
01111011111101
010100
110111111011010000
111111110011111111111
1111111111
00101101011010010001000000
01110111100111111010101
1
11
01000
1
1
111
111
11
1
010
0
111
1011
0000110000010100
0111
001010
111111001111111111
111111111110
11111111
1111111010111
11111111111
01111011111
0000001100
0111000000
10111111110111
1111101111110
010101111111011101010110
1111111110111
111111100111110
1111111111
1111
1101111
1111110001
110010110011
011011111
1
0111
11
11
0011
011
0
001100010
101
11
0
10100
10000
10111
1
111
11
1
111
11
11100
11
011
0111010010
1111000010001101
10000100101
11
11
00111
1111
11101
00011
1
011
1100
11
0101111
111
1
11
01011
110001
11110
11
1111
11111
101000
1
1111
01110001
001
01
1
1
0
1
11
11
1
01
1
1
11
111
111
11
011010
0110
1011
11011010
11111000100000
1111
101
111
11
11
1
01
11
11
11
011
111
11111
01
0
00011
0011
1101
011
1111001100000010
010011
1111
000111
11111
01
0
000111
0111
11
1111101
11111
1
0
10111
1
11111
111
11
11
111
00
111
111
011
001
0
101
100
111
01
10
0000
1
11
011
01
0010
0
0
10
000000
01
0
0
0
01111
1011
00
00
11
0
0000000000
01
11
0
00
1
1
11
1
01100
1
11
1
11
11
0010111000
0111
11000010000000
1000100000
1111001011
111000001
101
1101101111
101
100111
010000001110001
1111011101
111
11011111
1101101101100
0
00
011
11
11100001
11
1011
11001011
110011
1100110001
11011110000
1111
111
1111001101
0
0101
001
011
1
1111
111
111111010
000011110
11111011101
11111
11
11111111
1111110011
1111
10101101101101
111101111
11000
00011001
1000111010010000001
1111
10
011
11101101000
1011111010
1011
1110011
011
000001
11100111
11
0000000
0110111
111
11
11
1
01
0
11
1
0111100110111
11
01
01
111111
1011111
11
01
10111
11
1111001111111
10111001111100
00
101111
11
1
10101
101101
11010111
10
11
11
1
101
1110
0010
1101110
11
111
111111
010
01110101
1110011011011011111100010
101110111
11111
11110011101111
11101110101
010
111
1101010101111111
11111111
11011111
11011110111111
111001111101111
01111001
11111111001
0000100011001010010000010100000101101110010100
0011011110000101000011110
1111111111111111000
0011111111
1111100011111111011
11010010110011
01111111110100101111110111
110110010110111111011101110
0110101
000000000100001
000
11011001
0110100111111001
0111111100111011101100
1111111011010111111110
111000111001
1111101011110
010111111011
0111111001111111110
010111110110
0011101011111101010011001101110
1111011111101
1110100011110
11000000110011010
0101111100111000010011
111101110111110100110111
1111110111111111
0
1011
1
1111
00000101
1000111110000
1
11110111010101000101
1
101
1111100
000
01
011001
0
1
00
11
1
1110
1110111011101011
00011010101111111110111001101101111011100
01111111011010011111011011011
011111
111110011
1110
001101100111
01001111110100010111001101
1110111010
110010101101111000001000
01111111011011111
100111111011111
0000010001111111111011100001100101110101101
111111111011101110101010011
11111111111
10101
0
0101
01101
0111110
1111111110
1111
10
01
00
00
10001
0
111011110101011011110
1111110101
10
001
1101
101
0011
00
000
101110111
1100101
011
1111011
11
11
000111
11110
0011
11
1111
110
10111
10
1
00
111010111
111011111
11
10
11
11
1
01
01
0
000111
10
0
110111
1
1111101101000001
0111
00
00
0
1
1
1
1
0
10
1
0
0
1110
00
1
000011
010100
0
1
1
0011
11
1
00101
0
011
00
0001
1
00000
00010101
1001
0000000010
1101
00
00
00
00
11110
0001
010
1
1101
10010101
01101
011
111
1
0101
1
00
0
001
101000
100010
101
11
111
1
111
1
0100
10
00
111
110
11
111
1
011
11010
101
1
111
111
11101
11
11011
111
11
111
111
111
11
11
11
1011
1011
10111111111
11
00001
110011
0111
111
11
11
11
11011
000
0
10111
0111100
101100
110011100110111
011110110111100
011001110001
101
110111
111110110111110
011
0
1
10100
0
000
11001
000
1111
111111
111010
1000111
11111
1111
1111
1111
011
0
110
011
111
1111101
1111
011000
0000
1111
1
111
0
11110
11001110100100
00000000101111
00
1
111011001100001011
1111
11
111010111
1
11
1
1
10
11
11
1
11
1
1
100011100
11011
111
10110000010101
110010111000111
111000001101
01
0010000
011111111000
011
111
1
100101010
1
00
01000000
01
00010
01
1101
001011
000000010000
11111110111
11001110000001
0
0000
1110
1000
1
1111
0
000011
111
1
111
1111100
1111010
11111010100001
110
00001101
000000000001000
00101000100001
00000000000
00000000
010000100100100000000
0001
11
01
111
1
1
0
10
11
0
11011
011111010
1101
10
1
1
1
0011
00110101
000010011
1
0000
1
1011
1
1110
10111
1101
1111100111101
111
111111
11
111011
000000000000
000
0100000001000
0000
00000
0000
01
0000001
0
10101001001
10100110001
0010
0
111
00100
11011
0
111001
11111
000
011
000000
11101
1111
011
0001100010010000
010
111111000
11000000001001101111100010000100000100000100100
0111101
0
1
11111
0001000000
11100
011111000000000000000
00
0111
0011000000000110
1111
101
000
00111
1010101
1111
111010001
1011110101
00101
111000000
000000000
0000
1001111
000
1
000111101010001000101
01
00
001
1110110101110101010
111100101
1
001
11
1
11
0111
0001001
0
00
11
0010000011110010100100100100001010000100
01
0
11
1
11
11
0
00111
01011
10
011
1
0
000
001
0000
00000000
0000
100000
0
00
0
0101
001
11
111010
00111
11
1011
001
111
111
0
1
1111010
100
111
1111
010
111
111111
1
1
01
1
101
11011000
110111
11
11
10
000111
11
11
11
1110
001111
001
1
11010
10
111100100110101
0
1
1
10101
000000
1
11101
1
1
11
0
1
100
1
1001101101
0
0
111
111111111011101111111
001
1
01
1
0
100
1
11
11
11
1111
11
1
1
11
1
011
1
111110
0
0
11
11
11
111
1
1
1
0
100
0
1
1
011
0
0
0
1
011
010
0
011
011
101
11
1
10110
000000
001
010
00001100000010100
10
0
1111111
1110011011
1111
11001
0111111
11111
101111
110100
001
001000000010001100011111011110001010000000001001000010010001010100010
1001110
0
11010010000000
000
1100101
10001
101111
11
11101100001101001
110
11111
0001
01
00
0000
1100101101111
1111111
000011
11
1
1010010
11
0
00
11011
11
0
0000
01
1
111111
011
10001
11
10
0
11
1
01110
000
11
1
0
0
0
10
0
00
0
101
000111
0
0111
01
1
11001110001101110100110001110101000000101011001010110110
0000000000000000000000000000000000000000
100011000000000
11
1
111
1
010
0
11
0111
1100
0
0011
11
1111101
1
11
1
11
0
1
11
1
0
1
0
0
0
0
0
0
0
1
11100
01111
1
1111
00
10111
111
11011
11
011
11
0
11101
11101
1011
101110
1
1
1101011
1
1
111111
1101110101
0111
11111
11
1
10110111
111
111
1111
011
111
111
11
1
00110
110111
1
101001111
0
0
11101
01111
1
111
0
0
1
1011
1100010010100
0000000000000000000000000000000000
0
1110
0111
1
00
110110
0
11
00111
110001011
10
111000111
11
01
111
01110110
111
1110
0111111
000110
00000100001
101000
11011000
0110
0
0
0
0
1
1
101111001000100
0
0
11111
000
110
1
11011
111
0
0
101111111
100
1
11
0010101
1101000
0000
1011101
1010
001011
1
1
10
01
00011
1
000
111100
1011
1
1
1110010
1011
100
1
111
10
1
1
1
1
1
1011
101
1000
111001001011
1000010
1
1
1
1
11
111
1111
0
111
0001
111
1101
0
1
101
1
101011010
11
0011
1
10
1
11
1
1
1
1
00111
000
11010
111
1010
0
00
0
1
1
1
10111
10101
01
0111
1
0
0
1
1
0101
0000
1
1
1
0011
1
11
111
0
000000
0
0
11
1
1
1
0
1
0
11
0
0
111
000111
0
0
011
0
0
0
111
0
0
0
1
00011
01001000
011011
000000
01011
11011001010
0
0
0
0
1101
11111111
111
10111
111
01111
11
111
111
01111101
1111
11
011100
0
11
111
1111
111
001110011001
10011
11
0
1
0
000001
011
1101
0
001
1111
110011101
0
1
1011001
1111
0
1
1
111
1
1
11111
0
1
1
111
0110100010
1
11
010
1
1000001000
1
11
1
11
101
111
1
0111001001
1001
1
1001
0111
1
10
1
0
0010001
1
00011
1000010
01
1
1
11011000
10
111
0111
011000
0
01
011
001
111
0
1110111
111
011110
1
1
1
1
1110
11
01111
1
111
0
0111
0
10110
0011
1
0
1
011
1110101
1
1
0
1011
1
0
110
110
0011
1
1
011
0
11110
1111
111100000110
011011
1
10110
11
1
1
10
1111
000
110001000100000
1
101
11
0
01100
11
11
111
1
00
10111
1
1
1100
1
1
10101
10
11
0010
11
111
11
1111
11100
101001001
011
101
11
010101001
0
11111
0
0
0100110110
0
1
1
10
1
0000
100
110011
1000100001
111010
111
011
1
0111
11
01
1010
1
11101
110
111
011111
111
110
11
1100110
0111110011010
1
11010
0
111101
0111
1011
11
111111
00111
11101101
111
11
1
0111
1
1110
0
111
111
11
1101
11
11
11
000111
1
1
11
111111
1
111
1
111
1
11
01011
1
1
1
1
1
1
0100
1
1
10010100010000010
11
1
1
1100000
1
0000000000
11
1
111
0
00
1111
011
11
101
01
1111011
111
111
00
111
111
101100
111011000
0
111
1
1
101
011
1
000
111
1111
111
11
1
1
11
1
1
1
011
01
11011
1
01
11
01
111
1
1
01
00000
1
1101
0
0
110
1
0
0
