1
11
111
111
0
0
11111
1
0
0
1
1
0
0
0
01
10
0
1
1
1
0
1011110001010001111011010100001011010011010
11100111110101101101111111111010111101001100101111011111010010011011101110
1001011111110101111011101111101001000101010101100101111
0001011101100010010111110101100001011110000000011000110
1101011100101001111100001011110110100010000011
0001100011011
100100111101110110010010011001000000000
01101010111011111001101100010100011011001110
110011011011111100010100110110011101001
101010010101111100110110001101011010001010111111101
10001000000000000010010000101000100000010000000000000000100
10101111001110110101101110110011
111110110101001
1101010011100100101110001
00010101111101110011100100110001010001000011001101010
101000111100101001001010100100010
10100100111000111111010000100000001000001
0101100111011110100111100
00010001010011111010100000000100001
111101011011110110001010
101110011000011010110110101110101
110101001101111100111011101011111000010
100111111110100001010
000000010001011111111110000010000100101000000111010000
1011110000100000000000001000000100101000001010010110010
1110110110010101111011011001100001001011110010111101111010
101101111010101110010111100101000110110111000100110001101
01001101010010111100101110010110011001
10010101110101000110001100111000100
1011000101100101011001111101110011000001001100100011110
100000011110001001110110110
1110001011001001000000101
110110110111100001111100100001100111000000101100
10110111010111100111000001111000
11110001111111011011100011001101100001
0101000101100001001001101101010001010010101010
00110000000101110010111110000000000000001000001001010
0000101101111001110001010101010
010010
0001101110111111011101011000111000011
110001101111100000101000111101
100100001100001001
1000101001100110011000011010110
00
1100010001110000
0000101000001
1010011010000000101001001110100110100000010100000110100000111
1000110001001010101101010101110011101001101110110101100001100010010000000000110101110000
1110101001100001001001100011110001000100100000000100001000000000001
101001010110111111110000010101111001001010100001010000010011110110100
01101001011101110011010111000111000
0011101100111101011110011110011111100011111110111
111110
010110011101001011010
10100011010101
0
0
11111110101
010111
0110100011
00111
0100110000011100111110000001001101110001
110100
10111100101011
110101
00110
1110
0101101110010000
0
0
011001101
0
0
0001
110000000
1101000010000101100100
0
0000
0
0
1
101
1100100
00100
00000111
11001
0010
01111010
111
0100
0
001011
1101010101
1
1
1
0
101010
111
0
0
0111010000000001
0110010
01000000000
10001000100000100001100001000000000000000100100
111
011011
01000111010
1
1101110
0
1
0
1
0
0
1
01000011
10100
0
11
11
10
10
01
1
0
01
1
00100000000
00
0
0
0
10110111
101110010100010
101001
01010010000
10111110
0
11
00
11
1
1
0
0
1
1
1
0
1
000000
100101101100
000110011
011
00
0000000000000000100100
0001000
00001
10
1010100100
0010
0111101000
0
01
101
111
0
111110
1
1
000
1
0
1011
0
1011001
111
00
10100
11011111
000000
11111001
111011011
1111
111010110000000101
01001111110101011101100100110101
111000111011000101
11101100100100000001000
0100111010100111101000000010000000000000010
100010110110001101110000
10111100010
0001000001000101111100001001010101001001011
111000
100100011
11111010111
1111
101001110100101
011010001110111110001000000010000011111000011001
11111000001001
0100011111111010010110000001
0011101111010001011101010000010
0
0001000
000
1
0
00
000
0
1010
0
0
010
01110
00001101000
0
000000
00
1000
0
0
00000
00
1001100
0
001
10101
1
0
11101010001
1101
01100
1
000
00
0110100
0001
0
10010
0000
01
0100
001
0
10001
11
10110
110001
010
00
0
0
01
00
1
0
00
000
11
01
10011010
0010
0
0
0
001
110
0
01
00000
0
1010111011010
001
00000
0101010000010000010010001001
1
00000000110010011000100101111000100010
00000
00000
11110010001
1110010
01
11
111111
00111
01101
11111
111
11110
1000000000010110
1
11000
1
0
11100
0
01
111
1
1101
0
111
11111
11111
111
111
11
1111
111
11111
111
111
111
111
1111
1101011
10010000101101
0110000010
00001001001000000000000000001
0
1011101000110111001011101011110001001000001000001001110000111
0001
00010000011001
0
1
010010011010001
0
0
0
01
0
110001000101
111011100010
1110101
10
10001011
11110100
1
01111101101
00000000000
0
0101100
00111100100000
0000000000001000000101000
0
0
1
1
11010001000010000
1
001000
1001010000110
1
11
11
1
0010
1
110110000
0
1100
01
0
11
0
1
11101
1
0
0111
10
111
0
11
1
1
0
0
10101
0
0
100
11010000
0
0
1111
1111
1
0
000101
000000100
0
1
1
1
0
000000
1101
1
110100111
0
0
0
1
1
01110010001000
100
010
10111
1
000001
0
11011111
11
111
111
1010
11010001
011
0
1001111
11
111
11
11
11010
01111
01110110101011100010
11101110011
111
011
0111
01110010
11
010110101011
11
110
111
11
111
11101000101101
11
111
111
0
101
1
1
1
1
0
1
1
0
1
0
1
1
0
0
0
0
0
11
1
0
001011
1
0
1
0
1
1
1
1
0
0
1
1
0
1
1
1
011
0
11
0111
111
111101110001110001001100
11
1
111
0111
1
111
111
1
11
11
11
11
0111011101111
11
1
1101
111
1
11
111
11
111
11
111
111
111
111
1110
111
0111
111
11
111
0101000000101
11000100100101
11
111
1
1
1
0
1
1
1
1
1
0
1
1
1
0
011
0
0
0
1
1
0
1
0
1
1
0100100
00
1
1
000
11
111
01101001100111001111011000010000100100101100100000100
0
00000
1
0
1100111111000111010000
111
0
111
11
11
111
11
11
00
001
0111000010000
0
1
01
0
0
10
100100000
1010100010010001000
111010010
1011010001000
100001
00011
101
0011
101010010000
0010
0000
1111111111000110000100
00
000
11100
1101011001
1000110001110
011
01101100
1110100
010000001011
100010100000001001000
000
00000
000
0000
0
00
0000
00
0000
0000
0000
1011
0
101011001001110010000000
1
1
01
0010100000100000
000
0100101010
11110
01
01111000100000010
000001010100110000001001000010100100100
0001
1100100101
010011
00101100000
0101
1101100
10010
01100010011010010
101011110
00100
101101001011010000010101000101
11010
0101000010100000000110
00001011100101
111
11111
111
1111
1111
1111
1111
111
111
10101
11111
0011
111
11111
1111
011
11111
1111
11
111
0101
11
11111
1111
11111
111
11
11
0000000
111
1111
1101
11111
111
1
11111
1111
0000000
01111
111
11
1111
11111
1111
0111
111
111
001
1111
11001
111
100
011
101
1011
111
1100
111
111
01111010
111
1101
0000
00000
0010
111
01
0100
1111
0000
000
11
111
11111
111
001000
11111
01
0000
11
01000
10001
10000
0
0
0
0
0
0
0
0
0
1111
1
01
01
00
01
0
00
1
1
11
111
11
111
1
1
111
111
110
0
00000
00000
0000
000
0000
1001
01
00000
0000
001
00000
000
0000
00
0011
0000
100
000
0000
000
11
111
1111
00000
11
0000
111
11
1111
1
10111101
0
0000
0000
0
0
0
0
0
0
0
0
0
0
0
0
0
0
0
0
000111011110010110010001
0011111011000111101
111111100100
11
11
101
111
00100
00010
0
001
111
0100101000000000
01
1101
1110010100100011
01000
0
0
0
0
0
0
0
1
0
1
1
1
0
0
0
0
0
0
1
111
0
0
0
0
1
0
0
0
0
1
0
0
0
0
0
0
0
1
0
00000000
000
000
000
00
1110100000000
10101011101000110011001
11100000110
01001010000
101010000101110111010000000000
11001
011111
111111001100
111
10010101011
1001
0110110101010010011001
111
100111100010101
1010111100111000110001100010001011
00010101000000011010100000000
1101000000010
0000
01001
000
11
11101001
00010
0111110001000
001000001100001000100010
1000
0000
00
01110000001
1
0000
000
00
0000
110100011001010
0
01
010
01
001100
110
010
00100
0
0
10
11101111010010010101
0000
1
0100
0
0000
1010001
1010
001
1
111
11
11010011
00001000000
1000110010011100000001000
000110100000000011100010
00000000
0100110011000100110100110010
00010010110010100100101100010111001010001100010001101010010101001101011000000
001000
0000000
01110000000000000101010100100010100000100100010010101
1001110010110010
0000010110100111001011
011101000100110
10000100000
001001101101110101001101111000011
1010100100010010
1001011000000001010000001000000000000
0000100000000100100
0100111011101010001101111010011011000111000101100011111110000110100110101100101001100010000011110
101000001111001111000001001000000
001000000010111001010
000000101000000000000
1000100010010011110101011101000101101010101101110000001101
001101101011100000000100000110011001001111100010110001101
0110110000000100
00000
1001001
11101111101111
111111101000011011
010101010
011111011100
0011
111
10111001101100011101001001101011000000010001010111
10111010101001111010110
1100011
110100000001
1111110011001111
1
111
010100
101011011000000001001010000001110001001011000010010000010100110011111
0100010100000000001011010011
001111
111000010100
0001001010000100011011011000100000101111100
00101010111110011000001000001100
111000000000100000
000100000110000111001110110100010000100000001000000001000
11001001110
001100101100001010110
100000101110001001100100000000100000011001011
110000001000010001000100000001011
11
0
0
11
10
11011010
11101
0
0
10101
1101
011001
101
110
1
0
1111101
0
0
1
11
1
1001001
0
00
0010
0100101100
000101
000111111100
01001111010001
1111101
100111
00
110
00101
0100
01
0000
10
1011001
001
0000000
0
10
1111
10110100
01
11011110
0
11110011
0
1
111000101000
0111
0
1011001000
011
010
000011
10
11
01111011
00101001
0
1110110
011
100
0011011
100111011111
1
00111
01001
0
111
1
11
0100111
1
0001
1
110100101
10000
010
000100
11
0
010
00
1
1
1101001010110100000
1
1
0
0
0
0
0
0
0
000100
0
0111
0111
010010101000010011111001111101101111001100000000001000111110000000110
10000101001000100000000100010
11
0000
10110110001011
1
011000101
000
0
010100
010000001000100
0
10
00
00100
0000011
1010000
0
0111010101
1
0100000001110100000100010
00110100010011
00000
00000101
00
0111101101
11100
001101
11110
1111
0
0011
10
0010
001
010111
1010
1
11
01011
111000
110111
00
11010
01011
0
0
0
0000
10001
1
0
0
010100
111
000
01
0
0
11110101001
0001000
11100000111100000100010001000
010010000000000100
0000101000001100
00
1
000111101101000
110001101
0100111
01000001
110100010100010011000
11
101
11000110000000
110110111
001
11101110
0
0
0011
0
0
110
01100111
111101011
11111001
0000
101010001
101011
001000
111111
110110001111101011
11011001
011000001010011001010
0
1110
1
101011
0
11
0110
00
1010001101000100111111001101011001101001101011100000000100110101101000110110110
11011111
1010010010001101101011110110001110101001000100000010101010011110010100010
0111101111100111011111010110110011110101010101010010001101011111011001010100
1
0
0000000000
01100011011110001110010101011
1111
011
11
11
11100
1111
111
11
000
1111
1111111
111
1111
11
111011
111
1111
111
111
11
111
11
111
1111
11111
1111
111
1111
1111
111
11111
1
00001110100
0111111
001110001110000111110101100011100000110100000
0010000000000000100001000001101000100110101
11101111111001010010011
1110000
000001110001000001
11101101110011101010000001000000111001110
10111011
111110110101001001100010000100111110
100001110001001101100000
1111
01
111
11
1101
10011
111
111
111
11
11
111
1111
1111
011
010
0
01010
01001000100
0001
001
0011
1100
111
0000000
0
0
11
10
0
0
01
01011
1101
0
001
00
11
111
0110
111
10
1
001111
0110
0
010
000111
1101
0010111
000000
0010
100111
0
0
01
0010001
011
01000
111
11
0011
11
011
001111
1
0000100000
11
0011000
000000
001
0
01
10
0111010111
001
00
001
10
1000
0
1010001010101010011000
1111101
111
110001110001111100001
10000110
11000
0100
1101110101
01001
1101
011
00
010
010011
1
1
1
0
1
0
1
0
1
1
1
1
0
0
0
0
1
0
0
0
0
1
0
1
1
0
1
0
1
1
1
0
1
1
1
1
0
0
0
0
1
0
0
0
1
1
0
0
0
1
0
1
0
0
1
1
1
1
0010
110011110000101010001100100101
1
1
0
0111
1000
0
111111110000011110
101011
111010000
01011
1
1
1
0
1
0
1
0
0
1
0
0
0
1
000000010000100110110101011011100111010
11111
00001010
1010001100001000000001
0
00110101
1000001
101001101001001011
010000100110100
0000000100001000101000010010001100000000
01000000000010001001000
101110000001
0101010000000010
0100
1111111000
0001
0
1111010001100
010
00
0
0
1
0111
111
0
10
11
00
0
110101110011111011111101111110
10010010
0
11101100111
11
01
111
00
0
000
0
0000
110
1000
11100
0
011110010101
00000100011111000101000100000000
111010100
101000
000001
10
11
111
11
111001
000000
00001010
11
0
11
01001111
00
111
1
0110
001
000
0
00
1
000100011110000010110001
000
0
01
1111000
111
0111
00
11
1
00
0
10
00100
001
1
1
001
0
1
1
1
0
0
0
1
1
1
0
1
0
0
0
1
1
1
1
0
0
0
1
0000
0
0
1
1
1
1
1
0
0
1
0
1
1
0
1
1
1
0
1
1
1
1
0
1
0
0
1
1
1
1
0
1
0
0
1
1
1
0
0
0
0
1
101001
0011111
1110
00010011
1
110
111
00111
10
1
1
1
0
0
0011
0
1
10000111
1110
0111
110111000
00
011011
00110110100000100010000110
1001
101110100
1
1010101001000001001001
00101010111110100000101
0111000100001
0101001000001011001011
11100
1
1
1
1
111
11
01
000100100
000100100
111000011000
011
1
1
0
1
0
01
0
0
1
0
0
0
0101
0
1
1
1
111001
1
0
11
0
11
0
0
1
1100110001
0
1
1
0
1
010100010100
0
1
0
1
0
1
01
0
0
1
0
1
1
0
1
0
1
0
1
1
1
1
0
1
1
0
0
0
1
1
0
0
1
0
0
0
011101000
1
1
0
1
0
00110
1
0
0
0
011
1
0
0
0
0
1
1
1
1
0
1001
0
0
0
1
0
1
0
1
0
0
0
1
1
1
0
0
0
1
1
1
0
0
1
1
0
1
1
1
1
0
00
0
1
0
0
1
0
1
1
0
1
1
1
0
0110
0
0
0
1
1
0010111
1
11000
0
1
1
00
0
1
0
0
0
1
1
0
1
1
1
1
0
1
0
011
0
0
0
1
0
111110110011100011
1101010101111110100
10001010
0
0101010
011011101001
1
0
111
1010110
010111
1100000
01010101101000001
