0
1
1
1
1
0
0
0
0
0
110
11111
11
011011
0111
1
1
1
01
111
00011
111100
011
111
111
0
111
00010
1
0001
1
1
1
0
0
1
1
1
1
1
1
1
1
0
1
0
1
1
1
1
0
111
10
0
0
1
1
0
1
0
0
0
1
1
1
1
0
011
000
10
11
00
00
0
00
011
100
1
100
111
11
001
0
00
110
010
00
10
10
001
110
00
000
10
1
110
110
11
00
111
1
1
111
11
00
110
1
0
111
11
11
01
111
00
1
101
11
000
000
00
00
11
000
00
111
1
1
1
11
1
1
1
1
1
1
11
1
1
1
1
1
0
1
0
1
111
0
1
0
1
1
1
0
1
0
1
1
1
1
1
1
010111011100
1110101010011
1111011001101101111000000000001010
0
11111111
0000000000000101001001001100000110100010111110110110
0
1
01
011
100
11
0
1
0
1
1
0
1
1
1
0
0
1
1
0
0
1
10
10
00
001
100
0
0
0
1
1
1
1
1
1
1
1
0
1
1
1
1
0
1
1
0
1
0
0
1
0
1
1
1
1
1
1
111001
1
0
1
0
00111100000
100111001
11001111001
110111100
1111100
0001111100
10
0001000100
101010111
000010010
101100010
0000100010
01011110011
100011010011
00111110011010
1011011000
110101111
1
111
1
1
1
11
1
11111111
111
1
1
000
0
11111011
0
000011100000000
111110101
0
0
1101101
1111
0
1
1
1
0
1
01
11111101
0
1
11110001110
0
1
1011111110110111
0
1011001
00
11
1
11
11
0
11
10
1
11
1
1101
11
00
11111
01
11
0
1
1
01
1110
111
11
1
1111
11111
1111
1111
1101
011
11111
111111
11111
1111
11111
111
11111
11111
11111
1111111
011011
00001111001000010
11111111
111101
01111
1111111
111111
1
1
1
111
1
1111
1111
1000
1
1
101
11
1111
0
11111
0
01
10111
01
11111
11
00
1
001
1
00
1
1
010110
11111
1
0
1
11
111011
11
1
1
00111011111
01110111110
0000
00111110001001
101111001010
101110111111
110111111111
111000101111111
111111111
111111111111
111101
10100011111
010111111111
1011111
1111111
100111111111
11111111
1011101100
11101111111
10100110000
1111
011
1
011
111
1111
111
0111111
011111011
1
011111
1110
111111
11
11
1
111
111
1110011
111
01
1
11
111
11
111
0111
1
010
11
10
110
11101
111
11
01
111
1110
100
0000
100
1111
0010
01
0
1110
00
001
11
1100
11
111
1100
0100
111
011
111
111
1101
0010
000
1110
110
101
1110
00
001
111
010
000
1
110
010
00
011
111
101
01
1001
1111
111
0110
101
010
111
1110
11
111
11
11
0111
1100
111
1111
11
11
1
00
01
101
110
110
111
10
00
1001
000
01
011
0101
010
1111
110
111
1100
1
11
1101
1000
11
11111
000
0000
01
0000
101
101
00
010
00
1
1101
010
101
11
100
1101
0
01
11
101
1
10
11101
00
10
0000
1001
000001
1
11
000
0
01
01
00100
0010
0
11
0000
1
010
00
1000
000
110
0010
111
00001
111
00
011
110
000
001
10
11
11
1
0
1
1
0
0
0
1
0
1
1001001000
0
00100
1
111
0
0
00
10
0
111
111
1
0
0
11110101
0111
111
0
010
000
110
1111
101
100100
00
11
11
00111
111
00111
101
1
11100
011111
0
111
1
1
0
1
1
0111
11101
0011
1111
00011
11
10
11
1
00010010
1
00
1
001
1
1
1
11111
11
00
111111111
1100
10
00111
00111
0000001010011
1
11
111000000
01
111
0
0
1
1
0100
0000
0011
00
0001
1
000110
0
0
10
01
00
00
1000
00000000
1
0
0
0
00
0
