110111
011
001111111100100011111101
0100011110111100111000
1
11111111110
111110111111
01
0100001001011011011
10111
1110111011
0111
111001010111111101111111011001000
111111
101111
1111101101110111111100
00101010110101101100111111100010010
111110001101011111111101
11101111110110001101
11110110110111111111
011100110101001
1110111
101111111111111
11110111100
1
111
11110000110010111
111110110111101
110
11
1
01101111
11111101110110
111101111011111111
11
11
11100000
1110110101110110
110101111111011111011110
11111101111
1111101
11111111111
111111111111
1000100001111111010111111111100000
111111111110
10100001111110
1010100101110110111111
1111111111111
10010101111011100101111111
1101
1111010
11111110101011111
111111
111
0111111011111
11
1111111111
11111111011
11111111010011111
111001111
11111111011100011110
1001011110111111111
111111111
1101111
1111011111011111
11111
11111111
111101111111111110111
1111111111110011
1111111111
1111111111111
0011011111111001101111101100
11111111
1011111
00111
10001110101110011111111001100
0111111111001111010
111
111111110110010101110110
11111111111
111011111
1111111111
1111001101111000111111
1111111111
0110111011111111010
1111110111011111110
1110011110111111
111
101
1110111011011011111
11111111111
11
111010111110111
111111111111
1111111111
10111111111
1111
1111111
11111
01101110111111
11111111
111111
111111111
101110011110011111
011111011111111101
101111
111111111
1
111111111010011100
11
11111111001110
0111011111011111
1111111
1111011111111
11101101
1111110111111111
111
1111011111111
11111111111
1111
11
100011001111101111111011101011
111111111111010
111111
1110111111
111101
0111
1
110011
111111
111
0111
11
1
1
111
11
11
11
111101111
1101111
1111111
111111111
111101110111
111111011
1111111
11
11
101
111
11
011
11
111
11
011110
11
1
1111111110
1111110111
11111111
111111
01
111111111
11110110111
10111
1111111
11111
1111111
11111111
1111111
1111111
1111
1111110111
111111
111111101
111111
1111111111
11111
1110111
11111
0111111000101011
1111111
11
111110
111111111
11110111
11111111
11111
1111110
11
11111
11111111
1111111111
11111
11111
101111
111111
111111
111111
1111111
11111111
111111
11111
111111111
111111
011111111010
01111
111011
1111111
111
1111111
1111111
11111101010011
11111111
100111001110
11
111111
11101111111
1111101111
01111011
111111011
11111111
1111111
111110
1111
0111100011
11111111111101
0001001110111111110100101
0111111110100011110110
1110100111011001111111
11111111
11111111
11111101
1111
11111
011111100
011
11
11
101
11
111
1
101001
111
011
11
11110111
11
111111110
1111111
11111010101111
011
111100
11111111
11111111011
0001
0011
11110111111111111111111
11011011111111111111
1111111111111
111111111111111111
1111111111111111111
011111111111111101
111011111111111111111
11111111111111111111
11111111110111101
1111101111111111111111
1111
111111111111111111
11101111111111
11000011101100001111
111111111111111111
00
1111111111111111
11111111111111111111
111111111111111101111
111
1111011010111001111111111
1111111111111111111111
111011011
1111111111111111111
11111111011111111111
111111111111111111
111111111111101011
11101111101111110111110
111110111110111111
11111111111111111111111
1111111111111111
1111111111101
111111111111111
111111111111111111
111110111
111111111011111111111
1111111
10011111
10111101111
111101111111111111
111111111011
1101111111111111011111
011110111111111
1111111111111111
111101110111111111
11111111111111111
1111
11110000111111111111
110111111111111111111
1011111111111111011111
1111111111101
1110111111011111
1111111111011111011111
01010111111111011011
1110101
11111111110111111011111111
11
1111
1111111
111111
1111111
1011011
1111111
111111
11110111
11111
110111
11111111101111111
111111111011111111111
01111111111
111111111010111101111
00110111111101111111111111
1111011111111111111111
11101111110111111
111111111111111111111
1110111111101110
111111011111
11111101100
11101110111111111011111
1111111111111
11110110111111
1001011111111111111111011111
111111111111111011
1111111111111111
00011100111000111011111111
1100111110111111101111
11111111111100111111
1111111111011111
1111111111111
1111111111111111
111111111
11111111111111
111111110011111111
010011111111110111101111
111
11
11
11111100111
1111111
1110
1111
1111
111101
01111100111011
11111
11011
111
11101
11101111
111111
1
1
0
11
1
1
11
11
10
1110
11
1
11
11
1
11
1
11
11
11
00
11
0
1
11
1
1
111
1
0
1
1
1
00
100
1
11
1
1
11
11
1
1
1
11
1
11
1
11
1
11
11
11
0
11
11
1
11
11
1
00
11111
000001110110110001110000011
111111
11110001
1111
1111111
001011100000101110100000011010011100011
011111111101
10
1111
1
1
1
11
11111111
11111110
111
1111111011100
011
1101111
0
0111100011010
111
1111110101
111
1101
000100000
11110111111111
101011
1111101
111
11101
101111
11
1110
001011
0101000011111010000100000110000011
01111110000
11
1111
111
111
11
111
1011
11100110011
110111
001011111
1101101
110
1111
110010010110
1111
1111
111
1111111011101
11
11011
1111
1111
1111
11
1111
111
00111
11111
1101
1111101
0111
1101111
111
010100000011
10101000
111011
111110
111111
10100000
111
110
10111
111
011
11
111100010011
00010100111
111111111
1001001111
11
1111
111101
1
11111
10001011
10110000
1
1011011
1111111001
11111101110
1100101101
11
111
11
111
111
1
1110011
111
11
11
111
111
11
1
111
1
11
110011
11
011
11
111
11
101
111
1
111
11
101
11
1
11
11
111
11
11
111
111100
0000001
1
1
1
1
1
0
0
1
1
1
011
1
11
11
1
1
011
11
11
000000
11
11111
111
11
100010101
111
1101
110
1
10001
001000011
111
110
0011
11
111
011
0111
1111111
11111110111
111111110111
11111111
111111111
1111111
111111111
111111111
1101111
001111
111111111
1111111110
111
0
01111
1100
1111
11111101
111
11111
1111
1111
1111
11101
111
11
1
1
1
0
1
1
1
1
1
1
1
1
1
1
0
111
1
1
1
1
1
1
1
1
1
1
1
0
1
1
1111111111
111111111
1111111111000010
101110111001111001101
0111
101101111111
111111
1111
11111111
01111101011
1111111
1111111111
1111111111
11111111101
1111100
11111111
1111101111
111111111111
11
111
111111111
1111111110
111111111
1111111111
111110111
11111111
1111111111
111111111
111111101
0
101111111
1111111111
1111111111111
11111
1111111110010001
111111111
11111111
111
111
111111111111111
1111111111
11111111111
111111111111
1111110111011
11101110
11101110111111001
11
011101111111
1111111
1101111
11111111
1111111111111011111
11111101111
111111110111
101111110011111
111
111
11110
1111110111011111111111
110111111111111111
1111111
11111111111
1
11
1
1
1
1
1
0
1
1
0
1
1
1
1
1
111111011101100
11101111110111111111
10111101111101111110
111111111
111111111111
111111111011
111111111111
1111111111
1111111101
1111111111101110
1111111111
11111111010111111
11111111
111111111111011
1111001111011
111110111110011
11111000111110101
11111111111
111001111111011111
1111111111
1111111011111111
11111111111
0
1
0
1
1
1
1
0
1
1
0
0
0
0
1
1
0
110
11
11
01
111111
1111110111111111
1
1
1
1
1
1
1
1
1
1
1
1
0
1111
1
111111
11111
011011
111
11111
0011
1
11
11111
11
111
1
1011
0101
1111
11111
110110
111
1011
11
11111
11
11
11001
11111111110101
01111110111111101
101110101111111101111000010
11111111
111111111
11111111111
111
111011
111111111
1111111
01110111
111111
1111110100011
111111101
111111111110
11110111
1111111111111
111
11
111
111
11
1
1111011
1
10000
1
111
111
111
1
11
111
111
111
111
111
111
11
11
1
1
1
11
111
1111111111
110
0
1
1
1
0
1
0
1
1
1
0
1
0
1
1
1
1
0
111
01011
111
111
111
11
11
11001
10
01
11
10
1111
101
11
1
11
11
11
1
11
11
11
11
1
10
11
1
11
1
11
10
11
11
11
11
10
0
0
110111111111111011
111
0111010110111110
1111011
1111111111111111111
00
1
111
10
111
001
0
110
11
000
1
0
111
110
111
011
111
11
10111
1111
11
111
111
111
111
11
10
111
111
11
0111
11101111
1
1
0
1
01
00
11
01
1
1
11
11
1
1
11100010
0
1
11
110111
1
110
0011
10
0
0
10
1011100101000011111011001110
1
11
0
0
1
11
11
0
01
1
11
11
111
111
11
1
11
1
11
111111111111
10
1111
111111011111111111111
11
111
111
11
1
01
11
111
111
111
101
0
1
1
11
101
1011
1
1
1
1
1
1
1
1
1
1
1
1
0
1
1
1
1
1
0
1
1
1
1
01
0
1
111
1
1
1
0
1
1
1
111
1
0
1
1
1
1
1
11110
11
1
1
1
111
11
1
00
0
011
111
1
1
1
11
1
111
1
1100
11
11
111
11111101
11
1111
1101011010
11111101101
11
1011
1
111111
011111
1
11111
11111111101
1111111111
11
111
111
10
10
1
11
1
1
1
1
1
1
1111
1111
11111
111111111
111
1111111111
1111111010
1111111
0
1
111111
0111
1
1
100
1
1
10
11
11111111
1
1
11
1
0
0
11
1111111
11110010111011
1110
1111
11011111
1110110111
11110110010
0
1
11011011001
111
1
1111
1111111
1110111
1
0
1
10
1101
111
1101101
101011
111
111
111
111
011111
11
11101
11
1101101
00111
1
1110
0111
1110001
111
011
111011
111
11
111
1
01111
001
1110100
111
111
11
11
11111101100
111
01111
1111
0111
1111
1111011
1111
00111
111111
111
11111
11111
1
1
00
111
11
0
111
1
0101111
01
1
0
1
101101
1
1
100
10111
11
111
1111
111111
111010110
0
00
101111
111
0
1
11111
01
11
11
1111
11
111
0
111011
1
10111111101001001
111
111
11011
11
1
111111
111
01
11
0
101
111
1
0
00010101
1111
11
1
11
1
111
11
11110
1111
101
11
111
111
11
1011011
011
111
11111111
111111
11111
1110
111111010
1111111
1
1101111
0
11
0
11
1
1
1
010
1
0
1
1111
1
1
1
1
1
1
1
111
1
001
1
1
111
11111
1111
1111
111111
00111
11
1111
11111
111
1111
111
101
011
1111
111
1111
111
110
1111
111
11111
1111
11
11111
1111
1111
1111
11111
111
1111
1111
11
11111
1111
11
111110
11111
11
111
11100
011
111011
111110
111
1111
11
110
1111
1111
0011
1011
01101
11111
011
11111
101100000
11011
111
011
11
1000011
000000
011
1101
00111
11100100
01011
1101
11010000
0101
1111001010
0011
0010111
11
111
11
1011
11
110111111010
110111
11111
111111
111
111
11111
1111
111
1011111100
111111
1111
1111
1111111
111
00110000100000110
10111111
11
0
111111
111
1
1
0
1
0
0
0
1
0
0
1
10111
101111
111
10111
1111
111
1100000
1
111
011
11
111
11111
1111
1111
111111
1111
0111
111
111
10111
111
111
1101
11100
1001
11
11100001
111
11100000
11
01
11011
1111
1
1
0
1
1
1
1
1
0
111101
1111110011
001111
1111111111111010101000000
11111111001
0110111100100011110100
110000100
11111
101
1111100110101100101011000
111111100011101
11101011101
111111
111
11111001111010110
111
100011111110100101110
1
1111
0111
11
01
11
1000111
111
110000001
1
1
1
1
0
0
1
1
11
1
11100
0
1
1
100100100000
01
11
1
111
111
1
1
11
1
0
1
1
0
0
1
1
0
1
1
11
110011
111
11
11
11
11
0111
11101
11
111
111
11
110
11
11
1011
10111
1111
111
11
11110111101101
111111
1010
011011
11
11
11
11
10
11
11111
0111110010001100
1
11
1
10
11
1
1
11
0
10
01
11
1
11
1
111
1
01
1
10111
0001100000000
0
1110100101000111110111100011100001011101
1111110110011111110111
011101110011110110101011111101111
011110010101110110110010101
1111111110111
1111111111111
100101101110100000111111111111010001011110010001111
1111
111
111111111111
1011111111101010111110
1111011111011
1
1110
111
1
111010
000000001
00001
11
111
0100001
0111010
1
10
110
110
11
11101011
11010011011
1111110111
111111001111001100100000
0000111011000010100101001000111000000100001011
001111011010010000000
1
11111
11110101101
0
111
0100
1110110000100111
11100000
11
011
10000
111
110110001
011
111
111
11
11
1
11
1111111011011111
1101
11011111111
1111111111111010110
111
1111111110101101111
0111111111011
011110111101110111101111111010011
111011111011111
011010110
111
1101
11011
1
1111100000010
111000
11100111100100
1111100
11
0101
11
11
11111
111001
11
11
11
11
11110100000100
1110111
0011010111001
1111
1
11111
11111
11101101
0
1111
11111
0111
111011010
111111
111111110010001
11111
111111
111
111111
1111
0
0
01111
010111
11111
1001
111011
110
11011
010010
1111
011
100
1101
111010
110
11
1111
111110
1111111
1111
111
111
11101110110000111000
1
01101111
1111110001
11111
111111
1011001
1110111
1111
1111101000101
1111101
11111
111011
1
111100111110110
01001110000011101001011010100001100
11111
0111
11011111110010
111111111
111
1110100010
111
1110111001
1111010
1111111111010000
1111101101
111111
11111
11110101
11111
111111
11111101
111
1111
011100
111111
11111
1
11101
1111
1111
1110111
11
1111
11111
1111
111
1011
11110011
11111
1110111
11111
111
1011
011
11111
110011
1111
010111
1101011101
110111
11101111
111111
11111
1111110011010101
111111
110110000101
1
11101010010001
11
111111
1111111
111
11111
11111
0111
11
111111111
111111111
1111111111
111111
111111111101
1111111011
01101111111
111111
1111111111
11111111
111111
111111111
111111111
1111111111
11111111
1111111111
111111
111111101
1010011111
1111111111
11111111
111111111
11111111
1111011110
101110101
1100010110
11
110111
101111
11
11111
111011
1111
1
1111
1
111
11
111
111
0101111
111111
1010111101
111
101111
1111
11111
11011
0111
1111
111111
01
11
1
00
110
011
11101
11
1
0001
11101
1111
11111
111
111
11101
111
1111
11111
0110
11111
0111
1111
1010
1011
1111
0110
01110
1111
11011
111001
1000111
111
01111
011
111
10111
11110
011
1101
111
010
11110
101
1111
11111
100
1
1
11
01101
10
1
11
1
1
11
11
11
11
1
10
11
11
111111
11
11
1
11
11
1
1
11
1
11
11
1
1
11
11
1
10
11
1
111
0111
111110110101110
1111111
00001111101110101
100010101100011011110
0111111100111010
1110011110
001010100101000110110101
110101
01110011
11111
10111
11111
11
111
101
11
10
0101
1111
0101
11011
10100
11111
0001
1101100
111
1111
1
111
11111
1111111011010
11
1111111
111111
1
1111
1111
1
01111011111101011011
111
111101
111
111
010
111
111
11
111
011
01011
11
111
11100
00
11
111
011
11
1
111
0111
1
11
110011
1101
111
011110110011110011100111
1011111011000011111111011101001111011010110001101001011110101001
110000101010101000110111101101000100100001100101111011111
111111111101011
11111011111110111
10100101010011111000001010000001000111100
11111000001
111011111110101
111011111111111
11011110111101
11
111110001001001010110111111011111
10111111
1111111111111
100100001100001
1
000111
11100010001
111
11
011
0111
1101
11
111
1111
11
111
11
11
1
11
11
111
111111101
11111
11
11
111
1111111
111011011
11
11
110111101111111101111
01011111101110011111100000000111111110111110
1101
11111111
011
110111111
1
1111111
11111111
111011111010
1111110
11111111
11
111111
1111
11111111
111
111111
111
00101111110001
0111
110
1111
11
11111
11
11111101001
11111
111011
001011
000111
11111
11110111
1110001
111101000
110101011101
11
11
001110000
10111
11
0111
11
0111
111
1100
001
111
111
11
11
11
1111111111111111111111
111111111111
111101001011111111111111111110111011111001
1111111111011111111010001111001101011010111
11111111
11111
00011101110111111111111111110111110001001
100000100111110111111111011110101011111011
0111111010100111111111110101010000100111110101000001010101111100000000
010110110111011000
101110111111110001111001111101011
111111101111001000
11111111111011
1101101
1111101111111111010000011111001
1111111011111111111010110010
111
111
110
011
100011
11
11
111
1111
111
0
101
111
0111101
1111111
111
1111
1
1011
11111
111101
11111
1
111
111
111111
111100
11111
1
111110
1111011
0111011
11110
111
1111
11111
1111
1
11
1
11
101111111
11
11110
111
111
11
10
011
10
111
01
11111
11111111
1111000110011001
111110011100
111011101011
11111101001101
1111111
11011
111101
11
11001
111
11
111101111
101
1
11111011110100111111111
1
11
1
1
1
11111001100110
0000
11
111111
1101
11111111111101111111111001111100100010111
1
1
1
111101111100111101
000111
111
11
11
111
111
111
11
111
1
1
1
111
111
1
10111
11
111
111
111
1
11
111
11
11
110111000111
11
111
1
1
1
1
1
1
1
1
1
1
1
1111111
11010100111101111
111111
1111111
111111111
11111111110
11111111
111101111110110
0111010
1110111111
111100110
11111111
11010001111101
111111111
1111111111
11111111
1111111
1110010001111110
111111111
1110111011110
111111
11111111
1101111111
1
1
0
1
1
1
1
1
1
1
1
1
1
1
01
11101
111
111
1110
111
1011
00
0111
1
1110000
0
1111
11
011
1111
1
1
1111
1111010001110
11011
11111
1
0
1
1
111
11
11
111
11
111
111
111
11
1111
1
111
1
11
1
11
11
111
111
1110000111
1
11101
0111
011
11111
01
0011
11
11
011
111
011
11111
1
0000000
010010101
00111000
001010
1001
11
010111
1100100
0111000010
1
1
011
101
110111
111
101111001
111
100001
0
1000
110
111
11
111
111
11
11110
11111
111
0111
11
11011
01
111
111
11
1101011011111111111111
111
111
111
111
011
1
11
011011
011
11
11101
11
011
11
1
111
11
111
111000
10110
101
1100
0
0111
100000100
011
111
1110010000101001
110
1110
111
101100
110011
111
11
11101011
11
11
11011
101011
111
1
111011
11
0111
1
11
11
1111111011
11111
11111
1111
111
111111
11101110
1111110
1111
0100111111
111
011111110
11111
1011
0111
101
11001
11110100
1111
1111111
111111111
111111101101
1111011111111
111111111111
11111111111
11111111
11111111111
111111111111
1111111111
111111111111
111111
11111111111
1110010111
0111011
111
011
111101111111111111
0011111111111111111011101100
1111101111111111111101
1111111111111111
11111111111111110
111111111111111
111111111011101111011111
11111111
11111111100111111
111111111111
1111111111111
1111111
111111110111
11111111111
11111100111111
0110010011011111111111111
110111111111101
1111111111111111111
111110111101
1111111111110111111
11111111111111
111111011111111
01110101111011111111011110111
1111111
11101111
101110111111111111100011
0110111111101101111111111100111
1110111111000
111011111111111111
111111111111111111
11111110
111
111111110111
11
1111
111111111
1101111
1111
111
1110101
111111111
11
111
11111111
1111
101011
11111
11
111
0111
11
11111101011
111111111011101111000101111011110011
1111111111110110101111
11111111111111111111
11111111111111
111111111111111111111
0001100111100001101111100000000110101111111110110101011110010101111101001
01100111111101111111111110111110
111111111111
11111111111111111
1111111111111
11110111111111011111111
11111111110111111111
111000011111110111101111110110110
1010110111101101110101001011110010111101111
11
1111111
111111
111110111111110101
1111101111110111
1111111111011111011
11110110111111111
111111
111111111111
11111
01
1111101111111111
11111111111
101111110
1111111111111
111111111
11111111101
1111111111
11111111111000111111
1110111
1111111111101101
11111111101111101101001
11110011111111111
1111111111111
11111111111
111
100111
11111111111
011001010001111101001111101011111
01
1
111
11
1011
11001010010
111
11
11
11
11
111
01111
11011111111110111111110
11111001110111101111111
1111011111
11111011010011111110011
1110111111011111111111110110011110
1111111
01001111111
11111
1
11100111010
111
11111
11111
11110001
1
11111
11111
11111
1111
11111111111110111
1101111110
111111
1111
1111
111111
011
0
11111
1111111
1111
1111011
111111
11110111
1111
1111111
111111
111111
1011111111
1111
11111
111111
11111
1111111
1110111
11101
11110111001
1111
11111
111111
11111
111111
111111
1111111
1111111
11111
1111
1101
011
111
11
110
111
1011
11101
1
1
111
11
000
0101
111
11
111
111
111
111
1111
111
1101111
11101111
1111111
1111
100111111
111111
1111111111
1111011
1111
111111
11111
11111
1111
111101111
1111
1111
1111111
1111101101
1101
11111
111111
1111
1111101
111
11
011010110
11011
111
01
11011011
11
1
101
1
11
0
111
11001
11
1110001001
0011
001
10111
1111
111
11111
1111111
1011111101101111
111111111111
11100101011101111111010
101111111101
0111
11
11100001
1
1111
111111111111110111111001
1111111
1111
111
110111
11
11011
11110111111
11101011
111111111101
01101
111
10111
111
11111
111111
1111
111
11111
10111111
111111
111111
111111
1110010110
111111
111111
11111110
1111101111
1111
11111011111011110000011111
0
1
0
1
1
1
111
11111111
111001
111111
1
111111
111111
111110
11111
111111
000101011001010111111
11111
1
110011100010010111
11
11
11
111
11
1111111
111
11111
01111
101110111111100111111111011010
11110101111101111101011111100100111011111
100011101011111101011110010101101010
1
11111011
11101111
111
111011
110
011
1
1111
111
0000010
111
11
011
00
11
11
1101
1101
11
01011100
0111
111
111
1110101
111100
111
1101
11
11
00111100101
11
11
11
1
11
01
111
11
1011
111
100
11
0001000
111
11
0011
1
111
11
011
0001
0001100
001011
1011
111
11
11110011
111
01
11
11
1
11
111100010101
0111011000
111011
0011
110
111
1
1110101011
1
1
11
11
111
1
11
11010011
11
010
0011
0110101100
11
1101110
111
1
11
1
1
11
11
11
11
11
1
111
111001
11
1011
111
011
1101
111
11
1
011
11
1110
11
1110101101
11
111
11
1111
10010111
111
111
11111
1
11111111111
11
11111
1111
1111
11111
111
11
1111
11111
1111011111110110111
1110111
111111
111101
11111
11111
1111
11111
11
1111
11111
11111
1111111110100
1111111111
011101111111111100
0111111111111011101
111111111111111110
111111110
01001
0
1
1111
11
111
111101
111
111111
011111
11101
111111
11101111
1111
1111
1111
1111
11101111
1111111100
111
101110111
111
111011
11111
111111
1111
110111
10111
101101100
10110000011001000
1111
11
111
111
111
00100100000001
0110111
111101
0111
11111
0011
0
11000
000100000111
110011011011
1
111010001000
111100
10010000
11011011
0111
101
111
111
111
10
111
111
011000
1011
111
1
111
1
11101
1
01110100000
1111111
1111011
0100
11110001
111
110111100
1011101
0011
11
11111
1100111
11101
11111111111
1
1
0
1
0
1
1
1
1
1
1
0
1
1
1
0
1
11111
1
1
1101110
1110
110010
1
11111
01111
11111111111
111111111111
1111
11
111
11
00
10
1
1
1
01
11111111111
111101
1
1
111
011
111
10
111
1
1011
11
101
01
111
00001111011
01
101111
1011011
11110110101
101011
1
111
111
111
1101
1111111
011
110
111
011
10111
110111011
111000
111111
1111011
1111
1110000111
1111101
11110101110111
11111
1010011
11
1111
1111
11011
10111
11111
11111
111
11111
11111
111
1111
1100101111011011101011
11101111
0111
1111
11011111
111
11111
11
1111
000100000
101111
10000001
1011
10111
1111010
11
0101001111
0010101
1101110000
0010
11
0001110110001000
1110
1111001011100011
1111011
01001
110010001
01001110001
11111
11110110110110110110
111
11111
11111
1101110111
11100111001101
111
1101101
1011
1111
111110111
111
1110111
001011101
00010101
111
111010111000110
1110011110110
11110110
001111
111111111
11
1111
0011
11111
111110010
111
111
1111
111101111
111011110
11111
1111111
11111111110
1
011011111
111111111
111111111110
000111110001011111100
0100
01
11111
11
11
00111
10110
110111
1110
11111010001
1111110000
100110001100000000001011101110011
0100100
11111111
1110011111
1111101
1
0
1101000
11101101110110011100110111111100
011101111011
00
1000
1011111
11
111
11
11111
11
11
0101
111
111
1111
1101111
11
11110
11
110111
11
111
011
11
10111
11111
1111
11110010111
01111
01110001101
10101111
111111
11111
11
111
1
1
11
1110111
111100
111111
111
111
11011
1110
111
11
11111
111
111
11
10111
11
111
0111
1111
11111
11
11
11
11111
11
1111
010011111
101111
1111
1111
11111
01
111111
1111
11111
1101
1101
1
11101
111
0
1
111
11
11
010011
1
11111001101
1110001
11
111
1
111
11111
111111
101
10111
111111
111
1111010100011101
1011
1
1101
1000011001000000
0000011110000101000000
111001001011100110001001
000000
00100010
001
10
011
11
11
0
111100
1
1111
111
1101
1101
111111
1000
11111
10
01000
1111
10011
111011
110010
11
1011
11111
11001
1110111101110
11111
111
1111
11111
1111
10101
1111011
111
11011111
11111
111111
11
0
1111
01101111
11
1111
111
111
01
111
111
0111
11
1
1
111
11111000
101
111
11
0111
1011011
11111
01
1110011
111
100111
11111111111111011111
11111111111111110
1111111111111
111111111111
111111111111111111
1111111111111111
111111111111110111
1111111111101001011111100001
111111101111111111111
0011111
11111111111111101
1
11111101111111111111
111111111111111110
1111111
0
1111111111111101
111111011111111111
11
0111
1111110111111111
1111111110111
01111111111111111011
101101101
111
011111111
11111101100001110
1111111
11111111111111111
11111111111111111110
11111
1111111111
11
10111111
1111111111111
111111
11
111111110111
1111111111111
111111
0010011111111110
01111100111111111
11111111111111
11111111111111111
111101111011111
001000111101011
111101111101111111
0001010111111
111111
1111111111
111010111111
1111111111111110011111110
111111111111111111
01011001111111111
1111111
100101111111
111
11111110111111111
11000111111011
1110111011111
11111111111
1101101110110110111
11000111111
1011111111111
1111110111101101
1011111
1011011111
111101111111
11111111011
11100111111
111111111111110111111111111010
1
11
111
101
10101011
101
1101
1111
1
11
111
011
0
111111
111111111111101111011110
11111111
11111111
1111111110
110
01
0
0
1011111
01100011001101101110101100001
111101101110
1111
1011111111
111111111101100
111111111111
111111111111
1111010010011010
000110100
1110100
11
01
111
1101
00101
111
11
1111
111
11
10111
1101
111
11
111
111
1111
111
11
11111
11101010
10
10011
000111101
1110
101010111
1
0101
11011
10
0
0010111
1000
001011
1101
11
111
1011011
01111
11
11
011
11
111
1
111
1
11
111
11000
1
011
1111
101111
11100
01
10000010
011
101011
1
10111
11
1001110
11
11
1
111110
111
1101
11
11
01
101010
11
111
0101
101010110
111
11
11
1
11101
10101
11
10
111
11
111
110
1
111
11
111
011
1
111010
111
111
111
1111
111
11
11010
1
111
111
111
111
111
11
1110
1
1
111
11
110
11
111
11
100011
111
111
110110100000001000
10101
111
11
111
01
11
11
1101
11
111
1
110
0110111
111
111
0111
11
11111
111
01010
1011
1111
111011
111
1
10
111001
11
1000
1100110011
01100000101010
010010110
011
101001
01111
111
11
1111
11
1
111
01101111
1111
1
1111
01
111011
10
111
1
111
110
11
1111
00111
11
011111
11110
10
011
11
10110001
111001
1
011
111
011
1
11100000010011001100
1
10111
1011001
1111
111
110
1111
0111
11011
110
101111
1101
0110001101100000000011001
11001100000
111
11101111
101
111
1100000100
111111
0111110
11
0111
1111
11
1
01
11000
111
11
10111
11
111
1
11
1110
0001
11
1011
1001
0011
11
11
111
1111
001001
0011001
00110001
11111
1111
1
1
1111
01111
1
11
11
011
0110000
111
110111
1011
0111
111
1111
00101
11
1111
1
11001000
011
1
111
11
00111001
001011
1
1
111
01011
11011
1001101
111
11
0
0011
000000010101
11
11001
01001011
111000
11
11
0
1111
0011
111
1
101
111
1
1011
1110111
100001101000000
11
1
011
101000010
11010
11110001000
1101
1111
11
11111
0110
1
00111
1
11
111
101010
1
011111
11
1
11
001111
1110111000
1110000
111
1001
101000
1111
11
11
110010001
0111
1
1
1
001101010100101011
11
11010
101111
110111
111
110
111
11111
111
111
11
11
111
11
11011
111
001000010001000
111
1
110011101000010100
11000111
1
1111110
11
01
1111
111010001
1
110110
11
111
011
0
111
11111
1
0
1111
1011
111
1
1100011
111
000011000000
1
