000
101101
0
011
0111110100
111
11011000000
1
11
0
1111010000
0011
00
111
000000
111100001
1111100
0111
11
11
111
0011011
1100
00000
11
01100001
001
0
11110000
00010001
100000011
11110001
0010000
011111
011
01010000
1111
0
0
1011
00000000
111110111111010000110
011
0
000
1100010
00000000
01101011111000
00
11101
001111
0000
010110000000
111111
11
0010110
10
0100001
1111
00
011011
111000
01110
010110
00
00
0
0
00000
01
0
0010
00011
11101100
111011000001
1101011100
101110010000
11
101110
0111011
0
111111
01001100011000110101000011
10100
1111001
0
111
01111110101
01011110001111010000
11101011001010000101100
0
111101
00
11
110001
0
00
11
00110
101
00
1
1
10
000000
011000
1
0
010000001001
0
0111
00
1111
1111
11111
011
1011
111
11000
00111
00
111001
000
110
01111
10001
1001
1100
1011
1011
0001
1111
000
0100
001
01011
000
110000
0
10111
1101
111
01111
00010
0000
000
0
010
000
10111
0000
111011
0000
11101
00000
00000
10111
110
0000
000
100110011
11
11110001
011001100
1000110
1
1000
101
11
00111
1000001100010
101100
10111
00
10011
1111100
1011
01
111
10000000
0
1110010
00000
10010011
000
01000
00111
000
00
00001
00
0000
01111
11111
0001
00
0000000
110111000
100000011
1101
011001101
110000
0
01000001010010
1000101001001
11101
10000
1110000
00000
00
11110
00101010101
01
1101101
111010000000
000001
01111010
000001010001
011
0
01100001
0
0000000
1101001
11001
000111
01011
0001101
0000000
00000
0011100100
111100
00101
111001101
0000001
0000011
100000
111
11110000
1011011
00000
0
0
1000101
001111
0
000001001
11000000
0
0
11110110000100
0
110000
0
101000100000
1111100
00
101000
10011
001
01101
000111
11
0000111
0001111000000
0
10100
101
0011
0
0
0
00
1111100000
10111
0111
00
00
00
1111
0
1
00
00
0
0
1101
00000
1110010000001
00
11001
000000
