011
11110111011001110000100111
1111111010000011001
10101010000100000010
111
111
01101001
0000000
1
00
0100
000000
0000000
11
1111111
1
0111
01000110011001001010111101111
0110
001100011100000101111010011
0
1
1
1
1
111111
0
1
01101110111011
0111001110011011
01101110111000101
011011111110111110111
0001001111111100010110100001
100111
0111111000011000
011111111001110011
010001001111111010001110000000000
1110101110101111101010001110
11110111110
0101111110001
111111010101010010001
11111
11110111111101100010
00
101111001100110010000
111110110110111111001
1
11011110111111
0
1110
1
01001011100100110000011111100011
0101011001101111111100000100001000001101110
11111001011
0111101001
1111111110110111
011111
111
110111100111011001101
0111011110
101101011101
10001110011010001010
01001
1111
1111
1111100
0
111110101
1111111
101111100
10111
01111101101
0001101
1110111101111
1111000
01111
11110101
10111
101011
10110101
00
1100001111111101100011
1111110
111011011110011
11101
011111
111
11111111
1101101010
010
0010101111001110
11100
0
1111
1111110101100110111
0
1111001
1
1
011110110
10
11111001101
1110011011011
111011011100001
011111100
11
1
01
0
010000000
1
1
0
1
0
0
0
1
0
011
11
0
111
111
1011
111111010
0011
0
10
1
00
11
1
1
1
1
1
0100111
0
0
011
111111
11
1
01101001
1011
11011
1
1011
11
11
01111
1101
111111
11000110100
1111
111
11101110011011111011110011
111
111
11
110111
0111110
11100
10
11011111101000
111
11011
11
1
111
11
111
1
1
11
111
0111
011
11
1
11
011001111011111110111000010110101
111011011
1101011111111
11
1
00
10
1
001
0111111101011101101
11
1
1110
11
111
1
111
11
1
00
111110001000
011010001
1
11
1
111110111111100
01111101
0
1
011
11111011111
011
0111
110
00
1100110011100111
111101111010111
0
0
0
1
010101001110101
110001
011
001
1
01
01011
0001
001
1
1
0
0
11
1
0
11
1
1
1
0
0
0
1
01
1
00
1110101
11
01
00
0110
111
0011111
00111
111
01
111111
111
110011
111
1110
1
111
111100111
111
1101111
000110
1111
111
1
111
01
11
11
0
11111
111
111011
1111
1011010
11
01
11010111
110
110
000111
1111011
0111111111
11111
1110111
0
11
111
1
111
1001
1111
11111
1
1001111
1
0111
1
01111111
11101
011110111111
11
10111
11111
011111
11111
1
111011
100101111
11101
1
11111
00
111110001
1111
1
0
1011
10011100
1010
11
11
1010111
1110
11
1111
1111
11
11
11011
111
111111
111101111
111
11
1
11111
1111111
1111
11100
11111
10
1
110011101
1
1
10
11
11110110
11
111
1
1
11111010
1111
111111110101
11111
1
1
1
1
1
0
1111100101
00
11
111001
0111011101111110001011000111101
01111
0
1
0
1
00
11
01
01010
1
01
1110111111011
1
110100011011100011010
10000
1
1
0
1
1
1111011010100001
11101
1
0
101000
011000
10000
1
1
1
1
010
10000001100
11
01110001101110
00
0001001100010
11110
11101111
11
00
011010011000111
0111010101111
011101
1110011001011011011010011010011
111110100101
00
1
0000
111111100010111
111
111011
1
1111111111
1110111011101010
10101100101111111101
01011101110110111110
11011011
011000001011011001100
11111111100
111011
1111110
1111111111111101
0
11111
011111011110111
110101111
110110111011111
1110001111111
111111111
00110111100110
11001010001110
011111
01001
010100001
111000
111000
1100111111011
110
111111
00111
110011111011111001
1111111111000
11111101111
011011
10
11110101110
0111111
111000001111
1110011111111011
1100010111111
1111111
111
01
0111000001010001110
010110111111110110101110110100100
101011111
10010001011001
11010101
110001111100011111111100010011111
11
1
01110100010010111001
001
00010101
1110110111
01
0
101101101111
11100
1011110111111111011110101
110111
010
0
0
00
1
1111
1111
11111
111110111
0100
1111
1
11111110
111
1
1111
11
01
0101
1
00
0101
1111100
1
10
1110
110
01
010
1101
1111
11
0
10111
111
001
01
1
101
111
101
110
111
1110
11
111
10
1011001
110
011100
001
000
1011101
1010
1
0
01110
11
011
0
0101
01
10
10
01
11000101011
0100
1110
1110
101
01
001
1111
00
11
1
11
011
010
100100
11
11
11
111
11
111
1110
1101
1111
110000
00
1011
11001
00
10
1
10
0
0
1010
1101011
0
0
0000
10
00011
01
00
0111
10
010
100010011
00
0
111
00
100110
1
11
011
00111
1001
0
0
10100
0
101
00
10
01101
1011
0
01
00
01
011
1111
001
10
1
11
001
111101
10111
11111
1
00011
01
00
00001100100111011
11
00101
0101
111
00011
110
1110
10111011
001
111
1
11
111
010001
10111
1
1
11
111111
0111111
10
1
101111
1
10111
00
011
100111
1111
0
111
00
0
1
1
011111
111
001011
101011
111111
111011111
0111101000000
000
11110110001
111111111
111
011
111
0100011
100111011
111111
0111101111011110111101
1111111
01
1
1111
1
111111001
101111
1101
111
111
0
001111
11
1100011
011
011
10
011
00
111000
111
0111
001
1
10
1
11011
10
1011
111101
11001
011
1
011
10111
0011100
111
011111
0
101
11
10110111
111
11
11
111
1011
001011
11
11
01
11
010
1101
111
01101010001011111000011101100
1101111
11
0000000
11011
01111110101
0
0000111
11100
0001
000
010
1
1110111
111
111101
111000010
11
111
00
11
1
111
11
1100111
011010
111
000
000
00
1
011
1011
001
11
1
1
11
00
010
111
1
10
111
01
01
1
11
01011
111
0
11
1
10
11
00
110
11
10
01
01
000111
0
11
111
011
011
11
01
10
111
1
000
11
01
01
111
111
0
01
1
1
11
11
10001
101
10
11
010
0
1
11
011
11
110
11
1
01
11
111
011
001
11
00
011
101
011011
01
11
00011
01
1000
011
1100
0
11
01
00
11
1
011
01
11
011
101
11
11
10
1
1
111
011
00
1
01
11
11
101
11
01
101
1
011
0
1
110
10
00
001
011
111
11
1
1100
1
1
01
1
11
011
001
0
1
111
00101
01
0
11
1
01
10
11
111
01
001
110010
110101
1
10
00
011
101
00
11
111
0111111
101011001111
1
00010011
11
1111001
10111
11
11100010000010
110001101
001
1
001101110
1
10001
0011110000
1
11
110100
00000001111
111
11
10
100011
001111000
11110
0001011
111
111001011
101
111
1111111
1111
01010111
1110011
0111
0100
11
1110
11
1011000000
111
1111
111
0000111011
0100
11
010111
10
110001000
111
11
100
01010001
11100000
111
0
0
1
1111
1110
111
0111
0
111111110
1111011
111111101111
1111111111
11111111100
11010101
0111011101101
1111111111
100
11111111101
10111101111
111
0
11
011101
01011
01
11011
0
1
000111
11
1
101
0
111
111
101010
0
0100100
0101
00001
11
111111
11111
110011100111
11101
1111111
111111
1101
1011111
00111
11101111
111010010
01111
10
11101111
01111101
11101
0101
011111011101011
11
10
10
1111111
11111011111
11111
11
1011111
10100111
11111
1111
111011111
1111110
11
1110110000
11
1
11
11
1011
101101
1100111001011111
11111111101
11111
11111101
1011111
11111110001
011111111
111111
11111111
111111011111
11110111
11110011
11110111100110
11111101010111001
1111101
101111111
11111111000
0011011111110110001010000
1101
00
111101101
1011111011
011
1101100
0
0111110111
01111011
111
111101
11011101111
11111111
1011111
10101011
111101
11111
101
11110010
1101011111
11111100
01110
111000000
110110101
011110101
10111010
0111011100
1111110101
011
1111011110011
11
11
10011111
11111
1
11111
0
100111
101
111011001
0011001
111010
111110011111
11111011011011
1101111
11101
101000011
11110000
110010
0111110100110011
0111111
101111001
1111
0111111
1111
11111110010
11010111110
11101111111
11111101101
1011011100011
11111011101111
1111111
11111
110111
0101111
1
111
0111
11
1
10
11
1111
10110101111001101101001101
1111
11111
111111111001
00
1111
101
01
1
10
0010110
110111
01
11
000010
111111101
10111
101
11101111111010
111110011101
00
10011
1110101
1111111
01
111010111100
0101000111000100
11
11100
1111
111
111
111
01110
011
11011
1
0111
1
111
1
10
111
1010
111111000011
111111000
111
100011111111
101111
1
11
111
01
00
1
11
11101111
111111111
1111111
111010111
1111
111111
11111111
00111110111
1111111
111111111111111011111
1111
11111111
0011101110110110110
11101111
1111111
1111111111
11111111111111
111110
1111
11110111111
11111001
01010110111101
111111
111011111
1111011
111111111
1111111
1111111111000111
111111
111
11111111
1111111111101101
1111111
111011111111110
11111111
1011111011011111
11100111
1111111
11111111
11111
11100111110111
11111111
111
1111
11101111
111111111
111111
11011111
11111111110111
11111111
1101101111011100001
111111111111111111
1111011
111111111111101111
11100110011101
1011111
111
1101100
1101111010001
1101111
1101110111111
11111101110100001
10
11101111100001101
111111
1000111101010
11111111111
110111
1111
1111
011011111001000
1110011
1101110
011011101011011011
010100
11110111
11111111
0
011101
111111
11111111
111
111111111
10010111111
1111
111
1101
1111011101101
111
111
01
1
11
10
011
1111111110111111111111
1011100011100
11011111
1
11101
1111
11110
11011
1111
01111
11
111
111
1111
11
1111
111
11111
001
1111
111
0
01
1111111111000
01111111101011
1111
1
11001
111
1110100101011
0011111
110
0
0101
10
01
01
1
11
1
101
1
0
1
0
01
11011100001
01101
0000001110010000010
111
1101
11111101
0101001
1011101
10101101
1111
011
1
100100001
11
1
10001000001
001
011
111
1
1011011
0000
10111
1110
1110011100010000
1
11
1
1
11
11
11
0
1
111
11
1
1
00
0
0
00000000
0
00
11
11
11
0
11
11
01
11101
111
1101
111
1
101
11
11
11
111
111
1
1
01
1
11
11
011
111
111
11
11
11
1
1
111
111
0011
11
111
11
11
111
1011
001
11110
1
1000010
00
111
111111
011
0111
1111
101
010000
0
11
10
011011
11
11111
00000
010111
0111
11
0000
011
11
111011
000011
0111
11111110
1
1111111100
01101
1111
10
11
11111
11
011
111
0111
1111001
0111111
00111
1110000
1
00
00
000
111
0
110
11
011
111
1
11
111
111
11
111
1
1
111
1011
11
00001
0
111
00011
1011
1
1
1111
1100111
1
111
1111
11001001
0
0100
11
111010111
10
1111010
1
111
1111
1111
11
1
11
11
111
011110010
111
111
11111
0111
1101101
1110
0111
11
111
1101
0111
1111
1111
00
111
0111110
010
1010111010011
111
0110000
11100111
101
0011111011
011
00010000
111
111
11
011
11
1101
11
11
011
1011
110
111
1
011
11
1100011000010
0000000000100000
111
101101011
1110101110
01101011
1010101101011011100110001
111111
00
11
11001110
1101
1011111
0111
000111
000000010110010000111000
1111
111100
100111101110
11101011111
1111111111
00011111111
1011111111
11100011
00001110
111
111
0111
1111
1001011100
1111110111
0000101111
110111110
00001111
11111010
1111010
011101111
11111
1111
11
1111011
11100011
1101000
11010011
1111
11011
1010110
01100
11
111
01
11
1
11
11
111
1
1
11
11
01
11
111
111
111
11
111
11100111110000101111110101001101100110000001110110000101000100110000101
1
1000
1
111
1110
000111
11001
1
1111
101001
11101
101
100
111111011
1110111
111011111
11111
11000
11111001011011101
11111111
11111110
000
1101111
1111111
11111111
11111
111110111
111111
111111101111
11111111
11101111
1110110111
11111101
1
10
10
101
01
1
1
1
1
110
01
010111
1111111
110010
1111111
11011111110101111101
0111111
1111001
1111011
11111
1111111110
11111
1111110
11
11100
0111111
111
01
111111
11000
1
1
000
011
1
0
010
00
1
10
1
1
111110
1001101
1111111
111101101011
11111
1111111
11111011
11
1111
1111111
111111
111111
1111111010
1011111
10111111
1111111
01011
00
0000011001
01011
000
011
1
100
111111
11111
111110011011
111111
111111110
111
11111111
1111111
11110
1110110110
1111101101
11111101
0101111111
1111111
1111101111001
1111011
111
1111110
110
111111
111
111
01
11111
111
111
00
1101
111
111
011010111
111
11
11
11
0111
11
1
01
11010011
11
110
1
0
01
1
0
10
1
000
000
1
00
1
111111
1101
1
11
0
0001001
00
0
1
01
11111
011111111
1111110
11001101111
1
1
01
1
010
00
10
10
00
00
10
111
1111111
00
011
00
0
1
1
010
1
1
0
00
0
0
1
1
1
000
1
1
000
000
1
0
000
0
1
1
1
11
100000
1
10
1100
1
1
11
1111
1
001111
11000011
011011
111
1010
0001
111
00011
011110
11
0111
1101
00000110
0100100101000101011
1111
111010101101000001101001
110111101011010
11111101
111011100110100
111111101
1111100001
1101111011
11101
111111111001
111101100001110
01011111
1111
101111011
111010
11111
101101
11100101100
111111111011
1100111
1111
11100
11011
1111011110111
111
0110011
11111
11111
111111
1101111111
110111111
0111
11111
1111111
111111
1111
1101111
111110101111
1111
100001
11
0
0
0
11001111011
111001
11111
110111111
1111111111111010101111
01110111
11111111
111111111111
1111011011
1111111
11111000
01
11111
111
110101101110010
11110111001
011
000
1101011101111101101111001101011
1
111
11
111
111
111
111
011
111
11
11
11
11
111
11
11
111
1
11
111
111
01
11
11
11
1
111
111
11
0
10111
1
000000000000000000000000010
00010
000
1100111
0
1
00
1011
1111
0
11
1111010010
000111
1
011000
0
1101001
000
0
100010111
1
00000011
111
011
11111
1111
11
01
1101
10
101
111
11
1100
11011
11
1111
1111
11111
11011
0111
11
1111
111
1111
11
0
11011
01101011
10111
1
1
0
11
1
0
11
011111
110
1111
111111
11
11110
011
0
11
111
100000000
010
010
11011111101100
0
1
11011111101110101
11011111110111011010
11111
11111
111101111111
11111
11111
001111
0000
0
00000
111
11
11
10
11
011
1
11
11
111
111
111
111
111
011
1101
11111111
1110
00110111011
111110011
111110
1111
111111101111
11111
111111111
1111111
011
11101101011111
1101
1111111101
111111
1111
00001110
000010
1111111111
0000
0000000000000
11110
11101111111011111100
111101
1001100
1110111
111
11
1
1
1111111011111011110
111101101101100111111110111
1101011000110110110010111111
11111111111
1011111011111
111100011111110011
0001111111001111
10110010000000100111100011111101
0111111111001110111111
1110111001101010000011111110110111001011111100000111101101101100111000010110111101
1011101111100101111111
1111110110101
111011110101111101110
0100100010010101101111011111110111100010
11111111
11111101111101011100010111
1011110000111111110110011111
1111
011111111101111
10010111110111110101101111111000111101
1111111111
1001101111
1100111001111111
11
011111
11111
11111
11111
11111
111
111001111
11011
1111111
111111011
111000
1111
1110
1
1111110
111011
1111111111
111111
1100111
111111011111
111
1
01101
11
11110101111000011
1
110
11
10
00100010000
00111011000100001
0111111100
1
01
0011000010
1
1111001110111
01111010111101111
011111
11111011
010110
011111110111001111000111111
11111111
0111101111
011111111111
1101011
1111111
111111
11
11011001101010
1111111
111011
11111001
110111
1
1
0
011110
10011111111
1
111111
110
1
11111110100
1111
111101
001001111
110111001
11011101
101111
1111011
1111
11101
01111
1110101
111
01101111
111
1111011
11
011000111
111
11111
1111110110
1111100
0
11
111
000
01011
011010101
1110111
111
11
00
111
111
11
01
11
0
00
1
1110010111
11
11
00
01
111
000
00
11
00
00
1
01
01
101
0
01
11
11
111101
10
000
11
11
101
111
111
111
10101
111
11
000
00
11
11
111
11
111
11
1
11
1
110
11
11
01
101
11
0
11
11
110
11
111
101
11
01
11
0
111
11
1
11
11111000001
01001100000
111011011
0111
10111001
111
10101011101000101
11101
011011111
111101111000101101
11110101
111111101
11111
00
11101100101
11
1111
111
0
110110010
1
111
11
00
111110101011
100
001
101
00
000
11
11
11
111
11
0
111
1
101
11
11
101
11
111
11
1
11
111
111
111
1
0
101
11000000100010
101101000
11101110000100010
00
01
0
1
01
111000
001
000
11111101000011101
0000000000000010
01111100111000001011000011001
000
11110011111
01
00
10
01000
010
0
0
11
111
110010
01111111
001
0000
0001100000001011000101000000000010000
0
1010001001100011
00000
11
00010101110001000
0
111
0000
000100
0000
111
11
10
111
011
1
111
0011
110
1101
011
00111
111
101010
001011
1
10111011101111111011101
111111
01111
111101111111110011
111001010111000111111010111111
111110111111111001
11111111011111
111
1111011
01111111011101110011
10101111011111101100001100111011
111111111
1111111101
01100011111111
1011111111010110
011110111011111110110011101011011110
1011011
001
1
1101100
10110
11110101101010010111111110111000001011010000000000
1110111011
11
11001110110101
11010011100110111011110111101110100
0110110001001110
10111011111011011111111110111111110001111011
11111110111
1111011110011101
111111
01111011100101111111
001011110011100001010001001000101
11
1111111111111111111
11111111111111111
110111110111111111011111111111101
111110111111110111100111111110
1110011011111111111111001111111111001
1111110111111101001110111111111011
11111110111011110111111
11111110111111010111111010111111
0101111110111
1111100111010111011111111
01111111010111111111111101011111
11011111111110001101011111011111011111011111
1111011111111111010110111111111
11111111
011111111111111
011101111111111111111111111101011011100011100000
11111101
101111111
11101111111011010110111111111110011
11100110111110111011110111111111010110
11011111111011111111101111111
1111111111111111101111111011
011111111111111111111010111
1111011111111111011111111111
01110101111011011
11011111111111110111111001011111010
1111111111111111111111
111011001111100011100011111110011111101010000001001111001001101
011111111001111001
01101
1111110111100111110101
0000010000
11111
0100000111111111111
1
00
1
1
1
1
1110011101111110
10000010000010011110110011101111010000001110111111000111010011101
1111111011111100111110
101011111101110
10000110110101110
000111101011111111010
10111000101111100011111111110010111100111100001
111111101110101111001101010011111111
1111110011001111101001011101011000111111101
11111011011010001100100010100110001010111111111101001111110110000
0011110011111111111110101110001111101010111101
10
1111111110101
111011100111
1001111110110100111111
111000111110
111111011101100000111
0
1
0
0000
11101110101011001000101110
11001
1
0110
1111010100
0111110111
011111111111111111010000111111
11011110111111111111111100111011
010110000011010000011
0110011111111111110111000010001111101110011
1001111110111110001
1111111110111111001111
011
111101100011111101011111
10011111011011111
1101111000011011101
11
1
11011101001
1
0100101110
11
1
0
1
1
0
0
01
1
1
1
1
1
110000110
00
111
1001
11
10101100100011
10100011111111111111111110101101111111111100000
11110110001111110100110
1
1111110111101011111111111111100111100
000000010011101110
00111111111
11111110100111
000000000000001000000110110
001100111100111100001111001111001110000001011011101
110011111100010011
01001100
01
111
110
10011
111
00
000111101001011
10
1
00
00
1
1
0
1
1
01010101100
110
000
0111
10001101
00100111101111
0101010110000111
1111
111
1
1
1
0
1
1
0
0
1
1
1
11111011111111
101111111
11100
111111000
0
100
111
11
01
1010011
11
0
111
011
01111
1111
01
011
00111
1
1100100100000
101011101110001
00001001100011000101
1111011110101100011
11100
0010001
1101101100
011110110000
0100
11011
1110110
00000
1001
1101
00110
111001
00100001110
1101
0
1
11
01011
1110
00111
1111
0001
0
1
111
11100010
111110
1111
111
111
11
0000
1111
11
000000
1111
011
111
0110
010111
11
1111
111100
11
111
011
101
111
11
1
11
111
111
01
11
1
1
0
111
10111
111000
11
11010
11
110
111
10111
10110
1111
111
00
0011
111001
11
01110
1011
0101000
1101011
0
1111
1111011
11
111
11
110
10
11
010
110
100
0
010
101
000101
1111
00101111100101
00011000010
1
110
11
1
100
1
11
1
10
01
1
10
1
111
11
10
1
111
111
11
10
11
111
11
10
11
10
11
11111111101
011111111011111
11011000
11101
1101111111110111100
1111
11101
101111111
00011
111011
011
10101
0101
011100100
011110110111111110
1010011
1111
11
1
11111111111
1000
0000
100011
0
11110
01
1
11110111111111
001101
011
001000100110
100
11111111
0001100001
11111
11011101
11111
1111
111111
1110011111
11111010
011101111
111100
0001101111000
1
11
11
0
0
111111111111
101
11
0101
11
10
00010
0
001
000
011
10
000101
00
01001101001010
000
101
1111
0010
0
1
11
10
0
000011
1
11
0
1
10
110
1
00111
00
01
0
11111
1111
11100011101
111111
0
11
0
1011111
11
1100
011
01
11
0111
000
1
0
0
0
0
1
0
0
0
1
0
0
0
0
10
0
0
0
0
0
0
0
0
1
0
1
0
1
0
0
1
0
1
0
0
0
0
0
1
1
1
0
0
0
0
0
0
0
111
111
111
111
1011
01111
111
11
111
111
11
11
1111
1110
11
11
0110111
101011011100111
111111
111
111
11
0111
0
11
1
11101
111
111
1
111
000000
11011101001
00001110010101111101000000000100000110110
1101
111
000
101010
110
1010111
1
10101
01
1
01010001100000101010011001010010
1
11
0
01000101010100001010110000010000000010110100000000000000000001011000000000000001
0
111110100110
1
110
10010
0111
11
11011
111110011001110
111
11100111
011
0
1
01
1000001
111
11
11101110101011110
11101100111
0111000011101000
1
10
1
111
111
110
111
00
11100
011
011
1
0111
11
111
010110101
11011
1011
1111111
111111
1111111
1111111111
11111111
10110111
11110111
1111111
11111111
11111
1
11111101
1101111
11
0
010
11
0011
1111111111
1111111111
111111
0
0
10111111
0101110110
1
1
0
00000110
0
11111111
0
0
0
0111
0
0
11010010010011100
0
111111
111
101
1111111
11111111
111111111
1111111
111111
01111111
111101111
11111111
111111101
111111111
11
1
1110
0111
01000
1111111111
111
0110101
111000
110111
1
1111
1001
11111111
0100
111101
00
101011
10
0
1
1
1
1111110000
1101001
001
010010010
00
11110
111
11
111
11
111
111
11
11
11
111
11
111
1001
101
1011
1
1
001
1
111
110
11
00
011
111
111
111
0111
1011
1
0
1
111
10
1
0
011111
1110111110111111
10100
111011001
1010110111011110111110110111
01
1111101010
11
111100111111111001
101111111001
100000
1
0
11100000000000
1
0101001
100
01
0
000
1
101
101
11
11
110110
00
110
0000
11
001
00
00
011
1
000
00
011
011
11
0
1000011
0011
0
1110100101001
110
111
1
00
00
11
111
111
11
111
1
1
1
1
0
1
0
1
1
1
1
1
0
0
0
1
1
0
1
111
1101111111110
1
100010011
001
11110
0
11
1
1
11
1101
1
11
011
11
1110001
111110010100
1
0
0
01111
11
0111
11111011
111
111
11
0
1101
0
11
00101
0
11
11
11011111010110011
111
111
0
001101000111111000111011000001010
1
0111
111100110
111
111111000
0111
11
1101
000
0101
0010000110100000
110011100
0
11
11
111
1110
1111010111101011001110
111
11110110101
0
00
10
0111
00
111
011
11011
00
00
10
001
1
111
0
1
0
0
00
0
0
0
0
0
0
1
0
0
0
1
0
0
0
0
0
0
0
00
0
00
01
0
11
0
0
0
0
0
0
11
1100
0
0
0
0
0
00
0001100
0
0
0
000
011111
