10111
111
1100
11
11
110
1
11
11
111
11
1
111
111110
110111
111
011
01
1
111
1
0111
1
11
11
00111
111
011001
1
011
111
1111
11000
111
11
111
11
1011
1110110
0101101
111
111
1110110111
1111
11011
101111110
100011111
11110001
1111
1
11
1110
0100
111
11
111
111
1101
11
11
1101
01
0011
1
111
010
101
1110
11
1
111
111110111
1111
001101111110011
11111110
011101011111
111101111
111
111
11
1111
1
0
1111
110
111111
11111
1111
11111100110111111
10101111
1111111
11111100
111110000000101
111111
11110110100110111000110100
00110
1111
111110111
010
1111
111011110
0
11101111
1111
111111101
1111
101001110111111
10110101111100011101010010
110110110001000
11111
1111001111111101
1111000111001111
1111
1111101
1111011011110
1001111111010111001001110
010001111100
101111
11111
1110100111000101111
11111
111101111110100
111
1111011111
011
11111111101
11111
1111110101111
001111101011
11111101110
11111
111111
111111
111111
1111
1
111111
1
111
0
1111
11111
111111
1
011111011001111
1
1110111
1
111111
1
1111
111
111
111001111001
011
1110
01
11001
11
0
0010
1111
0101011111
1111
1
1111111
0
001
1101
0
010
1111110111
111111
1110111
01111111
111100100
0111111011
01
1
1
0
0
0
11101
111111
11111
1
111100
001101111111
111101
111
0
011111
1111111010
11111
0111110111
110111101010
1111
111111
111111100110001
0
11011110
1111
10111110111010
11110111
11111
11010111001
1110111100
11111111110
0
111101111
0
0101
0
010
1111
1
110111110000
11111
111111
1111
111111
111111
1111101
1111111111
11111
1111
111
1100
111
111111
1111
111
1
1111111
111111
11
0110000
1111011110
01111111
0011
11
11111111111010
11110101100100
1111
11111011111
10111
01011101
11
101
11101
1
0
1111111
11111101000
11111011
011
1
11101111
0111
010
001
111
11101111111
01111111011
1111011
11101010111010
11111011101
11101101111
011
111111
111111
1111011101
1111011101111
111
1111011
111110111100
111111
11110110101100010000010
1111111
11100111011111
1111111
100
0101111111110
111101111101100110
1111
011111
101010110
1111
111111
11111
111101
11110100110
1110101001111001101
111010
011011111
111110101111011101
111111
01
1111
0111111
11110011100011100
11
111
111
0
11111
01111111
111101011100
111111101111
111111
1111101110111
11111
11111
111110
1111
111101101
111111
11111
111
01011111
0111111
1110011110
1111111111
111111
111111
1111110111
11111
11111111
1111
11111
1
1111
0
111111
11101111
1111111
11111011011000
111
111111
101111111
111111
1111
1111
101111111011
0
0101110000001
111110000
0
10111111
111
11
11
11
11
1111
111
1
0111
11
111
1
111
1
1
11
11
111
11
111
00
11
1
011
1
111
111
11
011011101011
11
1111
11111
1111
0
1
0
0111
11011110
11111
1111
1
0
111
11
111
0000
0111
101
01
111
1
111
1
1
111111
011
0
1
111
111110
111
11
1
11
11
11
111011
111
01
011
10111
1100
111
0111
011111
11
110
11
01
101000011
1
111
111
111101101
11
11
0111
11
111
11
01101
111
111
111
101
01110
1
1011
01
11
011
11
110
11
1
0111
0100
11
1110
111
1
11
1
1101
11
101
100
11
0111
11
11
1
101111111
011111
1011
11111
111111
111
001001
1110011
111101
1111111
11111
111110111
01
01
111
1111
11
01111111110111111
101
1101111
11111
1
111111
1
11
11000011
1100
111
111
111
0
1
1
10111
1
10
11
110
1110
11
0111
111
111
1
111
010000
111
111
111
11
00000010
111
111
111
011
110
1
0111
111
111
1
11
111
111
0111
111110
11
11
10
111
011
1
1
11
1
1
10111
1
111
111
1
0100011
11
10100011000
111000
1
111
1011
111
11
111
11
11
1
0
001
0
1
1
1
1
1
1
1
1
1
1
1
1
0
1
1
1
0
1
1
1
0
1
1
1
1
1
1
1
1
1
0
0
1
1
111
1
0
1
0
0
1
1
1
1
11
110
101
1011
01
111
1
011
01011
10
011
1111
111
00
0111
111
0011
01
11
1101
11
111
1100
0111
11
11
1
111
111
111
1111
1111
1
11
0
1
110
0111
11
11
11
00
101
11
1110
111
111
111
1111
11
111
0011
0
11
11
1101101
111
11010
11
111
11
1
111
011
011
1101
1
11011
11
111
11
11
11
1011
01101
11100011
10111110111
1
11111
0111001
000000
01
111
11111111100110100
1110110
11111011
1111011
0111
11111
0001
11111
11
11110100101
0
1101101000
111
11110101000110
1110011110011
111110111
101010
1111
000
0
011
11110100001000000001
11111
111100
1100
0111
1
1110111
111111
011111
11111
111111
1111111
1111
11100
1111
0110
11111
111111
001111
111100
111111
1111111
00
11
011
111
111011
11111
11111
11110111
11101
11111
111
1111
01101
0000000000001
111111
1111
111011100111110111
000
1111100111
101101000111000000111101101
00111111101111
111110111
11
111111
1111011001
1111
111
111
111111
111001
1111
111
1111
1100111
011
0001111
111101
11011011
11
1111
111100
111111111
1111
1111
1001111
11
11111111110011100
111
1111
001
11100
111101011
1111111001111
1111
111111
11111
0111
1
11010111101
1
0111111100
10111
11111
11111
10101
111
110011
1111100
1111
111111
111111
1010111
111111
1011111011
100111
11111111100
111
111111
111111000011111011
1111
11
11111
11111111
11111110
1110011100
11011111
0110011
111110111110110011101
111111101
11111101111
111
11001111101
1111
1111111
1111010
11111
1110111101
1111
10110111
11111
111
010111011000
1111111
011111
11111
111
111
1111
1111
111111
11101
111111101001
111101
1111011010
111110
11111
111
1011111
11111
11111
111111
1111
11111
11111
11111
0111
1111
000111
1111
1
0111
1110
1110011101001
111000
1011
1011
11
1101
01
11
10111
1101
0111
11
00
0111
110101
111101011
110111000000011
111101
0000000011100101
0001101
1111101101
0100
111111011
10100110111
0000000000111000110001
000111111001110000010
111111
11110110000001100
11111
111101100011000
11101111011
11111111100
1111101110
0001
11
101
11111
11111
1111
1111
10111
001
11
11
11011
11011
111
11111111
1111111
111110
11111
11111101001
111111
111111101111
11111101
111111
111111
11101011001
1111100
1111111
11111111
111111
111
1
011111
1111100011
111110001110111001011010011
011001111011100001010
011111
1110111
1111
1101111110
1110010111101111
0111111
0101101
1101
11111
1111111011
111101111
0111
11
011
111
110
1
11111
1011
11101111
111
111101
11111
10101
11010100
1111
111100
1101
11110
1
11111001111
111111
0111
111111
11100000000000000000000
1110
11
11111
1111111
001111
1111
11101111001010011111
11101
11111101110
1110001111000011111
11111100110
11100
011
111
111
0110110000000
101
11
11
11
111
11
110
10
101
111
111
110
01
11
111
011
1
110
111
101
111
111
0
1111100011101
01110011
11111111
11111101
11111010001101
1101
1111
11011110111
11110
0111
1111110
0
111011000111
111111
0111111100
011111
1111100111
00000011
111111110
0111011101111
111
1110
11010111
101011
10111
1110100
1111011
1111
1111111
11
11
1111
11
11
0111101
111111
10101110
11
00
1101
011
011
0
11111
10
11111101
101011111
1111011
111111001
11
10
1111
11001
0111
111
1011
0110001
1111
1111
111110
11011
1111
111
11111
110
100111
111
10110011
11111
0111
11
110
0001
111
1101
11111011
110111
11001
1111
11
1110
1111111
1111
110101011
111111
101
11
11
11
01
1
1
11
11
1
0
0
1
11111111
1011
1
0
1
11
11
1
11
1
1
1
1
1
11
1
11
1
11
11111
1
11010001
1
111
11
1
11
11
111
11
111
1011
11
1
11
011
111000
11
0111
1
1
1
0
0
1
101
1
1
1
011
1
1
1111100001
11
111
0011
1011
11101111
11101111
11111101100110001101
110111110011110001100
1111
11111011010111
0011100111010000000000000
0111111001000
110111110
111
11
111
0111111
1100110
001
01
11010
111
111
111
1111
0010110
10
1
1
00
0
1
1
0
01
011
01
1101
01100101
1
11
110000
11
1
1
0
1
1
1
111111111
1111010111011001
111111001101
111111100011
1110111101110001100111
1110
1111111100010
111011111001
11101110111010001100110
11111
00111
111
111
11
11
111
0111
0111
111
1
1000111111
11111
10011
101
1
11
01000000011
11
11
0111
10
10110101
0
100
1
011
0
1111110
1111
1110
1
11111
1
111
111
111
11
11
011
11
110
10111
11
11111
1111
111
11
111
111
111
1111
111
111
11
1
111
10
00000000
0011
11100
111
111
11
11
1
111
111
111
111
111
101
111
11
10111
011
11
1
1011
00
111
110111
1101
111
11
11
11
11
11110
111
111
1011
111
11
01
1111000110000
111
01
111
1
11
1
11
0011
1100
111
11
111
11
1
11
1
011
11
1111
11
11111
111
111
11
11
11
111
1111
11111
1111
111
11
111
101
011
1
01
111
111
11
1100
0
0
0000000111
011
1011
0111
1
11
111
01
111100100000
0111
11
011010001
11
11
111
0111
110
111
01011
11
11
11
11
0101
10111
0111
1
11100000
1
111
11
111
111111
1
011
011
11110
111
001
111
1
1001110
111
11
0000001
1
111110100000
0111
11
100111
1
11110
011
1
11
11
1
1
1111
10
111
111
111110
10011
11
111
111
1
0010111
11
1
1101
111
1101111
11
111
11
0
11
111
0111
100001
111
111
11
01
0111
0111
111
111
111
00111
1
01
111
111
0000100000000
1
111
0111
111
0011
111
11
01110011
1
001
1101
111
11
1
01111
011
101
0011
111
11
1101
01100
11
11
1
00
11
0
11
1111001101
101011
1111110
111
111
11110
11
111101
11
11
111
11
1
1111
11100
11
111
1111
111
1101111
110
111
1
111
000
01111
111
1
1111
1101
01111
0
101011100111100110100000010100111001
111
11
11
111
11
01
1
0011
11101
11
111
111
10111
011001
1
01111
1
111
110111001101
111100
11110101110
00000000000110
0011011101000000001100
111100
11110101001101101
011
01110011
0000000000110
000
00
10010111
00000000000011010
1110010001111001
111111000001010011
00000000001100111101
01100100100
111111
01
11110111000
1001010111000100
000001101
1111000100111010110010110
111111011
111100111
111110111110111
11111
11111
110111111110
11101101101011
1110
111
111111100
111111100100
011101111
101110101
1111
110111
101111000111
111111
11111
0101110
11101111
1111
111111
10111
110111
111
1111111
0111
101111
11
111
11111
0111
11
01
11111
11
111011110
0111111
0111
11110001111
111
1
0111
111
1111
11
011111111
111111
1111111
11111
11111101001101110
111111
11111
0111
111110
11101111001
1111
1001111
101110011111
111011111
111111111
0111011111
11111
0110110100011011110011
10111101
11111110011111101
1111111010
1111011101
111
011111
11110
11110011
1111111
11
11
1101
01
111
101
1101
11011
111
111
01
11
11
10101
0000100011
1111110111111
011111
1110
11
11
111
01011
1100101
010001
11
0111
111
11
11
11
11
111
1
11101100
11
101
11
111
0111
11
11
11
11
111
11
111
111
1
11
1
1
111
111
11
11
11
001111
11
111
1101
1
11
11
111
111
11
11
1
11
1110
1
111
11
011
11
111110
1
01
011
111011
11101
11001
111
11110
111
11
011
101
01
111
11
010
011
101
1
1
0
01
1
10
111
1
11
011
1
11
010
0
11
11
1
10
11
111
111
10
1
1
1
111
11
10
11
111
011
01
00
11
0111
111
111
11
1
111
11
11
1
1
111
0111
11
1
11
111
0111
111
111
01011
11000
0011
11
00011
11
1100
1
111
110
111
0
1011
11010
11
01
11
111
111
11
1100
0111
011
11
111
1
01011
111
11
011
111
1
111
101
111
111
11
1101
1
111
111
0010
1
0111
11
0001
0
011
11
1010100
0011
10100
0101
1
11
111
1111111
011100110111101
1110011011
110011011101
1111
110111111
01111111100001
111111
111111
1111011
111011011101011101011
1111101111010001001
10011111011001001110
11101111
001111
010111001101001110110
1111011110
101
1101
11011
1
11
0
1100100
111
1110
11
01110101
110
0111
11
1111101110
1001011111
100
1110011010111110011111
011
1011
110011101100111001
1111110000101
011
11
101
0111111101101
1101110001
111
10
0011
11
1101
111
1
111
0111
1
111
1
1011
11
11
111
111
111010
111
1111010
111
11
100
011
1111110111
11
111
1
01111111
11111
0101101110100
1111101110100
111110
1
111
111
111
111
1111100000
1111100100010
11101100101
000000111100101111
1111011
1111100
11011
111
011
1001
1
00111
011
1
011111100
0111
111
1
11
1110
11
0000000
0001101000
00000000
000001
1000000
000000
01
0111100
110111
1110110
00010001
11
0000001
0110010
110101
000000000
001
1011100010
010101
000
00001
111010
01101
111
1110
101
00
0111000
001100
0
0
0
0
0
1
00
00
000000
10111
11011
0
1
1
1
0
1
0
0
1
0
1
1
0
1
0
1
0
0
1011
00
111
0
0
0
1111
111
1
1
1
1
1
1
1
1
0
1
1
1
1
1
1
0
1
1
1
1
1
1
1
1
1
01
1
0
0
11
0
01
1
000
0
0
0
0
0
0
1
0
0
1
0
00
1
11
1111
01111
11010110
111001000
00111
11
001
1011
01
111
110
111
0111
1011
10
11
111
1011
1101
11
1101
0
11
1
11
11
1
01111
111
11
00
0
11
0
11
1
0
1
1
1
010
0
00
0
0
1
0
0
0
0
1110
0111
01101
011
111
11
1
11
11011
11010
11
11
1
10000101
1101
1
0
1
11
11
111
011
11
1
1110
01
111
11
1100000
11
11
0101
111
11
0
0111
011
1000
0011
111
111
0111
11
111
10111
11110
111
11011
1110
11
0111
11
111
1
1
1011101100
111
011
111
11
11
11
11
1
11
0
01111
01
101
10
0
00
1
011
11
110111
11
1
111
011
1011
11
0100111111000101
001
111
11
1100
11
01
10000
01
11
1
101
110
111
1101
111
11010001
1
1
111
11
1
11
111
111
11
11
1111
1
011
11
11
11
011
111
111
11
11
111
11
01
00
0
00
0
00
0
00
00
0
00
0
0
00
0
0
0
0
00
00
0
111
1
00
0
11
1
1
00
0
1
1
10
0
01
11
11
110111
1
10
11
1
0011
00
0111
111
111
111
11
111010
011
111
1
110
111
111
111
0
1
111
111
0
111
0
1101
1
1
111
11
1110
111
01
1
1
11
011
1
111
11
1
1
