1
1
0
1
0
0
0
1
0
0
1
1
1
0
0
0
1
1
1
1
1
0
1
0
0
1
0
1
0
1
0
0
0
1
0
1
1
1
0
0
0
0
00
0
0
1
1
0
0
1
0
0
0
01
1
1
0
1
1
1
0
0
0
1
1
0
1
1
00
1
00
1
1
1
1
1
0
01
0
0
1
01
1
1
00
0
1
1
1
0
1
0
0
1
1
1
1
1
10
0
1
1
1
1
00
0
0
1
0
1
0
0
01
01
11
00
0
111
10
11
01
101
00
0
0
0
11
11
0
1
00
0
00
00
11
000
1
11
1
1
01
001
00
0
110
1
01
11
0
1
110
01
1
111
10
11
1
00
01
1
11
11
01
1
1
000
0
101
1
0
010
01
1
01
10
10
10
01
11
0
00
0
01
101
11
101
0
110
1
01
1
0
1
0
00
1
0
1
000
1
0
0
0
1
0
0
11
0
0
0
0
00
0
0
00
1
1
00
00
0
0
00
11
00
10
10
0
11
0
1
1
