1001110
1
1
111
111111
1
1111
1
1
0001
1
11111
111111
1111110
1
0011
1
1
1
1
1
1111111
1
01111
11111
100111
111011
1
1
001
111111
1
11111
110
1
1
11111
11111
011
0
1
110
1111
01111
1
11
1
1
1
1
111111
1
1
1111
111
111
101
11111
11111
11010
011111
110
11010
1
111101
1101
1001
1
1
01111
1
1
101111
0
1
1
1
0111111
101
1000000
11011
01111
1011
11011
1111011
1
00
1
111110
011111
1111
1111
1
1110
1
111011
1101
1
0
1111
00100
00001
0
1
111011
01111
11
0
1101
1
1
1111
1
11111
111111
1
0
11
0
0
1111
11
1111
1110
1
1
1
1
11
0
1
1
1
1
0
0
0
0
0
0
11
0
0
1
0
0
0
111
11
0
0
0
1
1
0
0
0
1
1
0
0
1
0
1
1
0
1
1
1
0
1
0
1
0
0
1
1
1
0
0
1
1
1
1
01
01
1
1
1
1
1
1
1
01
0
0
01
0
00
1
0
1
1100
111111
011000
11111
111100
1011111
11101
11111
11111
01011
110011
1
0
0
0
1
1
1
010101
1
11111
0
1
1
0
0
1
0
0
0
0
0
0
0
1
0
0
0
0
1
0
0
0
0
0
0
1
1
0
0
1
1
0
0
0
0
1
0
0
0
0
1
01
0
01
1
1
1
1
0
0
0
0
1
1
1
0
0
1
0
0
1
0
1
1
1
1
1
1
0
0
0
0
0
0
1
0
0
0
1
0
1
0
0
0
0
1
1
01
1
0
1
1
11
1
0
0
0
0
0
0
0
0
1
0
