01000
1111
00100
11111
111111
00
01100001000
011111
11011001101
100101
0110
1111101
0001100
1111
101
11100
1010
111001
0001
1101
0111
0000
111111
01
11011000101
0100110
111111
100100111001
111111
10011
0
00100
111111
1010
100100
1001
101111111
000101
1100010100
11111
0
001100
1111
1111101
11
00101
011000
010010
0111
11111
001
110
0111
1011
011001
1110
11111
01111
111
01010100
011
1001111
111111
1111
1111111
0110
1111111
1111
000011
111101
000111
1110111
00011
111
111100
011
000111
111
11110
111
11
1110111
101011
1111
101111
10111
1110011
110011
111
110011
1111
1110001
111
11111110
110111
1111111
101110
1110000
00111
11110111
1111
01111
11111
1111
1
0011111
11
11001
1010111
1111111
0101111
011111
10011
1111011
100011
11110
10011111
11111
1010111
11001
0011111
1110101
0010
1011111
1011100
011
110111
111001
01111
1111010
0011
110111
1111111
10111
1111101
00110
11110000
0111
1100
1111111
0001011
11110010
001111
1101100
0111111
100
0100
1
110111
10110
1111001
10111
1110011
101011
10
1111
1011110
111
00010
1111
10111
111111
1011
111010
1101011
111110
10
0111
1111
111111
01110
110110
000010
01
10101
11101
1110010
111010
11111
111111
001111
111110
11001
1111
111
101
1011111
11110001
100111
000
1100
011011
111
111001
1001111
1111001
1111111
1
11101
0101011
0111
01001
00001
1100011
011
1101111
11111
110011
11110110
010111
10000
111
10011
11
1101
110110
110011
1111000
0100
111
111100
101
10111
111
11101
10011
11001
11111
1111100
0111
111010
010010
011110
0011
01110
110011
11111
00111
010111
11111111
11111
111
1011
1010
10111
10111
11111
1111
11111
11111
0011
1111
111
1111111101
11100
11101
111011
001011111111
11111
11110
1110111
0
11110
111
111111
11110
1111
011101
111011
1101
1101
0110
0110
0100110
11001
0100001
0
0
1
1
0
1
1
1
0
1
1
1
1
11100011
1001
111111
111111
10111111001
111
1111
00100100
11111
0
11110
0
1111
011100
1110010
001
00111
0
1
0
1
1
1
1
1
000111
1
1
0
1
1
1
1
1
0
1
1
0
1
1
0
1
0
0
1
1
1
1
0
111
00110
0111001
11111
0111100
001111
01110
110110
1111
00
0
0100110
1011110
1111000
01111
1110
1100011
10110
1
1111
101001
01111
11
1101
0100
111100
00000
1111
01
11100
1101100
010100
0
11
11
111001
11
0
