0
1
0
0
10
0
10
11
00
01
0
01
10
10
11
11
1
1
0
01
1
10
11
0
11
11
00
11
11
1
00
1
00
11
11
0
0
1
0
00
0
01
00
1
0
00
11
0
0
0
1
00
00
0
0
10
0
00
1
0
11
0
0
00
00
00
0
00
11
1
0
1
00
00
1
0
0
00
0
10
11
11
10
0
1
00
1
01
1
00
1
0
0
0
00
1
00
10
01
1
1
00
0
1
00
00
1
1
0
00
00
00
00
1
0
11
1
0
0
0
0
0
10
00
00
11
11
0
10
0
1
0
1
1
0
00
01
11
11
000
110
0
01
101
011
11
01
01
101
000
11
0
0
000
00
101
101
1
1
00
000
110
0
001
0
111
1
01
10
01
101
011
00
01
00
011
000
11
11
00
111
100
00
00
000
10
00
111
010
111
00
00
11
00
00
11
0
100
00
0
10
011
100
0
11
0
00
111
001
111
001
0
0
1
1
0
0
1
1
0
1
1
1
1
0
1
0
0
1
1
0
1
1
1
1
1
0
1
0
0
00
0
1
00
0
00
1
1
0
00
1
0
1
0
00
0
00
0
10
0
00
0
00
00
0
0
11
10
00
0
0
0
0
0
0
00
1
0
0
01
00
010
00
0
0
0
00
00
00
0
0
0
0
00
0
00
0
0
00
0
1
1
