10011101
100
1010101
111100
01001111111000
00
1111111111
1111001100101
00000000000000
111111111
1101101111111100101101110111
0000110
11111101111
1000
11100100110000
11011010001111
111110010111001
00
0
11111110
110111010
1111011001
1111100111110111
10
010100000
1111111111001
1001100111000111001
11101111111100011000
11
111111011110111111
1111101111101111111101011100
01111011111
1111111100111
11111111
111101110110001011000
1111111011
11111101
1111111011
0100010001100011000
000110
00000000000001000001
1111101111000
10111111110111000011011
0
0110100110001001
10
11011000011011010
11
1101111111101100
11111111
111111111111101
1111111
111
000111
11110011
011101101111
11110111111000
100
101011100
0
01101111
11111010111111
1101110000000
011
001110
1111110
011111111110100101
111111111111101001
1101101
01111111001101
11101111111100
101110100111011010011101101011
1111001
110110001
011010011111000
1
1
1
0
0
01
0
0
1
1
1
1
0
1
1
11
1
1
0
1
1
1
01
1
1
0
1
0
1
0
1
1
1
1
1
1
11
1
0
0
01
0
01010
1
1
11111111
010
111101011
1111110011010001
111001110101
11110000000
00011
110010110111001001011111
00
11111110110111000
11111000110001
101010110001011
11110011111110
11100111100001010011
10111001
111110111110111111
1111
010000
011000011110
1110011111110101
11110
0
1110110001000000
111101
111011101110000101
10011111111001
0011110011111001000100000000001
011110111101
1011100101111011
11111111100
010001001111000
0
0011000
011111111000000000
11110111010
11111110001
111100110101
011111000010
11111011
110111101
111101111
1111110101
1111111011010
11111111000
11110111
0100001111011100
111111110111100100
1110101
0
0111111111101
1
0
0
01
1
1
11111
11110111101111001110011110
0
11000111111011010101
101111001110111
1101001110101101000
0011000
111100110
111111
1
10000111011101010101
10
011000011110111011
100
00
011111110110100
111111111
111111101
00
011100100
1100
0001010001001111001001000100101010100
0
00
