1
1
1
01
11000
111
000
1000
110
1
010
1
1011
011
00
01
1
0
00
010
10
0
010
00
1
011
01
11
11
1
1
1
01
00
111
11
01
011
11
0
00
010
111
001
1
1
1
00
010
0
01
1
0
10
1
1
011
10
0
1
1
010
00
11
001
01
1
10
011
1
001
1
1
10
001
11
00
11
0
11
110
00
0
1
0
01
011
0
1
1
10
011
011
111
1
111
0
11
0
00
111
1
111
0
0
011
110
01
1
10
11
010
010
11
01
0
0
1
1
0
11
001
00
1
111
0
11
1
01
00
0
0
000
111
101
01
001
111
11
00
1
0
0
0
000
100
10
1
00
10
0
1
10
10
11
0111
01
0
1
111
1000
0
1
000
110
0
1
101
1
01
0
1
0
0
1
1
0
0
1
0
0
0
0
0
0
0
0
0
0
0
0
0
0
0
1
0
0
0
1
0
0
1
0
0
0
0
1
1
0
0
0
0
0
0
1
0
0
0
0
0
1
1
0
1
11
111
10
11
0
