1
110100011100001
0011
111010
000
0
0
0
101110
000000
0
000
1
1
1000
11100
1
1
1
11
000
0
0
0000
00010
1
00000
011
01010
0
1
1
0001
1
1
0
00
1
00
11
00
0
0
1
0
1
00010000
1
10
0
0000
0111
0001
1
0
0001001
000
1
011001000000
1011
1
10110
1
11
000
11
011
11111
011
000
1
0
10
011
01
11
00
1010
00
10111
11
1011
111111
11110
011
1
11
1
111
110011
111101010
11111010000001
1
110110
101
11
001011
111
11110000
011110011010
11
0
11101
1010111
11
01
111
011
1
0111
00110111
11100
1
101
111111
00010101
111000
111
01111
10
111100000000
0000
110100
110
111
11
1
1111
11101001
11
00
111
111111
101000
11
111
1
111
00
1
11111
11
0
110
1
00
1111000110
11
11
10010
11
111
01001
0111011
1
1111
001
111
11
110000
01
00
1
110
01101101
01111
1
1
101
0
1
1011110000
0
000
111001
00111
1
01
1
10000
111111
111011
011
0011
0000000
00
1
11011
1
111
0001011
1
10111
1
111
1111
11
111
11
10111110
111
0
111
01100
10
01
1
111
11
0011
01011
01
1
1
00
00101
1
1
100
001
11
0
0000
11
1
0110111011011
011
11
11
11011
00
111
1
00
11
0
000
1111
1
0
01
11
00
0111
01
0
11
0110101
11
1
11
1
1
1111
1000
10
0
11
1111111
1
11
111
11111
1
00
11
10
000
1
10
11
111001
1
11
1
11
1111
1
1
1
11
11
0
00
0111
0
1111
11
0111
1
10100
0111
11
01
01100
111
01111
1011
0111
1
1
10101
01111
1
01110
01101
1111
11
1
1
1
1
1
1
1
0
11
111
110
11
11111
111
11
1
00000111
11
01110001
0
1110111
0
1
011
0010
001
11
11
00
1
1
00
1
0000
0
1111011
110
1
1
0
11
111111
0
1
1
01
111
1
1
10001
001
00001
10111
0001
01111
11
11000
01
00
01
11
0
111
0
1
11010000
00
1
11
0
0
01
0
01
101
001
01
1
000000
01
0
0
0
11
11
1
01
00
1
0000
1
0
11
0
01
1010100
1
011
1
011
11010
1100111
00
11
111111
1
1
100
0
11
01
011
100110
11100
100
001111
00
01
0011
11
111
001
1
0
0
10
0011011
0
11011
011
111
11
101
1
011
0101
1
11111
111
1
101000
0111
11111111
00001
11
001
1
00
011
1
100
111100111
11
01
11011
1
111
1111100
01
1100
11101
111011
1
1011011
1111
011
00
0
1
1
11
11
11
10
11
010011
11
00
0
1
11111
000000000
1
001001
01
1
0111
01
0
01111
111001011
1
1
101
111
0
1
01
10
0
11
0101
10111
1110
1
101
00
000001000
0
0
00
001
11
0
0
1
01
01
00
1
01
001
110101101
11011001
111
0
111
101100
1111
00
0101
0
0
00110
1111
11
010000100000
01
1
11011
01
0
111
00111
10100
00100
0
1101000
1
110000
1
10
1
11
1000001
1111
0
1
0001
101111
11
11101
1
11
0000
1
01011
110
110010
1
001
11
1
1
11110011
0
101
11011
1110101101
111100
110101
00
10
010
000
00
1
1
11000100000
1
110
10
00
0
1
1
11
0
1
11000
0
1
0
1
1011
0
1
1
01
1
0
0
11
0
00000000000100000000000000000
1101
1
1001
1100
0001
0
111
1
1
01
00
011
1100000
0011
011
1
1010
001100
011
1
0111
1
101
01
11
00
11
001
11
0001
10
0011011
0
01
1
1110
1
01
100
11
0111
1
0
0
11
011
0
01
1
1
1110
1
011
01
101
001
0
0
1
001
11
1111
0111000000000
0001
11111
11
1
01
111
0100
0
01
011
0
1
0
0
1011
11
111
1
11
110
1101
1
1
0
11
11
1011
0111
11
01
0110001
1
0
0
01
0
11
00011
111
1
10
0111
0
011
0
0
00
0
00
101111
11
1
111
0000000
1
110
01110000
1
11
11
0000
1
110
111
01
00
0
1
011
0
0
11
1
1101101
11000
11
00
000
1
10
011
00111
11
11
1
11
11
011
11
0
1
0
0
1
011
11011000
1
001
011
00
1
11
101
1110
1
000
0
11
11
1
1
1
100
0
001
0
00
11
111
01
1011
11
110
111
01
0111
1010
00
01
0
001
1
0
0
0
1
0
0
1
01
1
100
1
1
0
01
00
1
1111
000
000
000
00000
1
0
01
011
111
011
101011
10
0
1
0111010001
000
0000000
11
00
1
01
010
0
101
011
1
01
1
1
110
0
0111
0010
10001
1011
000
1
1
10
0
0
0
1
1
11
1
0
1
1
1
01
1
110
1
11
1101
10111
01011
000
0
100
011
1
1
100
0011
1
001
111
1
011
0
0
1
11
111
1
00011
111
111
0010110001
111
0110001000011011
1111
000
11
1111
1
0
111
01
01101
01
11
11
11
1
1
1
1
1
1
011
01100
1
01
0000000
1
11011001
00000
0
11
101
1
00000
1
1
01
1111
1
01
00111
0
100
0100
1
1
1
0
0
1101
001
011111000000000
1
110
0
101
1011
110
1
11
01
1101001
0000000
0110001
0111
11
0
000
1
0
11111
10101
0
11
1
1
101
1
0
1
1
1
111
0
1
1
1
1
01011
111
11
111
1
01
1
01
0
01111
11
11
110
111110000010
111
1
111
0
1
1
01
101
11
01
11
111
011
110
11
010101
1
11
00
01001
1
1
1
11111
11
11
11
1
10111
1011
111
01111000
011
1
011
11
1
111
011
1
1
11
111
11
001
11000111
1111
1
1
11
001111
11
11
1
0011111
11
1
11
1
11
011
10
01
000000000000000
0
1000
0
0111
11
00
1
01
11001
1111111011000000
0
101
10
00
0010000000
00
111
11
111101011
111
110
111111
00
01
00
1
01
11
001
110110
1
111
1
000
111
11
11
1
11
10101
1
1
1
1
1
1
11100
1
1
01011
00000
10
0
0
11
010
011
0
111
0
0
0
0
0111
00
11100
111
10110
0
101000
1
1
11
0
0
110000
0001
1
001
011000000
010
10
0
1
0011
01
111
111111
0
111111
1111
11011111
101
11111111
111
11111
01111110010
111011
1111110111
1111
1011111001
011
100111111
1110101101
10
0
111
111
00
1
1101
11001
01
1101
00000000000000000000
1101
1011
0111
1110
1
1111
11111
1
11
011100
11
100110
0
10111
1111
011
11011
11
0010
1111
0
0
0
1
1111
11
1
111
11
1
011
0110
1
1
1
0
0
0
11
0
0
01
011
11
11
00
001
11
1
111110
11
11
1
10
11
1
1
0111
11
11
0
1000
1
01
11
10
00
1
11
00
001
111
01
01
011
100
1
0
0000
101
0
00
11
1
1
1111
101
111
1
1111
00000
11
1
1
11
1
01
0
00
110
1
11
1
00001
0
000
1
000
1
110
0
000
0
1
0000
0
0
0
0
1
1
1011
11
11
1111
11101101
01
1
100
11
1
1111
11110000
1111
110
10110110111011
011000000000
00
11001
1111
1011101
1
10111
010111111000000
0111110010000
011
001001000100
0011000
0
1
0
10010001000
00
111
011011111
111000
00110110
010000001
00
10
011
11
001
11110
1011
110
1
111
111
1100110000111
011
011010
01101010
00011101111
0011010010
11
01100
00001101
11101
111110111100000
010110110000100000
11
11
01011
0
1
0
1
0
100111
1
1
1
1010111
1111111
110
11
1
0111
011
1010
111
0100
01
1111
010
101
0
101011
11111010
11
001
1
11
11111011
111
111100
01011
1
1
110011
0
01
0000
110
01
0
01
11
111
111
10111
10010111001110
1
01
110000
0000
011111
1101010001
110001001000110
01
0000
11000
000000
11110
11011000
1001111
1100
10000110
10
101111
1101110111000
0101
10111
100
0110
1110100
1010001
11101
0
0
0
1101111110001
11
1000
01
100000
1011000
0
00
001
1
10
1
1011111
111011
1000111000100001
110
1
0
01100
11101
10000
10111
11
1010
00011
001111
1
00110
10100
00
0000111
1101100
1100
000
1
11
0
011101
0110100001
01
0
11
00
001
00
1
01
100000000
1111110
10
1
0
01
0
01
0
0111
000
0111
1111
1
011
0
1
011
1
00011
11
0000
10
1
000
1111
1000
000
0000
110
100
0000
1
0011
0
1
000
0000
0
0
1110
100
01
1000
0
1
1
011
00101
1110
0
1
1
011
0
1
111
1
011
01
10
1
1
011
0000
111
10011011
000000000
0000100000110
110000001
00000001
1
0011
1
00011
110
11
000
0000
00000
1011
11
111
0
10
011
1
110
0
01
11110011
11111
11110011
11011
11111101000
0000
1
011
10
0001
01111
11
10
11
1
0001
111
10
000
0011
11
0
0
11
11
11
01
1
0
1011000001001
0
1
111
11
01
111101
1
00
11
0001
00
01
00000
000
11
0
111
1101
111
100
0000
1
01
100
011
110
11111011
110
000000
000
001000
0000000
000000
000000
010111011
00
1
00
011
0
1
111
0
01
00000
111
01
001
11
00
0
0
1
0011
000011
101
00
01
10
00
11111
1
100
111
1111
11
0111
0
0
000
0
0
0
1
11
1
1
00
0000000000
000000
001011
00
00
000
0000
0
00
0000
000
0
00100
0011
01
0
001
1
00
0000100000
0
1
00
101110100000000000
101
0
1
0000001
00
00000000
000000000
000
0000
0
1
0
0111
0
00
010111
01
0
0
011
011
00
111111101000
111
1
0
0
10
1
1
1
1
0
10111
0
0
0
00
111
0
011
111110
001
0111
1100101
00
0011
000
0000
00000
00
0000100
00
0
0
010
0
0100
1
1
1
1
11
0
1
11
0
00
00
011
1
1001
001
1
1
00
11
1
100
0
11
0011
00
0
0
00
000110001000000
0
0
0
1
0000
011
1
11
1
10
1
001
01
0111
01
011
111
111
1
00
1
1
11
0
00
1111
10
0
0011
11
01
01011
01
0
00010000
011
01
111111111111
11
101
1
0
1
1101
0000000000000000000
0101
0
011
111
1100001100010
01
00
0
001
0000
11
101
0
0
1
0
1
1
0
000
0
000
00
1
00
10111
0
0
11000101
1000
1
01
0111
0000
0
011
00
01
1
0
1
1
1
100
00
0
11
1
11
1
00
1
1
10
0
0
0
0
0
0
00
01
0011
1
10
10
000
0
00
1
0
1111110
111011
11
001000
11101
0
01
1
10001
11
011
101
110100011
11
0111
11
10011
1100
1
1
1111
0
1000
001
0001
1100
1
01011
1
1
0000
000
0011
11
1
111
01
100000
10
01
011
1111010
1
11
1
01
111
00000
0011111
0
1110
001
1
000
0
1101
0
0000000
1
111
111
10101000
011
111
110
11
000000
0
111
0
11
0
11
00
0
0
00
1
11
111
1
000
01111
01
001
01101
11
1
011
1001
0
1
1111101100000
001
101111
0
0
0000111
0
1
10
0
00011
0000
0
011
11
1
01
111
01111
11
00
1
110
0011
1
01
0
1
01
1
1
11
0001
11
11011
111
01
00000000
00
1
00110
0
1
111
111
11000
01
1
001
11000
011
1
1
1
0
111
1
11
1
0
1
1
11
0
01
11
11
1
000
