1
1111111111111111
1
1
1
1
1
0
1
1
1
1
1
1
1
1
1
1
1
1
1
1
1
1
1
1
1
1
1
1
1
1
1
1
0
1
1
0
1
1
1
1
1
1
0
1
1
1
1
0
1
1
1
1
1
1
1
1
1
1
1
1
1
1
1
1
1
1
1
1
1
1
1
1
1
1
1
1
1
1
1
1
1
1
1
1
1
1
1
1
11
11
111
11
1111
11
1111
111
11
11
111
111
1111
111
11
11
11
11
111
111111
11111
11111
11111
11
1111111
11111
11111
11111
1111111
1111
1111111
11
11111
111111
1111
111111
1111
111111
1
1
11
111
111
1111
11
111
1111
11111111
1111111
11111111
1111110111
111111011
1111111
11111111
1111111
11111111
1111111
1111111
111111
111
111011
11111111
01
111111
11111011
1
1
11
1111
1111
11
11111
11111
111
11111
111
1111
1111
1111
1111
111
1111
11111
11111
11111
111
11
11111
111
111
111
1111
111
11
111
1111
1
1111
0
0
1
1111111
0
