0
1110
1110111110
00
1101
11101111
01110110000111
1111
1111011111
1111011111
1110010110
1111111
01
1111
111110
1
1111110010
011111
111111
1
1
111
11
111
111
1
1101
1111100001
111011111011
1111
1111101101111
100
110
11011111011
111
11
11110111110011111001
1011
111001
11
11
111
111
1111110111
1111101001
11
1110
11
001011
011111
1101
111
111
11000
1
111
111
001000011
11
11
0111111
11
00
011
101
01
111
0111100000111
011
111
0111110101100
1
10
100
11
0
1
111111
110111
11
101
0
1111
11110101111
1111111
1111111
11111
11111
011111
111
1111
1111101
0100110111
0110011111
1111
1111
111111
11111
11111
1111101010
111111
111
00
111
1
1111111111
11
1
111
111111
1101
11111
1111
1
1101111
1011
11110100
11111
11110111111
11
11111111110111
11101111101011111110
01111111110011111100010101111111
111111111111
11111111111111111
01111111111111111111111
11111111111111100
11111
111111
11001101111111
01111101101111100000
1010110111110101000110000000
1111111110
1111110011
11000111100111100111010101000001111
11110001111
111110101
001100111110001110010010
1111
01111111111
0110110111101
11111
1111
11111
111
110110
011
1111
0011
1
1111111
111111
111111
1111010111110010
111111111
111111
11
11
11
111
1110111
11
0
11
0
1111
1
11
1111110101
11111
1110110
11101110101
11
1111111101101
1111
1111110111
111
111111
101101
111111
11111101
1101111
1111
11110
1111
1111001011011
1111
110101
01
11
011
11110111110110
111
111111
111111101011
1111
111
1110111
1
011010010
1011111
111111
0011001000011100
1111
11111
010100111111
1101
1111
11111
1101111101110
111
01111001001010101010011000011
1111110111
011101111111
11111111
1
111111111111111
1111011110101111111111101110101111111111000110110101
1101111111111111
111111111111110
11111111111111111
1101111110111011111111
111111111011101111111
01101111111111111111111111111111011111
1111111111111111011
101
11
11
1
111
1010
111
11
111111
00111011
111011111
11111111101
11110100110101110
1111110
1111111011111011011
10
1111
11
11
11
111
010111
01
11111101
11
11
10
0
111
11
1111101111
111
101
111
11111111
0
111
1
11111111
111110111
11110
01101111
1111
1110111
111010
1111
1101
111
011
0111
11110
01110000
0
00
00100111
11111
11
11
111
11
1010111
11111
11011
111
1011
1110
0011100
0111
110
1101
1110
1111
1101
11101
111111011
111111
1111111
111
111
11
11
11
110111101111
1111
11110111
11
11111
1111
11011
11011011
11111
011101101
11
11111110
0
1101
0
11111001110010010001
11
01
11
10
011
110
11
1
1
11
1
101
10
10
00
111
11
111
01
110
011
00
111
1111
1
01
001
110
011
11
111
10
11
10
10
00
11
10
111
111
111
1
01
111
11
111
1
00000010
11
11
11
1111
1
111
11
1111
10000011110010010100000110100010
10011000010100001111010001100010100000011110
111001
11111111
111101111101
11111
11011
11
01000100000
1
0
0
0
1
011000000
1
1
01110
1
11
1
1
011
11
01
11
11
01
11
1
10111
1
0111
11
1
1
11
1
11
10
1
1
1101111
001
11
0
111
1010110100011000111110010011000
111110101
111
11
111
111
11
011111
1
1010011
010
00
1
111
11
11
111
01001
0000
11
111
111
111
111
011000101111
11
001
01
011
1
11
111
1
11
1
1
1
11
1
1
11
010
11
1
1110
110
1
101
111
0
11
11001
111
0
11
111
11
1
110
111
111
1
0011101
111
11
10111
11
1
0
111
1
111
1
111
10
010
11
00
10
1100111
1
01101
1
1
11
00110
1101
11
11
110111111
111
1011111000001010111111001101111101000000011100000010
11100111111101111101100110
11111111111111111111111001
1111111011111111011100001111111
1111111111111111111
101111111101111111111111
1111111111111111111111110
111111111111110101101111
1110111111111001111110111
111111
0
1111
111111111110
111111111111111
1101100001111101101
011001101101111111011101
10111111111111111
111110111111111
111111111111110
1110111101111111011
10101101110101111111111101101
1111110100101
111111111110111111110
01101100101111110
000000100001101
1
111010
1111
1111011
111
1111
11101111111000
111
111111
1111111111111111111
1111111111000111
1111101111111111
1111111111111
11111111111101
1111011111111111111
111111011111011
1111111101
111111111111111
1111101111111111111111
011111011111
11111111111
1
0
10
10
10
0
1
1
1
00
10
11
1110010111111101
111111111111
11111111111
0101111111
010111111111111
110000101100010
001101111111
10111001101011110111
110011111010
1111
101110110
011
11
11111
101
1111
1
11000
111
101111110111111111
110110101111111
111111111111111111
01111111111111
11111111101111111
1111011011111111
101111001
1111110111111011111111111
011110
1
11
0111111111111111111
110111111111111
1111111111111
01111110011011111111
111011111111111111
111111111111111111
011111110111101101
11111111111111111
111111111111001
111101111111111111
1
0
11
11
11
0
01
11
0
11
1000000
111
1011111
1011110
1111
000
0000
1111
11
00
000
0
11111
000
0000
00000
1111
00000
100
00010
0000
000
000
1110
0
100
00110
0000
10100
111
1110
0000
0100
00011
00
11
111
111
11
10
00
00000
0
00
000
01111
11
00000
1011111111111111
0010
0000
1111
0000
110
000
00
100
1000
1011
01110
1000
0111
100
0100
100
000
10000
00000
000
110
01111
0000
11
111111
010111100
11
000
0100
0010
111
10000
01111
111
0000
000
1110
000
10
0000
0101
1111
00
110
01101
111
000
000
0000
11000
1010
000
00
0000
000
1111101010010
0
111
0011
0
1
0000
1
00011111
10
011110010
111
11111
0101101
10101
10011
110110011
1
1111011
11
111000100001
110101
0111011011100
11100
111
011010100111
1111001001
111010
111
00111
111
00
00000
0000
0000
1111111110
00
010
10111111
110
10
010110
01
0
1
1
01101110
1101111
110111110101111
1
111
0110011100011000011001
0011101
11
1111
1
11110011100
11
10
110
0
111
101
1
111
111
11
1
1
1
1
11
11
111
1
011
1
111
111
0
0
11
101
0
1
0
0
1
111
11
111
111
0101111
10100100
11111000010
10011111111010001
1110101101011
100110110
1100000
11
1111001
1111100010
11
11111
011
00000100
11111
1111
11111
101000010000000
111
00101111001110101010001
11000011001
11010100001110100000000110010
111
111
01000000010010
10000101000011010
111
101
110
10
1101111011
0
111101110001
00
01
1111101010110
1101111
1111
000
111
00
01
111111
11
10
111
1
01
11
1
1
1
1
1
11
1110
1
1
1
11
1
111
111
1
11
111
110
1111
111
011
11
1
0111
1
01
1
1
1
1
1111011
111
11011
1011011
111111100111
01
1
00
001110010111
11
1101
11
00011010000011110
01000
101
111
11
111
1101
111
1001
1
11101
111
11
11
11
11111
111
11
111
1101
11
111
11111000010000001100
1111
1111111111101111111101
1
1
1
0
1
11
1
1111
110011
1
00000
01
11
010
101
11
1
10
1
0
01
1111
1111001010111100111110
001000010
11111110
01110
100110
111
1111
1111
011010
111
11111
1101110
11
1
111110011001
11
11101000110110000
11
11
101
111
100110011
1
1111
111
111
01
111
01
0
1
1
01
1111101
0110101001
101100111
111
00
1
111111011
0011110
011111111
111101111
1110010
01111
11111001
11
111
111
111
11011
110
111
0
01
1111110111
0110111
111111
111111111
1111101
011110010110110
11111111111
10110111
11111
1111101111001
1000010110100
110011100111001101101
101110110000101
01
111
11
0
11
111111
11110110110101001
11
110111111111
1111111011100
011
1110
1000001111
010111
10000001110110011011
111001111001
01101
0
0000
1
0111111
111111
000
10111011
111
1
0
1
11
1
0111
0
011
011
0
0111111
1
1111
1
110
01
1
11010
11
111
11111111
111110
1
1
1
011100101011
110100001
11100000
10010001
0111
111100000
11
0
00
011110010
1
1
11
1
11111111111
01111000111010
111111
01111110101111101110
1110
111011
11
000000000110000000010101111000000000000000000000000000000001
11111101101011110110
111
110010001
1000011
1111010011
1
0000100000
1110000
01001
010001
11111100
11
100
11
110
1110
11
11
000
000
111
111
1
11
0
0
01
111
000100000100100010000000110000101010
1110
1111
111
10011
11
010
110010010010010
1010
1111
11
11111
00001
0100
0
100001
11101
01110110111
110
1100
11
11
1111
111
111100
1001101
111
11
11
01111100011
11110000
111
111
0111011
11
1
01110110
11
111
111
111
11
111
11
011
11
110011
111
11
11
111
0010
111
11
11
11
10111
11111011
1
1
11
11
110
0
011
0
011
0
00
010001100
00
0010000
111
111
1111
11
111
1111
110110
1
1
0
110000011
011111101010011
1110110101010011
11
11001000111
11110
111100011
111
1
01110110
11011110
000111
111
11
101
10
111
1110
111
11
11
1
11
0111
111
111
1111
111
111
111
111
1111111
111101000
111
111000
111
101
10
111
11
111000110
0011
101111010
11
11111
11010000
11
11001101110
0111
11
1110111
11100100
111
011100010101
1
111
01100111
101
00
11100
0111000100011
11
111
1111
11111
1000101111110
1111
111111
0011
1111
11111
11111
1111
111
11011111111
1110110111000000001010010
111
101
11
0
1
0
0
0
1
1
1
111
01
111
1
1
11
1
11
1
101111
1
1
111
010
1
1011
11
1
111001
11
1
1011
11
1
100
1
1111
1
1
1
111
1
11111
1
11
1
1
0111
1
11
1
0
11111
111
11
0
1
1
1
1111
11
1
11
11
111
11
1
11
111
111
011
11
1
111
11
11
1
1
111101
011
11
10
1
1011
10
11
11
11
111
1
11
11
0011
111
1
11
11
00
1
001
1
1
11
1
1
10
11
1
111
11
10101
111
1
011
1
111
1
111
11
1101111
111
10101
1101
1
01101010100111
000
11
111
00000001110111
11
1
111
111
110
0
11
11
11111
11111
10111
011111
10
010111
110
11
1
1
11
11
000
1
101
11
0
001011011
110110
1
0
111111101100010
1110101010
0111110001
1111
101001001100
111100
110
101111
100010
10110
11
00110
11
11
1
11
1
1
11
11101
11
1
011
1
1
11
11
1
11
1
1
1
1
1
1
1
1
1
0
0
0
0
0
1
111
1
101
1
01001
1
1
1
111111
1
11
1
01
0
0
1
0
0
11010
1
011111
11
111010
011
01010110011
11
11
1101
110
1
110111
10111011
1101
11
11
11
1110111
01111001001
101000
11
111
100010100
11010100
1
1
1110111010
11
1
11010100
11
111001000
011111
1111
11111
11
111111
111101101010111110
1011
111011111
111110
1011101
11111
111
000000001100001
100001011100111011101101
1111011
111011111
11
1111111
101
111110
0
0
1
0
111
11
01
111000011100
111101111
111
000000
1010011001
0
0
111101101
111110101101
111
0
0
0
1
1
0
1
1
0
1
00010001011
1111010111001101
1
111
11
00
011
011
101010101000010001
111
111
111
111001
11
111
111110101011
11
0101110011000000101101001
111
1
11
1111
011011110111000
100110001001
1111100001001100
1111
01111111
01111
111101101
1111
0010011011111
11110001
11110101110111010011
11111101111111
1111101
1111
10101111110
1001
111111
11101101
111
1111110
0111111
111010000
111110001
111111
111111
11111
111010001
111111
11011000111
0010110111110001
11000010111011000001
11100111111010
011111
1100110
0101111
11
1011110100
0111
1
1110110110
1
111
11
11
11
111
1011
111
1
1
1
1
1
11
1
111
11101011100
11110
10011
11111
00001001100110101001100
101111
1111100111
01110010001
11111001101000000
01101
11
1
0
0
0
1
11000101101001
111
111
1111001010000
1
11000
00110110100
001001
1000100000
11111
00000000000011000000110101010100
1
1111
0111
111
11010
011010001111110
010
110111
1111
111
10111
1
1001
1
11011111
11
11
11
1
1
111
111
11
010111011
1011
11
1
1
111
11
111
11100011
1
100
11
1111
111
11
0101
01
111110110
11
11
111
11
11111
111
00011
011111
101
01011
11100
11
01011
1101
111
111
11
111
11
11
11
1
01
11011
1111
11
11
10
1
1
1
1
111
0
011
0
100
1
01
1
1
1101
00
1
0110
001
101
1
1
111
1111
111
11
111
0111
1111
110
0
00
11
1000
1
1111
0100
001
0110
111
00
00
00
001
1001
1
001
0
0
00
0
0
0
0
0
0
001
010
00
1
0
01
0
0000
01
1
01
1
00
00
0110110011
00001000000
01
11110001
0
11
11
1110
1
11
1111101
01111
11
111
111
1
11
11111
1
100
111
111
011
111
1
11
111
1
111
1
100110
101
0
000
1100
0
00
11111
00
0111
00
0
0000
00
00
0
00
0000
1
0
111
1111001
00
11001
1000000
011001001
000101011000000000111
11
111011
1001
10000001011
11101011
11
11001
1
111
0
1
01
0
11
11
1100
0010010111
0100101101100010100110
11010110
00111
1
01
0110011010
110
011
1
100
000
11
110111100011
11
00
01010001001
0
1111110
1
0111
100101001
001
01010
0000000010
1111100
10001
0
1100011100101
1011000
0010000011
100
1
00
0011
11
0000101000
1
01111011
111111
111110
11
11
1
11
11
1
1
0
1
01
1
1
11
1
0
1
1
11
1
1101
11
11
1
1
11
1
1
1
1
11
10001
1
0
0
1
1
0001
1
0
1
1
0
1
111
0
001
111
00
110
01
11
1
111
11
010
10
11
111
00
0
111
1
10
101
1
010
111
1
111
101
11
11
1
10
11
11
111
00
11
11
11
111
1
011
111
10
01
111
10
111
00
11
10
110
111
11
1
111
00
0
11
11
01
1
010
110
0
11
111
11
1
011
011
11
111
1
011
111
1
10
1
11
110
10
11
01
01
10
1111
0111
11011
111011
11
11
10
100
11
11
1
001
110
11
111
10
01
11
11
0111
11
01
111
111
111
11
101
011
1
110
10
11
11
010
11
10
01
10
1
01
1
111
1111
11
11
11111
1
1
11
0
11
111
11
100
110
10
110
10
1
01
01
11
11
1
111
1
1
11
10
11
10
11
00
1
0
01
11
11
111
111
11
11
11
10
11
1
1
111
11
1
01
010
11
1
000
11
11
11
111
111
11
0
1
0001
11
0
11
11
1
11
111
110
00
11
011
00
101
000
1
11
1
00
001
011
1
110
111
011
11
111
11
111
11
1
111
1
11
1
110
1
111
01
01
01
110
111
111
011
011
1
0
011
11
111
11
11
00
101
11
11
11
10
11
011
11
1
11
10
11
00
111
011
01
01
0
11
11
0
111
111
11
11
011
100
10
0
10
101
110
1
110
11
111
0
1
11
11
0
10
110
01
011
100
1
01
1
10
111
111
1
1
01
11
111
101
011
11
010
10
11
01
11
110
000
1
110
110
10
110
11
0
1
111
0
111101
