0
00
00
0
0
0
1
0
0
1
1
1
00
0
00
1
1
00
0
0
11
1
0
1
0
0
1
0
0
0
1
0
00
01
00
0
1
0
1
01
0
1
0
1
00
1
00
0
0
0
0
0
00
0
1
1
10
1
0
0
0
0
0
0
0
01
00
0
01
1
0
0
0
1
0
1
0
0
00
0
1
0
0
1
0
0
0
0
11
1
00
0
1
0
1
0
0
0
0
0
0
00
0
1
0
0
0
00
00
0
0
00
11
00
0
00
0
0
00
1
0
00
0
11
11
00
00
0
1
0
11
011
001
000
000
00
101
00
01
110
00
00
00
011
1
000
00
00
11
1
0
00
01
001
000
00
01
01
0
000
01
00
11
00
0
1
001
1
111
000
11
00
00
1
01
1
1
11
0
0
111
000
000
01
00
01
0
01
01
11
11
111
0
00
0
011
01
1
00
000
1
1
0
1
1
0
1
1
1
0
0
0
0
0
0
0
1
000
0
0
0
0
0
00
0
0
0
0
0
0
0
0
0
00
00
0
0
0
0
0
0
0
0
0
0
00
0
0
00
0
0
0
0
0
0
0
0
0
0
0
00
