11
111
1111
111
111
11
101
0111
011
111
11
111
001
111
111
111
11
11111
111
1111
1111111
11
111111
11
1111111
111111
1
111
1111
11111
111
111
111
1111
111
111
1111
11111101111
111
11111
11
111
111111
1111
111
1
111
1111
11
111
11
111
11111
1111
111
1111
1111
111
111
11
11
111
1
111
111
111
1111
111
111
111
11
11
111
111
111
01
1
11
0110
111111
111
11
0111
11
11
1
111
1
11
11
111
11
11
11
111
111
11
11
1
11
11
11
111
111
1111
0111
1111
11
111
11
0110
1
11111
111
111
1111
111
11111
11
10
1111
1101
0
1111
01
1111
01
1100
111
11
111
0011
11
1
11110
10
111
010
11101
01
11
101
111
00
11
110
110
010
101
0111
1
1110
01
0100
11
11
1
1
11
011
1111
0111
0101
111
1111
1
10111
00111
111
10
1111
011
11
11
11
010
111
011
0
1011
100
0111
1111101
111
111
1111
11
111
1111
1111
100
11
11111
010
11
100
0
1111
1111
1
1111
11
1111
11111
1110
00
11
1111
1
1
111
1111
11
11
0111
0011001
1
11
11
11
11
111
1
11
11
11
111
101
0111
1
111
01101
11
111
11100
01
11
11
111
1111
11
11
1110
111
11
1110
1
1
011
1
11
11
11
111
111
111
00
1111
1101
110
1111
0111
1011
111
11111
11101
0110
0011
01
1111
11111
11111
1111
1101
1111
11
01
0111
0001
01101
011
010
10
0011
111
11
0111
110
1100
101
1
111
11
11
111
1111
010
0000
11100
011
11110
11
111
111
1111
0
111
111
001
00
1
00
11110
1
10
1
1
11
11
011
11111
110
1010
1110
11011
1111
1
101
001
11
111
1101
01001
11
1111
10
1111
111
11110
1
11110
11
1
1
01
111
111
0110
111
11
111
10
11
1111
1111
1111
00101100
101
11111
0011
1111
1110111
111
1
111
11
110
11
111
11
111
00001
111
111111
11
11011
111
11
11111
011
1
01000000011111
11
1110
11
011
111
11
1
11
1110111
11
111
1111
111
11
1
11
11
1
11
11
111
1
1
11
11111
111110
1111
1
11
00
11
111111
111011
0111
11
10
1111
1111
1
0111
11101
1
111
1101
110
111
1
1110
11111
01111
1111111
0111111
111111
111111
0111
11111
11
111110
1011
11110101
111
111011101111010
11111
11111
00111
1
1111
111111
111
111
1
10110
1
111
111
111
111011
10
111
1111
11111
111
11111110
001
11111
111
1
1
111
10
1
01111
011111
111
11111
11
11
11
1
11
11
0111
00
11
1
1
1
1
1
001
1111111111101
0
00111
0111
110
111
00111
11111
11111
1111110
111111
11
011111
111111
1111
10111
0011
0
0
1101
111
1
11
1111
11011111110
11111
111
11
11
10
11
1
00
10
01
1
11
01
111111111
0
0
11
11
1
1
111111
11
11111
111
1
111
11110
1
1
0000
1
101011
1
1
1
0
0
0
010
11
01
10
01
100
0101
1
111
11110
111
1
1111
11
111
11
1111
111
11111
11111
11
1111
1111
111
01111
10110
110
1111
1111
11
111
111111
11111
1
111
11101
111
11101
1111
1011
111
0111
1111
01
011
0111
0
101
101
11
1111
101
111111
11
11
111
11111
111
11
1111
001
11111110011
111
10101
11
101
111
00
1
110
110
11101
11
111
1111
1111
111
1111
111
1111
111
11
011
1101
111
1111
11111
11
1111
101
011
1
111
111
1
11
11
111
101
1111
1111
011
1011
111
11
11
011
010
10
111
1
0101
111
11
11
1111
11
11
111
01111
1110
111
111
0
1111
111
11
011
011
1111
11111
111
001
111
1111
11
111
111
111
111
11
11101
01111
01011
110
11
111
111
1
011
11
11101
111
11
1
011
1
111
1
11
10111
1
111
101011
11
1
111
1
111
1110
111
11
1110
11
1101
1
111
11
0111
11
1111
111
1
111
11
11
1111
00
111
0111
1111
1
01
111
0101
0
011
10
1
111
111
111
1
111
11
1101
11
11
0111
1
1
111
1111
1
1
11
1011
00
111
11
111
0011
011
111
11
0111
111
11
11
11
11
111
11
1
11
1111
1111
010
1100
1
111
1011
111
1111
1111
010
1111
11111
110
1111
0011
11
111
1111
1111
11
11111
1111
111
11011
11110
01
0
11
10111
10
111
11110111111
11
01
111
011
1001
00
10
110
0
010
1
011
1
01
10
111
1101
000
1111
1110
0101
01
111
11
0111
111
11111
01111
111
1111
11
111
111
111
11
1111
01101111111
1011011111
1111
1111
01101
010
101
0
110
111
111
100101
1101
1
101
10
1111
111
1011
011
1110
11
1110
1011
10
1111
1111
101
110
1111
110
1111
1011
111
0111
011
111111
10
10000010
011
01111
111
0110
000
110
01001
111
1
0111
10110
01111
11
11110
1101
1
00
0
1
1
0
100111
111
101
01
11
11
1
1011
1111
10
1
10
1101
11
0111
1100
0111
01
0
11
1111
11110
1110
1111
1
11111
1111
1111
110
11
111
11111
0011
11
11111
11111
10111
011
1111
111
110
1111
111
00111
11110
11111
111
111111111100000
11
111011111
111
111
01111
11
0111110111
110
1111
1111
1111100
111111
1111111
111110110
1111
11
10111
111
1111
111
011110010101111
0111
1110111101
10010111
1111
1111
1111
1111
1111110
1000
00
1111
111
010
10
0111
001111
11100
011
10011
1111
01001
001111
011
1001
001
1111
11111
0101
11
0111
1111
0
1
11001
111
1
1
1111
11110
11
1011
1
11
1
11
1
1100
11
111
011
11
11
1111011
111
11110110
010
011
1111
111
111
111
1101
1111
11111
1101111011000010011000
111
111011
0101110111
1110111
110
1101
01100000000
101111
1111
1110011
0111
1111
11
11111
1
11111
101
111
11101
111
1
111
1
1111
1111
11
111111
11111
111
1
111
1101011
11
111
11
111
0110
1111
111
0111
0110011
01111
0111
01
11
111111
1111
11
1111
11
111111111
11111
110111
11111111
1111
11110111
11111011
101
10111111
11111
11111
1
11
11110
0111111
111111
101101111
1111111
0111011
111110
1110
01101111
000
0111
1111
1
101
111
11
111
111
111111
11110
1
11
101
11
111
111110
11
11
11
0111
11
11001
1111
0111
111
1
1
1
0
1
1
0
1
1
1
1
1
0
1
1
1
1
1
1
1
1
1
1
1
1
1
1
1
1
1
1
1
1
1
1
0
1
1
1
1
1
1
1
1
1
1
1
1
11
011110
01111
101011010
1111
011
101101
01010110
1
1100
01
0111
10
0111
1110010001
001011
0
1111
00
0
0111
1110
0
11
0
1
111
111111
110
1111110111
011100111010010001
0
1
11
11
11111
1
11
11
01
11
11
1111
1111
111
1111
111
111
011
1111
1111
11
1
0011
110111
111
111
111
11011
11
11
11
111
101
11
11
111
111
111
01001
10111
11
11
11111
11
1011
11
11
1
00
110
11
0
011
01111
111
0
11111
011110
11
111
110
11
11
11
111
11
111
11111
111011
11110001
1111111
1
111111001
11111111
101101
11111
111
1110111011110
11111
111
1
111
11
1
11110
11
1101
11011
11111100101011
11110011
111111
0000010
111
11001
1111011
111
0111
111
11
101
011
111111
1011
11110
101011
1111010111
11
1101101111
11
11
111
11
11
0
11
111
11
11
111
1111
1
1
1
11
10
11
11111
11
111
1111
111
1110111
1
111011
01111
111110101
00101
0
11111
11
11
011111
0111111001
11111
1
1
00100111
1000000
11
1
01
10
111
1110
1
111
11
11
1111111010
1000111
1111111
111111
11
1
11111
11
0111
1111
1
1
111
1
1
11
1011
1011
11111110
111
0
111
111
1111
11
111010
11111
11111
11001
1101101110
110111111
111111111111111111111111110111111111111111011111111111111111111111111111111111111
11111111111111111111111111111111111011111111111
111111111111111111111111111111111111111111111111111111111111111111111111111
111111111111111111111111111111111111111111111111111111111111111111111111111111111
1111111111111111111111111111111111111110111111111111111110111111111111111111
111111111111111111111111111111111111111111111111111011111111111111111111111
1111111111111111111111111111111111111111111111101111111111111111111111111111
110111111111111111111111111111111111111111111111111111111111111111111111111111
111111111111111111111111111111111111111111111111111111111111111111111111
111111111111111111111111111111111111110011111111111111111111111111111111111
11111111
1111111111111111111111111111111111111111111111111111111111111111111111111111111
111111111111111111111111111111111111111111110111111111111111111
111111111111111111111111111111111111111111111111111111111111111111111111
111011111111111111111111111111111111111111111111111111111111111110111111111111
11111111
111
11111111111111111111111111111111111111111111111111111111111111111111111111111
11111111111111111111111111111111111111111110101111111111111111111111111
111111111111111111111111111111111111111111110111111111111111111111111111111111
111111111111111111111111111111111111111111111111111111111111111111111111111111
1111111111111111111111111111111111111111111111111111111111111111111111111111
1111111111111111111111111111111111111111111111111111111111111111111111111111
111111111111111111111110111111111111111011111110111111111111111111111111
11111111111111101111111111111111111111111111111111111111111111111111111111111111
11111111111111111111111111111111111111111111111111111111101111111111111111111
11111111111111111111111111111111111111111111111111111111111111011111111111
11111111111111111111111111111111111111111111111111111111111111111111
11111111111111111111101111111111111101111111111111101111111111110111111111111
011111111111111111111111111111111111111011111111111111011111111111011111
1111111111111111110111111111111111111111111111111111111111111111111111111111111111
111111111111110111111111111111111111111111111111111111111111111111111111111111111
1111111111111111111111111111111111111111111111111111111111111111101111111111
11111111111111111111111111
11111
11111111111111111111111111111111111111111111111111111111111111111111111111111
1011011
111111111111111111111111111111111111111110111111111111111111111111111111
1111111111111111111111111111111111111111111111111111111011111111111
111111111111111111111111111111111111111110111111111111111111111111111111111111111
1
1111111111111111111111111111111111111111111111111111111111111111111111111111111
1
11111
10111
1111
011
100110111
111
10111
1
1
11
1
0
1
1
11
111
111
11
1111
11011
1
10101
11
111
111
10111
1100
11
111
1111
11
1111
1
011
11
11
011
11
1
1111110
11111
11
11111
1
111
1
1
11
1111
11
1
1
1011
11
11
011
11
11
0111
101
1
011
11
111001
1111
111
11
1
11110
11
11
111
111
11
11
11
11
111
11
11
11
1001111
1111
1
1111
111
1
11
1011111
11
111
11
1110
1
11
1
111
11
1
1111
111
11
11
11
11
01111
11
01111
11
101111
11
11
110111
111
1
0000010110100
11
111
11
1001
0111
01
1111
11111101
11
11
0111
111111110
11
1111
011
111
11
111
011111
111
111
1
1
01111
1111
1111
11
1
11
10011
11
11
1111
11
111
111
111
111
111
1100111
11
1111
111
11
1
11
111
11
1
111
11
111
11
11
111
101
11111
111
1
1
1
11
011
111
111
111
11
111
11
1
111
111
11
111
1
111
111
11
11
111
01
011
111
111
111
11
11
11
11
1
111
1111
11
0111
1
1100
111
111
111
11
1
1
111
11
11
1
111
111
11101
11
111
11
01111100100
11
1
11
11
11
111
111
11
111
110111
111
1
111
1
11
111
1
11
111
1
111
01
11
11
111
111
111
1111
11
11111
11
111
11
111
1101
11
11
111
010101
1
0111
1111
1111
111
11
11
11100
1
11
111
111
11
11
11111
01011
11
01111
111
111
1
11
1111
1
1
11
111
11
1
11
11
11
111
11
1
111
