01
1
101011110
1
0
11
11
11
0110
01
101
011
1110
0110110
1111
111100
11111
1111110
110111
11111111100
00011101010010001
111111101
110111111
1011110001
110111111
11
111011
11110110011
01
11101
11111
111
01111011000110111001111
0110011111101010111011
11111101
111110100011011
1111111
11100
100111101001001
11001101111011001000000010
01111111101100
11101
11010111
10110101100
1101101100001011
1111011101000
1111
011
11101
110
1111101
11111
1111
1111
001000101111
01111010111011
11111
111
1111111
101011
1110
111110111
11100111010100101
1110111
01111
111
0100011
1110111
111101111
111111011111
111111
111101
101011111
001101111111
111111100
11111
1101
1111111
111101111111110
00111
101101111010101
000
0
111111
1110101
001111111
111
0
111
1
1
11100111
11111
1111
011101111
1
11111
0111111
0110011
11000
1111
0111
11
11011011
1
00
11011111
100
011111
1
0
1111101111111
0
110
11
00
1
1
0
11
0
1
1
0
1
1
1
1
1
1
1
0
0
1
1
1
1
1
1
1
0
11
11
11
1
0
11
1
00
101111
111111
110100
1111111110
0111111110000
0
11011001101101111
0000101000001101000
111111111111
10111
011
11111111
101101
111
11
1111101100
0
1
1
1
1
110011001111101
0
111
11
11111
11
11
110
11
111111
10
1111
11
111111
1
110
1
011
1
0
0
01011
1
11
111
11
111011
111111111
0111
11
1
1
1
11
11111
1111
11
111
0111
1111
1110
111
011
1111
1001101
01111
11
11
011
11
11010
11101
11111
1111
1
10111011110
1
111
01111
11111110
011111
0111
1110
1111
1111
01
11111011
10111
1011
0
0
1011
1
1111111
101
11
1
1110101110011
111
11
11
11101111
111110000000
1011111
1111111
1
1
0110111
11
101
11
11
111011
111001
11
0
1
1000
010
11111
111
010000
11111111011101010
11
110100
1100001100010
011011111110111
111
11
1111101
11100101
01
011010111101
11111
1111
010111
101101011100
111
10011
110101110100
1111
111101111010111
1
11
1101111
011
1100
11
0
00
10000000
1
11
11111
1111111101
1
011111
011
11111111111
1111101110101111100
000110
111101111
111111
01111
111
111
1
111
01111
1111
1
11
1
0110111
111
111011
11
011
11110011011
110
1
1111
1
11
1011101
0
1
1110
111
1111
00111001101
0111111111111
11
11111110100
0010101111011000110111010
1
111111111110101
11101111
1111
1
010111111001
11111
01
101111
11111
0
11110
11101
1111
011111
1
111111
111100100111
111111011
010111110110
0
0011011
1111111111
111
0000
1111101111
11110011
10
111
11011110001
11111
11
11
1111111011
111
1111
11111
1111
11
0111111110110111
1111110011110111
11111011011110
111111111100
111110
1101111
100001100011111
1111010001
111011101
111
111111010
11
111
111
111
11
1
1111
01111
111
11
1
1
11
1
01
1
01
1
111
0011
0
001
1
1
0011
0
1
01
100
010
1
1
0
011
0001
1
1
0101
1
11
1111
1111
111
1111
111
1111
1111
1
11111
101
1
111
1111
1
0
0
0
11
11111111
11
1111
1
110111
0
0
1
0
01110
0000001111100001
101111111011
1101011111
0
0111111111110
011111111111110
11
0
001110
11
00
1
00
0
01
00
111101111
1
01011001
0
01
10
0
1
00
0
0
1
00
11
10
10
1
1111
0
0001
0
1
0
01
00
0
0
0
0
1
0
00
00
0
0
1
00
0
00
0
0
00
00
10
10
1
0110
00
00011
1
010
01
0
0
11
0
1
10
0
1
10
0
1111
1111
11
1
1110011
01
01111
10111
111011
1
1011111
101
11111
111
11
0000000100
0011
01000
0111
11111
110
00001
111111
0011111
1111
00000
1001
11110
11
11110
011
0111
111111
0
11
11111
111
1111101
1111111
110
1111100
11111
111110
0
0
00
00
1
1110101101
111
1
111
0111
0
11
001111111100
11
1111111
1010110
011100
111111
1
01
1110111
1
111
1111101101
111111
11111101
111111
1
1
111111
1111
01
111
1
11011
1
111
0000000
11111111
1111110
1011
11
01
1111
11
01111
10010010
0011000
11
11111
11
0111111
1110111
11
11101
0111
111
111111101
01011
111
111
011
1110111
0110
0111
10110111
1110011
11
1
0100
1011
1111
11
11
111
1101
11
111
1
111111001
111111
111111
111110
011111
0111
1111
11
1011
111
111
111
11
11111
1
00
10
00
0
0
1
0
00
11
0
0
0
11
10
0
1
1
0
0
10
01
10
0
1
11
111
01
00
11
11
1
1
0
0
00
0
1
10
1
01
0
1
1
1
11
00
1
1
1
00
1
0
01
00
1
1
0
0
1
00
00
1
1
1
01
01
1
1
111
111
10101101
1
010
1
1
01
1
1
0
0
1
0
11
0
11
0
1
00
10
11
0
10
00
00
1
00
1
00
0
11
11
00
0
111
11
1
0
0
1
01
01
10
1
01
01
0
00
01
01
11
1
11
0
1
1
0
1
10
00
0
10
0
0
11
011
11111
001
111101
10
111111
1001111111101
0
11
111111
11000
1111
101101
0111
110
0
111
00
1
111011
11
0111
00000111
111111
11
11101
1110010
110
1111
11
101010101001
11
1
1111
11
111
111
11101101111011
1011111
1
11
1111
0
00111
111
1111101
1111
11
11
011111111
10011
111111010101111
11
1111110
110111111111
111
11111
1111000
1101011
1111
11
11101
0
10
111
11011
11111011
0111
011
11111
1
1111
11
1
11
101111110100
1101111
0
111111
1
1
011
00
0
01
011
1
111110010011
111
1111
111
011101
1
111
1111
101000
11101
111
1
111110111
000001101111011
1111100
110101101110
00111
011101111
1111
01101011101
11111000001
11111
11
1111
01111
0011111
111110
000111110
11110111110
111100111
1110101
11110001
1101111
11001111
11011101
00011111
001101111
0111
11111
1111
11101110
11001
11101110111
110100001
1111111
11
1
1111
011
11111
1111
111
1
111111
00111
1
111
110
1001
0000000
1
1100
00
111
11
111
1
01011
000
1111
1111
010001101
0000
11111
1
1
1
10011
10011001
11
11100111
1100101000000
11110001000
111101
0010111011
1110110
11101
00110
11111010
1011
1
1
11
0111101010
10111111
111010
1111
111
11
01001
01011
0001101111
000
1111010
0011
0111
111100
0011
111
1011
1101
00000000000
1110110
1001111111000100
11
11
0
000011
00
1111010111
1
11110111
111
10011
111
111011111
11
01
10011
011110111011101011111
11
111011
0101111000100001
110011
11
11
111011101001
111
11
11010011111111
101
11
1
111
011110100101101
11
1
11
111
010
1101
111
0110111
1101
111
11
0111
1
101
1101
1111
011
011
11
11
111
111
010111101
11
11111011
1101
11111
00001110111
111001
110111
0111
01111001000
111111111
11
111
11
111
011
011111110
01
11
111110100
1100101101
11110011
111011101
010110101
1101101011110110
1111110
111011101011000
1101110111110
111
11
11
11110101010101
11110
1111
101111011
11101
111111
11111
11110
10111
01011
00
111
11
1111101
000000
1101010011011
1
011110101
111
0111010010011
1
101010011
111
1111
11111
111
10111011110011
11111011
1111
1101
111
1111
111
1111
1111
1101
11111
11
11
1111
111
1111
111
111
1011101111111011
11111
1111000
1111110
11110111
11111
1111001111
111110111
110110
0010
110111
111
11110
1111110
100011
01111011110100
11100011
1
110100101010
1
0100110010001111
00111
11001
0000011
011111
111
10111101
11100011
101
11
111111
111100
0
1
10011
00001111
111
1
00
111110
1101111
1
0
100
1
00
011
1
100
1100
111
11111
111
1
111
1
110
1
0
1
00011111
11111100
0111
1
111
1
11
11
01
111111
0000010
1101
111
000111
111
10101
1101
11
1
111
1111
11001
01110001101
111000
0111
1111
11000100
1
1111
100
1
11000011
11101
1
110101110010
1
11
1000
1000111
1111
10110111
100
111
1111
1101110111100110100111111
11110011010
11
11111
10
1011
11001
1110010001
1
1111011100
1110111
110011101
011111
11101
011111111011001000
01001111011
0111
0111
11011
1
0
1
111
1
1
1
0
01110
111
11111
00100
111
11
0
110110001
0
0010
10
111
00
01111111
01
111110110
1100111
101
11
11
011
0111
001
101
01
111
00011110001011
11
11
111111
11
11
11
11101
1011100
10011
1101
0111011011001100
11001
11
1
1
1
111
1100
101
1
1
111111
0001000
1101
010111
1
1
1001111101100
011
11
11
0
0
00111
0111
11
0
10010110
0
11111
10
011
110111001000001
000
11111
101
1
11
11
101111
111
101
1
111
000111
111
110
11
11
0
0
10
00
0
0
0
00
111
111
1
1
1
00011
0
0
11
0111
111
111100
0111111
110101110
0111111110111111110110
111010111
11111011111111110111
111111101111110111011
11111111
111111111111011110110
1101011111101110100
1100111111110100111
1111011100011101011
1
10110101101100111011
11101111111011111110
110110110111111100110
1111110111111111111111
11101
1111111111111001
10010110
11011111100000
11111011
111111111111101010
111101011111
1111011111101111011010
111110110011111
111111111100111101
1111111111111111110
011010111101101111101
111111111101111101101
0011111100001110000111
1111111111
11111111111111110111
0111111111111111111011
11110111111111011111
11111111100111111011
11001101001011111111
0010101010011
011110000
101111101110011111
11
1111101110111001111
1111111111111111
11111111111111111110111
110011
111111001110010111111
1111111001111010111
1101001011000
11
1111101111101011
011
11110111110101111111
11
11011101101111101
010101
1111001100001110
11111111111110110
110110001100
111110111
1111111010011111111
111111111111011111111
1101
1001111110101011001
1111
1
1
1
1011
011
01
1101
1011
10
1101
1
00
0
00
0
11
1
0101011
0001
1
0111011
00
01
0
0
111
0
0
111
1111
0
0
010
0
111001101
1
0
110
0
011
111
11
11
00011101
110110000
111001
00
00
01
0
00
01
0
1101
000000000
11100111
111
1111
11
111
111
11111
11111
111111
11111
11111
11111
11011
11111
11101111
11111
111
1111
1111
111110110
11111
1111
0000000
0111
01011
1110111
1111
1010111
11001
111111
101111101
101110
101
11111
11100
110
1111111
0011111111
11000111
100110111
1111101
11010
11
11
011
110
0010000110
1111
11
1
111
111
011
0
1111
1101
011
01
1111
1111
101111
1111
11111
11
101
11101111
111001011
111
10101
111111
11111
111
101111111
11110111010
1101
001011
11111
00
01
0
011
11
11111
00
11
11011110
1110
0101
0
110
011
01111
111111101
111011
111010100
111011111
011111
111100000
101111
11111
111111
1111
11111
11101
0101111
1110111
110011
1001111
00100000
1101110011
1101
01110111
11011
10111010
00011
1101111000
1111
1111
011001010001001000001
1110111
11
0
0
01
00
1
1
10
1
10
11
011001111
0011000100101
1111111
11
0
1
10
01
01
0
111
011111
1
110101
1
0
1
111011
111001
100111110111
1111111
11111
11101
1110
11111100
111010
0
111000101
0
111
0110
110
111
11
1011
0
1111
0
00111111
0
11
111111111
0
11101
0111111101111110010
1111101110011111
111110000111
101111011101
000
101
11011010111111110101000111
0
11010
1111101001
110
1
0
01110111111
011
11110110101
111
1111010011111
1111
11101011001011
100110101
1
111
1111111110
10110100110
0001111
0111111110
01011011011
11
11
11
1111110000
11
10
0
100
0111
1010011
10
11011
1
010011101
0
10
0000
11
00111
0
1111
1011
011110111
1111
0110011
1
11101010110
1
0111
000
1110000010
111101111
11111111110
1111111
10010100
1011100111
11111111110
11111111110
110110111
011101111100
1011011011111
1011011110
1111111110
011101100
0111111
11000111
11011
11
101
111
111
1
1111
01
1
111101
0111
11111
11
110
110111
1
00
1111110
111
00111011
0111010
111111
001
00111111101010101110
10110010111101110011
0000011010100101111
101001100101101111
10110110001111110101
01101001101111010
10011010010
101111010001110111
0101100111111111110
00010
111110000
0110010000101000100011
000110100111011111
11100010111101111
111101111111110
11100
0111111100
11011001
0101
110000100
1111011111100
110011111
11111011110010
111011110110
10100000
111100011111
11111011111110
11100010110
11111110
11111
11000111
1111101110000
1001010110
1
1100000011001010
001000110
0101101000100100100
00011
1100011110010101
01100000001110100110
111010101111111100
011000100110000000
111111
111111010011
00000
0111011111
110111111011111000101
1101111
10001010110111011101
10
111111
11111111
1110111111
011100001110011
11100
1111011111
1010101011
011100100
011011
11101001000
1110110111110010111
011111110
100000
011001
111101000
0111000010
01111110111
1011110101
1110110111001010000
0
10
111
110011
01111
11
110111100
011010111110110
11011111111111110111
00111111111110111010
0011110100110110010
0111100111110111011
1111111101111111
01110110011001011
10011111110010101101011
0100111
10001000010101101
111111
1101101010110100001
11011
0000111100001101100
101011101
11101101101
1010110
111010011101
10111011110011110011100
1111101111
11111011
111111111
1111111
1111110111101101
111111111111101
111111111011
0110110
11
1111101
1111111111
11111
11
11
01111100111111
110110
11
10111011
1110111
10010111
0100101101010
000000
11111010
001011010010100101111
1111111
1001101101111001010101
0111110111
000
0101100001000
110001101001001001
0011010000000110
0111101111
11111111
11011110100
10100111
010100101
1111111111011
0110011101
11001110000000
100111111110000
101101
000001001101
100001001
110111
011001
01001010
11101111100
1101011
1011
111111
11111011
01111
1010111
110101111
111111
1111111
11
1
10
00000
00111111
01111
10111011110
11111100
1111111
11111100
101111011
0011001010
0111111
11111111
00101111
111100
111111011
0011110101
001101000
111111111
000
0011
110111111
1011110111
0
0
11111
0
1111111001100000
00011
1111111000
10111111
100100
1000
10011011
00000111110
1111
0
1111101
111111
111101000111100110111
11001101
111011001
0110111110
1111101
11111000110000000001
1111110100
011011001
10001110011001
111110
01111110
0
1111
0
111
0111
1001110
0101
111011
0100
110
11011
01110
011
1010
011111
10011
0111
01100
01101
1111111
10
0011011
11101
001
010
11111101
0
0
1
011
0
0
0
111101
1
111
1111111111110011
11111101101101
0111
11101
11111101
00000000
1101111010010001
01111
0
001
1100110
000
00111111
11111
110110111
000
0
00000
0000111011
111111001
0010111111101
001011111101110001010001111
0111111101011
000
110011111111111101
11111101
1100111
11111
0001111
101111111010111111100110000
0111011111110000110111101
1
0110
1
101
111
11
1
11110100001
111
011
0110001001100111111
1111
1111
10001111
01110010101
00111111110010
1101
000010000
11111
00111111010
1111011
111111011
110
01
0
10111010101100110010001101010111100
1110000
0
1
1
1
1
111
1111110
111101
11
111
111010
0
1
1111
11111101110111
111111
111
111
1001011
011110111
11111
11101111011
1111
10
01011101111
111001
001
1101000
1111
001
01
1
010
01
11
01110101001
011
010
0
1
11
111110011
111110111
11111001
11
111
1
11111111011111111111
1111
0
1
1111110101111011
111
11111000101
1
0111111
11011011
111
1
0
001001010111
111
111
1101010
1
11
0111
1
111
00010111111
1101111101011
01111
10010
110011
00
00
001110
111011
101
1
111
1110
11
01
011
0001000
11
001
0101
011
111
11
10
111
11
110111
1111
11010
1
01
0
1
001
1110110
0111000011
001
01101
1011
1
0111
111
0111
111
1101
011
111
1
1001
11001
011
1111
111
11101
11001
01
1110
10
111
10
0
0111
11
011
0000
111
1011
101
1
111111011111110
1111
1
11
11111
11111
10000100011001
0111
110111
111111
01111111110000111
11
11111111
1101
11111011110
11111111
11111111
111001
1111
01101111111
101
01
11
111
10001
1011
00
1111
0
111
111
11001
101
0000
011
01001
1111
010
010111
111
101001
0110111
001
001001110001101001010100
11
0
1
1010111
111
0111
1101
0
11
11
1111
111
1
11
10111
11
1110
111
101
111
111
1
11
0111
11
1101
111
01
1
100001101000001010111
011
11101100
000
11
111
11
1101
001
0111
1
111
11
11
0111
111
101
11
1100
0100111011100111101100
11
111111110001
11101110011111111000
111
0
011110111111111
0110110011
1011
111
111
011111111
01
10001
10101
111
11
01111
0
0
0
00000
1
110101
1
10
001
0
1
0
1
1
0
1
11111
1111101000
1100111
000011111100010111
0
00000
1
00101
11
1
11111
000110
1
10
1
0
1
1
1
0
0
0
1
1
0
1
0111
0
11011
0000110
1
0101101101110
0
10101
11100
0000
0
100010000010
1
00111
0
1
00001
0
000100
1
0111101110
1
110111110
0
1
1
10110011
00010111101
0000110011
00
01111011101111111111
0
0000
011100001000
0101
0
01
01
1
000
1
1
11
0
1
011111
00
010
10
100
1
110
01011111
1
11
111
111
0
001
1
0
101
0
11
1
01
1
0011010111100
0
1100011110
11
11
00000
0
000101
0100
000000
000101
1111
011111
00000
0001
100
11101
00010
101011011
111111111
00111
1110111101
01111111
1111
110
00101
00000000000
000
111111001
11111
111
111
0
0
1111
11
110
0001
001
11111
1010
00110101110111101110101011111001001111001011
111111
1111111001101
11110
11011111110111010
0
11
1
0001111
1111011110110001111000
111
11111
11
0011
1111110100011
001111110
1111001
1
01110111
10001
11100
1011
01
11
1
011111
11
1
0000000000000
1
111
11
10000000000
1
0
11011
01001
111001101001101
010110011
000
01100011100101
011110110
11
01011111
111001
000
11011
00001
1110100
111
11111
11100111110001
1100111
1111111
011111110
1111111
000110
101110111
0001100110101011010101110011100
011011101101111111110
0111111001
11101001010100110101101
11110
1111
11
010011
1110100
001
11101
1
1
0
1
11
0
0
1
1
01
1111011110111
101001101101
111110
01111111
001
10
11111
0
00111
0
0101
01
0
0
01
1
00
1
011111
10000
011
01
0
1
0
00
111
11
1
0
0
10
11
00110
01
1101
011
11
01110
11
110
1011
10011
11
0
1101
1010
1111
10
00000000
001
0
111
00000000000000000000
011
110000
00111
11
1101001
1
0
110110
110
0001
01111011001
011
100
011000010001000
11
111
0010
1111
000001
01000000
00
00
000000000
00
1100
011111111
01010101101
111100001
0111111111101
110011111101
10011111
111111111
1000010110100
0100110111111
0100011011101
1011101
11111111011
11001101
1111111
011111110
111011101
0011111111
1011111010011
11111110
0011000000
1011110111101
0110111011
001111
1100110
1111111111
00
0
1
1
1
11
0
1
111111
1
11111
11111
000001
0111
111111
01111111110110011011
111111101
111111110
11
1111
1111111111
111111
11111
11111
1111111101
1111111
111100111010
0111
1111101
1111
11
1
1111111
1111
110111
01111110
0111
001111110
11001
00111
111
111
00
0
111
0
0
1
0
1
1111111
11
1
0
1
0
1
11
11
1
1
0
1
0
000
011001
00111
111
01110110
011
0
11
10
11001
11
1
1
1
001
01
1
0
1
11
01
1
11
0
0
1
0010
0
001
0
001111000
0101
0111
101
1100
1
0
0
0
00
0
101
00
111
10
1
1
00011
1
111
1110
1
1
1
11111
110
11
1011
111
1110
100111
0111
11
1101
1011
101011
111
01101
0000111
0
1
0
111101
1111111
11
0111111
10000
1101
0
0
10110
10110
1000
0
10001
0
001100
0
11100
00000
01011
11000
11001
110
1101
01100
1001000
10011
1111
00011
111001
100
111110
111001
00101
011101
11001
11011
0011
10
1001
110110
1
100100
100
111
1
1100111010
1111101101011111101
10011111110111010000
1
01101
1110111000100011111001000
111111
1100
00010011001
1
01
010
111
111
11
011
0
0
0
0
0
1
1
0
1
11
111
11
1
11
11
111110
111
111
011001
011
1
0
111
111
11
11
1110011101110
1111110
01110101010101111
11
111011011
00100
101011101
110101
1011101
111
111101011111100
1111101101
0
11
111
11
1
1
11
1
1
1
1
100
0
10
011
1111111101111111
111
11
1
1
00
011
110111
11
1
11
111
11
10
10
11
1
111
11
111
1
100
1
11
11
00
111
01
1111100
01111101101111011001
1000
111
1
1
0
0
0
11100
1
1111
10
1111
11
01111
011
1
111
10
111111
11
01011
1111
001
011
11
11
100
10011
101111
11
0
1
1101
0
1
1
1
1
1
0010
1
1
1
1
0
0
1
1
0
1
1
1
011
1
1000
0
11
111010101
11101
110
1110111001111
0
0011
1
0110
001100
110010010
111101011
00
11
10
11
1
0
01
00
00
0
1
0100
11
1011
01011110
010010
0
0
01011
1
00
111
111
0
0
0
0
0
0
0
0
0
0
0
0
0
011
00011
0111
11100
111
011
00111
111
10
111110000
11101
11
11
01
011
11
111
11
11111
00111
111011
11
010011
0011
1
11
00001
10101
0111
111
110
1000111
11
0000011
11
1011011
11
1
111
11
1001
001111
011
1110101
11
011
00111
101
11101
01
00111
110101100100001
011011
1011
1110
111
00011
11101110001
0111
111
0001
111000
001111
011
1
0
111001
0101
11
0
110010
1010
11
11
0
1
101
11
1110
1
0001111
1011
000101
011
1
0
011100011
1101
111101
11111
1
1111110
100101
0
0
0
010111000000011
10
11
0
0
00
1
00
0
0011
1
11
11
1
0
1
1
1
00
00
11
101
1
110
11
0
00
11
1
0
11
0
1
11
11101
11
0
0
1
1
01
11
0
1
111
00
10
01
0
01
11
00
1
0
0
1
01
00
1
0
1
1
1
1
1
1
11100
1
0
0
0
000
1
000
110111
01
1001
0000
11
11011
1101110
11111
0
0
0
0
1
0
0
0
0
1
1
1
0
0
0
1
1
1
0
010
110
10
1
111
010
111
1
1
0
1
1
0
0
0
0
11
11001111110111110010011101110
1
111
1
10111
1101
00
1
1
11001
11
11
111
010111
0110
11
010111
11
111
111
0111
11
11111
1011
111
0111
1
11
1101
1
11
1101
111
011
011
1101
111
011
111
111
0
0
10
111
011
0
000010
11111
111
01111
01111
111
01
01000111
10101110011010111001
1110111101
0111
1
01011
1110
1
11
111
1
00111
11
1101
1110
11
11
111
1110
111
10111
1111
1
1111111
1
01
1
0
11
111
1
101101
1
0
1
1
0
1
1
1
011
01
1
1
01
111
0
11
10
1
1
00
1
00011
0111
11100
0011
1101
11
1111111011100101
00
1010101100
111111100
111111110111111
11101
1
1110111
0111
1110
0011100111
111
11
0001
00
10001011
1
11
00111
11
01100
101
01
00
00
11
11
011
01111010100
11101
111101
11000000
1111001
1101
00
0111
111110
11011010000000
0111011
0
0
0
0
00
1
0
0
0
00
0
000
0
0
00
00
00
0
10
11
00
00
0
0
00
0
0
0
0
1
0
0
0
0
1
10
0
0
0
0
0
0
0
00
0
00
00
1001
01
00
00
0
001
011
0
01111
0
0
00
10
0
0
0
00
00
00
0
10
01
00
00
0
0
00
0
11
0
0
00
10
0
1
11
0
01
11
00010
1
0
0
0
1
11
000
0101
0
0
0
0
00
0
00
0
1
11
0
1
11111
0
11
00
0
0
11
11
011011011000010100001
1111110
111
011101111
1111
0111111
111111000
11
10
1111
11011110
1101101
111011
11111
111101
111111
011
01111
111
00111
0100111
11
1110
111
0111101
111101
111101
1111
11111
11110
11
11
011111
11
11111
110011
11
0111
11
110
111
11
11
0011
11100
11
1111
1
111
1111
11111
111
11111
111
1111
01111
0000111
1111101
11101
011111
0
111
11
1100
111
11
111
111
11
000010011
11101
11010001
101011
1111011
01111
11111
11111
011111
110111
1101
111010
111
11
11
000111
1
1101
11
0111
111
111
11
1
111
01111
011
111
1110
11
0
111
11
111
1101
101
100110101
011
011011110111001
10
11
111
0111
1
11
110111
1
01101
1
11
0111111
11
11101
110111
111111
11101011110
111110001
111
111
10011111
111
11110011
011011
1111110
0111
111
1
11
0111
011
111
111
000
00
01
0
0
101
10
00
10
101
10
11110
01011
1
11011
11
11
1
11
000
11
1
010
111
1
1111
01011101
1111
111010
0
11
110
011
11101111111
0111
0
111
111
11111
011
11
01111
01
101
111
00111
11
111101
111
01111
0111
1111
11010110
111
10101
1101
111011
111101100
111111
1101
1
11110
11111
0111
0111011
1110111
1011101
111100110
10111
0
11111
1110110
1
1
011
111111
11111
111111
11111
110
1011111
11
10111
000
111111
0011
0
1
100111
101
1
0
1
1111
01100110100
111
11011
11100
1111
11
11
00111
111
1
111
11111
1101110
1
0
111110
00111111
1110110
11111
11
11000000
111110100
0111111011111
111
1110110
11101010
111
100
11100101
11111
011
1011101
1110111
11001
00
1001
1
0101111
11111
011
1101101
0
111
1101111
1110
1101111
1111
1
111110
011011
01000
011
11111
11111
0
111110
111
1111
11
1000011011
11
1
00
1111000
00
01
011
00
00
00
00
0
0
000
0
111
00
00
01
000
11
11
000
00
000
00
011
00
0
00
0
11
0
001
010
00
000
0
000
0
00
0
011
00
0
1
000
111
00
100
0
00
1
00
000
10
11
0
01
11
000
000
00
101
1
00
000
00
100
000
0
000
1
00
0
101
00
0
01
11
00
001
00
111
11
101
00
00
000
00
0
00
01
0
00
000
00
000
00
011
01
00
00
000
000
1111
1011111
11
0
