1111
111
111
1101
1110010
100
111110
10100
101111
0000
1011
101
00000
0111
1000001
001010110
001
00010
111111
1100
1
10000
0000
101111
0
1111
000101
1
111
11110
111010
110111
100100
1101
11111
111111
10011
1111011
01000
000
100000
01
0111
110111
0001
0000
000111
0111
110
011101010
11000000000
0000000000010
00000011
1010100000000
010010000
0100000010
00110010
001000
11011
00000
1000010
000000
00000
11100
0011000000
000111111111
111010011111111
111011100100001010010
00100001100
01000
11101
10001001101000
1101011
000110001011011101010
000001
1110110
