1
0011111
1101010001000
111
01110101
11111
111
111
11111
11111
11
0111111
11
111
111111101101010
11
1
011
11101
111
011111
11
110
010100
111
1
11
110110
01
011
1
0111
1
111101
1
111
11
11
1
111011
11
1111
110
111
11111011111111111111
111111
111111111
111111011110
11111101111
11111111011
1111111111
1
11111
111111
1111
01111
11111
11101110
1111101111
1110011
111111111
111011
111111
111
11111
11
1111
11
11
110
111111
11
1111111
1101
111
111
111111
11111
1111
11111111
11111111
111111
1111
1011110111111110
11111111
111111
111
111
11
1111111
1111110111110
11
1110111111110111111110110
11110111111
011011111111101011101011
1111111111
11111111111
01
111111111
11111111101111111
11100111111011110100111100111101101011110
1111111111110
111
1111110110111111
111
11111111011110011111
1111111111
1111111111
11
111
1
111
011101111100011101
111
111111011
0
101
111111111111
11111110100111111
111
1110111111111
1111111011111111011
011
11
1100
011111
1
11
101
111111011011111
011111111111111111100
111111
11111111111
111111
111000110111111111
11111111
111111111
1111101101111
01110111111101111
1111111111
1111111101110111101111111101
111
1111111111
111111
111
111111111
111111111
111111
111111
1111111111
11
101101111111111111010101011111
0111111010110
111100
1101110111111
1110
11
11
11111111110111011
1111
11
11111
1111
11111
111111
11111
111111111
111
1111
1111101
111111
1111
11111111110111
111111111010100001
1111001111111111
111111111110001
1111111111
11111111111
01010101101111
1111111110100011111
11111110111
111111
0000111111110110111111111000
111011101110111101
11101111
1111111111
11111111
1111111
1111111101111101
101011111111110110111111111
1011101000
01111111111111
011111111010111010011111
1111111111
1110101111111111111010110011000
111101100111
110111110101
111
1111111101111
001100111111111111010111101110
1111110111111
11111111111
111111100111101110110
111111
111111111111
11111
111111
111
1111
1111
11
11111
111111111111
111110
111110001111111111100111111
111111111111
11111111100111110
1111011111111111
1111110011
100001110010011110001111000111010010
011111101110111
111111111
1111110101
1111110111
110110110111111
11110011
11110
111
1111
11111110111111111111
01111111111001111111111
001110010011111111111111011110111100110
001010111111011110100010010111
1111111111011
010111111111011111111110
0111101110111111101110101001100
111111111111
1111111110
1110
11110111
111111101111011
1111111111111111
00101111111110100100011111
111011110110111100100111111011
111111111111111
11100011111110011001111111
011111101111110110100
1111111011
11111111101111
1111111111101011
11111111
1111110011
101111110101111
111111
1110111111011111111111
1101100010111111011110100100011010101100001111
111111101010011101
110100
11111111101
11111
1111111101011010
11110101
111111111111
11111111111
1110111111110
11110111111111011
101
111110
111111111111111
1111111111111111110010011
11111111111
111111111111
1111111111
01111111101111011
1111110111111
111
1111111
11111
1111
111111001
111
1
11111
11111
1111
1111
1111011111110101110001
1111111111
111011
11
1111101
111
111111111
1111
10000111111111110111101111111101
111
11111
10111111
111
11111
111111
11111
11111
1011111
11111
111
11111
11111
10111110111
1111
10111111
111111101111
1111
11
1111111111111111
1001111011
11111
111111111
011111110
11111111
11111
1
111110111
111111111
10100111
1111
111
111
1111111111111110100
11111011111
11111101110
111111
10111111111
11110111110
111
11111
1010101
111
1011111
1
1
1
111101011
111
11110111100111
111
11110101111101111111111010
111111111
11111
111110
11111111
111
1111111011
11
1111111
11111111
111111
1
111
11
111111111
111
111111011111
11111111011111111
101111011111
111111110010111
111011111011101111111101
1111110111111
011111110111110
11111010
1100111
111111011110
11111101111
111111
11111111101111111111
11111111111
1111
111110111
1111111111
01001111111111011111111
11111111
1111111111
111111101111
11111011
111111111
1111
11111
111111
1101
11
1111
1
111
111111
01111
11111111111011011
1111011111
10111101111
1111111011111
11110111111
11111111
1111101110011
11111011
01111101101111111
11111111
111111010111
11
111101111111101
111101111101011
1
111
11111011110
10111100010101100111
11111101111111110
111111111
111111111
111111110111101011111
0111
111
01011011111011
11111110111
1111101111011
11111111
1111101111110
111
01
1111100
11
01111110101000000011
11101
1
1111011111
11110011111
110111111111101
11011111110011
11111111
010111111
11111111
1111111010111
1
111111111
11111111
1011111111
110111
111101
11
011011
11
00001
111
1
111
111
111
1111
111
111100111111111101001101001001111101
111111111
11101111111111
101011101
1111101011111
11111111111
10001011111111101111110111
11111
01111100001111
11001
111111111111
1111111111111
11101111110110111111110100111
11111111011001111111
1
11111111111
1111111101111111
111111111111
111101111111101111011111001100
101011111011111100001110111011
111111111
111111110111101111010
1111111111100
0000111111
11001
1111111111011
01111111
11111111011111111
111111111
111111111101
11111111111
1111111111
10111111110111111111110100
1111111111111010001
011111101111100
111101111111
1000111110111000
11111111010111111
111111111011111
1101010111111111111010110
111111111
111111011110011111101
11111011111111
1101011
1110011011011001111111
1111101111111
011101111110111101111001011
000111010110111111110001110001101001111010
111111110011
111110011111
111111
1111111111
1111111101111
101111011011101101
1111111011
1111011111111110011101001101
11111111110111
1111111111
1111000101011111
111110111111011101111
111111101
1111111111
1111111101
110100111011110011
11
11111101100111
11011
111111
011111
111111
01000111
110111
1
0111111
111111
111
11111
1111
1110111
111
1111011
1111
1111101101100100
01110101111
1111
11111
1011
101101
11111
0111
100
1111
1111111110
1111111111
011100111
11111
111
11111
1111
1111
111111
111
1111
11111
1100111
0111111101
11011
111
1111101
111
111111
11111
01111
1111
11111
11111
1111
11110
1111
110111111011111011
111111101110111101
1111111111111
111111111
11111011111111
1111111101
1111110111111111
110011111111111
111111111
1111011111111
1011111
11111111111111111
11011111011011
1111111101011111111
1111111111111
11110101
111111111111111
1111111111111111
1111111111111
1111110111111
11
11111111111111
111111111111
111111111111
1101111111111
11111111110101110111
11111011111111101
1100111111111111
111111111101111100
110111101
1111111111
1111011111111111
111111111111
111111111
11111111
1011111111010
11111
11111
111111111111
11101111111111101
1111111111111111
1111111111111011111
111111111111111
1111
11110111
01111111111
1111111111
011111011110101111
101111001111111111
11111111111111
11111111101101111
1111111
1111111111111
11111111111001
0011111111100011111010001001
11111111111111
11111
1111110111111111
11111111101011
11111111111
111111111111
1111011000
11111111111
111111111011
111111
1111111
11111
1111
1111
1111
111
111111111
11111111
1110111111
111110111
111
11111
111111
11111
111111111
11111100
011111
011111111111
11111111111
1111111111111
111
1110101
1111111110111000
11111
110001
1110101111111111
001111
11111111011
1111111101
11111111111111
11111111101100111111
111111110111001
1111111011111
111111
111111111
11111111111
10111111
1101111
11010101111
11111111111111
101101111011111
11111111111111
11111111111111
1111111111
10101
1111101111111111
111110111111111
1111111111111
111011111111111
11111111111111
111110111111111111
11111111110111111111
11111111101
11111
1111
11111
11111
11111
111111101
1111
111111
11111111
1111111111
1111
11101
01110000011010111111
1111
1111011101111111011110
1111111
011111
11111
1101111
1111111
1111
111111110
1111101011111
1111111110
111111111
111111111
1111111111
111111111
111111111
1111111111
11111111
111111111
11111111
1111111111
1111111111
1111111111
1111111111
111111
1111111
1111111011
10111111111
1111
111111111
11111
111111111
111
111
100011
111
1111
011111
11111
11
111
1111
111111111
1111111111
11111111101111
11111
11111111111
111111111111111
1111101111
1001101
1111
11111100
1111
11111
1111
101111111
1111111111
111111
11111111
110111111111
11
111111111
11111111
1111101
1111111111
111110111111
1111111011
11101111111
111
01110111111
1110111
10111111
111
1111111
1111
011101
11111
111111111
111111
111
11111
010111101110011
111111
111111
111111
11111
1110111
111111
1111111
111101
1111111
11111111011
11111111
111
11111111111
01111
111
111
11100101
11111111111111
1111111111
11111
101101111
11111
1011110111
1
11011111
11111
1111
111
110101111111
111111
11111
1111111
1111
11111
11111
111111
111111
11
111111110
111
11111
111111
111111111
1111111
11111111111
111111111
1111
11111110111
111111
11111111
1111
111011111
011111
111
011011111
11011011
10010111
111111
1111101
1100001001010100
01
110110010
1111
111111
110
111
11101111
1001011110101111
1101111
1011011101
11010111
1110110
11010111111
1111111
111101101101
11111111
1111111011010
1111111
111111
1011111
1111111
101111
111101101
1
1111
11100111
101111111101100
11111
111111
11111111
11111111
111111
11111111
0111111
111101111
1111111
1110001
11011111
111111
111111010
11111
111111
111111111
1111111
11111111
1101111111
11101101111
1110111110
11111111
110000111101
110111111
11111111
1111111
101111
1011111
111111
111111011001
111
111111
1111
11111
1111111
111111
11111111
00111111
10111011000
111111011
11111111
111111011
1111111
11111111
1111011
1111111
111111111
111110
111111
1101111
01111111
1111111
11100110111
11111
001111
11
0111111
111111
1011100101011110000
11111
111111
111111
1111111
1101011111110000011111
1111101
11111011
111111
111111
1111
101
11
11110
1111
111
01
1111
11
111
1111
11
1111
111
11
1111
111
11
1111
11
1010
001
1111
11
11
111
111
01
11
101
0111
110
011
111
101
11
111
11
11
10
1111
1111
111
1111
1111
111
11
111
11
1111
111
1
11
11
1111
111
11
111
10
101
111
111
1111
11
011
1111
1111
0111111
11
001
1
10110111111110011110110111
1011111000
10
0
1111111111
1111
111111111
111111111111
1111111111101
111111
111111
011111
1111110101
111111111
111
111
0111110101101
111111
1111111111
11111111110101
11101111
111101
1111111111
11111
01111011
0111
1
11
1111
0
10
0
11111111101101
111
1110
011111
111
01
00
0
0
0
1
10
11111111110101
00
11
11111
10
10
1
10
01
01
00
01
00
10
0111111110111111
11
1111110011
0
00
11111110001
0
0
1111
111111110111110011
1
00
111
0
1
1
00
00
1
00
111111101110111
0
0
00
11
0
1111
11111
1101
00
1011111
0
0
01
00
0
00
10
00
0
01
1
00
00
1110111101110111010110011001
0
111111010100
11111111101
00
10111
1
1111111
11111
111111
101111
1111
1111111
011111
111111
11111
111111110
11111111
11110111110
111111
111101
111111
11110
0111
1111
111100011111
111111
1111
1111
011011110
11111101111111001100111001011
11111111111100
0111110110011111110
111111110101
11111011111
11111
11011101011011111101010010101001
11111111011
00110
11111
0101111
1110100
1111111111111
1101101111100111111101111011
1101111010
111
11
111111011011
11111101111111011011
11
1011
1
10111
11111101111
1
11111110
0
11111
1111
1
111
1101111111110001111
111110111111
1111001001101101010000011000
111011111111111
1
1111111111110
111111111110111
111111101111
11
1111
1101111111
111111
100010
111
0111
10111111
111111111001111011
1111111011111111111
1111
111111111111011
11011
11111110111111101
1111
1111111
11110111101111
11
1
11111111111111111
101111111111111111111
0001000
1
11111111111011111110
1111111
11011111
1111
01111
1111
110111
111111
11111
111011
1111
111111
1111
1111
111011
110111
111
1111
1111
11011111111010000110001
111
1
111
11111
11111
11111111
1111
11
1100011
111
00
1011
1111
11001
1
011101011
1111
1111
111111
1111
1111
111111
1111
111111
1111
1111
1111
1111
1111
11111100
11
1111
1011
111
110111111111111111
111
0111110111100100011010
1
101111011111
11111
0011111011100011101111110
1111111111111
111
111111
111001111
11111111111
111111111
11111
11111111101111
101111010111
11
1011111
1
11111011
1111111111
11111
11111
111
11111
1111
1111
111
1111
11111
01110111
011111
001
1111
1
1110111
11111
111101
111001
111001110000001
111111
110111001
11
111111
11111
1011011
101111
1111011
11
110110101100
11
11111
011101110
111111
11111
111000111010
10111111
111111
11111
1111101
0111111
11101011
11111
111
11
111111
1111
111
1111
11
11111
111111
1110111101
111111
11
11111
110111
11111111111101
1111
11
1111
111110111
1111
1111
1
000000000000000011100000000000000000000000000
11111
11111
10011
11111111111
11
11111
11111
111
11111
11011111
11111
111111111
111
111111111
1111111111111111111
0101110101111110
1
01111
1111
11111011
11111
1111
00000000
11111
1111
1111
111111
11
1111
0111111
111
1111111111
1111111
011
01
1111
11
111
11
111111111
1111101111111
111111
1111111111111111
11101110
11
011
11
111111011111111111101
11111111111111111101111
11111111111111
11111111111111111011011110110
1111111111
1110111101111111111111110001000110101111111111
111111111111111
11111
11111
111111
11111
11111
11101111
0101
1111
101
0111
011
11
1110
0111
1111
1101
0
011
1111111111111
0
111
110010
11111
101111
11111
11
11110111111111000
1111111011111111111111111111111111
1111
1111011
111
11111
1111
11111
1101
01
111
101111
11
11111
0000111111
101111
11111
11111
1
0
1111
1111
111
111111
0111
10
111
11
111
1
1
1
1011
101
1
110011
011
1
111
01111
111
0111010101111
111
111111
11111111
1111111
1111111
11111110
111
1111111
1111111
11101111
11111101111
11111
0101
111111
11111111
111111
1111010111
1111
11
11
10101
11
1
111
111
111
1
101
11
0111
10
11010
11111
11011111111
1111
11111011101101100110101
11
001
10111
110101
111
11111
11001
111
10001
111
111111101
111111
011
111111110110
11
111
1011111111
1111111
111111
11111111011110
11
11
1
111
111
11
010
11
111
1111
11111101111
11111111
11
111101
11111111
11111111
111111
1111111111
1111111111
11111111
10111111
11
1
11
1
111
11
1
01
110
1
111
111
111
111
11111
11
1001
111
10
11111
11
111
11
111111011101011
11111111
11111111
1111111110010110
11111111
111111111
111
110011
111111111
111
1
1
1
1
1
1
1
1
1
1
01
111111
0111
1111
01
1101
100
1111
111
011
0110111
1011
111111111111
1110
001
0
0111
11
111
0111
111
0111
1111
11101
11
1
11
111
11100111
111
1101101
1111
11111
1111
11111
1111
1111
1111
11111
11111
1111
111
1111
01111
111111
11111
110011111
11111
11111
111111111111111
1111
111111
1111
111
11
1111
11111
1111
11
110
101101
1111
110111
111111111110111101011010110011001011101
1111
1
111
11
11111
111
11111111111
11
01010110
1
11
111
11
11110
111
11
1111
11111
111
111
001
110
1100
111
1010
111
10
11
111
001
00
01
0
110
10
111
1011
0010
1001
00
01
00
111
0100
111
101
111011111011111110
111
11
1
11
1
1
11
01
11110
111
1111
11
111111
1111011001100100100011110111111101101111111111111010011111111111101101111110111111111111111111111111101111
00001000000
11111
11111
11111
11111
11111
111111
11
1111
1111111111
111111
11111011111
11111
11111011
11
11111
111
11111
1111010111
11111
111111
1111
111
111
1
111
01111
0111
111
1111
111
11
11
01111
111
111
111
11
1111
1
1111
1111
1
111
11111
1
111
111
11
1
11
1
1
1111
11
10111
1011111
11
11
100
1011
100
000
0001
001
11
000
111
001
001
011
10
000
101
111
101
110
000
11
101
11101111111110001111
1
1
10010
110
0111110111
11011
111
1
100
11
11
0
000
11111111101111
1111
11
1011
11010
1
111
011
11111
1
11
1111
1111
111
111
0111
101111
1
011
111
0111
11111
11111
1111
1111
100111
111
111011101
111111
111110101
1110110111
11111011
11011
0000101101100
000
10111
11
111
00
000
11110
1001
000
00
000
0
1
11
1001
100
100
001
10
11
110011
111
110
000
000
0
101111011011111111011111101010110111011111111111111110111111111100000001
1111010
111111111111
11111111111111
111111110111111111
11111111
11111111111
1111111101111
01
000
001
1110
1100
101
1000111
0000
100
10
00
1001111
000
000
1111111111111111
100
110
001
001
1111111111111111111111111110111101111111111111110111111111111111111111111111101011111111101111111111111111111111111
000
000
00
1111
011111101111111111
00
11001111111111111111111111111111111111111111101110111101111111101110111111011111011011111111111111111111
111111
1011
1
10
111
111111111110111111111111111111111111111111111111111111111110111111
111111
11101
111111
1111111
01111111111101
111111111
0
11111111111
1111011
11111111111111111
111111111111
0111
11111
111
111
01111111111111111111111111110111111111101111111111111111111110011101001111111110101111111111111011
1111
1
11
11
111
11111
11
1111
111
11111
1111
011
11
111
0111
0111
111
11111
1
111
100011
111011
110111
111
11
10111
01
111
110
0111
11
011
1110011
000
1111
111
1110001
11
111
111011110100
11
0111111
111
11
11
111
111
111
1111
1
111
111
10
1111
11
1
1
11
1111
11
1111
11
111
1
11
01
111111
001
111111111011110
1111111001111111111111111111111111111111111111111111111110000110011101111111111111000111011110
11
1110111011111111111111
111
1111
111
11
101
111
111
111111
11
1111
1111
11111
11
10101001111100111111111111111110110111111101111111101110111110111111100011111100111111111111111111111111
11111110101111111111111110111111111111111111111111111111111011110111110111100111001111101111111111111101111111111
11111111111111111111111111111111110111111011111111111111111110010111111111101111111111111111101101
10111011111111111111111111111111111111101111111011111100101010111110100111111101111111011111110111111110
11101111111111111111101111111101011111111111111111011111111100101110111111111101111111111111110111101
1111111111111111111011111111111111110011111101111110111111101111111011110100111101111111111111111111111111110
101001011110111110111101111111111111111111111111101110111111111111111111001111111111111111111101111111
011111100111010111110111111110101111111010110111011111111111111111
111111111111111111111111111011111111111111111111111111111111111110111111101111111111111111111
11111111101111111111101111111111111011111111111100111111011101111101111111111111110111111111111101111111
1111111111111111011111110111111111111111111111111101110111111110101111111010101111101111111111111111111111
11111111111111111111111110111111111100111111011111011111101111111110111111110110111111111111111111111111111
111000111111111111111111111111111101110111111111111101010100111101010111110111111111111111111111111111
111111110111111010111111111111111111111111111111111111111011101100111101111101111110111111111111111011111111111
111111111111111110111111111111111111101011111111111100111111001111101101111101110111010111111111101110110000000000
10111111111111111111111111111111110111111111111111111111111110111011101111111001101110111111111111110100111
110111111101111111111111111111111111111100110001111111101110111101111011110111011111111111111111111011111111111
101110011011111110110110111111111111011001101010011010000011011111111100010110111111110101110110000001
11111111011111111111111111111110111111111111111111101111111111111111111110100111111111111111111111111111111
111111111111111111111111001111011111111111111011011111011111111111111111111111111111111111111111
11
110
1111011
111
1111
1111
111
111
111
1111
111
111
1111
1111
111
111
1011
001
11
101
111
111
01
111
111
111
101
111
111
1110
111111
11111
111
010111
011110111001
1111111
0111111
11111111
11111111100
111011111110
1111111110011100
11111111
111011100
1111110111
111011
10111011
1111
1111
11011111
1111111
111
1111
1100
000
011
101
10111111111111101111111
001
00
0111
101100110111110110111001110001111111100011000
111
111
111110011111110111011101111100100111
01
1111
00
0
0101010
11
1001
1
11
100110
111
1111
111
11
1111
111
11
111
11
011
11111
111111
111111
00
10
111
111
111
11
111
1111
000
0111
1111
1
1111
111
101
1
1
11
1111
111
1111
1111
1111011
11111
11111
11110
111
111
111
111
111111
1111
11
11111
11
11
111
11
0110111001
111
11111
111011
10100000100010101110
111111
0011110011101
1
0
1
1
1
1
1
1111
1111111111111
1
1
11111111111
1
1
111
011
1
1
1111111
1111111
1
1
1111010
111111111111
111111101011111111011111011111111111111111111111001110011111111111111111111111
1011111111
1
11111111
1
111
000110001
1
1
11111011111111111111111111111111111111111111111111111111111111111111111
001111111
1
11111111111111111111111111111111111111111111111111111111111111111111
1
111111011110
1111
1111
11111111111
1
1110
11111111010001
1111
1
1
11
1
1
1
0111111
001
01101111
1
111111111111111111111111110101111110111111111101100111011011111111111111111111
11
1
00111
1
11111
11111111100
00110101
111101101
101101111
11111111
1
011101111001
11111111
11111111111
111111111
111111110101101111111111111111111111111111111111011111111111111110110110
1110111011111111111011111111101101000110110011111011101111101111111111111111
10011111110
1
1111111
110110111111
111
1111111111111
111
111110110100110110101110111111100000000001101100010110111111110110001111000101111011111110111
11111111
011100100000111011100001101110010000000000100111101111111110100111110010111011111111111
111111111
1111
1111111
111
11111111
11111110101111101111101111101111001111011111111111101100100000010111001110111111111101111111111
10011111
1
10001010011
1
1111011
111
11
1
111
1
01111110111111110011011111111111111111111111111101111100001011111111111111111111
1
111
111111111
11111
1
011011111111101010111111100000100010111110111011111001111111101111111111
010110111111
1011
0111111111
01101
11111011111
111111111
11
11
10
111
1
00111
10
111
11111
01111
11111
1111
11111
111110111
0
11111111111
1111111111111111
11
1111
111
1
11
11
1
1
01
11
11
11
1
11101
11110111
1111
11111100
111
1110111
1000010
0
00
111
11101
101111
11111
10111
111111011111
00111
1111101
111
1111
1111
11
11111
10011011
111
111
11
111
01
11
11
10
110
110010111010110
01000111110110001011
111011111010
1101
11
11111
010111
1111
1111101101
11
1111
1111
11110010
11111
111111
111111
1
0
0
1111
11111
1010111
11
11111111111111111111111111111111101101111111111111111110111111111111101111111
111110101
0101110111000000111111111111111111101001011111111111111110111111110111111
01111111111110
111111111111111111111111111110111101111111111111111111111110111111111111
011011101111
01111100011111011111011111111111101111111111111100110111110111111111111
111111011111111110111111111111111111111111111111111111111111
1111111111111101111111101111111111111111111111111111111110111111111
111110111111111110010111111111101111111111111111111011011111111111111111
000011110001001111111111111011111111111111111110
11011111111111101111110111111111111110001100000011101111111111111111
11111111111111111111110111111111111101111111111111111111111111111
11011101011101101110110101111001111101011011
111111111111111111111111111111110111111111111011111111101111
110111010101111001001111111100000101110111111101111111111110111111111111111
1111111111110111111110111111110111111101
101111110111010011010111111110111101111011111101101101111111100011010111
10100100111010011101101111111011001000111110111001110110011110111111011
11011111100111001110111110111110011111111111111111111101
01101000011101111000011001
11111111111111111
111111111111111111111111011111111111011111111111111111111101101111
11111111111111111101111111111111111111111111111111111111111111
101000010000111001011111101111100010101111110100111111111101010111110011
01000001111111111110111111011101111
00000000000100000111
10111011111011111111111111111110101111111111011111111010101111101010
0011110100000000010101011111011101000000000111001001111111111001101001100010000000000000
11111
1111111100000000000010101111111111111011101111111111111101111111
1111
111101111
1110111111
01101101011111111010011111111111101111111111111111111110101111111111111111111011
1111
10111111011111111111111111111111101110111111111111110101011111111011111011111111111
1101101101111111110100001111000011000001110010010111111111111111
111
11111
1
11
11
11
11111011111111111011111111001111111011111111111111001110111111011111111111101
1111111
1111101
001
1
111111111111
1011111
111011
01111
11
110101011111
111111
00
100010
1111111110
1111110110111111
11
1
1
11101101
01011111100
100
11
01111
11
111111111111111
0111
111111
111111
1111
01111110011111
11111
111
110
111111
1111111
1100111110
0111
11111
100010111101110110011110011011101
111111010111010
111110101110011100100011111011111111
111111
1
11011111011111101101001001100000001110
1101111111111011111110111001111
111001101111101111101111101111111
111101101101101100101110111111
0010010101000011100010010110011010111101010110011011000
1010111111011011111110010111101110000010100001110101000
01000100010101111100100000100111101111011111101111
11110111111001011111100011110001110110101
11110111111111111111011101111111
101011101001001110011111111111111
1100111110111111100100111111011
111011
110111101
1111
11111011001
11011
1111111111
1111
1111011101
1111111100111001111111111111
111000011111111111111111111110100100100110111111111111
11
1111
1101101110111001
11111
111
111
11
11
111110
111001111
011
11
101
111111111
111
1111111101101
11111
1111
011111111011
011100101100011111
111111111
111111111011
111111111111
0110111111111
1111111101
101110111111011
111110011111
1111
111111111
11101111101111
1101111
101011111111111
1111
11111110111111111000111111111111101111111110101111111111111111111
111111
1111
111
11111000
001111111111011111111101111111011111111111111111111110111111111111
1101
111111111111111
101101111111000111001111111111111111111111111111111111111111
101101
11
111
10111111111110111111111110101011111111111110111111111101111110100000010
11111
111111
11111
1011
111111
111
11111
111
11111
11
111
1111
11101
1111
11111
11111011
111110
11111
11111
11011111111
1111011101111
11
1
11
01
1
1
01
111111111111
1
01
01
1
11111111011111
10
01
1111111111111
111
11
100111110
111110111
11111
11111
1111100100
1111
01
1
1
1
1
00
1011111111
11
01
11111111
1
1
0
10
11
00
01
01101
1
1101
01
11110101010111111
11011
1011
000000000000000001011111111011111100100011111101111001010101100000010000000101
111101111
111111111011100010010011111101111111111111111111
1111100111010111111110110011111111111111111111111111111111111111
1111111101111111111111101011111111111111111101111111111111111111111
11111111111111111111110111101111111111111111111111111111111111111111111
1111111
100000000000000000011111111100000001111111101111011110111111111111111111
01111111
11011111
101111111001
111111111111
1111111111
1111110101
111111111111
11011100111111111111
111101111011111111
111011111011
111111111111111
01111111110111110000101
11111111
1111111111
111111111101110011
1111111111011111
111101101111101
101110000110111111111110111111011
111111
1
11010
11111
1011
100101
110111
111111
1111
11111
1111
1111
1111
111
1111
1101110
1111
11111
11
10111010111011011111101101111010000010
111011
011111
11111
1111
111
1111
11111
11111
111110
1011
1111
11111
111011
11111111111111111111111111111101111111001111111111111111111111111
11111
111
111111
1111
1111
111111
11111
111111
0111111
101111
1010111
1111
11111
111
11111
1
11111
11111
0111111
11111
111111
11111111111111111111111111111111101111111111111111111111111111111111
11111
11111
1101111001
100011111101111111011111111011111101110111111111
11111
1111
111111
111111111
01111010101111
101111
11111
001111
1111111111
1111
111111111
11111110111
011111
1111111
1111
10111
11111111001111
101101100111011111
1111
11111111111
1111111111
1
010010011111101111110111111111111111111111111111111111111111111111111
111110
100111010011
10011011101000010111111110001110111111011111011011111111
111111111111011101111111101011111111111001100001010011011111101111111111
11111111111111111111111111111111110111111111110111110111101111111111111111
01110000100000
11111111011111111111111111111111101111111111111111111110111110111111111111
11111111111111111111101111111111111111011111111111111111111111111111
10111111111111111111111111111111111111111111111111111111111111
10111110111111111111111111111111111111111111111111111111111111111111
110101101110111111111011111111111111111111111
111111111111111111111111111111111111111111111111111111011111111100
1111111111111111111110111111011111111111111111111111111111110111111011
11111111111111111111111111111111111111101110110011111011111101111111111101
011101011111111111111100110110100111100111111110
111111111111111111111111101111011111110000111111111111111111
111111111111111111110111111111110101011111101011111010111111011111011
111101001111111100110111111111111101111111111111111110111111111101
1011
11111011101011111111011111111111100111011111011
00100100010011100010011111111000100000111101111011010101111011011100001111110
11
010110000011100011111111111001011101111111111110111011111111111111011111
0111111111011111101111
111111
111
1111
111100011100111110111
1110111110
0110111111111
11
101
111111
1111111111111001
1111110
11111
1
111
111111
111011111
111111
11111
111
111
11
110110
111
11
11
1100100101101100
111
1101011
11
11111101
11111111
111011111
111
1111011111011110
111001111101
1111111111
1
01111111101111111111111111111
11110111111
111111111111110111111111
11111111111
11111111111111111111110111111
111111111
1111101110111110111111111010111
11111111111111111111111111
011111111111111111111111111110111111
11111111111011111111111111
11101110111111
11111111111111111111101
111111110110011
11111111111111111111111
00111111011111111111111111100110
111011111111111111111111111
1111111111110111111
111110101101
11110111111111110011111111
1111
11111111111011110001100111
1111101101
11111111111111111011111111110111
1111101111111111111111111111
111111100101000111110110
111111010101111111111
101111100110010011011
11110100101101110101111001011101110011
1101110110011001101
111011101011011
1110111111
0001000101
111111111110011
111101111
11111111111
11111010
1111111111
1
101111110011111
1111
11111111
1011
1110111
111110111
111111111
11101111111
11111
1111101111111010101111111111
000
0100111100011000001111101111001010100001101110111011000001110111110001
111111111111
1111111101
011111111110111011
010110111011101111011111
11111011111
01
1111111111111111111
1111111111110111111010111111
00
101101111111111111111111111111111
10110111111111101
0111111111111001
10111111111101100010111111
11111111111111101111110111
00111101111111111011
101111111111111111011011101111111
1111111111110011101111111010101
1110111111111111110
10111111111111111101111111111111
1111111111110111001
1111001101011111
1011110111100001111110
10110111111111111111111100111111
11111111111111111111111111111110
1110011111110011011110
1011111111110111100
11011111111111111111111110111111
0011110111011001001
011111111111111111111010
111110111011111011101010111111111
11111111111111111110111011
0111111111111111110111111
11111111111111111111111111
1110111111
111111111
1111111111
1111
1111111111
11111
1111110
11
11110111111
1111
11
111111
1111
010110011
1110111
1111011111011101
101111111111111111110111111
1111100111101001110
11111111
1111111110
101111111111111111111
1110100
00001000111000
1111011111111110111111110111110111
10111111101111001011011111
11110110111111101111
1100100110111100
100111111111111110011111101101
1010111100011011111101110111111000111010
110111111010101101111
0011111111011111111110111111
111110111111110111111100111111
10111111111111001
100110001111111
11111110111110111111101
11101111111111111111111111111111
1111111111101111111
1101111111111111
01011111110111111
111010110101111111000
1111111111111111101111101011011
00111101111111101111
1111111111111011100111110101110
11110110111111111
110111111101101100101
0011111111111111111110111111110
111111111111
10111111111110111011111
1111011000111111111
00
1110110101111111111
1111011111111111010
1111111111111111111111110111101111110
111
001101
11111111111111110101
1101111111111
1111111111010111101
00000110000001001010111
11011111111111110111110111111
1011111111110011011111
011111101110111111111
1011111101111111101
11110111111111110111111111111
0111111111101101111
01111110111111111111111101111111
1101111111111111110011101
1111100011010110
1111101011110111111011
111111111010111101111110101
01
111101111111111111111111111011111
010111110111111101
111111111111111011111
111101111111111111101111111111111111
000000000000110010011111
110111111101111101111011111111
1011111111111111111111110111
1011111111111110111111111111
111111
00
1011101
00
011011011111110111111010011101110111110011
11111101111111011100101001110001010
110111111111111111101111110111111
11
01111111110111
1111
11011
11101
11111
1111111
1111111
0111
111111
111101
110101
1111
11111
111
111
111101
11111
111110
11
110111101011
11111110110111111111
11111101111111111
1111111011111
11111111111
11111110010111111
111110011111111111
11111101110110110000
10111111111110111100
011101111101011111111010011
011010111001111011111001000100
10110111101111001110001111111101111011111010
0011011011110101001111111
11101111111111
10111110111111111111
1111
11111111111101100101111111111011111111110111110111111
010000010011111111011011110111111101011111111
1110
111111
1111
11111110111111111101
1110100011001011101111110110011010100010111100000
1101111111111111111111
101111111101101111111011111111111
11111111111110111111010101111111
111111111111111111111111
111010111011111111101001
11111011111111111111
11111111111011101110
1111111110110101111
111011111111111111110111111
1011101111111111110011
11110111111111101
1011111011111001111
101101111111111110
11011110110101011
111101101111111111111111101111111
1101111111111111111111001111
011110011011111111011110
001111111111101111
10111110111111111010100010000
1111111110111110111
1111111101111111
10111
01111011111111111001101111111
1011101111011101111
10
11111111111110111001111111111
111111111111101111101
1111111011111
111110111101111111011111
111111111
111111111
111111011111
1111
111101101
11
11111011
1
111
111
110
1100111
111
11100
111
1
111100
11
1111111110101
11101111
11111
111
1111111
1111111
1111111
1111111
110
01011111
111110111
111111
0011
01111
1001011
1111111
1
1111111
111111
01111111
111111111
1111
1101011111
111101111011
111111101111111
1111
100
101
111
111111
11
1001010101000000110011100
11111011101111111
111111111101111
1111111111101111
1111111111111
1111111011101110
001011111111010111111111
11110111101001110111
111111111111
1111111111101011111
11111111111111111
111111111111
0101111011111111
1111111111101
01111111010011001010001
1111010111100110111110111101110111101
111111111111110
11111111
111
1111111111
11
11011111
0
1
1
01111111111101111111
1111111111011
11111111111110001100000110
111111111111111101
111111111
1111111111111
1111111111111
11111111011111101
00110101000
111101110011110
11111111111111
1111111111
11101011011
10010111111010111101111
0111111111111111
1111111101110111
10111111111111101
0111111111101101111101101
1111101111
1111101
111011
0110
1111
01111101111111111110000001010
111111
111111
111111
11111
111011
1111101
110101010111100
1001111
11111
101111
11111
110111
11111
11
01111111
11
1111
111111
1001111011110111101
100010
11011111110111
101111110101
100101101
111010001000011001111110001001001011
11111111111011111111111
111
1111110011111111111
1111110111101111
11111111111011110110110100111
01101111111
1111111011010
1111111111111111111
1111110111111111
1111001001010011010000110001010101110110
1111111111111111
11111111111111111111
11011111111111
01
111011
10111111111111111
1111
11
1111
111
111
01
111
111
1110
111
111
111
011
1
11
1111
111
111
0
111111
1111
1111011101000
0111111
11111
011111111
1111111011
11111
0111
0111001110100
11110101
110111
111010
1111
11111
1110111010110
1111
11111
1011
111111
11111
101101011110
1101111
011101110111100
11111111
1111111101110001
1110111
111111111111
11111111000111111101
111111111111111
1111111101
11111111110
0111111111111
111111111
111101
1111111101
1111111111
10111111111111
11111110111111
011111101
111101011111001111110011
111111111111
111011111111110110110111001
11111101011101110101101111111010
11111110111110110101
010101100101111110
1111101101111101001
0101111111111110100100010110110111000
111111111111111110101
1110010
1111
110111011111
1011
11111
100111
1111
111111
111
1111
111111
1111
1111
1111
11110111
111111
11111
01111
1111
1111
00001101111011
1110111111011111111
101111111010101110111
111111111111
11111111111111
1111111011011
011111111111
0111011111
11110111011
1111111111
1111111111
111111101011111110
111111111111111
01111111101111
11111111111
0110101111011111010111011101111
111111111111111
111
01111
1111110
1111
10011
111111
01100011111
11101110110
111101111
111111111
111010101101
11101101111
111111111111
111111111111111111
111111111111
1111111
1111111110111111100111
01111011110111101101111100001
11111111111111
111111111111101111
0111101111111111010101000001101
111111101111111111110
101001111111111111111010010
1111111111111
11111111111111
111
111111111111
11111111111110
111111
1111101
111
11111
11
11111
1111101
111011111111101111111
1010111100110100101111101
11111
01111
11111
11
111111
111111
11101110
111110111
11111
011100101110101110
111
11111
11011
1110011111111111111001
111
11
1110010100
11111
111111
1111
11111
01111
110111
11
11111
1101111
1111
111101
1111
111
111
111111
111111
1011
1111
11111
1011
0001111111111100110111111011
11011100011101
1011101111
01111111110
111111
111111
11111111
11111101011
11111
111111
1101011
1111101101010000
11111111
001111111
11111111
11110011
11111011111
111111
1111110
11111
11111
1111111
111111
11111111
1100111111101010010011000010110011110111011
1111111
11111
111111
10111011111110111
1111111
1111111011100000
100101
11111
111111
111111
11101101010111
1111
11
1111011
111111
1111
11111
11111
11111
111111
111111
111111111111110111110
11101
111
011111
111
11101
1111011111101111111110
111111111
111111101
1100111101101111101000
011111111101111011111
111100111101101111111
1101011
0
11111111101110010
11110111011101111111
1111111111111111111111111111111
011100111
111110110
1110111011010111
111111
1111
1111111
111110111
11111111000
0
1111010
011111010110000110111
1111111111111
1101101111111111111101
1110011111111111
111111101111110
111111110111
1111111111111111
11101001011100101111111011111010
111111110111111111110001
1111101111110
111011011111111110
111111
11110101111111111101
11111
11111111011110
1
011111111111111
11000
111111111011111111
1
1
1
1
1
1
1
1
1
0
0
1
111111101101
1
1
0
1
1
0
0
1
1111111
1
0
1
1
0
1
1
0
1
0
0
0
1
1
11
1
111111111111111111111111111111111101111111111111111111111111111111111
111
111000
11
111
1011
111
111
10
1
11
011
1
11
010101101111010001
11
111
11
111
111
111
11
111
1
10
0111
1100101110111
111
111
11
1101
11
011
00111
111
11
01111
111
1
111
10111
111
111
11
11
01111
11
11100
1
1010111
11
11
111
11
1011111111111110111111
11
111111111100101111111111
1111010
1111011101111111110111
10011100001011001011011111011111010
11
001000000110001101010010010
1101
1100001010110000011111011
1111111
11
10001000111100110001110011
11101011110111111111100111
0100010010001000011111101000000
110010110100110
11100000101011011111111
1111001110010110111
01001011101100000110010
01110100011111111111010011
11010110111111101111111101
11111111111111111111111001
111011111001110
11111
1110111
11111
1111
1100111110
1111
1111
0111111100111
00100
1111
11111111111111
111111111111000111
1111111011101010
111111111010111111111
1111111111110
111111111111
11111111011110010111101
111111111111111111
1111111111111111
111101101111101
1111101110101
1111111011111
111111111111
11111111111
11111111110
1110110111101110010
111111111111110101011111
111111111
111111011110111011110
110000001
11101111
11
11111100111011100111111110
010101
0
1
11101
101
0111101111111
11
111
1110
11
111
11
01110110
1111
11111
11111
1111
1111
111
11111
11111
111111
1111
1111
111
1111
1111
11111
1111
11111
1111
11111
11111
0110011111
11111
1111011
0111
1111
110101111
11
10101101110100001100111
111111111111111
1101011111111111101011011111111
111110111011101011011001
00110011111111111111110011101011011111010110000111
111011110011
1101
11111111111111111
11100
11
1111
1
11111
11111
11101111111101111111111
1111
111
111101
111011
1111
0011100111
11111
1111
1111011110111100101111101111011
11
10110
111
11111
111111
1111111110111111111
110001111011111110010001111111111011111000111101100110110
111111111011111
11111111111
111
11101111011111110011
101010110111000101111011111111111111100011111111111111111111111
11101111111111111111111011111101111111111111001101111011111101100
11111111111
11
111
110
1111
1111
11111
11101111110
111111
11111
100111011
111
1111
11111
11101111
11111
111
11111
1111
1111
11111
11111
0111101011
11111
10010111010101
1111111111
101111
110100110
1111111
11111111001111100111111111
111
00111111
11111101
11111
1111110101
1110101101010
111111
11
11
111011
1111
1111
11101
1111101
111111
0
111
1111101
11100101111
1111
11
11
111
11
11
11
011
01
11
000001111011
1111111101111
1111011
111
1
11111
111
011111011000101111101101111101110010100111010100000001000000000000000001010001111000000000
111
11111
01
1110111111
1111110001
1111
11111
1111
111
11
11111
11011111
1011111
110111
11111
11
111110
1111
1111110111011111111111
1111
11111111111
11111
1111
11111
1111
01
111
111
1
0
1111111111
11111111101
11111
1000110111
111
011111
11111
11
111
11011
111111
0111111
100111110101
1111110
101011
111
111
1111
1101111011
1110111001
1111
1111
01011
0111010111
111100110
1011010101110
111
111111
111110110111100
11111
1
100111
1011101
111111
111010111
11110101
111011101101101111111
11111
111111111
1
1
1111111111
1111111101
111111111
10111
11111111
11111111111
11111111
11111111
1110111001111111
1111111111
000100111111
1111
00000
1111111
1110111011111
010010111111101011111
011011111111
1111
0111101101111111
1110101111001101
000111
11
1111111
1001111
111
010
10111
0
1
00
11111
11111
001101
11001
101
1111
11111110001
111111
00
010
01
01
10
01
100101
11
10
001
01
01
111010
0101
1111111
11111
00
10
011
0011
000
0101111
000
1111110
11
1110
10
1000
100
000
01
0
0
100
111111111
01
1
000
00
00
0
011
00
1
1111111
11
0111
000
1100000
1
10111
0
111
0
11111
1
111111010
00
01
010
0
1111111
01
0
1
1
10
0000
1
00011
11
111010
00
11
0110111
11100
0011
001
1
1011111111101111111
01
101101
111
11101
0
1111000001
111110011
1110101
111111111111110
11011101110100111111
111111
11101011001010
111
1011
0101
0110000
1111
0
1
000
1011
11110111
11
011011100
0
1111
11111
111111
00
111111
11
11111
01
111
1101
111
10111
101
111111
111111
111010
11111
10111
1111
11100111011011
1111
110
10111
111
011010011000001000
11
11001101
11111
1111
1100101
0111001101111
010101101
1111
1100011
11
111
1101
11111111
11011110
101110001
0011011
11010111
11111
0011
11111
010111
111100011100
1111001
11110
111
111111
11111
11111
1111
11111
11111
11111
111
1111
111
11111
10111
0000101001100110101111110100001000100001100100111011
000000
11111
11111
1101111110110010
111111101
11111
11
111
11
111111
01001111
11111
1111011
11001101
1111111
11
11111110
100101111
1111111
11111
11110
1111
11111111111111111
111111011111111
01111110100111001011
111111111111111110
10111110101111111111
11111111111111111111111111011
111111
111111101111111111111111
011111111111111000101111
11111111101111001111
1111111111101111111111
11111111011111
11110011111111111111100011
111111111011111111111
111111
1
11
1111011
01110111
011111111111111111111
011111111110111100110111010101001100011111011001011101011
011111111111111111
11101001111111111
11100110111001110011101110101
0111101111011011110111111110111
1111011110111111
10010010101011101110011011111001101100101101011111111000110
11111111111111
1111111111111
1111111111111
111111111111111111
1101110011111111111111101
111110111111111111
1111111111111111
110111111111111111
111111111111
11111111111101111111110
11111111111111111111011
11011111111100111011100010000010
111111111111111111111111
11101011001101111
111111111111111111111
11111111111111111111111111
1101111101110
1011111111111111111111111
111110111111111111
11111110111100111
10111010110001111111101111111111111110111101
11011110111
0000001111110000011011110100010
11111
11
111110
11
111
1
11
111
111
111
11
1111111111111111
10100101111011111111110010111111110
111111111111111111
1111111111111111
11111101111111111
111111111111111
1111111111011101111
10111111111111111111011
11111111111111111
1111111111111110
100111111111101011111111110110
1111011111111111111
1111111111111111111
111111111101111
11111111110111111111
111111111111010111111
1111111111010111111111
11111111111
111111111111111
11111111111111
1111111111111111
1111111111111111
01011111101111101
1101011000
1111
1111110110
0111
0
1111111111111
11101101
11111110001111110111010010111111001101010011010
101111111111111011111111111011101
111111111111111111111
01111111001111111111111111111011
111101111111111111111111011
1111111111111
10010111001101000111111111011010001111110010100100011110111
111111
11111111111111111
1111111111110111111111
1111111101111111110110111100011111101101101110100100
111011111011111101111111111101111
11111011111110101111101111101
111111111011111011111011111110111
11111111111111111111
11011110101011101111111111111111111
1110001110010111011111001
111111111111011111111111110
10111011011101111110111011111111111111111111
0111111111100111111111
010011
1101111111111111101111
01111111111011111111011111
001110010111001111011011111011001111011
1110111110011111111111
11111111011
111111011111111111
1111110111111111111111
011011111110101
111111111111
111111111111111
111011111011111011110
111111111111111101
1110111011111101101111111
111111100
1011111111
011110011001101111100
11
0110111
01111111111
11
1111111
111111100
1101011111000110011111011
1111110
11
00010111
111111
111111
110111111110
1111111
1111111
1111111
111111
11111
111111
111111111
11111111
11111
1111111
1110111111
101
111111
1111011111
1111
1111111
111111101101
1111111
11
111101
11111111111111111111111
11
1111111
111
111111
1110
111111
1
11111111
11111
11111111
0111
1
11111
10111
1111001
11
1111
11111
111
11111110
001111
111
00111111
1111110110000111
111111111011
1111111111111
11101011
11111101111
111101
1111101111111111
10111111111
1
111011111110
11111111101
1111111111111111111
11111111110111100100
111101
11111111111111
1111111
11111110110
11111111111
111111110111
11011111111101011010001
111111101
011110111
1111
011111
11
111
11
101111100
111011111000
11
11
1101
0101110100111
1
111111011111
1101101
111110111
11111110111101
111111101110101
11111111110111111
11111110111
1111111111110
11110111111111001111
101101110101110101110100110100000
1111111111111101
1111111000111
0111111
111111111101011001001
11111111111
11111110111101
1111111111
10101111111111
111111111001000
1111111111111110011
1111111111101111111
111111111111100011
1111111111
1111110111011
11111011111111
1111110
11111111111111
1111111111001101100101111
11111111111111
1111101
11
111
11
011111
0111
0
11011
011111101
110101111111111110110101111111111111110111111101
11111111101111111111110111111111110111011111
111111111010110011111111000111111001111111111
11111101101111111111101111111111111111111111
11111110101110110111011111011111111101000111111
1101110111110111111111110111111111111101111111111
11111111111111111111111011111111111111110111011111
110111111111111111101111111100111111011111111111111111
0101111111111111111111111101001001101111011111
11111111111110111110111111111111111111111111
1111111101111011111110111111111111110101111111111
10111111111111010111000111111111111100011110111
1000110100111010111100010111111001110111
111111111111111111111111111011
111111111111111111101111001
1111111111111111101111110111111111111100111101111111
111111111111011111111111111111110011011001100101
111111111101101111101110011110111110100111011101111
01111100011111111111111001111101010110111011110111100
01111111111111111101111111101100011101101
1011111011111111111101111010101101110111111111
1111111110111111111111110111111111110111111111111
111111111011111111111111111101011011111111111100101
011101010011111011111111000001100001111
1111110111101111111110111111111111111111111111110011
11111011101111110101111111001110011111011011111111011
1111110111111111011111100111011111111101111111111
111111110111101111111111011110101111111111111111111
11111110111111110101111111111111011111010
111111110111011111010111110111110100011101111
10110110111111111111111111111011111110101111111101
101000110011111011111111011110111111101111111
1110111111100
111111111
11101110111010100111
011111111111
1011111110101011
111111101111
101011111010111111
1111111111
11111011
1111111111111
111110110
111101110111111111111111010011110111
1111111111111111111111111111111100111111
1011111111111111111011111111111010110111101101110
01111110111111111111111111011111011110100111101111
11111111111111111111111111110111111101011
1111111011111111111101111111111111111100111111110
11111111110011110111101111111111111111111111
11110111111011111111111111111111111111111111111
1111111111111111111111111010011111111100
11111111011110111011111111111111101011111111
1111111111111011000101111111110111100011011111110
1101111111101111111111101111110111100011111111
11111111011111111111111101111111111111111111101110011
1111111111111111111110110111111111111111111
111111111111111111111111001000001111111111
111111111111111111111111111110101101111110
11111111111111111111111111111011111
11
1101111110011111100111111111110111111111111
1111101011111111111111101111101111111111111111
10010101001000011111
11101
1111
111
111111
11111
111011
10111
1110111
0111101
11111111
11111
11111
01101111
1111
1111
11111011
1111
11111
1111
001110101
1001111111111101
111110111111101001111011110011
11111110111110111
11111010111101011111
1111111111111111
1111111111111111
11111111111
11100111111111101111110
111111111111
1111111111
111111
1111111111101
111111111110111
110111111110011
11111111
111
011111111101111110011111111111111001
1111111111111
11111111111111111
11111111111111111
11011111111111111011111
1111111111111111
11111111111111111
110110111010111111111
11111011111111
111111111111111
11110111111111111111
11111111111111111111011
11111111111111111
10111111111111111101
111111111111111
111111111111111101011
111111111111111
1111111110101
111111111111111110
1111110111110101110111011
1111111111111111
111111111111111
111111101111111
11111
111
110001
111
1111111111110011111101
011101111011111101110101111111
11111011111111111111111000111
01111111111110111111
11111111111110111111111
01000111010111011111011
1111111
1111111111111
0111111111110
1111111111111
11111
011101
1111
11101
11101
11111
11111
101111
1111
1111
11110011101
1111
111
1111
1111
1111
11111
11110111
1110011
11110
11111011
11111111110
01111110110101011111110010011111110111011100
11111111111111111
1111111101
111111011110111
11111111111111111
10101111111111011111111100111
11111111110010111111111
11111111111110101
111111111111110111111111
01111111111111111110111011010
11111111111
1111111
11111111111
111111111111
1001111011111101111
1111010001101110011
11111
1111
11111
1011111
111111
111111
111
11101
011011
11111
1111
1111
11110
11111
1101
1110101
1111100
111
11011
0111011
111111
00111
1011
0111111
011111
111111111101111110
11111111111111
1111111111111111111
000110011
111111111100110111
10111
1111111111111
11111011001111111011110010100
111111111111111
010
1110111
1111110110111111111
1111
11111110111101111111110011111111111110111111111
111111011011111
1111111011101
1111100111
1010111110011111101111111111111111111100111111110
011111111111111111111110011111111111111011100111
11111
11111
111
1111
111
01111
1111
11111
111
1111
1111
111111
1111
111111
11
1111011
11111
111
011
111
11011111
11111
111
11100011
111110111
11
11111
011110
1111110110111101110111110111111111110100111110
11110111001
0111
1111
11111111
1111
1111
1111
1111
1111111111111111
1
111111
0011110
1
1111
1111111111111111111
1111111111111111
111111111001
111111111111
111011111110111111011
111111111111111100
111111111111111
1111111111111101100
111101110011111101
11111111101111111111
11111111111100
0111111111111111011111011
11
11111111111111000001111
011111
00111001
1100011111111001
11111111110111111111
1111
111
11110111111111
11111111111101
11111111111111111
11111111011111111
1111111111
11001111111111111
11111111111111
11111111111110101
11001111
110111111
1111111111
101
10
1111111111111111
110100111
111110101
111111111111
111111111110
1111111111101111
111111
111111111111111
11111111011
111111111111111
111
11111111
1
1111
1111
1111
11
111
11
11
111
11
11
1
1011
111
11111111111111111110
111
100111111111
1111110101111
1111
1
11111
1111
111
111
11
1111
00
010
101
1111
111
101
111
110111
1111
111001101
0111
1111
00111
011000011011100100
111101011
0011111
1111
111
111
11111
1111
11
1110110
010100001
1
0111011101
111111111111
111111101
11011101111111100010011
11111
11101001
1111
11101110
110111
011111101
11111101010010000111100
111111
101111000
0010111011
1111
111111
1111
111
111011
11111
0111
111111
1100111
01110011
111001101110
110111
111010101
1110100001010011110
1111
1111111
11111
101111011
11
0
11
1
01011
11111
1111
111
11111
11
111
11
11011
11111
1111
111
111111
1111
111
1111
111
11011
11111
11111
1111
11111
0111110
111111
1111
111
11111
1111
11111
1
1110111
11
1111
1111
111
11111
1111
1110111
11111
111111111111111111111001101111111111111
1101
1111
1110111
111
111
111111
11111
1111
1111
11011
1111
111
1101
110
0
11
111
111
011
01011
11111
11111
11111
1111
11
1111
01011111
11111
1110111
1010
1111
1111
11111
11111
11110
111
11
01
111
111
1111
1111
111
11
11111
11111
111
11111
1111
1111
1111
1
1111
11
11101
1111
11111
1111011
1111111111111111111
01100011111111
1011
1111010100
1
1101
1111111111111111
11101111
101111110111111111110111100000010000100
1111111111111111111111101111
011110
111111111110100111110111001
1110111100100111011011111100010110011
11111111111101011111001
111
11
1011
11
11110
1011
11111111
1111111111
11111111111
1111111
1111111111
111
1011101111110
111111111111111111
111111111111111
10111
001111011111010110111111
111111
11111111111111
11111111111111
0010011110
0011
111111111
1101
11011111011
1111111111001
111111
1111111
1111111110001
1111
1111101
11111111100
11111001111
1111111100101000
11111000
01011
101111011111
11111101110
1111111111110111011111111111111111111111111111001011111111110110
1
111
11111
1101
01111
11111
11101
111111
01
11101
10100010000001
111111
111111
111
011111
11101
110111111
11111
111000011
11111
1111101
0
011111
0
1110101
11111
11111
011011
1110101101
111111
111111001
111011
11011111
11
11111
111101
01101111
10111
11111
111111
110111111
111011101
1111111
11111
11011
1111011
111
11111
11011
00111
111101
011111
0
111101100111
1111
111101
0
1111
111111
111001
011011111
1111101
11111111
111101
0111111
11111
111111
111111
111111
1
101101111001
1111
11111
1111101
1
1101111
11111
111111111
11
011111111
1011111110
11100011101
011
11111
11011
1111
1111
1111
111011
00000110000000
1111
1100111111111111110111111111101111111110
1111
111111111
1111110011
1011111
111
0111
0011101010001101
111011
011111
1111
111111
111110
101111101
111110
11111
11111111111111
0111111111111011111
11111111001
11111001110
01
111111
1111111
0111
1111111001011
11111111
11101111100
1111011
0111111
11111
111
11111111110111111111111
111110111100100111
11111111111111111
1101101
111
1111111111
111000000110001100100011110101100000000000000000000000000000
0
00111001
000000
010111011
11110
11111111111111111101111111011101101111111011101111111110
11101101111
1111111101
11
111
111111111
111111111
11110111111
11101101011111110
111111111
11111111
111111111
111101111111
1111111111
11111
111111111
11110101011100
1110111111
111111111111
1111111111
01011110100011110101
01111111111110100111011000
1100111
11111
11111
111111011
11111111
11101110
111111110110
11111111
00011
11111111111
111111011111111
1111011110110010111011111
1111111110110111
1111111
01111111111
01111111111
110110111011111111101010
11111111101
1111111111
10111111
11111111
1111111111
1111111
1111110111011111
11101110110111
111011111111111011011
111111111111110
11111111
1111111110101111
1111110111
111
111111111
1111101111
11111111111
1101111111111
0111111011
111111111111
11111
111111
011111011
111101001111011111
11111110111
111111111
11111001111101011101
1010111110100111110
1101111010001
11111111101
111111111
1111010111011101101
11111111
110111001111
111111
11111101111011110
1
111111111111
0011101110111111111110110011100101110000000
11101111110011100
1111111111
111
111111111
1
11111111
111111111
111
11100111101111
1
11111011
11111111111
111111111111111
1111111111
1110111111101
11111111111
111111
1
111111111111111111111111
11111
11111111
1111111111111
00000
1111
011
10
11
1
100
111
1111
00
00
10
11111011111
0111111111111
111100101
111101110101
11
111
10
11110110
1111111
01110
0111101111101110111
110
1110
10
0000
00
101
1110
1111
01
01
011
111
111
111
111
111
111
1111
0101
1
011
11
0011
1111
00
0011
11111110
111110
111111011
10011111
1111011011111
1111111101
1011111
01110101
11111111111111
111
11
11
10
00
1
11
0
01
11
11
0
111
101
11
0001
000
1
111110
11111
11
111
10101111111011111101
001111010111
1111111110101
10111110110111111111101
1111
111
111
1111111110011111
1010011
1111101011111100010100111
11111
1110
0111
11111
01
111
1111101
1
00010000000000001100001110
111111
1111111111
111111111
0111111
11111
1111
01110111110111
11111
101111
1010000111101000
01100110
1110101111
1011111110011111
0111111
111
110101000011111101110111
111101111
11111100
11111
1110111111
11111101
1111110111
11
110
11111111
111
1111
1111
11111111
1111111111
0111111101
1111011
1111
1111111
1111000111110110101
1101111110100110111
1111111
111101111111
11111111
111001
0111111
111011111
10011111111101101001011
1111101
1111101111
11111011101110
10111
1111
11011
01101111011
1110111
11111111
111111010111101
111111111
0110111011
1111111
110111111
11111
111110111
111111
01111111
111111111
10111111
0
1
1100011111
111111
1101111111
1111111
1111111
111111
110111
111101
11011111
11111
111111111
1111111111
0111111
111111101
1111111101
0111110111111
11
101110
111111
11111
1111
1
111
1111
1110111
11
1111110
1111
10111100
111
111
1110
11
11111
1110000000111101100100
1111
111111
10110110011111111111011011100111011111
011
1111
11001100100001000
1111
111101
011111
111011101
01001
01100101000111001
111111
1111011
01
111111
1110101
1111001
10111101
10011
11101
011111
11111
1111111
111101
1110111
111111111
11111111
111
11
10101001111
11011
1111
1111
1111111
111
01111
1111
1111
1111
11
11111
1111
1111011
111111
111
111
11
111111
1111010011111101111
010101011101
1111
11111
10111
11
0
1
11101111
1011
11111
1111
11
1111
111
11
111111011
111101111111
10000101000110000100110
1111011
111
1100111
1111
111011
0111
10101110011
1111
1011011
11111
11
1111
0101
11
11111
11111
1111
0011111
11
111
11
11
11
11
111
0111111010
111111
1111
1111
11111
11110
111111
011111
1111011
11111111
11111
111
1111111
11101
11111
111
111
100110
111
0111
111
1
111
1
11
111
11
11
11
1
11
111111111
11110
111101
101111000
11111
111111
111
01111
111
111111
110111
1101111
111
11
11111
11101
11111
111
1100111111
11011110
1111
11111110
11110111
11
111
1111
111111
1111
10111111
11111
1111
11111
0111111
111
11111
11111
1101111
111011
1111
011111
111111
10111111
111
1111
111
111111
10100
1111
00110111
1111
101111
10010110
111111
111
0
0
11011
111101111101
10111011010001011101111
111
111111011010
1110111
0
1
111111111
111111
1111
1011
0111111011
1
111
10111
111100
11011
0111101
101010011010110101101
1011101
1111
0
01111
1111
1101011000
111
010000100
1111
111111100100
111111
1111111
1111
111110
0110101100
0111100111101
1111
11111
0111011
111011
0
0
11
111
01
01111
11111
1
00101111
1111
1101100101101011
1
0
1
1
0
0
1
1
0
1
0
0
0
0
1
0
1
0
1
1
1
0
0
11111
1
0
1
0
1
0111101011
110000011
1
1
1
0
0
1
0
1
0
1
1
0
1111
11110
11010100
111
0
0
111111
111111
11111011111
11111
1111111111
111110111000
11111
111111
1111111
0
0
111111
11111111
1111111
1111111111
0
11110111
1111
1111111
11111111
1111
111111
1110111
0111111
11
0
0
1111
1111
111
1111111111111
1011111
1111111111
11101111111101
0011
01111111
0
1
01101
111111
11111
11001110
0100
111
111011
111
111
11
111111011
111
11110
11001100111
011110010101011
1111101100101
110111111111111111111111111
1111101101111001
10111
100111111111101
11101110111011101011111
111111101111100100
000
11111111
1111111111
01011111111111111
11
1110011111111101110001110
11
01101101101101
101000001111111111
11111010101
011111101110011111
111101101101011100111011110010101011
11111111110111
1000
1100010101101101111101010110111011101110
11
11110111011111
1
11111111
1111111
1111111
11111111
0111111100110
111
111
11101111
111
111111001110
11111011
111100011
111111111101111
11111
10000
11111
11
111011111111111101
1
1111
11110
11111
11111111
110011
111111001
01011
11111011
111111111
11111101
111111
111
1111
01011
1001111111
0000001110
111111
0111
11011111111
1110111111
1111
1111111
1111111
111111
1111
1111
1111
111110111110111110111
111111000101111100
11111111011111111011
111111111111111111
11111111011111
01101111111111
1111111111111111
11111111111111
111111101111110010001101
111011111
1
111100
111
111
11
11
1
111
1111110111111
11
1
01011
11
1
11111
1111
111111
1111
111110
011
111
0111
111
1111
0111
10101111100100000
11111
1101
1111
111111
101011
1111
1111
1111
111
111111
111111
1111
01110111
110011111
011001111
111111
111111
1111
1111
11
1111010
11111111
1111
1111
111111
1111101
1111
011111
110111
1011011
111
11111
11111
11111
111111
111110010
1111
10111111
01111101
1111
1
111111
1111011111
111
11111
101111
111111
111111111
11111111
11
0010101101100010001011000010
111011111111
1111110111
111111
11111111111
1111111111011
1111110111101111111
111111111
1110011111111
01111111111111
1111
11111
11011
11
111111111111
11111111101
111111111
1111111111
111111111111
1111
1111111
1111
1111
11111
11111
11111
110111
11111
011111
111
1111
11101111
111111
11101111
11111011
111111111
101111
0
111
0111
111111
11111
1111
1111
111111
1011
11
1
11111111111
1011
0111
11111
1
0
11111111
1110
111
01101011
11
111
11
011111
11111110
1101
10111
01110101111
101011101
1101100
10111
1111
11010111
000110011011101
1111011101
11101110101111110111
11101011
111
011111111111
11111
11111111111
11101
111110
011
0111010101
1111
111111
1111
0111110111
111000111110
11011
111011
1110011
1111
01111
111110111
1
11111101
1111111
1111
0111000111
11111
111
11
1101
11
111111
11
11
11
11111
111
10111111
11
11111
1
0
11111
1111110
1
111101
11
11
111
100
111
100111
111
111
11
11
1
11
11111100101111
11
111
11
11
111
11
111
111
011
111
0111
11
1
11
001
011
111
11
11
111
11
11
1011
11
11111
1
01111
11
1101010
100
1
00
0
0
111
11
0
1
1
0
00
11
11110
110
110
1
10
01
10
1
01
0
00
0
1
1
0
1
0
1
1
1
1
0
0
1
00
01
0
111
1
1
1
10
11
11
1
00
11
00011
1111
10
1
01
011
1
00
00
001
1
111
0
00
0
0
1
110
0000111
1
11
11
1001111
1
111
1
11
1
11
1
11
10
110
01
1
11
11
010
1
110
000
10
111
111
1
011
11
1
10
0
10
111
11
1
0
011
1
1
1
10
10
1
111
11
0
0
11
1111
01111
110
11
1111
111
1
00111011
111111
11111
11111
11111
1111
1101
111011
11111
1101111
1111
111011101
1101111
11111
11111
11111
11101011
11111
11111
1111
111100
01011111
111111
1111
1111
1111
11111
111111
111111
1111
11111011
11111
10
1
1
1111
111111
11111
1111
1
11
1011
1
111
111111
11111
110
1111
1111
1
1111
011
1111
111
1
011
0
0
11
1
1
1111
111
111
1
11101111
0
11
111010001100
11111
11111
111
11111
110011
1101111
1111
10110111
1111
011011
111
11101011
1111101
01101
1
1
0
111111111111
1
11111111
1111
1
111111
1
111110011
011111110
0
1111011111
1
11111
11111111110111110
11111110111
11111111111
0
111111110111
1
11111
1
1
11111110101
0
1
111
1111111
1111
1111
11111
1111111
11111011
11111
011111
11110111
111
110111
1111
0
1
1
1
1
11110111
111111
111
11
1011101
111
1111
111
110
1
11
00111
11
111
1
111
00110111
1
11
111
11
1
1
1
1111
111111
111111
111111
1111
111011010110
111111
111
11
111
10111
1
111
0
1111
1
1111
11
111
11110
111101
111
0
010111
1
101
101001
0
110011
11
111
11
11
111
111
1
1
0011
0111
1
11010110
11
00111
11
111
011
01001
111101
11
011111
111
1110111
11111
111
11111
0
111
1111
1
11111
10111
111111
1
0
111011
111111
011
11
11
111
11
11
1
1
11
111
111
1
11
11
1
1110100
111
011
001110
0111
1101011
11101000
1
1111
1111
1111
1111
11
101111
1111111
11111
00
1
1
111111111111111111
11111
111
1111
11
11111
1
1111
01111
111
11
1111
1
1111
1111111011111
111111111111
1111111111111111111
1
1
111111
01001100110100111011011011111101
11111111111111111111101
1011111111111111
11110101111111001111111011
1
1
11111
1
111111111111111
111111111111111111
11111111111111111111111
1111111011111111
111111111111
1111111011
10111111111111
11111101111110
0
0
111
10111
0
1
110
11111111111111111111010111
110111111111
111
11111
11111111111111
11111111111010111
11111
111
11111111111
10111
011
1111111
11111
11010110111001101101
111
111
000110
11111111111111
11111111
11111111
1111111111
1101111
1110011011111
111111
111101111
111
1111111111111111
111111111111111
1
111110
1111111111111111
011111
1111111
11111
111111111101
110
11111111101101
11111111111
1111111111111
111111111111
1111111111111
111110
11111111111111111111111111
11111
111111
1
1111111111011
1
11111111111110101111
11111
11
111100011101110111
111
111111111111111
01111
1110
0111
11
11111111111111111011
11111110111111
011110
11
1111
111111111111111
11111111111
11111111
1111111
11111111111011101
11111
101111111
111111
11111111111
11
1011111111110110001101111
111111111101111
111111111111111
111111111111111
11111111
11111110111111111
1111
111111111111
1111
111111
11
1111111111111111
1111101011010
1
1111111111111011
11111111111111
11111
10111111111111011111111010111011
11011
11111
111111101111111111
1011111111111
111
11111111
11111
11111111111111
1111111111
0111
1111
11111
11111111111
1101
1111111111111
1111
111111111
11111111011111111
1111111111
111111111
1111110
1111111
11111111
1111
111110
111111101111111111
10011111111111
11101111
11111111111111101111
111111111
11111111111111111
011111
111111111111111
10111
1
11111111111111
111111111111111
111111111111
111111111111
1111111111
11
1111
11111111111111
11111111101101110
11111111111111
11111111111111
111111
111111
111011111111101111
01111001000100010
111111
11001
111
1111
11111
11001
01010
00001
111
0100
111
111
1111
01000
10
00001
0000
10111
1111
100111
100
01101
00
00000
111
11111
111011
10101
001000
0101
10100
1111
101000
00001
11111
10
11
01
10111
111
1111110011111
111011
1111111101111111
1
11101101
111111
11111
1111111111001111111111
1111111111111
111
0
11111111111
11111111111
001
11110
111100111
1111111111101111
1111111111111011
1
1101
0111111010101
11101111
111111
111
11
1
1111111
1111111111
1111111111
11
111111111111111101
0001
11111
1111111111111111
111111111111
11111111110111111
1111111111111
111111111111111111
10111110111
11111
111111111111
0111111111111101
11111
1111
111111111111111
1111111
1
1111110
10110111
111111111
1111111
1111
1111111110
111111111011
111111
111111
10111
111
111111111
011111101
111111
1111111
1111111
11
111111
111
1110
1111
0111110111
11111111
1111101110101
1111
1
11
101111111100011011111
111110
101111
1111111
11111111
1111011110111
11111111
0111111
11011
1
111111
11111
1010111
11111111
11111
11111111
111101011011011
1111111111
1
1111
011111011
1111111
1101111111
0
11111111
1111
11111
1111111
11111
1011111
1
101111110
00111110110
1000111101
111111111
111111110
1111101
1111
111111
111
111010
1111
011111011
111
11111
1111111110
111111
111
11111111
00
11111
111111111
00111110001
11111111
11111
011101
1110010101
1111111
11
1111101
1111111
11111111111
1
11111
1111111
111111111011110111100111
01111101111
11111111
11111011
1111101
111111101
1111
111111
11111111
1111
11
11111
11
11
101
1101111011
1
1111111
110111
1111101
111001111
11111
111
1111
11111111111
1111
11111
11
1111111
111101
111
100011111101
111111
111110111
111111
111111
1111
111
11111
1100
111111
10111111
111111111
111111
111101
1111
1111111
011
111
1111
11
101101100011
111111
111111
1111001011011100
01
1111101011
11111
111111111
11111
1111111101
111111110111
10111
10101111
11101011111
111111100101
1111
1111111
111111
111
1111111111
1
1111010100110
111111111
11111
11111
1111
1111111
1111
0
11111
11
1111111
11111
1100101110101
1
1111111
111110
11111
01111
111110
1
1101
101011
11111
111
111111
111111
101
11111
111111
1111
11111111111
111110
11111
1101110
1111
1111
111111111
11111
11111111
11111
1
11111
1
011111
1
000
1110101
11111111
11
11
10
1
1
111111
111111111
1111111111
1
1
1
1001111
1
111111011
111011111
111111
1111
0
11111
111111
11
1111111
111111
0111001111011
1111
1
1
11111
111111
010
11111001011
1101111
1111001
1
11111
111111111000
11111111
110111
11
1111100111
1111011111111
11111011
1
1
11
11111111
11
111111011
11111111
11111111
111110111
111
011011111
11111
011111
11111
0111000010010
11
111111
1011111111
111111111
1111110111
111
1111
1101
0111111
1101111
11
111
1
1001
10111
00
00111011111111
111101
111
01
1110111
111111111
101111111110
1111
1111
0
111
111111
1111111110
111
1011111
11011
11111111
1111
11
11
1111111
111111
11
111011
1111
111
111
111000
111110
111
1
111
10110101
101
110
00010
10
11111
11111
11
11
