11
11
11
11010
011110
11
11111
111
11
10
11
10110011
11111
1111111
101100
1111010
11101001111101
1101
111
111100111111
01011100
1011011
1011111
111111001111
111001101
11000011
01101111
11
10100111
10101110
11111101111
11101111
11111
0101111
1110110
111111111110
1111110111
111
1
111111110
1101111101
11111111111
100
1
0100100
0111110011
1111111
10
11110011
011111111111
1111
11111001011011
1
001111
111011
11
111
110111111
1111111
1110111110111
1011
111111011
11000
1110111110
11011010000
11111
1111111
11111111
1111111110
11101111111
1111001
1111
11111
11111111
111011111011
1
11111111
100011
01110001
101101111
11111111
110
11111111111
11
011001
111011
01111
11101
11111
11111
111
111111
1111001
111
11
111001
11
1110
10111
1111
11
11
011
0111
111100000111
11
0001111
11110101
1
1111101
100
1111
1110011
111111
11
111
1111
1111
111
11010110
11
11111
111
11
10111011
11111
11
0111111
111
011
01
11111
01
111
11
101111
1111
111
111
1111
111
1111
11
01
11
11
1111
0111
11
11
111
1111101
1101100111011
1110
0111
111
0
1111
110
110101101101
11
1111
1011
11111
111
0
1101
010011100000011111
1
100111000
111
1111
01
11
110111011
111011
10111
110111
111001
0
11111
1010111011
00011
11
01111111
01100
1111
100110
11011
1011001
11
111111011
01010
111011100
1
01
11
011
1111101011
1111
111110
0011110111
1111
11
1111100110111
1001111100
10101
11101011
1111
1
1
0000
1111
111
11
111
0110
11
11
111
111
111
111111
1111
11011111
11111
1111
11111
1111
01111
111
1111
1111
0011111
01111
1111110
1111
01
111
000000110
111
11
1
01111
110
111
111
11
11111
11111
1111
101
11
111
11111
01101011
1111
111
11111
11011
0111
111101
11111
10
0
1110
1101
00000000
011
1111111000010
11
1111
0111
111
111
1111
0111111
11
11
1100
1111
010111
1
111111
01
101
10
1101
1
11111
1
111
111
1111
01
11
1111
01
1101111
111
11111
010011
11
1111
11011
1111
11111111
111111
00111
1111
1
111
11111
101
1
111111
1
11
11111
11
1001111
11
11
1111
1
11111
111111011
11001111
111
1111
10111111
111
101
1101
1
00010
110111
1110
11111011011000
111
111
111
011
11111
111
11
011001111
11111
11
11011
111
10011
111
11111
0111111111
11111100
11111
111
111
1
0
1
11
1111
0010101
1111
11
11
111
111
011010
00
111
1111
00110
00
1111
1111110111
001
111101111
11001011111011
0011111
11
0111011
1
11
0
11
101
11101100
11
011111
111110
0011010
11010101111
11111
011
101000110
1111101000
111111100
11
1
0000000
111
1111001
011
0000
01
11
111
110
000
1
010
11010
01
000000
11111
11
11
11110
1100
1111
11
0101
111
1111
11
1
111
11
111101
01101
111111011
1110111
11111111
11111111
011111
1110011111
1111011110
1111
1
11
11
1
111100
11
1111111
11
1110111
11111111011111
11
1
1111111111
111111101101
11111
1111111101
11111
1111101111
1101
11111111101
11
111
00
01
111
110101
111
1
11
11
11
1111
01
01011
111
11010
11111
11
011
11
110110
1111
111
01
111
11
111
0
1111
111
11101
1100010
011
1011
1
111011100
11
11
11110000110
11
11
011
1
010
110001
10110
011
0
111
111
01101
11111110
0011
111101
001
1111010
011011
100001
1
01100100
1110111
00
11
111
011
011
011111
1111
111
11
101011010
10
1111
011
1011
11
11
11111
1111
01
10
111
1
1111110
11
11111
1
111
11
1010001111
1
011
11
11
10
011111
011
1111
1100
01111
1
11
1
1111
11
10
111
11101
0011111
110
0011
1110
11
1
01
111111011
111
00
10
001111010
111
111
1
01111
111111
0011
111
1
1111
111
111
11
11111
00
1
1110100
1
11
111
1
00
01100
10011
0011
111000
010
10011101
10010
011011
00110
0111101
111
011001
11
1011
11
1
11
110001
0111101
1110
01110
01010
0101
01111110
11111
00
0
1111001111
00
10110
0000010
1100111
0011
01
0100
1010
0011
00100
01
1111
00000
11111111
011
01001101
1
01101
11
11100001
1000101110
1001
1110
01010
11
11
111010111
1
1101001
101111
00100010000100001
001
00101
1111
0
11
1000
11
1111
1111
101110
00000
111
0000
1001001
01
001
000
0
0111110
10
10000111110100
111
1
11
01111
111
11111
0101
11
0110000
1
000
11101
11
11
00011111
1
10101
0111
111
000
10111
11110111
1
1101111
111100
1101101
111
111111110101
11
11111110
1
1111
00111
10
111
1101
1111011111
11
1100
111
0111
1
0110011
110011
1111
11111
111011
11111
111
11000000
0000
0000
1111
111
010111
101001110000
110
1
11
1
1111
111
1
10
111110
111
111
10011110
101
001
011
10101
111
111
1
11111111111
1111
11111
11111111110
01011111
11110
011110
1
11
011
11
1001100
11101
1111
1
0001
11100
111
1
11001
1
10110
11
0111
10
1110
11
111
11
111
1110
011111
1111011
00
111
00011
101000
011
1
11
1001
01
0111110111
11
011
01011
1111
1111
1111
11
111111
0010
0011
11
11
1
11101
11
111
11
011
11
11
101
1111
11
110111
011111
11
11
11111
111
11
1
011
111
11
0011
111
10
1
111
1
11100101
111
11
0
11
1
1111
1
11
1
1100
1111
11111
101110
101
11
0111
111
1101
011
01
1
01101
01011011
011
11
1111
111110101
011
1100
011
1001
111
111
1111
011
1
111100
001
110
01001101
111
1
01
1
0
010
001
1
11
1101
01
11
11
00111
1
01
011101
111
11
1
11
0111
1
10111
01111
1
11
11
11
11
0011
110
10
11
1
011
111
11
1
0111
111
000000
111
0110000
10111
010111
011
11
1
1101
11
1111
11111
1
1
1
1011
101
111
01
1111
11
11
111
1
01011
011
0001
11
0
1
1
111
11
1
11
1101
111
01001
01
101111
11
11111
011011
011001
111111
111
01
11111
11011
010
0111
10111
1
111111
11111
111
1111
1110
11110
110
001
11111
1100
1110
1111
1111
101111
101
101
1111
1111
0011
11
1111
1110
01
011000
1111011111010
1111
011
11
11111
0110
110011
101
1100
0
111
111111
10111
111
01111
1111
01111
1
111
1100
11011
11
0011
00
11
0111
11
101
000000
11100
111
011
111
11
11
1010
11
1
101
1111
11
11
11
1101
11111
111111
111
10
0000
11
00
11111
1101
11111011111
0111111
111111101
101010
111110
1
0111
01
1
011
111
1
1
11
111
01011
11
111
11
011
111
111
111
1
01
111
1
01
11
1
11
111
11
1101
11
11
1
1
0
01
1
011
0
11
11
1
11
101
001
111
11
01100
1110
00
00010110100
11
01
111
11
00101
1110
00001
011
10111
11
01
011
1
11
0
011
11
011
111
1100
11
011
111
00
01011
11
11
1100111
111
11
111
11
001
111
1
11
1111
1111
1111
01111111
111000
00000001111010011100000000
11
111
1111
11011110
110
1111
110111
11011111000111111
1101101
1111001101
1100111
111
11111
111
111
11001111
101111
0111111
1101101010
11111
11
1111
111111
111
0110
01111011001
1111
1111011
11101
11111
11111
11
11001
0
11011
11
101
01111
1111
10
000
1111
011101
11001
111
1100111011
110001
011
1
1011
00011
111
1
0
10
11
0
1
0
11
11
10
10
0
0
1
1
0111
011
11
1
111
111
1
1111
11111
10010
1
1
1
011
11
1011
1
100
0
111
001
01
1
1
1
11
10100
1
1
1
11
1
101
111
11
11
11
1
1
111
11
011
11
1101
1
011
111
111
111
11
10
11
11
10011
11
111
110
11
1
01001
011
111
1111
0111100101101010111011101
01111101110101
11011111
111111
11011110101111
111
11
1
11
1
111
11
101
1
11
0011
011
11
11
01
1
11
11101
11011
1011
01
1100
01
1
11
011
0111
11
1
00111
11
1
11
011
11110
111
11
01
111
11
01
1
1101
1
11
11
101
11
1101
1111
0111
1
11011
01
11
0
11
11
0011
11
1111
11
010
10111
01111
1111011
1
011
11111
01111
1101110111
11111
111111
1111111
11
11111101
00
1011
11
1
1001111
110
11
1111
11
10010
1101
1011
111
1
1111011
1110
11111
1111001
11
111
11
1100
01111
11111001
011111
11
11110
1
11
111
1010001000
101101
11111
111
11
111
011
0
1110101111001
11
1
1
01
101111
11110
01
01011
111
1111
011
111010
0
00
01
10010
011
1
1
11
11
11111
1111
0111
111
0
111
1101
1
111011
111111
11
01
1100
1
11100011001
11
11011
00111
0111
11
111
11
010
101
111
1
11
111110
111111
111
11
11
11111001110
1111
110110
111
11
10
1111
111
11100111
111
0111111110111
1111
011
11001
11
111111
11
111
101101
01101011
11
01
1011011
011
11
1111
000111101
11
11111110111
0010
01
01111
11
1010001101
110
11
1
111
10
01001111
01100
11110
1001
1101011
110111
11
01
0
01111
11
1111
010111
01
00111
1101
1
0001
11
10110111
11
011
100111
011
1100
10111
11
1101
1001
111
001
0111
11111001110101
111010101
11
1
1101
11101111001
111
111001
11111
1111
11
1100
111
011
1011
11111
011
1011001011
1
11000
111
111000
011
1101100
011
011001111
11
001
11
01
1011
0
0101
11010
10010001011
1101
11111011110111111
11011101
1
1
1
1
1
1
110
1
1
00
00
010100
111111
0111
01
00111
1
11011
10011
11
011
1011
10
11
1
111
111
011
111
1
0011
1
11
110
11
1011
11
01
0011
111
111
011
0100
0111
1
0011111
001
11
010111
01
00
1101
111
1
10011
11
1
1
11
110
111
101
110111
110
1110
111
10101
11
111111
0010
101101110
111
10
1
011
11
111111011
0110000
0101
1
1
0
111
111111
011
0000
0011
11
111
1
10
0111111
11
1111111
01111
11111
101
1110
11
111
1101
1
1
001
1101
11
011
11
1
11
01111
111
111
111
1111
11010111101001
11
011111
11
11
0000
1
0
11
111
1
1101
011
1
1
11
111
101
1
1111
1
011001
0
0
0
011
010
01
0111
0
1
1
01
11
111110
01001
01
11
1
011
11
0
111
000001000101
1
101
11
11
011
11
1001000
1111
11100
100111
1010
0000000
0000000
111
111
1
11111
00011
0
110
01
1101111
111011
111
1010011110101
111111
111111
0
11111
1111111
1111
00000000000
0001
011001100000
0
01
0
0
011
11010110111
1
000000
101
1100
111
00
11
11
11
01
000000
11
11
000
0011
1
11
00
1
1001
1
1101000000000
01
111
1011
11
01110010
0101110001
110
00000000000000
111
0111
1
11
1
0
1
111
1
1101
0000011
11
100001010
000000
1
10101
11
0111
0
011
01111
1
1
011
10111
11
0111
1
1100
1
00101
10101
1
011010
01101
0000000
0
100
1
0
11111
1
01
11
0111
11
01
0
1
11
11
11
1
1
111
0010110
111
1
1
0111
101
1110
00111
01000000000
11
111
11
1101
1111111
01011
0
0101111
101
11
1
1
1001
100
0000
000
101
0111
11110
1
00
00
1
111111000
0000
111
010101
1
1
1
11
1
0111
11
1100
11
011
1
1111
10
11111111
11
11
1
11
11
0111
11
11
0
1111
01111
111
1111
11
11111
11
1111
11
0
0110
101111
11111001
111
111110111
110111
1111
01011
11
1011
11
0
0
00
01101
11
1100
111
00
1
00
01
0111111
001
1
11100001
111011
1111
111
111
1101111
01
1111
1
11
1
00
11
01011
111011011
1
111
1
0
111
011
01
11
111
1110
1
1111
111
11
001
0
11111
00
010
1
11
11
1101
011
10111
101011
10
00011
0011111
11110
00000
000011
111100
001011
01
0111
1101
111
01
11001
11
110
1110
11
11
01
0
11
11111
01
01
0000001
111
1
11
01
11
1
1
11
1
1
111
11
111001
101
11
11
111
01
1
0
11
111
01
0
1
0
1
101
11
011
10
0111
11
101
0000000
111
1
011
11
0
1
11
01
111010
00111
1
1
01110
11110
1
111
000111
01110
001111001
00111010
000
01101
111
111
01011101
1111111
1100101011010
010
110111
001110
11101
110
11
1001
1100100101
1
110
1
1
111
111
01011
001
0
11011
010
11
11011
1
1
11
11
1011
111
0111
00101100
101
11
0011
11
11
01011
11
0
01
001110
111
111
01
0101
1100101001
11
01
111
11
11
0011
11000000000
1
00000111
01
0111
0010111
111010
11
000111
011
00000
011
0011
1
011
1
1
11
11
11
111
110111100
1100011
11
0
11
111
1
11
111
1
011
111
0111
0
11
1
111
111
1
11
0001
1
11
01
11
1
1011
010111
10
0011
111
111
01
110101
11
1001
11
111
01
01000000000
011
11110
0111
0011
1
1101
100
00011
0011
11
0101
1
1101
100
1
1
11
11
11
1
11
111
11011
11
001
0111
11
1110
1101001
11
11
10100
11
011
0
111
11
1
1
1
1
1
1
1
1
1
11
0111
111
011
10
001
111
1
011
101
1101101
1
1
1
1
1
1
1
1
1
1
1
1
0
1
1
1
1
1
1
1
01
1
1
0
0
1
1
1
1
1
1
1
1
1
1
1
1
1
1
0
0
0
1
1
0
1
0
1
1
1
01
11
0
11
1111
11
1
0
0
1
1
0
101
011
1
11
10101
011
11
1
11
01011
11100
1
11
11
11
1
111
100111
011
100
0111
111001101
1011
0111
111
1101
01
11
111
11001
100111
1
1
11
1
1
111
11
11
011
111000
1
111
11
01
11
11
1110
11
01
00101
01
11
1111
10111
1
01
1
11
111
1110
111
0010011
0
011
1
0
11
1111
111
111
011
1110
111
01
111
11
1
011
11
1
11
0111
0
11
0101
10011
11
0
010111
111
111
1
0111
00111
111
01
11011
011
1000
11111
11
011011
111
00011
1
111
011
011
111
00111
1110
111
11
1
11
1011
1
111
11
11
11
11
11
0
111
1
0010
011
011
1
0011
111
11
