01
01
0110
101
1
11
11
01
1
111
001
11
11
1
11
1
11
01111
1
1
0
1
1
1
1
0
1
1
1
1
1
0
1
0
0
1
1
010
0
1
1
1
0
1
01001
11
011
00110
01011
1101
01
1001
11
111
0
11
00
11
11
11
0101
0101
100
1100
0
111
1
0
11
01
100
1100
0111
110
11
1
110
11
11
0010
0011
01
0011
011
00
10011
1
01010
1
1
11
111
11
001
111
1
1
11
10
010
1
0
11
11
1
11
1110
11
11
111
101
1
1
1
1
101011
1
1
11
1
1
1
11
001
1
1
10
1
10
11
11
11
111
11
1
111
01
100
11100
0
1
1
1
1
001
1
000
1
0000
1
1
1
0
111
11
11
11
111
10
101
0110
1
1
000
111
000
010
111
11
11
1
1
1
1
1
1
1
1
1
11
11
1
11
11
11
111
101
11
111
1
111
111
1
01
111
11
1
011
1
1
11000001
1
1
10010
11
1
1
0000
01
11
11
01
0
10001
11
0000
1
11
111
1
011
110
1111
000110
11
1
0001
111
11
110001
1
1
1
1
011
1
1
1
11
11
1
11
0000
11
11
111
11
11
1
1
100001
001
0
1
101
11
11
0010
000
110000
1
11
11
1
1
1
011
1
111
0
11010
111
11
000001
0111
000
001
000
1000
1
1
1
1
101
110
111
1
00
1
1
1
0111
0
1
1
0
1
1
101
0100
1
11
1
1
1
11
1
11
1
11
11
1100
11
1
11
01
11
1
0
0
00
11
11
11
1
11
11
11
1
1
111
1
1
1
1
1
1
1
1
1
11
0
11
1
1
1
010
1
1
1
0
1
1
1
1
0
1
0
01
01
01
0
1
1
000
000
1
1
1
0
1
1
00
1
1
1
1
1
1
1
1
1
1
00
1
011
00
000
1
0000
111
1
1
1
00000000
01111
1
0
1
11
10
11
11
0110
01
1
01
0
1
00
1
01
1
01
0
1
111
1
1
00
1
01
1
1
1
0
00
00
0
1
1
11
010
100001
1
1
00
1
00
111
11
111
110
011
101
111
100
11
10
1
1
11
01
110
111
110
10
10
1
11
000
110
11
01
0
1
100
111
101
01
001
0
11
01
1
1
1
101
011
10
1
111
1
100
101
111
1
110
1
111
100
010
11
110
1
1
111
11
000
100
11
11
10
0
11
111
001
101
11
11
001
11
11
111
11
0
010
01
11
10
1
11
111
11
111
11
110
01
0
11
00
101
00
111
1
00
0
0
111
111
0
110
000
001
10
111
11
001
1
11
101
01
0
11
01
0
11
10
11
0
11
01
1
101
1
111
101
00
111
01
111
101
101
10
111
111
1
011
1
111
00
000
1
1
11
10
01
1
101
11
11
001
111
1
00
1
1
1
000
111
0000
0
11111111111111111111111111
1
1000
0000
1
1
11
1
0000
011010
0001
1
1
11
0000
0000
011
1
1
1
10
1
11
0000
111
1
1
1
1
000
1
1
1
1
111
1
1
0
00
1
1
1
1
1
11
1
0000
000
000
1
1
0010
00
1
1
1
1
0
11
11
00
11
1
11
1
11
11
11
1
1
1
11
11
0
11
1
1
0001
1
1
0000010
1
11
1
11
11
11
11
1
11
0
0
10
1
11
1
11
1
11
1
000
1
11
0
1
11
1
1
1
11
1
11
11
11
1
1
11
11
1
1
11
11
1
11
1
11
1
1
00
1
11
1
11
1
1
01
11
01
11
11
1
11
1
1
11
0
11
1
11
11
1
11
1
1
1
0
11
1
1
11
11
1
1
1
1
11
1
1
0
1
11
1
1
1
11
1
0
011
00
01
11
0000
0
00
1
101
11
000
00
01
01
0010
10
1
1
0000000
1
111
1
1
1
000
11
1
10
11
01
1
0
11
01
00
11
110
11
1
10
110
11
1
11
1
11
011
111
10
000
000
1
000
0100
1
1
0
01
01
11
10
01
11
000
11
0
101
10
111
011
11
1
101
111
010
111
010
1
0
01
01
101
10
1
111
11
101
00
111
111
1
1
1
111
10
11
11
11
1
111
10
111
0
0000
1
00
1
000
10
1
01
011
1100111100
1101111110
1111
1111010
11111
11111111111
111111111
1111111111
11111111011
100111011
1010001
1111111
11111100
1111
0
1111111111
11100
11111111111
01111111111
111000011
1111
111011011
111011111
1111111111
1110111101
0111
01000011101
1111001101
11111111
111111
110011101
1101111
1111111
1111111
1111111111
1111001
111111111
111100111
111001111
1111111111
1111111111
111111111
1111111
111110111
111111111
1111001011
11111111
011111111110
1111111111
0111
01011
1111
111111111
10011
11111011
0
1111
0111001001
10011101110
11111111
1101111
01
0
0
1
11
1111
00111
1111
1100
10010
1111
11111
10110
10111
1011
11011
101
10
1001
111
111
111111
011
011011
11111
111
101100
0111
11111
01111
1111
010011
111
010011
1101
111111
00
0
1
00
0
10
11111
110
111
0111
11
100
01
10110
1
11
11
11111
11
1001
1
11
011
0111
11
101
110
110
110
10
100
00101
111
1010
11
111
1101
01
1000000
111
1111
001
1111
000
110
1111
111
11
001
0001
10111
11
10
11
111
1111111
00
01
11
1
00
1111
11111
111
001
011001
10
11
11
111
111
011110
0111
0011
0000
10
1111
0
11
110
1101
01
1100
1
0
0
11101111
11111110
11
111
111
000010
111
1
1101000
0100
0111
11
010000
1111
11
11
1101
1000
1111
1111
111
1
10
0001
110001111
11111
00
01
0
1
01
1111
1
0
1
0
1
1
1
1
1
1
0
1
1
0
1
1
1
0
1
11
0
00
0
1111
0
1
0
11
1
1100000
01
01111100
1
1
1
00
0
01
00
00
1
1
0
1
1
1
0
0
0
1
1
1
0
0
1
0
1
1
0
1
0
0
1
1
1
0
0
0
1
0
1
00
01
0
0
0
1
1
1
1
1
0
0
1
0
0
0
1
1
1
1
0
0
1
1
0
0
0
0
1
1
1
1
0
1
1
1
1
1
111
0
0
0
0
0
0
1
1
0
0
0
0
0
0
1
1
0
1
0
0
0
0
1
1
1
1
1
0111
111
11
11
1
0
0
1
0
1
0
0
1
1
1
0
0
0
1
1
0
011
01
1
01
1
0
00
00
1
11
1
11111
010111111
1111111
111111101
1111000110
11111111
1110001111
111111101
1111
1111011111
1110
1111111
0
10111111101111
1111111111111
11101110
1111
11011111111
11111111011111
11111111111
111111111111111
111
0
1
00
10
0
111
11
11
11
111
111
11
11
11
11
11
11
1
110
1
01
110
0
1
000
01
0
1
11
1
101
0
0
1
0
101
1
01
01
0
1
0
1
1
1
00
1
00
00
11
1
101
01
0
00
0
11
1
011
1
1
1
00
1
0
0
1
1
0
1
1
1
11
1
1
101
1
111
1
1
111
010
0
1
1
0
10
01
1
00
1
1
00
0
1
11
0
01
1
00
100
111
1
10
001
1
01
00
0
101
0
0
0
1
1
1
1
1
0
0
0
0
1
00
1
10
0
0
1
1
000
000
1
000
1
0
1
111111111110
1
0
1
0
0
0
1
1
0
1
000
1
1
1
0
11
100
11111
0
0
0
0
10
00
10
0001
10
00
11
00
11
0
1
0
0
0
01
11
0
0
10
01
01
1
0
1
0
0
1
1
0
00
0
00
0
1
1
1
00
1
00
1
01
1011
1
0
000100
00
0
1
00
10
1
10
0
1
111
1
11
1
11
110
11
11
111
1
1
1
1
1
00
001
000
0
10
00
01
01
00
0
10
00
0
00
1
1
11
1
1
00
00
1
1
1
1
1
11
1
1
1
0
1
1
0
0
1
1
1
00
0010
000
001
1
000
1
0
0
1
000
01
10
1
00
1
000
1
1
00
010
1
011
000
1
1
1
0000
1
1
1
10
0
10
1
11
1
0
10
11
1
1
1
11
00
10
10
01
000
1
01
11
10
00
11
10
01
10
11
1
1
0
1
1
1
1
1
1101
000
01
01
0
00
1111
10
00
011
1
1100
10
011
101
1111
11
10
0
01
1
1000
00
0100
101
001
1010
0100
0110
011
0
000
1011
11011
00
110
111
100
0
1000
10
10
0
00
01
000
110
1001
100
01
1
1001
11110
1111
110
000
00
0
0
00
01
11
11
01
00
0001
100
10
000
0000
000
0
100
000
00
00
1
0
0
01
00
01
0
1
0
00
0
0
0
00000
010
100
010
01
0
01
1
1
0
01
1
0
1
1
1
0
1
111
0001
10
1101
1111
10
11
011
110
0111
1111
1111
00001
11
111
01
11
11
11
01
111
111
0
1111
11
00011
010
11
011
11
1
1
1
111
1111
11
111
0101
011
00
0
011
11
01
111
111
111
1111
01
1
011
1
1111
11
000111
01
1101
1101
111
011
111
01
110
1
001
0001
011
01
1
11
11010
1
0110011
1
111
01
1
1000
11
10100
000011
10100
10
01
11
1
1
0
1
11
1
11
1
1
111
11
01000
0
111
0
01
1
0
00
0
1
1
00
1
11
0
0
1
1
0
11
1
1
0
0
00
10
1
0
1
0001
0
1
11
1
1
1
1
00
1
1
1
1
1
0
1
1
1
11
11
10
0
1
00
1
000
1
11
11
11
11
01
11
00
1
01
01
11
1
1
01
0
10
1
1
11
1
11
01
0
1
0
11
0
1
10
0000
11
11
10
11
10
0
1
1
00
10
1
01
1
1
1
01
1
1
1
0
00
11
0
11
0
00
1
1
00
11
0
11
1
0
11
1
1
01
01
01
1
1
11
0
01
00
1
10
1
01
0
1
10
0
1
1
11
1
0
0
00
1
1
0
0
01
1
00
11
1
1
1
0
11
11
10
11
0
1
11
1
11
1
1
1
000
11
1
00
0
11
01
01
0
10
0
001
11
11
0
1
11
10
01
1
11
01
1
1
0
11
10
11
0
1
10
11
11
11
11
0
0
01
01
1
1
11
1
1
01
11
0
11
11
1
00
1
11
1
11
0
11
0
0
1
0
11
01
11
01
11
1
11
1
11
1
01
1
1
10
0
11
1
1
10
11
11
1
0
1
1
1
11
00
01
11
10
11
11
11
1
00
000
10
11
0000
11
0
1
11
1
01
1
1
1
11
1
1
01
11
11
1
11
11
1
0
1
11
0
1
10
00
10
1
11
1
1
10
00
1
0
1
0
1
1
1
1
1
1
0
0
1
1
