0111
0111
111
111111
00001110
101001001
1111
111
11
1111111
1011011
01111010101111110
1111
11110101
1111010101
111110
11
1111101111
111111
11111
11111
01011111
111
11111110
01100000000000110
1111101111
0110110111
0
11111110
11111101111100101001010
1111101110001
11
111
111110111101
1
1111
111000
110011101
1110111110110111
01111
01
11111
111
11100
11110
11111
00011011111
101111
111010111
01
0
1000001
1111
01011110010001110111
111111
1111
011111111
01111101101
1111
1
111
111011100
11111111101011100
1111110
11101111
11110100
111011
0
1010000
11
0111110
000111
1
111111
1111101
10111
1111101
111
111
101110111
11
0111
11111
0111
111100
0111
1110
0111
11101
0111
111
1100
111
1101
11
111
011
10111
101
111
11
11
11010111
111
1
11
11
1
111
011
111
111
1111
11
111
11111
01001111
11111
11
111
11011
111
1111
001111
111010101110101110
111
0111
111
11101
1011
11
1000001
1
110
111
10111
11
111111
11
11
1100
11
100011
1
11
01111
11
0111
01
1101
010011
111
00010100
1101
111111111
011
1111011
11110111
11110111
1111
011111
111111010111
1111110101
111
10
1111
01101
11
1
1
10011
110011
10111
0
00
0000
111
111
10111
10111
111
1110
11
11
11
11
00111
11
11011
11
011
1
110
111
1101101
001101111
11
1110
111
0011
01111
10010
010111
11
111
10110
1
11
1100100
000010101
11010001
11
11111
11
0111
0
1101
01
11
011
110110
10101010111
11
111111
111011111001
0011
11
11
10
0000
1111
000
111
0000
00
00
11
11
01
11
0000
1111
000
010
1
1000
111
010
000
1100
1101111110
011
0
11
01
101
011
11
0000
110
000
0010
11
00
0000
10
0101
111
000
00
000
0001
0100
100
11
0000
1
111
11
11
11111
111
110001
111
011
111
1
1111100
1
0101
1
110101
110000
11
11
00111
1011110000
11
1011011
1011111011010
011
100111
1
000
100
1111
000
11101
0000
010
000
1
0
01
10
00
010
11
01
010
0000
00
0000
00
01
0000
00
00
11
111
0100
000
000
1011
0
011
0100
000
000
1110100
0
000
1
0010
000
11
1101
1011
111010
0011
011
11
0
0111
11
1011
111
111
11
1101
11
11
10111
111
111
111
11
11
11
1
1
111
000011000
1011
1111
11
111
11100
011
11
111011
01
1
11
111
111
1
11
1
1110
11
1011
110
01011
01
1
11
0011
111111001110
1011
111
11
11101
11
110111
11101
11
1
110111001
11
111
111
1111
11
0100
1101000
11
0000101001000
01
11
11
1
0
111
0011
111
01111011000000
11101
00111
11
10
11
11
010110111
111
11
1001
0011
11
11
1
1
11
111001011
01011111110111
11
11111110010
0110111
1111011
000111
01111
1
0011
00000000011001110
1
1
11111
101011
1
0
0100111
111011110
111
01101
011
011111
111100
01000101001001
0111100010
100111
11
111010100
1011
11011
001000
1101
001100
11001
1111
1
110111
111
101
011101111
011111
111011100110011101
11111110
011100
0
0
11111110
01100111000
1110
1000
100111
111
01100
11011000
100101110
0111
00
1111
111
1111111010010
1
0111011
1111101010
100
1111000010111
1111000
111
0110111
111011
01001
0110000001
1100101
11011
111100010110
11
10111
0111
01111110101
11110
00111
0110111
1
111
111
00000
101011
11
00111
1011
001
011
11
111
1
11
1111000
11110111001
11
111
110111
10111
11
1101
00101111
111
11111
111110
111
11011010011
0111
0
111
1110011
1
110111
1111
11111
1111
1101
1111
0111101101
111101
111010110010011100
1111011011
11111
11011011
1
0111111010100001
1111001
111110101
10111
1
11101000
100
0100010010101010
111
11110
010101
1110101
11
11111
01111
1110
1
111
0010011
1
011
00011111100010
111
1
1011110
0000
0
111
1100001
11100
10011
0011
0111000100
11
110011
01111110
110011
010110
11000
000110
11101
111101101111
11111
111
1111101
111010111
11111
11111
1111101011110
11111
11111
111101
1111111111
11111101
1111
00111
01011011001101101
1110100010
111
11110
11
111110111
11
11100110
0111011
0000
111
111101
111111
111101011110110
1111010011
11011001
01101111
111110
111
11101111011001100011
0111
11100111
1111001111
1110
111001111
11
110011
1110111110100111110
1001010
111
1111010
1111101101
1
0111111
1111
111
1101
1011111
001001
010111
1
11111
11
00
011001
1111
01111100
1101
0011
011
1101001111
11101
0110
100011110010110011
11001101010
010011101111
1
11011
1
00001
0
11110
10
1111110010
000
1111
1111
111001101
100111
110
111110
11
010111000001
1010
111
1011111
1100001
1
11000110010
00111
00
11111
00001100000000
11
000000001
01
1111111
11111101110110111
1111
111111
111110011
1111100101010000101100
1110
0010010011
11
11
011
10101
11
111
11
1
11
11101111110000
111
1
11
1011011
0101
1100000
110111
111
11110
011
011
110
11011
1111011
11
111
0111
1
110010
1
0
0
1
0011111
111
0
111
0
001111011
1101100
111
0111
0
111100
11
0111
101
0
0
111
0
1011
001011011
0011
111
00110001110
101
101
10011010
111
0
1001100
01110
111
1
01
11
0000111
111001
0
01
11011011100
0
0
0
11
0001111
0111
111100
011
0
0
1
0
10111
1111110
00011
001
0
1100100111
10010
0
1
11111
111
111
11
011
1111
0
1101
110
1010110
0
01111
11
11010
011
1
1001011
11
1110
111
0111
1101
0
0
11
11001
0
11011
1
111
111
111
01101000010001010000
01101
010011111
111001
0001
011
10011111
0111
10
111
111111
11101
11
0
0111
11010001
11
111
0
0
110011
011
0
1
11100000
1
0
0
1
1111
0
111
110
0
0
1
011
1
10111
111111
1111
111
1111
0111
1
110
0
0111
111
101
101
01110010100
11
011011
1
1
111
0111
111
111011
111101
1111
0
11
11
1
10100101
11
11101001
111010111
100101110
1
0
0
111
101010001111
10011101000101
0111
11
011
11100100001
1
1011001
1101
01111
1001
011
1111
11101
1111
11111
1110
111
1001001110
11
11
111
100111
1111000101
111
10110111
11
1
11
01
11
0000
0
1
0010111111001
10110011
11
01
10111010100
111101
1
11
101
101
11
111
011
1
0
11
1
110
1
111
1011001
101
111
10110
0
1
11
00111
11110
1111
111
11101010
0
000
111
1111
11110001110
0111
00000
1000000000
001000000000000000101100110000000000000000000000000000000000
1101
1100010
101110
000
11
111
11
01011
11
101
00
01011
0011110110110
1101
01
00011
1111000
1110
11101011
000101
111
0111
11
11
0
0
1111
111
0011
01111
1111
011001
011
010
111
111
1110
1
11
111
100
011
1
111
1
0
