1
1
1
1
1
1
1
1
1
1
1
1
1
0
1
1
1
1
1
1
1
1
1
1
1
1
1
1
1
1
1
1
1
1
1
1
1
1
1
1
1
1
1
1
1
1
1
1
1
0
1
1
1
1
1
1
1
1
1
1
0
1
1
1
1
1
0
1
1
1
1
1
1
1
0
1
1
1
1
1
1
1
1
1
1
1
0
1
1
0
0
1
0
1
0
00
111
111
11
111
111
011
111
11
11
11
00
110
111
11
11
010
111
11
10
10
101
111
1
10
11
01
1
111
0
01
1
111
01
11
111
01
111
0
1
011
111
011
11
11
11
010
110
101
011
101
00
11
111
11
11
01
011
01
11
111
0
10
110
11
1
01
110
01
110
0
1
0
0
1
1
1
0
1
1
1
1
0
0
1
1
1
0
1
1
0
1
1
0
0
11
0
0
10
111
1
1
1
0
1
1
1
1
1
1
011
1
1
0
1
1
1
0
1
1
1
1
1
1
1
1
1
1
1
1
1
1
1
1
1
1
0
1
0
1
0
0
1
1
0
000
0
0
0
0
0
0
0
0
