00
1
01
0
00
10
00
00
00
0
0
1
0
1
0
0
0
0
0
0
0
0
0
0
0
0
1
0
0
1
0
0
0
1
0
0
0
0
0
0
0
0
0
0
0
0
0
0
0
0
0
0
0
0
0
0
0
11
00
1
1
0
0
1
1
11
11
10
11
0
0
1
0
0
0
01
0
01
0
0
0
00
1
0
1
1
11
00
10
0
01
11
01
00
0
1
11
0
00
0
0
1
0
01
1
11
0
1
01
0
0
00
0
0
00
0
0
0
0
0
00
00
01
0
0
0
00
00
00
0
10
11
0
00
10
0
00
0
0
0
0
0
0
0
0
0
0
00
10
0
1
0
0
1
0
0
00
00
0
0
00
0
0
0
0
0
0
1
0
0
0
0
1
00
00
1
0
00
1
0
01
0
10
0
0
0
0
0
10
01
01
0
01
00
01
1
00
01
0
0
0
00
00
00
00
00
10
00
00
0
00
0
1
00
0
10
00
00
0
01
0
1
0
0
0
0
