0011011
11001111010001
11
111
1101101
1110011
1111100
1111101
1
0
10
11
0
1
1110
1111100
01
11
01
011
1
111
111000
001101110111
111101
110010110
11011111
00101
10111
1110100
1
011110100
1111
11
1101
00100111
11101
11
011
11
111
11101111
11101
11
11101100
11
11
10101
011
111
1
1100
1011
1011
1
01
010
11100
1
110111
11
1
1
01
11
1
1
0
0
110111
0
01
00
0
1
0011
111
111010100
111010
11011
11
11
11
11
01
00
10
01
0
1
0
1
11101011101
1110100
111
1110111
11
10
110
011
001
110001
111
0001010
00
00011
100
10110
1110
11011111000010100011
000
101110010110
1010011110111011
01
1
0000011101
0000010
10
1011011011
011
011111101
000100000
1
00111
101111
111011
110111
1100001
1
1011111
1110101
1111011
01111
111100110001
11001111
1111011011111101
00
11011111
11
11011011101
0
1
111
0011111
0
110
100111
1101111
1
011
11111110110110111
00011
11
0110011
00110
011
00
10
1110
11
1111
100100
011011
0101
101101101
00101100010
1101
110
111
1
11
1101111
0
100110110011000010
1110
0110
1
111
11
100
1111
111001100000
01
11
000
1110100111
11000
0
1
01
1100110111
11100101
11111
0110001
11111100
0111
1101111
0
0010111
111
11111
00
0000110
11111
1111
11111101
010111
10111
111
01111110
01110
0111000
011011
011111
1
0
1
0
01
0
11
1
00
10
00
11
00
0
11110110110001111101
1
1111
011111
10110
1
011111011
00
11110
110110000000100
000101
011
0111
01
00
1
000
001
111110100
011
0
001111
1110
01111100110
111
010
111
100
110
011
10
0
010
1110
10010001001111
11100001
11111
1111
11010101001011
111
11011101
01111010110111011
0111
0
11
110
0100011
111
1
1
111
111
1100000
10
11
011
111100
0
1011
11011111
11111
10111011
101
111101001001111
1111111
1110111
1111111100
011
11111
011
1000111
0111
111110111000
010011110000001100111
110011100111111
111
011
111111
0101111111111
11111
110
0101
10
11010010001
1010101111
111100
000000000
011000
000
010111
1110
10011
1
10100111
1
1111
00111
111
1111101100110000
11101
0
011011
11010
1101011
01111111110111
00100110000
001011
101110110111
1111011
1011
011
1111110011
100
101110100
1110
1111
01
01
101
111
10
11
110011
10111
01
011111111110101
000000000100011
0000000010
111
11
101011
1100
1
111
00111
110
0
11
11001100100001
11
1111
11
0100
1
111
1101101000000
1111
11
111
001000
111
110111111
00101
10
10001
0111
100
00000011
1010110
1
10000000000000000110
11
1
01
110
00011
1111
0101110101000101
1
11
1011
1111101
0001001
10001
100101011
111111
1011
1111110
1
00110100111
01110100
11
01110110
1110
1110111010001001101
110110
111000
111011101100
1011
111111
11111
1011
11
1100110
110111
10
1
1
0
1
11
11
0
10
01
0
0
01
00
00
001111
111110110
11010010
110101110000111111
10
100001011
010
0111
11
111
1110
01
111
1101
11
111
110011100
011
1
1111
10
00
01
101001
111
011
01
01
11
111
01
011
110110
110011
1
111
11
111100100
010111
11010
11
111110
10001
011111010
011
101011
01
111011
1111100
01
0111
11001
1001101
101
000011
101
01
1
1
01
1110110
0111
01
111
0111
11
11
111
111001011011
011
0
111
1101101
0
0
000
1
001111
111101
11101110110
11
10111
1110
011
0111
0111010
111
111
1110000
0111
11101110000
1110
0000111
11
01
10110
111
000000100010
01
111
0010
11
11110111110111
0111
00
01
0
0010
011
0
11001
11101
1
11
11
0100
001000100
101
111
1
10011011
11
111
1101
1
111101
11
11
01
01
0
1110
10001
11100111
10011
111
111
1
101
111
01011
1100
011
111010
01
1
1100
1001
10111
11110
111
111
011
111010
1011
11110
00111
01
11
111
0011
11011
00111
101
111101
01
1
110100000001
111
011
000
001
