010111110000001011011001110001100001100001100000000011010011000
0000000001011111110000111000000110000001
1000110101000100
1010110101100111
111011101
11111
101110010
11001011110110
0000000001000000001
111110011110100
10101011011001111111001
111001010111
11000111000100100001010
1111101100100110
1000110111111110101110010111011
111011111011100101
11011111011101111000
010011110101000001110011
11111
10110110110110011
100110001010011111101110001000000011101101
1100010110011111101111110000011000
11000110100011
1111011111011001010011110
00000011111010000111000111
01011111101110011111101000111011
111011
00001101011010110111101000100001000001010110101
0011010010011111101100010
0111101111100000000001
11110101
00111100101000
1111000001000001001
11111010010010000
100101
1111011110110111
1110001110
01111011110001001100010
010100110111011001011
11001010101
111101010001
0111001000000100
1001110101000111111011001100001001001100010
110100111100101010
1110111111101
1111011110
1110110010000
100101101
011
1101
1010000001111100111001000001000110
00011011111010110111
1111101101111011
11110011000011
1000010010011011111111000110010110110011
111110000
110111011010000011
11101011111111100111110110110110
01101111101001011000
111111
11111111001010101010000100101
1111111
00001011110111111011100111111000101010000010101100110110
111110001
111110010101
111000110111111011000100010101
1011001011011010000100111
1111100110101100111
0011111001101011101001011
1111
11110111000100100010011
1111111101100110011110011
11111011010111
01011111011010000010000001100
1010101111000011000100
0000011000000111000011101110000010001100000001001000001000100111100000110
000111111001001111
10011010110111000011
111100010
111111111101101
0110111110100111101
01100100000
1101000011111011011100110110010
0111010100111100
01010111101011110100100010000000001
1000111010101000111000000001000001100110
110010110011010010010000001001010111
111100011001111
00101
11001011010101111011
1111011101110011111010100
011111001101011000100
10001100111100001
1000000
011101101000001
101000
1110111100110010111
111111111100110000
1101001111110101100010001011111
11111111101011011101101
111101
111010110110010
00
0000101
111110101
111011
110110101111
0111101
111101100010
011
011011
10011111010
0000010
000000001011011011001011
000000000000101000001
01111110
11111
100111110110111010101
01011011110101110000100
111111
11110010000110100
0110010
11110
11110
0100001
0
0
0
0
0
0
0
0
0
0
0
0
0
0
0
0
0
0
0
0
0
0
111101010110110010100000100
0
0
0
0
0
01101
11111
01110000111000001
01111111
11110111101000111111001010001100101110011010
011100110111111111
011000111011110000111
1000001001111
11111101
1110
11111111111
111001111111
01111111100110001
1110110001101101111110101010
111011011110101011110000000
0
1110111110
11111111011111
110111111
111111111111
11111111011111
00000
0
0
0
0
0
0
1
0
0
0
0
0
0
0
0
0
0
101
010
10101000
11
0010111
0
11
011
010001
011
01
1
00011010111
00000
000000
101
111
00
01000110
111
00110
10011
110
0
010100
1000111
110000
111
11111010110
11110111100111101000
1111111110001000111001011
0111000100
110010010
00
0
1011
000000
0011
00011
11
000000
011
111
0
0
0111
010
110010
0111
11100001010
011
110101010
111
011
10011101010
011
0
0000
1110111
110000000
1000000111
1100
1111001111101001111001
00001111000100101011110
0
101111101110011001110001101001001100
0100000000001110
1110
110110
10010100111
0011011101011111011101
0011000
1110000010
1
111110001100001
10000111010001
0110
100001
10001
10001
10100000000
01000010101001
000010
0101110011
00100110010000
110010
0010010110011110001010100
01001110110010
110111101001000
10111110100001011011111111
10001101100000
0101101100001
001011001001010
0111
1011100
001111101
101011111
001101011
011110100
10001110
1
011110
11111111
0011111110
1011101
1110011101
111111111
001101110
0111110111
000000111
00010000101
1111101110001
01100001111101110011110010
000110001
0001011111
10010111111001101110
00
00001011
0110111000000
0000110010010101
11001110110101
010100
00
000110001011011
0011100001
0
1111111111
11
1011010
00101100
011111
111111
00011000
010000
1011011111
110000110111
11111100
0111
01111110
0
1011100
10101111111
01011110111
011100010101111011111111
000000001000010
000000001
000010100011000
10101111011111
00101011
000010110
0001111111
111011110100000101
11011110010001
001011100
101
000011
10000
110111011
10111111
00001111011
0000111011
0111111
1111101
100110001
01101
1101011111
111100
0001100111
000101001
1010
111010
1101111
0011111
10110111011
001101
01111111011
011000000
000110011000
010001
1111111001001
001110001101
0000000
111111
1011011
011101000
0111111100
01110
00001110000011
1010000
01
0111000100101000
110101110110
011111
011111110111
1101111111111
10110001
01111011
10001110111
101110101
101000101
110110
1110
1011111111
011110
10111111
10101111
1011111101
11100
01011010
111111
0000111100
1
0111010
1111111
000101110011101011010111111
101111110010
001000100010011101010011
1111000011100100101000
001111000000
00001100010000
1000110
1111001000010110001000100
010111101010010
111111111
110111011010011
000
11001101100100
0000000
00001111
00110010010010
1100011
1101111
11001110101001010110100111111100
11111001
1110101
010110011100001100100011010010010
011101000111001100011
001101110101
11001010111011101010111
0111
0000000001100
01000
00000
11
0110
01111
11
1
100
0
0
00
00
000
000
1
000
110
01
00
000
10
00
1
000
00
0
00
011
111110010011
0
11
1
0
000
10
011
11
001
11
0
00
01
00
00
00
0
0111
11
011011010001001
100110001111000
11100101
100110
000
10111
110010
010110111
101
00
11001001
111
01
1
0001011
10100
1011
11
111
01011
1
1101110010001
00110
11001111001000
111
10111
1
1110
1
0111
00000
0000
1111
111
11101
011
00100100
1011
110011
1111
110111
11
000000000
111
1100101
010
10111
11
00
00
0000000
11
1000
0110
00000000
0
0000
0000
0000
11
1101000000
1111
000000000000000
00
0110000100000001000000000
000
001
0000000001100
0
000000
11100000
10000000000000000000010000000011000001000000000010000
001110
101
1111
00110011101011101001100
10110101100
01100010000
11000101111001111000001010
1101
1100010
0
00
1111110110
01100010100101110111
00010
0111
0010001001010111001001
1010111111000100011110
1111000100011
000111000001
1111111
101110111101110001100010
1111
100001
111
00111101110
111
11
1
111
1010000101001011010111000100010001001010110110001
0111011000101001001111111010
000
000100
00
01
111
100101
1
1100
11001
001011001101
1111101
0111
10101
101
1011
01
10
000
11
101
0
0
01
00
00
00
00
0
11
010
01
111
10
01
1
1
011
101
10
110
0
011
01
00
111
1
11
001
001
0
0
1
1
010
0
01
010
1
1
000
0
1
001
01
00
0
11
001
000
011
10
111
0
11
0
111
0
010
01
01
101
11
00
11
10
0
00
000
1
10
01
00000
0001101100
00
001
1
1
1
01
011
00
11
0
10
01
010
00
0
10
0
10
01
01
00
00
00
100
01
01
101
1
01
00
11
011
1
001
001
10
00
1
1
00
0
01
0
00
0
011
01
01
01
10
00
001
1
001
00
0
10
10
000
001
1
110
011
00
11
000
0
0
1
11
0
11
00
0
10
0
1
11001
10
10101011
01011
1
11
11
001
11110000010000000
1
0000100
11011
0
000
0001
0
001
100000
111
1101
000010
111
1001
01111
0
1
1100
0100101000000
110000
00000
111
01101
1
110
11
00000
01
001111
101011
00
1
110001
001
0100100
1111011111
111
10
00
11111
1001111111111
11111
1111101111101
1111101111111
11100110101111
0111110111110
1111101101111
0110111111101
1011111110
110111
011
000
1110110
110111111110
1111010111111
111101111111111
1111111111
0110110111110
110110111
11011011111
1011111
11111101111110
00100
111101
10101111010
00101
11111111001010
111
10111101110
110010110111000101001
0010111
111101
1010101110101
11
011
100111
111011011
0010001
1110100
0
10011111
001101
1110000010
01111001010
111011
1101100101
10
00101111010
110
00
0111
11111111111
1101011
011101001000101
110100
11
011111010011011
1000
010010101000011
001100000101011011001000000100000011001
111011
11110110100
11111000000000
110101101
1001
00
1
111
01110011
111111
00111
11
1111111101
000111
1
1110
1
111101101100101011100110
110111
1
0011101011011111
1111010
01000010000100001010110111000001100111110100000000010
1100100100
001011
100
010011
0101100011101
111
10001011101
001111
1100101
0
000
011
1101001
01000010000111
01111000000000
00111
11
10
001
11100110011010100100
0
11
01011
011
111010
00011
110010101
011
11100101000
1110110010
000000001100001
01101110000
11111110
00
010010110
100
1
11
000
010
111
10111
11110
1101111
0101011
01101
110011
111111
1111111
100111
11111
1010101
0111
1111
1101
11111
1111111
00111
111
1101111
1110
11111
00011
0001
1011011
1111
11111
01111
11111
111110
10011110
11111
01111
11111
1111
111111
1011
11001
01111
10111
0110
1100
011100
1100
11111
11
0
1
11101
11110011
110
10111
1111
1100110
1111111111
11101
11011
001
011111
111110
010001
1110
111
10111
110
110000011
111111
1011111
11
10101
0110111
1110
11110
110111
1111111
110111
0111011
01111111
111111
100011
01110
0110
00010
111
11110110111110100000110
1010111101010
100
1
11110
11100011010000100110
11101
01100
1001001
1
1101010
01
11
00010
01010000110
11101
1100
11
10010
111001111001101101011
00100
01111
111
01
001
1
0
0000
1
0
0
11
0111
11
1010110101001
1101001000
000011
1101000100
000101
0111
10011001
1111
10000
00110000
000000
00000
0010011
0
111111110
01101
0000010
0100100000
000
00
00
01111
00
0
00
0
1
1001110000010000010
00
0
0111
111
1010011
0000001111
000
0000001
110000
000000
01000
10
00
1101001
0
010000
111
1101
0111
00000
0000000
000000000
11
111
000001
000
10000010
01001
000
1
11
0101
111
0
0
0110011
0111
1100
01001
0101010101100110
1110111011111111101111011111110
0111111000101111101111000100011
11111111011111111101110110111
1110111110111111101111011111
1111111111111111
1111111101111111011011111110110
1111101011111111111101011000
00111011010111
11111111111110111011101
111011011110100111111011
1111111010101111111101111101001110
111111111111111101011111001110
111111110011111111111100110011
0111110110011001111101110110
11111101111111111111111011011
00000
111101011
0000000000000
00001010101100
10
1010011001110100111100000110010110101000
00
001
1000110011111001000000000101
00011010010000
111
0010111011010111101110001001010010010100
0011
1110
111
111110000011010000
0001110011000101001101010000
0000010101000000000000001010
00000000000001000
11011110010100000100
111010110110011010111000001000000101001011
10100101001100111001000
00000000
11011111101
0000010100110000111110011000010011100000001
010
1001110111101
1101100
11111
111
1101
0001100110010111011010011000000000000110011010
001101100
0001
1111001
0101100010111000111110001111110
0000000100000
100011100100110100
00000
1100011001111001
0000111001111010110010000101000
0011100110111101101010000100000010
00010100
11
10
11
0
1
0
1
1
11
0
1
10
1
0
10
010
0
11010
11
1011011111011010010
11000100101001001
0
0100000000
11000000
110
0
01011
0111
000110
1011
1
1
1
1
1
1
1
1
0
1
1
1
0
011
11
01
11
1000010
111
00
0000000
00100010010010
1
1011
11101111111101111010110011111
010
000010
1000
11110111
10111
100111000111111
11
111000000000
11000100
111001000000
01010100000100001
1110000
0001000
100000001100100100000
01000100100
11001
1111101000001110000000000
01
111
1110011101110000011
001
111
0
1110000001000000010100
00001010010100
00101
10111
110011011
11
000111
01010010
000101
0001
100
11
001001
11
1101
11001001010100
110100
1101111001011010111100
0001
10100000000
00
001
1110100000
000
0111
110001
1011011
1001100000011
110101
0000
111
1100101
11
00110110
011110001000000010
01101110100010
011
100
100
00001001
100
111
0
11000101
01
11
001000
11100
1011
101000000000
1101
11000011100001
00
1011011
101111
111001
00001
000100000
0011
11100
01111000100001000
00000
11
1110000
000111
1110110000
100100
0000111
10110100
011000000100000100
0000
110100000
1010001000
1111100
0000001001
001010001
0011
111001
111011110000
111101011110001011101
11110100
110010101
0000000100000
0000101100
000010
11000
1101
0
11100010
1000011
0100
1
001000
01010100
011
101011
00
100101
10100000010000000000
0
000000
1000000
0
11
1
00011011100100010110001
00000
0000
1100110010
00
00
00000
000
001
0
0
1101100
00
1
000
10
0
1
1
01000001
00
111
011
00010
00000000
01
1010010
0000000
0
0000000
11011
0000000000011
0000000000
11010101
000
0000
0
0010001010000
00000000
00
111
000000
01
01000011110
00010100000100
1
0111101000
000
01
100000
000011
10001
110001
01001
11
1000001110
111
0110100
1111001
01111101111010001
101011001100010110001111100
011101111001111101111000100111001
111111011011110011001001
0111
110011011011
011
110010010
0
11
0
11
0
01
00000000
00
11
011
000000
11100111010100100
101101
011
11
10100100000010
00000100
11100010
00000001000
011100101011001
000110000011
111001000100
00
0000000000
0011
11010000000
01101011000
110101
0000011100110000000000000000
0100111001101101000
11
1100001
0
00101100
0
01000110011
111
1011001000111
100
11
011001001011
011010
000000000
11110
01101110011100011000
00001
101000010111101101100
010011111010
000101000110001
10010110000010110010101
001110001001100000
00011000
000000
0000
0000010101101
00
1100111000
111100010101
1011111110000101110
111
1
01110100000000000000000
00
1001000
00100
00111
1100101000010101
11
11100100101
111
001
0111011100011100
100100101100000
10010010
0101111001111001010111001
1000010111011000101100000000011
0110111110111011100010000111000110
1111000100000001
10000
10011
111111010001
0000110100
010110111110101
1000001100
000100100010111001101001001001000100100001100010000100011000000000010000011010010010
011010111010111010110001
111
10101110101100001
111
111000100011010100
0001110110
10111010000000010
0111110
101
000101
11011111011110
100000000
1
011
11111
0011001000
000
11110110011110
101000
011101111
10000
100
00100110
00011010010000
1100
11101111101110010
1101
011101110101
1110001011
1110011111111
1111111110
11111111110
1111111111
11111111111
111101111101
11110011111
011001100011
111111111111
111111001111
1111011111111
111110101111111
11111111111
0000111101
111111110010
111111111111111
01011111111
111011111111
011
1111100110101
11011101111
0
00
0000000000000000000
000000
01000000000000001010001000
1
000
001
11
00011100000010
1000100100010
100000000010000
00
11111100000
00001000100010
0
111010000000
0
000000
0001
1
00
000
000
0000
100100000
00000
0
000
00
0111
111
1101
11
111
11
01011
0011001010101
111
100111
0011
1
11101000000000100110100000
111
011
11
1
1101
1100
0111001111010000011011000010
001
10
10111
1111
110
10111
11001001
0
0
0000
11001100111
1
00
1
11110111110110
1
01
00
11
11
0
0
11
11
00
00
11
0
00
000
111
0
000
0
00
01
1
01
011
01
11
111
11
11
11
000
11
011
000
00
000
111
000
111
11
00
111
110
101
00
11
00
0
111
00
11
00001000
10011
000110010
00
11
1
011
111
10
11
0111
1111
0
0000000
0
1000101
0000
0
0000
00
011
0
00101
00
0000
010
10
101
0
0
11
111
01
00110111101
0000111
00
11
0
100000000000010000001100
000
0
101101101
0
011001
11111
0
1100011
0
0111100
0010000000
10110
111
010101110
01111
00010
11
0
0
0000
110100
11110111100101
01
10111
11111
00
10001000
0
100100
1011
10010
01011
11
1
110101000
011
0101111000
111
10000
0000000000
010
0
01101001
11001
011011
0
1101
001
000
00001
1101
1000
10101
1101000
0
0
01
1
11111100
010011
0
010
0
1
1010
01
11100
00
00000
0
100010011
01010
111
111
010
10000100101010000
0111
10100000
0101
1
1101
0111
11
111
111110
0111101
11
000
1011001111
11101
010000
111010111
1100
01
01
000010
000
11
0
00000000
00111
11011
00000001
111
0010000
11
0000000
0
11101
0100
111
0000
1111101
01000
011100000000000110
000100
000
0101101
11000
00
0111
0
00011
111
1000011
111111
1
01
10010000
1001
11
11
1
11
11
