11
1
01100
11
11
11
0
1
1
0
1
01
11
1
0
1
1
110
0
1
0
11
1
1
1
111
1
1
111
1
1
11
11
11
101
1
1
1
11
11
0
0
11
1
1
0
1
11
11
1
11
1111
11
11
111
111111
110011
0
1
11
1
11111
111
11
1
1
11
111
1
1
1
1111
111
0
111
11
1
1
1
1111
1111
1111
11
1
1110
11
1
1111
111
1111
1111
1
111
111
111
11
1
1111
111
11
1
11
11
111
1110
0
1
1
111
1
1
11
1
11
0111
1
1
11
11
11
111
111
11
11
1
1
11
1
1111
1
0
01
1
11
111
1
11
11111
1
0
111
111
111
01
1
11
1
11
11
10
1
1
11
1
0
11
111111
011
111101011
1
11
1110111
11
111100111
0111
001111
11111
111
111
01
1
111
111
111
1111111
11
1111111
1
11011
11
011111
1
111
1110111
01111
11
1011
111
111101
11111110110
11111
11
11111
111
111
1111011
11111
11
111
111
11
111111100101
1
110101
01
0111
11
111
11
11
111
11
1
0
1
1
01
1
1
111111
01
1
1110
1
1
11
11
11
11
11
1
1
1
1
011
111
01
11
1
11
111
1
1111
11
0
111
111
111
11
111
1
11
111
111
0001
11
1
111
1
111
011
011
1
1
1
101
11
1
0111
11
1
111
1
11
111
1
01
111
1
1
1
1
0
111
1
011
1
0
1
1
11
11
1
11
10
01
011
1111
01
1
1
001
1
1
1
1
1111
10
1
0
1
111
1
11
01
1110
0
11
1111
11
01
1
1
11
11
011
1
0
011
0
0
11
11
11
111
1
1
11
0
1111
11
1
00
00
111
1
10
0
1
1
1
1
1
1
011
111
1
1
1
1110111
11
0
11
11
111
111
11
11
11111111111
111111111111
11
11
11
11
11001
0111
1
1111101111
0
111111111111
11111111111
111111111110
110
111111110101101
111111110111
11111111111110
11000010
11111111011111111
1111111110101
1111111111
111111101
111111111111
11111111111
111
0
0
0
1
1
11
1
1
1
1
1
1
1
1
1
0
1
1
1
1
1
1
1
1
1
1
1
1
11111111111011
1
1
1
1
1
1
1
11111111111001
1
1
111111111
1
1
1
1
1
1
1
1
0
1111111111
1
0
1
11111111110111001
0
0
1111111111
00111111111100
1
0
1
11111111111111
0
1
1
1
11111111111
1111111110
1
11
0
0
0
0
0
0
1
1
001011110
111111111
111111101111
11
1111111110100
111111111111
1111111111001
1111111111
001
11110111111111
11111111110
1111111111
1111111
111111111101
111
11111111111
11111110001111111
111111111
1110101
11111
111111111111
11
110010100
1111111111
101111010001
111111101101
011
0
1
11111111110
11111111111111
11111
1
11
1
11
1111111111111101
0
0
1
0
1
1
1
1
1
1
1
1
0
1
1
1
0
1
0
0
1
1
1
1
1
1
111
1
111
0
1
0
0
1
011
1
01
111
0
1
1
001
0
11
1
0
111
11
11
111
1
011
1
011
11
11
111
1
1
01
01
000
11
11
11
1111111111
11111111
1111111111111
11111111111
0
1
1
0
1
1
0
1
1
1
0
0
0
0
1
1
11
0
1
1
1
1
0
1
0
0
1
0
1
1
0
1111111110010
01
1
1111111010
1111111001
1111111111111
01
1
1
10
1
1
1
111
01
1111011111
111111
111
1
1
011
1
111111111101
011111
1111111111
111111110101
111111
11111111111001
111111111111111
11111
100010011110001
1
111111111111
011111111011
1111111
0
1111111111111
00
11101
0
11
010
11
111
01
0
1111
1110
0
111
1
11
111
1
11
0111
1
11
11
1
11
11
1
111
1
11
111
11
1
1
0
11
110
111
00111
1
1111
1
1
1
1101
1
11
111
11
0
1
1101
111
111
1
000
11
11
111
11
11
111
11
1
11
11
1011
11
11
11
0111
1
00110
1
111
11
11
11
1
101
1
1
0
101
1
1
1
1
1
1
10
1
1
0
0
0
1
11
1
01
1
001
1
1
1
1
1
1111
0
1
1
1
1
0
011
0
11
000
1
1
1
1
1
1
1
1
1
0
111
11
1
1
001
1
11111
1
110
01011
1
0
11111
1
0
11
1
1
1
111
11
11111
11
111
1
1
1
1
1
110
1
01
1111111110
1111101111
111
1
1
01
100
1
0111
1111110011
11
11
11
111
111
01111
111
111011110
111
11
111
1111
11111
11011100
111
1101011
1111
101111
1111
111
11
110
11111
01
00011
101
01
1
1
1
0
0
0
11
0
1
0
1111
01
11
011
11
1111
11
011
1
11
1
0
1
11
1
1
1
1
1
1
1
11
11
1
1
1
11
0
1
1
11
1
11
1111
1111
0111
1
011
11
1110
111
1111
11
111
11
0111
011
1
11111
11
111
0111
111
11
111
111
11
1
1111
1111
1111
11
111
111
111
011
11
1111
111
11
1111
11
011
111
11
1111
111
1111
111
11
111
1111
111
111
11
1111
111
1111
11101
11
11
111
1111
1110
11
11
011
1111
11
10111
01
11
111
110
1
1111
1
011
11
111
1
11
11
11
111
1111
1111
1111
1111
1111
111
111
111
101
110
101110
1
1110
111
111
011
11
1
1
111
11
11
01
1111
111
111
0111
1
11
0111
111
101
011
011
11
11
11110
111
1
111111111111110
111
0
111
111
1
1111
01
111
11
11101
111
1111111
11
1111
11
1111
111
111
11
1111
1111
11
111
111
1
111
11
110
111
11
11
1111
11
11
111
111
111
1111
11
111
0111
111
11
111
110
1111
11
11
11
1
0
1
1
11
111
11
1
11
11
11
1
011
1
111
11
111
11
111
11
111
111
1
111
1
11
11
111
111
111
1110
11
111
11
11
111
1
1
1
11
1
0
1
1
11
11
01
111
11
0
1
11
1
01
101
111
111
0111
111
1111
0111
111
1111
1110
1111
111
1
1
1
11
1111
0111
111
1
1
111
1111
1
11111110111
1
0111
111
11
10
111
11111
111
1
11111
11
111
000
1
011
111
1111
101
0
1111
1
0
11
110
1
11
1
101
110
11
1
01101111
0
1
111
1111
0
111
0
1
111
11
1111
111
101
11
011
0011
111
11
11
1
11
11
1111
1111
11
11
0
11
1
0
1
1
1
11
1
111
1
001
1101
11
1
11
1001
1
10
01
111
111
0011
11
11
1
1
1
11101
1
1
1
1
1
1
101
011
1111
11
01
1
00010
1
000
11
01
000000
0
0
11
000
11
1
1
1
0
1
1
1
0
1
11
1
011
1
1
1
11
11
11
1
0111
111
111
11
0
1
0
1
111
0
11
11
1
11111111111101
111
11101
1
1
1
111111011
1
1
1
1
1
1
1
1
1
1
0
1
1
1
1
1
1
1
1
111111111111
1
1
0
0
1
1
0111
1
0
0
1
1111111111
11
100
1
0000000000
1000
1
1
1
111
00111
1
1101
111
111
11
11
1
11
00111
11
111
111
111
0111
111
0111
1101
1
11
111
11
1101
111
111
11
1
11
111
101
011
011
111
110
0011
11
0
0
11
11
1
11
1
11
01
011
0111
110
111
0111
111
011
1101
00111
11
1011
111
1
111
1
101
110
11
111
111
011
1
0
0
1111
11
11
0
1
11
1
110
11
11
111
01
1
11
1110
11
011
1
101
11
0
111
11
