01
111111111111111111011111111
010
1111101
1100
0001
0000
100
01
1
0
010
0
0101
1
1110
001
001
000
111
01
101
0001
110
10
101
101
1
000
10
01
01
001
001
110
00
0001
001
011
11
011
000
1
1101
000
01
00
01
010
1101
010
11
0001
010
101
010
01
000
000
0
100
100
1111
00
00
10
11
1000
100
001
00
000
00
01
01
1
0110
001
011
010
00
10
1001
01
0
000
1001
10
0
0101
001
0
1
001
01
00
000
000
1001
0001
0001
100
010
00
001
0
0
000
0001
01
0000
00
001
00
10
0
11
01
11
10
11
10
11
1
011
011
1
001
011
1
010
1
01
101
1
1
1
11
1
11
011
1
1
01
11
11
00
011
1
000
0
010
0
1
00
11
1
00
010
10
001
00
0
01
110
01
111
1
1
01
00
00
10
100
011
110011010
0111101
10011
1010111001111
11110000
111111
1111010
10101
111111
0100101
101011000
0011110
011111
00
111011
10011110
111000
1011110001
00101
01
1011001
0101110011
110111
0110110010
010001111
00111011
10010
01111
010111111
111111
1011110
1111111111
1111101
11111110
1111110111111
11111111
1111101001
1011111
1111100111
111010
1111101
111101111
11011101
11111111
1111111
0001101
111111
11111
1101
1000011110
00100
1101
10
111011011
1100
11
001000
101
11
1000
111010110
1111101011
111
11
1110011
110
101110
1111001
0
1011111
1111111
11011110
1111010
111101
00111
111100111
110000110
00010111
1100111001
111111
110111111
11111111
10011011
1000111
0010011
11100110
111111011
110010110
111010
1111
00001
101
1001111
1111111
1111011
11000110
111011
1101111
11011
0100111
001
0101110
1111
010001
0
