1001
11111111
1111
1111
111
11111
11
11111
11111
1111
0
1111
1111
111111
11
111
101
1111
1111
1111
111111
101111011
11111
11101111
11110111
11011
1111
111
1111101010101
11111
111
1111110
101110111
10110111
01111
1111
11111
11111
11111
1
1
0
1
1
1111101101010111
111111
011111111111011
11
11111
111111
11101110
11011011
11
111
11111
111100110101
11111110000
1111
111111
0111
11111
011111
1111110111
1111
11111
111111
11110010011001
0
1
0011
111
1100111011
111
1111
1111
1111101
11111
111
111111111111
11111
011100
01111
11111
1111
1011111
1111
11111011
10111
11111
111111
1111001011
11
1111
10111101
1111
10111
1110011
110111
011110101100
001011111
1111
1
0
0
1
0
0
0
1
1
11111111
1111
11111111
11111
111
1
111
111
011111
1
11101010011010110
111
111
111010000111010
111
11111
111
1
1
1
1
1
111111110
1111
111111101111
111
1
1
1
1
1
0
1
1
1
1
110111
1
1
0
110
111
1
0
1
1
1
1
1
0
1
0
11
01
11
111
1101
111
111
1
0
0
11
1110
01101
1
1
0
1
0
1
0
0
1
1
1
1
1
0
1
0
0
1
1
0
0
1
1
1
1
1
1
0
1
1
1
1
0
1
0
1
000
1
1
1
0
0
1
0
1
1
1
1
0
1
1
1
1
1
0
10111
11
1011
11
11111
111
111100111
11
11
0
10
1
11111
01111
111
11
1
0111
111
11
110111
1
10100
111
10
0
111
110
00
1
11
10
0001101
1
1
110
1111
1
1
110
01
111
1
1
0
1111
1
1
1
0111
1
1
100
1
1
111
111
1
0
1111
11
10
01
11
11111
1
11
1
11
10111
10
1
11
1
1
1
101
1
0
1
111
1
111
1
1
110
001
1
100
1
1
1
11
111
111
1111
00000100
11
1
10
11
1
1001
10
11
10
11110
1
1
1
111
11
111
00
11
111
11
1
11
11
11
11111
1
11
0110
111
11
11
1111
01010
111111
01
11
0001111011
011111
0011
10
11
11
10
11
0
1
1
11
1
11
1
1
0
10
1
111
1
10
11
1111
1
11
111
1
1
1
1
0
1
1
11
1
111
01111
11
11111
1101
101
1110001
011101
011
111
11
110
0111
111
111
110
111
1
11
11111
11
1111
1
111
1
11011
11
1
111011111
1111111111
00011011
111111000
1111101111
111111
1111111
10101111101
11111101
01111111
1111101
10111111
1011111
11110
11111111
1111101100
001011111
111111101
01111111
1
1101011
11
111
1
11
111
111
111111100
10111011
11010101100
11111111
11111110
111111111
1111111
111011111
00000
11111
1111101
01111111
1111110
011111111
11111111
0
1
0
11
10
0
11
0
01
11111111111
1
1111111011110111
11111
111111111101
11111011111
11111111111
11010111111111
111111011111
111111111111111110
111101111100110
11111010111110
1111111111111
110011111101
111011011101101111110111111110111
11111011101011010111
11100111111
1111111111
011101111
1111101111111111
11111101011011101110
111100011111
111000001
1110
101111111
10001111
01011
1001101111
11101100
11111111
11111000
11111111
1111111
111101111
1111101111
1111111
111111
1111111
111111
111111111
11111111
111111111
1111111111111
1110011101
11111101111110
11111111111
111111111111
0111111011
1111101111110111
11110001111010
11111111101
11101011111
111110111110
1111111111111
11111010111111111
111011111111
111111111111111
111111111110
111111111
1011111111111
10111111
11111111111
11111111111
1
11
01111111
0111111111
10111111
11111110
011101111
1111111011
111001
101101111
111111111
111111
111111001
111111111
1111111111
11101111
111111111
101111
1011111
1111111
0111111100
111111
000000000
11111111
00111011
1111111111
11111111
111011111
101111111
1111
1010011
00111011
111111
111111111
1100011111
01111111111111
1111111111111
1111111111111111
11111111111101
11111111111111
11111111111111
011001110111
11101111011111111
101011111111111111
1111101111111
11111011111
11111111111111
1111110011111
1111111111111
01111101111110
111110111111110
110011111
011101111
11111
11111011
11111111
11111110
1111111111
11111111
111111
11111101
11111111
11111
1111111110
011111110
1111101111
1101
10111111
11011111
01111111
1100111111
111111
00111111
11111101
1111111111
1101111111111
111111
10
1
11
1
11
11
1
11
11
11
1
1
11
1
1
0
01
11
10
1
1
11111
111111
0
1
1
11
1
1
1
11111
111110111111101
1
11
11
11
111
1011101111
1
111
111111
111
1010111
11
11
11
111
11011
1111111
101111111
01111101
01
111111
1111111
11111
111111
1
111111101
1111011011111
111
1111
101
11110
1111
11
111111
11
11
1
1111
1110101111111
1
1
1101
1111111
11111
111101111101
10111111
111111011111
1111
11111
11111110101010
11111
110111111
100111
1
1
1
1
1
1
1
1
1
1
0
1
1
0
1
1
0
0
1
1
1
1
0
1
0
0
1
1
1
1
1
0
1
0
1
1
1
1
1
1
0
1
1
11111111
0
11111
1
111111101110
1111111
1
1111
1
1
1
1
1
1
1
1
1
1
1
1
1
1
1
1
1
1
1
1
1
1
1
1
1
1
1
1
1
1
0
1
1
1
1
1
1
1
1
1
1
1
0
1
1
1111111111111
111111111111111
1111
111011111001111111
111
1110
10
11
1
1
0
1
1
1
1
11111011
11
0
1
01111
0
1
1
1
11
111
111
111
111
111
1
0
01
0
0
111
11
11
111
111
11011
1
111
1101
11
11
111
111
1
01
1
111101
11
1
111
111111011
1
11
11
1
11
111
111
011
111
111
111
1111
0
1
1
1
00
1
111
1
111
111
11
11
111
010111
1100
11111
11
11
111
11
11
111
111
1111101
0
1
1
11011110101
1111
1110111001
010111
1110
111
1
0
0
11
1
1011
10
1
1
1
11111111
11
1101
11
111
0011
1101
1111
111
111
11111101
111111
111
1
11
111
111
11
0
1
01
1
1
1
1
1
1
11
0
1
0
1
1
01
1
1
1
1
1
1
1
0
0
1
0
1
1
0
1
1
10
0
0
1
1
1
1
1
1
1
1
1
1
1
1
1
1
1
1
1
1
0
1
1
1
1
1
111
111
0
1
1
1
1
1
1
1
1
1111
111
111111
110111
11111
1110101001110
1
11
11
0111
1011
111
10
111
01
0111
10001
011
11
11
011
111
01
11
111
10111
1
111
11
01
11
110
11
11111
11110
11
11
11
1101
111
111
11
0111
11
11
11
1
1
1
111
111
10
11
1011
111
011
11011
111
01111000
11
111
11
11011
100
111
01011
11
111
01
1
11
11
11
111
111
11
1
1
0111
111
1101
110111
1
00
1
0
1
11
1
11
1
11
1
01
0
1
1
1
1
10
1
1
0
1
1
1
1
0
1
1
1
1
11
1
1
1
11
1
1
01
1
11
11
0
1
1
1
1
10
1
11
11
11
1
11
01
1
11
1
1
11
01
11
1
11010
1
10
01
10
01
11
11
0
01
11
11
0
0
10
1
1
1
10
0
00
11
10
0
0
0
1
1
1
11
1
1
0
11
11
1
0
1
11
11
111
1
1
11
1
1
1
0
0
111
11110
1
1
111
0
111
1
1
11
1
111
111
111
11
1
0
111
111
11
1
1
1
0
1111
11
0
11
1
1
1
1
1
1
1
1
1
0
111
1
111
111
0
1
0
1
0
0
0
1
1
0
1
1
1
1
0
0
0
0
11111
11
1
00
1
1
1
1
1
0
1
1
1
1
1
11
1
1011
1101
1101011
11
11
111
11
111
111
11
11
111
0111
1
1
11110011
111
11
1
1
111
11100
1110
1
0
1
1
11
0
11
10
0
0
1
0
01
11
111
0
11
10101001
1
11
0
0
00
00
1
0
10
01
11
10
0
0
0
1
1
0
1
10
0
0
0
100
11
11
11
0
0
0
111
11
10
0
0
01
00
0
0
00
00
1
11
10011
11
11111
10
0
10
0
1
1
1
1
0
1
1
0
1
1
1
111
1011
111
110
1
11111
11
111110
111
111
10111
1101111
1111
01
110
111
11
111
110011
1
1
11
1101011
11111111
111111111011111111
11111011
0
111111
1
11111111100111010110
11111111
11111101
11111
11111111111000000
111001110
1111
111111
111111111
10
11011
110111
11111
0
11111111
1101111111
1
11
1111
0111
1111
1111
1110
1
1
1
1
1
