000
000010001000000
10
010100
1
0011010100010010
1
01
000010
10
11
000000
110111
001
0010
00
10010010
001001001110110100010010110
11
1000010101100101101010
110110001010
11
1101000
010
00
10010110000
11100100000
0
0010000000001101000001000000001010000100110
011100001001010000
100
0000010100000001
00
0
0
000110
1
011101100001000010
1100011101110
1100
111110010
11
0
0
11001010011
0
0
010
1
01
101001011
0
111100000001100
11101
00111011000000011010000
1110
000
0
111
111
1011
110
111
10001101
111
11000001
110011010111100
10101
1
101110010
1000
1101
11
1000
01
0000000
00
11
10100
0000
00
0
011
00
