00
1
111010101110111110
1111111
11111100011101110
0111001111
0110000011011
1
11
11101
111111
11100010111111100100010111
000
101
11101
1011
1
1
11011010110111111001100111111101101111011001
11111111011000101
1111111111
1110011101111
1011010111
1110111111
10001111111111111
111111
111111110111011111
11111101111111010100000011
0010111111110111100000010
11111111111
011110101111110111110100111110
111011110110111001011
111111111011101
100
1010111
011100011111011111111111001111011011101101101010
001001000000001
11111111111001101111100111011
111101011101101
0101111000011110110001
1101100011001110110100111
11101011101011111111
110010
011101111011001
0100000000001101111111101010000000000010011101110111
1110111111111101111001110
11111111111011
111001
0010111101010000111010011
11110111111
00100110111101011111110101011111001111111110
011111
11111111
011001110111101101
111110111
1111111111001011100101111101
1111111110101111
11110111110
1111101101
11111111111011001
11111101011110111111
1110101111111111011
1011110111
1110
1111111111011001111
11
111101111111
111101101111111111100111100
1101111111111111001
11111111101100100011
1100011011110101111101011101110010
011111101101011
00111110111
1111011110111101
01111011101011100111000111101
0111111111111101001111
11110011111111101001001011111
01010011100111111111100001110001111
11111111101110101011110
1111111111111111
1111010111110111100
1111000111111
1101
111111011111111100
111011111100110011111101
110
11111111111011100101101011001
100010010
111
111011111111110111
1111111111
111111101110111
111111111111010010111
0
1001100
1101
111111111
11
010000110100110111111011110100000111101111111111
111
11
11011111101001
11111111100111
11111111111111
111111111111111
101111111011110
1111111111111111
11
111
11101111011001101
1110011101110011111111
11111111100111101
111111111011101
11110111
111
111111111111110
1
1101111
111
01
1111111010
011011111101000110
11110111
111
11111011011111110111
111
0111111011
01111
1111110001110
11111010010
11111011
101110111001111110001000101001101
110110101001111011010
01111100011
111011101111101011111
00010010011110111110010000111110110111111
111111
11111111100111111
11111
111111111011111
11110111
0110110111111111111
1111111111
0111011101001
011101111
1111111
1101100111011001
11111100111100
0111100011000110011111011
111101100
1
0
01111
0
00010
1111111111111001001110011
1111111111
01000100101000001
001110100111111101101000111111
011111110111001101001000100110000
11
111
1111111011101101011101111
00010000000000
110001100000000001
110111101111
0110011100
010101111111101111011111011110
111111111011011
1111111101111111
111111011111010000
0
11101111011111011110110110100010101110
110111101111110100111110100111
1111111100
10011101001111
11
0111111111
1110111111111
1111111101
1111000011100111
1111111111011
111101111111
1101111111101
1
0
10111111111111
0
111
0
101111111101111
011111111101111
01101111110111
1110101
110001
1
11
0
111
1
11
1110
000
111
11
011
111110111111110100101111001111
11100111110111111011111
11
0110110111111111
011111101111111111111010110
1111101111011111011011111
001111111111011101001111011111
000111101111111111111100011101
011111110
01001000100010
000
11
1111111101111
0
1001011011010
1100
0
111101011
1100110001
111000000110001001
111111
1
1
111
01011111100011110111100001010111011111
111001
011111111111110101
111
1
00111
111
11111
000001
111
1110100111010111
111111111110111101011
11
0111101111011110010101101
1111111111111110110011011
111111
011001
011
111
0111
111
11
110
111
0011
1
111111111111110111111
111
0111111101111111101001111110
1
1111101111111011110110
0111
100
111
1
10011011110001
1110000
11110
1
1
000101101
111111111111110101
01111010101111111101111111010001
11010010
111
100001111
11111101111111
11
10
1111111110110110111111
011
11110110111001
111100111011111111
011111011110
1
1011111011
11111110111
10111
11111
11111
1101
1111
110011
11111101011
01000
111
11011111101111
11
11011111111111110111011
11111111111111110
00010101010101111111111110000110110101001101
111111111101111001010001111111
011111011111110111111111000011010101110000000001111101
11111011111111010111
1
11111101101
011011
11111101101
0000
0111
0100
111
01
11001101
10110001111
11
1
11
111111
11011
111111
1001
1
1
0
01011100011100111010111101111111
1001111111111010111111
011
1011
11
01010111
111
111
11110
11
11
11
11
1110
11101101101111101111111111111
11111100101111111111
110010111101110111111110111011110010101110111100
1111011111001001011110
111111100
11111111111100
1110001
011111111011111110000000011110
11001110001111110100000101111001
101111111101111001110011
1111111101111
11111011111110101110111101
0101101101110111110111010101
111101011011100110111
1111011011111110100110000000100000111
1111010
11111111111111101
11101110101100111110000001111100011
1111111
01111
11
1101
1111110010001
111011
0
10
011110100
111
1
11
100111111101111110111
11110111111101
111
1111111101101111101010011111
101110111101110111011111100111110110011110111
11111111
1011
11101111011111101111111011001111010011
1110
111111
111
1011
111
11110001
11101011101101011010110
1101
0
1
1
11
1111110111111110
11101111111110100000001
11111
1111100111111101101111111100000001000000100101010101
10
111111011111101011111110
01110111111101000100011
1111011111111111
1111110110111
0011111101111111111011
1010111111111000101110001000010010110
11011101
1111111111111
111111111111111010
1110
1
11111111111001
1111101111
01101111010111
110
00
111011111100111111111011
11010111111110111000111111101
10111111010
110111111000000110101010110101111100111010
111111111101111101101100011000
1111110100
001101111
111111111011111111110
11111111101111111
111011110101111100010
111
110011111110101011110100000010010101101010001
0101001011111111001011000001111101110110100001000000000000000110000100101000000
101111111111111111
11110111110111010100010110111111
1001
00100011011111001100111100111101111
100001110010101000111100101010001000011011001010010011
1110100111001111
11111111111000110
000001000000001100000
011111111111011
1110111101100010001101111
111
111000
0001001101100111111011111101
11
1110111111000110010100101111101
11
11111111
11101010
0111111
01111111111111011
000010100
1111
1111110
1111010
101
111101
1011111001100111010
1101
11111
0
11
11
1
0
0111
1111
11
00
1011
11101
11
1011
11101
0
0
0
0111
01111
111011
0111
1100010
0
111
011
11111
11111
1
111001
111111111101100111011000100011110011100111
101011
011
11111011011110111100111001001000
11111
1111010111101111
11100
11
111111111111111
11011
111111111
1111110111110110011111
00000
0111111111100111000
111
11101
111
111
111111
011
11
11110
0110010101
0011
1111
10101
1111
1100
00111
00000
10001010100010
1
01100111
11
1111
0
1100
0011
111
11
0011
11
110
11011
11
1100
0
111
1
1111010000
1101100
11111111
01111111100001
1111111
1011111111110
1100101110
11111111
000111101011101010
11001011111
1110110
111111111
111011101
1100100100
110011100000100
011011110
00
1111
011101111
0
01011001
101111111
01111110
11111111001
1111111111111
00
10000010
110111111101011
1100110
11111011
11101101111111
11111
011111111
1111111111
00100110
11111001101010
011101111
00001000
0001001111
0100010
1111111011
11111
00000010000000
101011
11111111
1111011101111
0110000
111101
000
0000000100
011001111
000011
101011
1111001000000000000000000
111
11111001
100111111
11011111
1001010111
0010000
111000110010111011001
0000000010000000000001011110
11111101111
11101
01101110
1010000
00111111111
111101111
01000100010
111011110
1001111
10011101111111111111011111101
11
011010
0100010
10111001111101
0110011111101101101111111001
01
11111101011110
010110111111111
11111111111
11
10110010011
0000011010
101010100
010101000100100
11111
111111111
11111
110000000
1111111
1110100000
11
111111111
01001101
100010000
1111111011101
1
11110
0001010
10010001101110111
111111111
01111111
1111111111
01
00010000
11101111
11110111
01111010011
11100001110110111111
011101001
11
1001111
11111111111
1111111
011111111101
1
111111
011110111110111011101101
101110011
1111111
1
11110110111011111
0111111
11
11111011011
1111111
1111111111
1111011111
111111011111111
11
11110111
1101
1
1110111
1110111111
001111
10111111
10110
0000000
10011111
11111111
1111111111
11111
1110001000000
0101110111
011011110111111
11111011111
1111111111101
110111111100000100000
0001000000
11111
111011001111
0000111010110111111
001111111
10111
0
111110111111
1100111
1100100110
1100001101
111111111111
11101111100
0110011011
111110110
00011
00001011
110111010011101
00001
11000000
0111101110
010000010111011010101
1111111011111
1100000110
1111111111111110111
11111111110111
110010110010110101
00111010111
111011011000
00000
10
01111
11011101
01
1
1
0011
1000010
111
110000
1010
11
11111111
111101011
11111
1111
111111101110110
110011
011
111111110
11
11111110111
11111111110111111
10
111111111111101
11101011101111
111111110
1111011101
01110111001
0100
110
1
110
11
11
1011
11
1
111
1
1111
1111100
11
11
11101
11111
111000
011111
11111
11
0110
11
11111111101001
10
01011
10011011
111110110001
011
0
1111100
1111111110001001100000
1111100
111111
1101001111
01010110100101
1111
110111011111011
000
101110111110
11011110110010000100
111
1101
0011100100
1001
1111011111
1
11
11101
000000010000001100010011101110010111110
110
11
11
1
1
101
11
10111101001
01111
11111
011
11110111111111
10110111110011110111111
1100111001111
110
000
000
10
001
111011110
0
0010
011011111011111001101110
11111011100110100
11110111110011011111
000
1100
1
11110111111111
110
1011000000111
111101011101111100010111011101101
11111
010101111100111100101
111011111110
111111111
000
00001111001110110110011
0
1
0100
1111110011
1111011101111111111101
111101101
10111
1010
1111111001101111111
01101011111
111110111111
1111011111100111111
111111001111
111101111
11111111110101111110110
111111110111
0111111111111
111111111
111111101
111110011100011
111111111111
1111111111
11111101111111111
11111111111111111
11101101011
0
01001111111111110110010000101101
1111111111111011
00111111001
110101110101100111
111111111
011110
11111101
111111101111
11111100111011
1111111111
0111
1111111111011
11111111101111
1011111
1111111111
11
111111111010
111110111
1111111111011111
11110001101110111111011
1110111111011111
1111111111111
1110001
11100
0101
001011111110111110111100110011
101111110111111000110111111010
111111111
111011111
0001011111
101101111111110
01011
1111001
1110111
11011001
11111
0101
11
011111111101011001111
1110011011
1111
1111101110
11110011111111110
10100101111111111111
010110111111101011010111001
1111011111111111011001
1110011101
101001
1
011111101011010010
11100111101
11010
111101
1
01011001110
110110011111
111111111
00
1001
110
11
11011001011101100
011011111001
111
1
111100001111
10111
111111111111
111111
1011011110110011
1111
111111101
00
1001
010001
000000
100000
111111101
1
1
101111
11
110110
001101
101
011
11011
10111
111101
1101
11111
111
111
11
11
00
111
1111
1111
11
010
111100
111
111
11110
11
0101
111
0011111
1
1110
01001
011
1111
00111
00001
010100
000
00000
1111
01000
11001
11
1111
111
111
11101
11
011
1111
11
000111
11
1011
1
11101
1101
11
100
11111
11111
1111101
0011
1101000
1011011
10
100
0000100
00000000
0011
10111011
01011
10
11001
11
1101
111
1011
110
11111
011
100
1111
01010111
11
1001
1
1111
1101
1
1111
111
101000
1110
1
00000
1
0000000000
111
111010
11
1
1111
11110001
01
1101
00000
0001000100
11
1111
0111
111
1111
11
101
10011
01110
111
1111
1111
0
1111
0101
01
00
000000
0111
111
10101
011
010100
1100110
10111111
01011000
011
001
100
111
110111
11110
0111110
000100
111
101101
11
0110
1011101010
111
1111
110
00011010
1100
00100101
1011
011011100010111111110111011111
10001011000
101100
01
0
11101111110100
1110
1101101
10111
0111010100110111
1101110
100
11001111
1001011110
1001111
0000110001000011
001110100
000110
0100110000110
111100111011
111101
0000
11111111
00011
11110101101
1111001
000
10110101
1111100101111110
11111011
1100111110001
010101111
1110101110
10110
110111111110111
111011111
1111000
11011
111
11001111011
111111111
1010
1010011110111
01011001010
1111001100010010110111010
110000010
00111011101
011110
110111111
1111111011111111
100111111111010110011
1101111011
0111111011101
00001000000
11010111
011111
11111111100111010010110
00101011001101111111100110011
111101011
1110011010100
1111111
111101111
1111111101
10110111
111000
1111
11110111010111001111101111011111010001011011110011111110
011101000101110101100000001010100111010
0001
1
001
0100101111001011110111001110001001101011110010111
111010000
10
00001100
11
111
1
1
1
1
0
101110
1
0
00
111
11
001111011
111001
1111
1
111
11
0111
001
00
11
11
1
11
101
00000100
1110
0000
000
001
100
111111
111
1111111111001010111
1110
1111
0101011011011111100
11111011
111110
11
11110
0000
1101
111
1110
1
1011101
0
10
1101100
1101
111
111
111
11001111
111
11
11
11
111
0
11
11
1111
1
1011
111
1
0001111
1
111
1011
0
111
1101
11
10
1011
1111
111
10111
1
1
1
111
11
1
11101
111
11
1101100
0101011
11011
1
1111
0
101
100100011
00100
1101
1100
1111
111
111
10
11
011
111
1100000
10001001000010
11
1
1100
001001
1
111
0
0111
11
111
10111
11
111111011001
111
11
1111111101111111
1111111
1011011
000111
01111111011111
101101011
1
111
11111
11101110
00000000000000110000000000000000000000
110101
000
1
001
1111100
11
000000000
11
011
11101000
11101
0111
111
11111111
11
0101100101111011111111001101011110110111
11010111111111011111101011111111
111
11101011
010001111011100111111010
000
00100
01100111101
0011
1
11110011
11100
0111
100111100101
111
111
1
11
0111
0
1
111
0111
0
1001
000
00111
1
11
11
111
11
111
0
1100100
0111
011
11
11
111
111
111
111
11111
1
010111
110
111
10111
111
11
011
11
10011011
111111
00
00111111
000000
111110
00001011
000
101
11101
0001
10111
10000
1011010
010
10101
111101
11111000
10111
011101
10111111
01
11
1111
1010110
0011101
11
0011111
1111
0110000
101110
001101
11011
11
1110000111
110
1101001
0010001
111011
1110
1011111
1001
0001
1101
1
111011
011100
010101
01100
0
111111
011101
1110111
0100
01101
111110
01011110
011101
10000
001000
000
011111001
01010101
00000
11111
111101
111111
11101
1001111
01111
0101
11000
00101001
011111
10011111
111
000
100
0111
000001
1111101
1010000
010000
1111
10011011
0010111
0111
100110
0000000000
11
11101
0
110
00101
010
0110
0011011
11001
00
101101
00111
11110
1110
011
0011100
0000
1101100
1111
1011
1011000
111001
0111
011001
0010100
00
11111
00111001
10
111011
010
00
100100
0
0110001
110
110011011
101011
1011
111111
010110
0011110
1101
111111
01100
0111
11001
111011
10110
001
1110111
100111
0
11100
0001110
110011
1011111
1001
0011111
000001
000
00001
001
1000001
00010011
110
111110
11111
001100
11101
1010100
00011011
111
010
01011
111001
00100
1100
10110
100100
0
1
1
1
11
11
0010111
111
11
1100
11
11101
1011
0111
011
0011111101111
1
1101
10011
00011110
0001010
11001
1110100
10011011
000000000101010000001
0000000
100111
1
1111110001
1110
111111
1
10
11
11111
110110
111
011110110
11101
11111
110
111
1011
11
1111
01
00111
10
10100
11
111
1111111111111111111111
111
111
111011
11000010010
1011
1101
111111111111111111111101
111
11
1
110
111
1111111111111111111111111111010111111111111111111
011
111
11
11
111
111
000010111
00000001
01101
0011
11
111
111
111
111
0
0011
11
11
1001
01000010
1100
1
101
111011111011001
111
1001
011
11011010
01011
11
111
011
1
11
00
1
01
01101111
111
1
1
0
11
1
1
111111
1
00
11111
11
1
111
11
101000000
10
001
11111
01111
00
000
0011
0001
1100101001
11101
111
110011
1111
1110011000
011
01010
1
110
010
1101
1011
1
1
111
11
11111111
110
1111111
111101
11101100
010001
011101110
11111
1
111
1011010
11011000
1111
1
01000
010
11
111
01
11111
1
11010
111
111
111
111
0011
11111110111
11110111111
1101100110110
11111111
0111111111110
111101
101100110101
11011111
000111
11111011111110111
0111110111011011
1111111111
1010101000
111111
01111
11111100
001110
011111
0101
0
11111001
0110110001101110010
111011
11
111111111011010
1111010001
0101101111010
111111110100
11101100
11110001000000110001
1
001100011110010000001
01
0011
0110010110001
0100101000000
1010
11101100100010001
111101101001
1111011
111111101001
11101
1110111111101011000
01011110110110
11111001010
0111100011011100
110111101000
101111110101110110110
0110111001
101111
11110111
11110111000001
111010111101010
1101100
11111
11111
1
1110111011
01111101100
1100011
1
1
0
10
011101010001100
111110011000
111100110
11110010111100111111
1111111
111001111111111001010110
11011011
11111110111101101111
111110
1111100011111110001100000000100
0011011111
1111011110
1111101
1101
0111
001
11
100110
010111101
1100011011000
1111111101010100011
00
0
00
10
11
0
00
00
0
11
00
0
0
0
1
00
0
00
10
0
11
0
0
00
0
111111111110111110010
11111
11111110011011101
1111000
11011101110111
11010111100100
111111011100
11111101
11101101011011
000000001001101000110100
101111
111011011111010
00000100101
00011
110100101
111000100110111011
1010011
10111110111
10110101100110100010110111
11
011001111111011111111010
01110111100111101001
01
00
0
0
1
00
11
0
00
11
0
00
0
11
01
0
00
00
00
0
11111
010
0010110010
111111
11110010
10011
1
1111001111000000010
101
1111101111
11
100100110000
0001
000
001
0111000010001110
1001101111110011110100011111110
000000000
11101011101110110100
11
0111011
11001
11
11100
11
11
111111111000
1111000100101111
101011
11
111
11100
111
1110
11
01011
1111100110
1111
111
0000101111
1
00000000101
01011110101
0001111011
1001001010111
11111
0000
111
11001
11111110011
011111011100
1111
1110111101
1111110111
001111
111110101
11111
01111
01110111000111001000
000111111001010011
11111111
10111111
011011000
10111101001
0
10
0
00
11
00
00
0
0
0
0
0
00
00
0
0
0
01
0
0
00
00
1101
0
111101110101100
0
1110
111
111
1110
11
11
00
0
0
11
0
0
0000101
0
0
00
00
00
00
0
0
11
0
1100000111111111110111111111
00
00
00
0
0
101110111101111111100011011
0
00
011111100011
11111001
11111111111111111001
1
110111011
0
0110000
000000
11
0001
1
1
1
11
011
00
10
100
1
1010
011
1011110000111
10011111000100
0
11111110100
0001100011101
0
10000
11111010
11111111110
00
0110
111
111
0011
11011111111001
1110111
00000
100
11111110111111111
1110
1001
110100101
1100101
0
010111
111110
01011
111111
100111
11110
1110111100
011
00
1100011
011
110110101
1
11
11
1110111110
110000111101100
111
1100
10
0111
0011
10011110
0001
11010110
10111
0011
11
1011
011110110111100
11111001111101111000110000111
111111111110010
11001110101100111
101001101111111110111
11111001111111111011101111
1001010110111111111111111111111
0111111011101111111111111100
11111100101111010011111
1101101101010111111110100111011111101
1111111111111001111101101
101101011101011111101110000
111100111111111100
111111100001101111101111111111
101111110111111111111101011
111101111111111111111111
01110101101001101111110010110000101100011100000
1111111111111111111111111
101111111110011111100111101111111
1111110111111110011111101
11111111111111111111111
100111111101111111
11110110111111111101111110
111111101111011111101011001
1100
00011
1
01
1011001000000
11001
11
11
11
00
11
11100
11
0101
01100
10010
1
111
1
1
11001
0
1
11
1010000
011
0111
10000
1110110110
1111011011001100100101
00111
1101
1110111101
00001
0
0110011
10
00
01
11
111
1110
100
1
00011
11
101
1
010111
110111000
0
111010101
1111
101101
1
0
0
1
1
1
0
1
111110011
11111
1
1
1
1
111101111110001
0
11111
0
0
0
01110111101
1
111111011111111111
1011000010100
1
111011010110111101
1
111110110111100010
11101
1
1011111110111111111
011111100011111011111110
10111111111
1
1111
1
1111111110110110
1111011111110
111100
11111111011010111101101
111111111111111
11111110101111
101111011111111011010
1
011111111110111
1101100110111111011
01011110
1
01110111100
111011111111111101100
1101100111010011
100011000101
111111000111
11100
1011111110111101111011010101111
111101110
0
1
001100011101011010
0111111101
1111111
011
0
1111
1111111110001
01111111101111
110
101111111110111101101110001
1
000000100001
1
1
1111111111111101110
1
1111111001111
1
0111101111111111
111110011
11111111111011011111111
0101101111011101010110
1101111
0010001
11
1
111
11
110
1
1
0
0
1
1
111111111
1
1111
11
111
01010
111100101
11011000111011110101
11
10000
1
0
01
1
1
1
1
0
1
0
011011
1
00010
0101
1110111
11111111
1101111111
1001
1011101
01111
0101101111
111
1101
111
111
1
111
011011111111
000111
001111111
111101111
0
1110101101111
110011001
111
1111001
11
101111
111111
000111
1101100
111011111
11
111
1
0110111011110
11
1111111
10011111111111
1110001001
0000
0
0
01
1
0
11
1
111
1
101
10
101
11
110
1
11
011
11
11
0111
1
011
11110110011111101111
11111111010111111011
111101100111
001100010000000
11
00
101111000000000
110010111
11111101111111111
011110111111111
111110101101101
1110011
111111101111
110111111111011111
111011111111
1111101100101010010
000111111111111
0000000101100
10000000000000
1111111111111111
110011110100011
1111101111110
1111110100000110010
11111111111111011
001111101101001000111
0110110101011010
110010
1111101110111111
000000011001011110010110000000000010000
00111001001000
111
001100010
1
11
0
011
0111
111
1100111
111
111111111
1111111001
1111011011111110
111
01111111111111010110111111111101111111
111111111111010111
101
001001000000000
0111101111
10101
011
101111111111111
0111111011111
1101110
1
0
0001
110
0
1111
00
00
01
0
1
1
1
01
1
0
0
0
1
10
1
0
11
1
0011
1111111
011
1
1
1
1
1
1
1
1
1
1
1
1
1
1
1
1
1
1
11110111
1111001
11
11
111111111111
01111111111100111
1111110000
1101101111001101111
00011
111
0111101
1111
11111001
111010111011
00000010000000100001
011011
111111
01101111111
110
11011011111110011110
111001111110110
11100100101101011
1100
1111111111111111
111
001
1111110111011111110
11111111111111111
111101111001111100110
1001111111111111
011
1101111111111101111
11111111111111000001111
101111111111111100
1111111110101011111
111011111101111111111
001011111101111101
110111111010100011011
111
11
1
110
1101
011
111
11110
1111101111011111
111
11
111
1011
11010
1011
111
111101111111101111
0111111111111
11111111110
00100110000110000000000000001110000
11111111111111
111111111111110111111
11001111111
111111111110
000
1111011
1
1
1
1
1
0
0110111
1
1
1
1
1
1
1
1
1
1
1
1111111
01011011
101111111
1101111111
111111111111
101111110
111001111
11101110
101011111
111101110
0101100011
111001111
00011111101
1110111
1111110
01111111
010111111
0100001
10111111
10110111011
01111111110
111101111
0111001101
01011101110
0110111
0111111
11101110101
111111111111
100111111011
111111111
10111111
10110111111
0111111
11111111111
1
111001111111
111111110
111111111
0001111
1
11
11
011
0110110000110
111
0111
1
110
0111
11100
1101
0100
00111
1
110001
100
1
1
1
1
0
1
1
1
1
1
1
1
1
1
1
1
1
1
1
0
1
00110111
11010111001010010
11111101110100111111111
1111111101111111110
110111100111111111111
1011101111110101011111111
1100111100000001010
0000000000010011001100
1010000100000010
0111111111110001111001001
0001000011000000000000000
11
010101011011100110
1010000110000001000
111
00001001000111111
1010001000000000010
1
111
1
011011110111111
11100
10001101110111
01
11110011101
1
11110101111111
101
11110
111111111011111111
111
010011
111010101
0000000000
0110010010
00111000
00000001
00000000
11011
11
1
111
10111
11100
01
11
11011
0111
0111011
0111
101110
1
1100101011
110
110001
100
1011011
1
11
0
01
1
1
1
10000
1
1
1
0
10
0
1
01
1
1111001
01
000
1111
101111001101111011011
000000110011100
0000011100
111111101
0111111110
101111111111001
00000
0000010010000
1110110100001
01101
1
00000001100011111001111110011101110
11
111110011111111101110
1000000100001111001000100011000111
0010110101101
11111000100
0
0
0
0
0
0
1
01
01
1
0
0
0
1
11
1
111011111100011
101
1111110
00000000000
111111111111
0000
111110111111
10011111111111
1
111
11
1
111
111
11
1101101
1111111100
111
111
111
1
111
10111
1110101
111
11111
11100101010010
1
111
1111110
100
011
10001
0110010010011
1
1
1
1
1
1
00
1
1
1
00
11
1
11
1
11111001011
1001
1000
0011111
1101111
1011000011
1001110000
01
1111010
11111111111
000
0100110100
111011111
111011
0111111100110011001
110111
11000100010
001
111110101101100001011
0010011110110111100000111011010000011
1111101000
0111
1110110111100
11101
01110000111011110
011100111
010111111
10110001000
11111110
1111100110111
1111
000000
1010
1011111111011010000101100111
111001
111
11110001
01000
0011001
010101
010
111
11
1
111
111110
111
010110101110001
1000
1111101011111111
111110011101
00001000101000
00111110
111001
111011111001111001111110011
0111111111101111110010111
00111
1011001101
111010011
1001100111010100011011100101
111100
110000100010100
1111000
10111
1111101110011
0111
1111111111111111
111110101111101
10011100110011111
1
1
11
10000
00111
11101001101000000
1
0001110000
1111000111101
011011001
1110
10110101000
00111001011111110001011010111
111101110011
110111010110110001111100110
11010011110000
11110111111110110000110011100101
1010111110011000001110001
1
011111
11011100
000001
1111111000
1101001
00
0111
11
110111
101110
11
1001011011101000111101110011011100000010110
1111011
1001111111111101101101
111011111101101111111
1110110110011
1111111111111111011
1
00111110111010111111
1011101111111101
11111011111101
11111111111101110
11111001111101101011101
11111111111111011011011
1111111111101111
0011111111110111111
01111010011110
11101011110111111
01111011000111110111110
11111100111101111010
011001011100001
1111111111011111101100
1110110101
1111110111111010111100
11
10110111010110000101101111
011111011
011111111111111111011
110101011001111010
000000000000000
0111011000000110
00011
11
1
011
1
111
11
01011010100100
01
111
111
11000011
11
111
111
11
011
111
11
00000000
0101
1
111
11
101001
11101111
1100000110
01111
01110111101
1
000
00
1011111
1101010
0000
1
11010000000
0111
011111011
111
111
11111
111111
1111
0
11011100
00
11
11101111
01111011
1111111010
1111111
0111
1010110111
1111
101100111
111111
0
1110010110101111111100
00100000100000
110110111000
010
0000000101
1111010011101111010010
001001
01101101
00000000000000000
0111100100010010101101011
10110111010100
00000000100000000000011100
0000001010110
1111
00110000
11001101110100110
1110010010
01111110
0110101010001111000110000100001111
110111111111010110101
1011
11
11
11
11
111
1111
11
0
101
0110
01
010
1010
111100
00001111
000
0000
000000
101
0
0000
110010111010000
100100111111110110011100
11010100
11110110110011011
1110001100
10111
111101010111100111
11011011011100100001000110001
10110111111111
111101100011111111
11010
01111010111011111101
111111011101110011011111011111
111011101111111111
11010111111111111
1111101010111001011001111111111
11101101001111111011111101111
11001000001100
1100111111101100110110111
11101011101111100011101111111011
1110110101111111
111101111101101101111111101101
011111000111101111
0101100101111111011111
11010000000010110100
11101010010011100101100001101
11101011101101110111111111011101101
00100011110111011111111111
0100111001011111011111
110010111111111111
001110011011011111001001
0011110110111111110
100101101111110111010111010001001111
101101110100000000000000000000
111101110000101011000111011111011111111111111100
001111111010111110011111110111010
100010111010101110001011111
0
11111
0
0
10
010
11
011111
10011111
1100110110010100000001111110
110110111
11101111
111
0
0111011111101111101
11
0
1000
10111
0
01111101
10010110110100111111101
0011011111001110
0
0
1011110111010111111011111001010110000
0001001000001011101111101111010010000000000000000000001000110000100
0000000110000101101101011100001010
1000111
0
010000101111110111
1101011111001111
11110111011111
0111101110111111
110011110011101000011110111110000
110010001110011
111110111110110111111111
111101111111111101
00000100001001110100
000100
0
10111110101101001101010111010001100010001
110111000111101011011111
011111100111111
111000111011000001101101110
110000100000001101101
010111100
1111100100111001001011
111111101111111010
110111110011110100011
1101011111011001011100
1111
111111
11110111110111000111011101
011111000111110
11111
1111111
1111111
000000
111110
000111
010
111
01110110
101011
110111
00000000
010
0
01111011011110
111111100011100
11110011101111110
00000100000001111100
11101110011111111011110111111
11010011111111101
01111111111
111001111111110
0110011110111111111110011111111
011011101011101100110
011111001111111011110110110111111111
011111101110000
0000
0
1111010
11110111100110111111110111101
001111111000111011111111
111010111111111111111
011101101111011101111111111111
10010111101011011100
00001011000111111111110
001110111010011111110110001101110110110111011
01101101111011011111111001111111100110111
1011111010111011101110111010110
0
10110110001001111100
0110111010000111001000
111101100000001011
01001000100100
0011110001111101
1110111111110000111101
1111
1
100111
11
1110
11
011
011
0
11
111
0111
1
11
111111001100
111111111
11101011110
11101011
1110111110
111101110100
00100
101
111010011011
101
111111011
11111
111110
11111010011010000011111001
000100000010000111101011001111000000000001
0111111101
1111110111010
111111
111
0111
0
1
1
0
1
0
0
1
1
0
0
0
1
0
0111
0
1100111011111101111111111
100111000011110000100010000000
10111111111111101
000100
11111100001010000000
1010111111000
10011001101110111101
111111111101111111100
11101101011111111011101
11111101101
10
000110110111111111111
111111101111111111101
11011011011001111111101
0000010110111011100
11111111111110110000101101111
011010111110110011111000101101011111011
010
0111110101011011101
1110
111111101111111101
110111111111111111
0
1011010111011111101111101101111011
111101
00011100000001111100000
0
1111110111111111101111101111100101
101111110100111011111110
11110011
00111001101101001111111100
11100101101100
11111001
00100111101
101110111111
111111001110
111111
11111
10111
1
0111
11
111
0011
11
11011
10101
111111111000110011
1
10011111111
110
11
0111
1001
1101
11111
11111011
00011
111
0
111010
1110
0000
111110
111000110011
111010
111
11111101
00000110
000000
000000
111
0010100000000
10101100
111011
001
11
1111111
11110
010111
1111
1011
101110
110
1110
010001
111
111100
11101
10011
111000
00011001000111100
11
0101
0
111
111001
1111010101011
111011111001100101
1111101011111
011111111
11011111
011100001110001101101
11111
11011101000000
11111101
111110111
111111
011111101
111101110100010001
1101111001
1101101111111011100
00001111110000000000001000
1111111111011
101111011011111010011101101
000000
0
0
1
011
1100000000
0
0
01111101
1011111011100001
111110011111
111011011111
001010100111100
111111111
11111
1110110011001000
0100
1101101010111
11111011
1101111110
01111
01110101
11111010101111
1111111
111110111010
110111101011
0110101111
0
1001
111
0110111
11
111
1101111011101
001000010000000100111011011101010000110000000000000010101000000001000000
111
111001001
1
10111
110011
1111
11110
11
11011
11
11
11
11100
0001
0000010110
00
111011
0
1
0
1
11
0
10
1111
101
111
0110
10
011
111
11
1111
101
01
111
11
1111
10
1
01
100
111
11110011111
011
110111010110101011
0
11
0011
111111
00011011
11111110
111110110101111101010
101111110111101111011
11111
111111
101111
11111111
111110111
111111111010110
111011
0000
111111110110100
111011011000100010111011
0011001111
111110011110
0000001011
1110000000
10011
111
11
111
01
11
01
1
11
011
101
1001
111
111
111101110010111
0111011101100000100110
1111011011
111111
111110
11111
011001010111111
11110000
1111101
01110101111011
1110
111
1111111
1111111
11111011111100111101111100000000000000000110010000
1111111011001
101010100
001
01000000001
1101000
000000
11111111
1000110
001111
1010
01011011
1100100111
11
11111
0111111
1111111
101111111100111111110
1111100101
1111111110
111
01111111
100000000
1001101111101011101111001110
10111100101
11111010011101
11111100
111011100110
111010011000
11011001111
1111110101
01111001110110111001001000
0
11
111
1101
111
11
101
1
1
01
1101111
11
1
111
0111
11110
11
0111
11100010
111
1
11
111
00
11111110110
01101101
111111
11001101001111
1111111
111
011101111111001111
111111
0111101111
11110111
1111
1111111
11111111
111110
1111111110
11111111110
11111
11011111110
11111011011110001
1111111
111111111110110
11111
111101011100111
01111101
011
111
1110
11
111100
10101
1
1100
11001
11
1101011010
1100000
0011010
010110110100111011011111010111010011000001110000111
1100010
01101101
11001111
111000000
0010101
111111111
0111
1100110
11000011
00101110001
1110001001
01101000001
111011000000100000001111
10101
0111100011
11011110
01
110
110
10110110001
110111
0111101111
11
110110
11111011111111
111111
11111010101110
111110111100
0110111111110100000110
01011001111100100001
000
0100
10
11
0
0
0100000000110101101101001110000101100111
00000
1111111001111111111011110011111111
1011111
101111
1110101
00010001011101
0111001
111
11111001001110
111111111
0
1111111
11111110111111011
0001101100110110111
11111
1101011011
1111111101110
11011011110111
111111
111111111010000000011
11011111
0111
0111110101
11100001000000
11111110011101011
1110
11
001
1110
110111
11
1
1110111
111
111
1001111011110011101110
0
1101
10011
111111000111
0111
11
111
1
11
111
111
11
0000110111
111
11
111
110
11
011
11
11
1001110110
111
11
101
0111
11
111
11
111
10111111
111
101110001
0
110100110
0001011000
11
010001111011111111111
11
0000000011111
111111111110010110111100011111
0111101111001110010
011
11010
000000000000
01001000010
111110
101110
01111
110011
111101
111011
001111
111
0111
011
111
1111
11
111
11
11
111
11
11
0101010101101111110100001001011111110001
11001111
1110110111011
1111100
111
111
111110101001101010
000000001111
111
10
100
011
111
00011
11
11
111001
01
111
10110001111000000000000010
111
11
11101010
11
111100
011
11
11
1
111
11
0000
11110111
10100000000001011111000010
111101
110110100000111110000000001100000001
1111110111011
11110000000000
11110000000
100111100001111001100000010110101
11111111
11
111110111
11110011111101
01111100001011110
00000000
000101001000
011
1111
1111
0111
001111
111
11110
1001100111110111100111110111001011100000
110
10111
111111010
00111
011
1110
111
111
01000111110100111000
10101
111
00011
01000
1101100
111110111
11111111011110011111110010100110000000001
111101
111
110101111110
10110
11111011011101111111
11111101111111011000011011101
1100
11
001
1111
11
11
100
011
111
10
0
10
0
001111100100
110
10001
1
000011
0
1
011
11
11111111101111111111111
11111100101100
0110011100111111110101111001001001
0001110101011111111001111
10010100101111
0001011001011111
11110100110
110111110
0111001101111100
011101
1110
11
110000011
11
1111
11
0
11
1
111
11
11
11
1101111111111
10000011110110111
110100110111011100111101011111111111010100010
0111111111111
1000101101100
101111
101
11
1
11
1011100110110010001
11110
101111111111111011001
01
1
1
1
10
11
11
1
0
11
00
11
11
01
11
111
11
1
1
11
11
00
0
1
1
11
0
00
0
1
1
0
0
0
1
0
0
1
1
1
1
1
00001010000000001
1111111
0011
1010001011100100
00
010
00
11
00111
1111011011
1101110
00
10011
11
01
110
101100001
1
00
0001110000000000000110
00000000000
00000000
0110111001
000011100000000000000000
00
10
100011
011111
11011
00
0
1
10111
11111111
11
0
0
00111
11100
0
0
0
0
0
0
0
0
0
01
0
0
10
0
00
0
0
0
0
0
0
0
0
0
1
0
0
0
0
0
0
0
0
0
0
0
0
0
11111
0
00111
0
0
0
0
0
0
0
0
0
111
11
01
010000000
0000000
1
1101
101
0
0
0
0
0
1110000000000000
0
0
000
11
111
10111
111
11111
011110
00
0
111
0
11111
10
0011
11011
11
1
11
11
111
0
11
1011
11
10
110011
0101
111
1000001101
11
111
1101101
111
10111
11
111100
00000
101
111
11
011
010110
11
1110011000101111010011
0
10000010110101010
11111011000
111111101
01101110010101101111
01111001011
011111
01110111101011001010101011
111111111001101001
11101000110101100011
11110110101101011001
11111010001
000100001101000100110101101101001110000111100000000111000010000010000001000010000001001
1110111100001
11011001
10111101010101
0001000
1000
11100
0
0
0
00
0
0
01
0
1
1
00
00
11010010
11110110111
011101101011100010
111010111111
111111
111110111
10101110101101110000
111011100111100
00101110011101111101110111010
1111111110
1111100
1111
011000111110001101
111110101010000010111011
01111111101001111010100111000110010
10111
1111111011
110111111011100001
11011
111111111
111001001111101111
11110110011101
1111111110
111
1111100110111110
11100110010000
01011011101011111011111101
111111
110011
00000010110
11010000010000
1111
0110000001010
111111
110001111101001011110111100
011011111
111111
111011011011
1
11
1
110
1010010001
111
010111110111000011
1001101011011110110
111111111
01111110111
111110
111100101111110001001
11100111111011011110
1111011
00000011011011111111011111101
1111
10011011010111010101111
1111111
01110011101110110001
1111111111101
111111011111000
0
0
0
00
10
00
00
0
0
11010
01
01
0
11001
1
00
00011
0111
0
10
0101
000
0000011
101010
010011
0011
1111011111110100
0001101
11111
1101111
0100
111000
11111
1101101100110111
1111100
110101
1111110
100001
0101110100
00100000011111111110111001111
11
111
11111
101111111
00011
11010111
111
11
11111
1011111
1101
0111
11
11100
11
0111
111111
0111111
11010110011000111
00
00
00
10
1
1
0
1
00
1
1
00
1
0
0
0
0
0
0
00
00
00
01
10
0
00
11
10
00
0
00
0
01
0
1
11
00
1
00
1
01
00
11
10
1
01
0
01
00
01
00
01
0
1
1
1
1
01
0
00
00
0
10
1
11
1
0
0
10
0
1
110010
1110
0
101
100
0111
000000
000
0000
100
0111
01011
000010
01111
10000
111
011
11
0111
111
11
1101
1
011
111
11
1101
1
11101
111
0
1010111
10
00
01
00
00
00
111
00
10
00
00
0
1
10
1
00
0
0
0
0
0
00
00
011
0001
111110000
1101
1
0011
11100001110
1110
11
0111
01100001
0
01
1
01
11
10
00
10
10
0
0
0110000
11
011
111
111
1110110
111
11100111
010001001100
001100000000000010
111111001100
111011110011111111001001101
0111101101010
0011001001001110
11110110011010100111000001110
111111011000001000110011111111000000000000000110000100001001
10001100111010011111011011111
11110100110101111
11111
0100011100101101011111
01
111100111100
10000011010110110001110101111111
111000101010011111011100010
1110111011111111
101111000111011
11101101001111111101
11111110111110111
0001111101111011011100110110
11100001001
1111001001011111011111
110111
1111011
1111
1111000111111110000
01
1
011
1
1101
11
0011
10001
11
11010100110
111
1100111
1011011
11
1
11
0
11
111
111100
1011
111
11
111
111
111000110
1111
11
11
1
111
11
10001000111
011
10
0
11
00111
1101
111
011101000110
111
11
0111
1011
11
1
10111
1101
1
00000000
11
111
000
00111
0
111
11011
0111111
111
111
1
101
0011011
10111
11110101010111011011000001010111100011011
000000100110
0101101
11111
10101100011
1011111
011011
11110101111
11
0111
0111
111101
1011001
11
1
0111
11110
1
111
110110110
0111
11011
11
1110110100000
1
111
101
11
1111
111
111
11
1
111000
111011101
011
1001101110
1100
11011
111
10011
1011
111
11111
111101
1010110010
1101
11
01
00111
11
11110
110000000
011
111101111011
1001010
10111101111
110110
111
010111
1111
0001
0
100010
101
0011011110111
111101
1110110100110110010111001000
11111111
010000101
1010110101
111101
1110111011001111
0111
1111100100
111
1101
11011110
11111
111101100
1111101111
111111
11111100
111111
1111111
11011
1111111
1111
0
111111
11
111001111111
111111
11110001
111111
11011111010101110111
101
10011
111111
0111111
111101111100
111111
11111
1011
011111011101111
0011100000010000
1110011011111
01111011
11111
10
111
010111111
100101110
01111011
11101011
111000010110101111
111111010000101
1
11011111001
11111
1111
111111
11111111
111011010111101
00011111101110011111
1111
001
0111111
1111101111
1101100011100001
00000000010000001000001010000001010001000
101
11
1111
1010000
0111
11101
1111
1111111110100
1111110111
000
111101101011
0
111110110110111111
111101000101
10111110011
00110
11101111
11
110100
11111
101
11111
1010101011
00111111100111
111101
01011
0110000001
00000
00
1111011
0110
00111
111001100
11011
1
011
0
1011
101011110101110111
111111010
0
111111
01100111101110101101100110111
111
111111
001111
01111000010111101001100010110100
11
011001
1
1
1
000011000
001
11
011
111
110
0111
001
10
0011
11111
011
0111
10
110
00111
10110
010
10101
11110
101
1011
00000001111011
111
110001100
0
0
1101001111101100
11000001
111
1111010
11
010111
0
010111
010
110011
011
1111010
111
1101
00010111
11100
110000101
011
1101011
11101010100
10111
11
1110
0000000
1101
1101
110
0111100
0
00001
0
11
11
11
111
1101
101111
11
111
011
111
111
111
111
11101
001
11
0
11
11
11
11
111
111
0
111
111
11
11
11
11
11
11
11101111
1
11
0
11
1110
1011
11
111
10001
1111011111111111
111
111
101001110100111110110110010011101
111
111101
100
00111111010
001111101
1110111111
0000100
1011001
1111110
001110
1111
101100
10111
000000011010
00000000100110000000000000100000000000011001001010000
110011
101000
000000010
10000
111111
011111
1111111
01111011
0111110111
111111
1110001110110
011110000010
1110111
10111
1010110111111
00000100
001111101
1111111111
0110111110
0101
11111111
10101
0001111111
1100010
11011100111
11111
001011
01
01011
1101111
0110100100
11111
11100100
011
11
000
110011000101100101111101
11111111100111
011111100111101001110101
11111011100100110001111
0010010010011011011111101001011011000000000000000000
11011101101001111001011010100010010100111101100010
0101
11
1111011111011000111000001100
110000100
11
101
00
101
101
11111
1111
10
11
10011
1110111
11101111111111
1111
111111
11111
1101111
101010010111
111001
0001111
1111
1111110101
11101011
11111100
100111
111
11111110111
0111
1110111
11111
110
11111111
111011
11111111011
11
11
111
1110
1111
11101011101
1110111
1111110011
011111011
11011
11001
0111
111111101
10
1
1001010
00101110000001000011
1111001101
000000
01111
11111
1111011011000001
111101111
111001011
1
11110110100
111011111
1
0
0
0
1
1
0
0
1
0
1
1
111100
1
11111111110111
111001111111000
00
10000011100101111000
0110110110110111
110000
0000
0011
0
1101
00001010
11100
0000001000000000000000000
1011101001
1011000
1010011
0000100
01
11
1
010010000
110000
000000
100000
0000
10
0000001001
11111101111111111
111101111
111000
0011
1
111101
000111
0101110001
1111110
111110010100101101101010
1111100
11110010000101010110
1111
11110011011
1111
111101101100
111101110100011
1111110
1111100101
011111110110011
1001110111111011000110010
1
000
01
00
111
0111
0
1111
100
11111110110111
1010000
00
11100111
000
1111111
11111
111110101011111
111111
010010
1011
11111
10
00111011110000110001000
00
00
00
11
111
11
000011100011000000
11110100
11110111110111
11111
01110011011001000011001001000
1
1
0
111111000001
111101010
0110101011
000000011111010011
010010000010000010000010111100111
11101011110111
0111011010101110100101111110000
11110110100111111
111011111110101
1111011
1111011110010
110011101
1110110101
011
11000
111
1111101
1011
111
1111
1100111111011110110
111001101
111
11111110011110111
11001000111111
11
0011111100100000
11101101111
0001101011100
11111111
11111111110100101101
11
110111101100101
1
01111101111
1
01111101110110
11100
10111111
1
11111
0111
11011
1110110111101010111
11
11101011
1111
11011111011011011101
111
1111100011101
111
11111010100101
11001101101110101010
00100
111
111
111
1000111
111
111010000011
111111
11111
0001
0111011110010100000110
111
1110011
101101
1110111
1110111
11111101
11110111
1110101011
11110101011111
111
11111100010011111
11011010011
1110010
110111110100111110
111010
1111011011011
1101011
1
11011
1111011100111
11110010111
1111111
000000001110000101
11001101
10111111101111
0000101110
1
11111111
110001110110
01011111001101111110
11101
1
101
10
11110
011
10
10010
11
01111
11111111
01000
01
111101
11111
011111
11111
111111
0111010100
11011
11110011010100
101
110
111
1011
0100
1
11
0
11
111
111
111
111
11
11
11
0
11
11
1111101
0
11
11101
111011
1110
111011111010101
1
011
111
111
000
11011
11110110111
1110100101111
11011
1100000000111101100
1110011011101
10111
101
01101101
11111
11011011000101111
01
0111
0111
010
0111
111
11111
1111001011
1101
10000
111
11111
11111
11
11
111110
110111100011
11
1111
1111
10010011110101110100001010000001010
111111001100100
1101
0010000
1110111
111110111110010
011111110100
1111
00101
11
11111
11
010101111
1
111
0011111
11111111110
111110
1101001111011110
0011
1101
0111
11011011001
01111
11011
111
001110
0
1011101001
1111
01111
11111011
1
101111110111011110001
11110111011101
111
0111
1111
11111110011110011010
1011111101000000001101
1101
0
11
11
00
1110
10111
1111110
011111111101001000
00110011001100010111010011000
1111011000100010001
11000001101011
11001011110
0100001100
111011000
011110
1
11111001001111
11
1
00001
1110111001110
1
11101111
0
0
0
1
10111111
11
111110
11100101
10111
1111101111
11
00
000
11
1
111
11
001011
11010
111
0011
1110
11
111
11
101011
11
0
0110111
111
11101011
111011
000100
1
101
111
11
111100
111
1
01
1100101
00
11
10100110110
11
11110
01001
101001
01
11
111
1
101
101
11
1011111111111
000000000000000
110010
00
010101100
1011111010111
111111101100000001
001110
0001
1111111111
000000000
01
11101111
1001010111
100
1011111110010
0100110
0000010000000000000
11111110010100111011
0110111011
11110111101
01011
111111
11
111
1
1100
10
11
11
1110
010
111
11
111
01
11
1111
11
11
010
00101
010000
1
111011111
111
1110
11
1
00
00101001101000100000000
111
1111101
1111
11
1
100111011
1111011
01
111011
1
11
1
1111110
0111
111
1111
11
11
1
101011
1111111
11111
111
11110
1101
111
111011
11
10
111
1101
011
110110
11
10111
101
0111011
111
0111
11
11
11
11
11
0111111
10
11
1111
1111
011
11
11100
011
11
1
11110
101111
01011111
0111
11111
01
11
1111
11
111111
111111
110111111110010111
11
111
1
0100110101010110
111
01
11
10011
111
011
0011
11001
1
0111
0
0000000000
0111
1
1100100010
11100
01010100
11000011
1001
11
1
1111
111100
0
11
1
0001000101000
0111
10
1001
11
00111
011010010000
111
110
10111
1
11101
00
10
1
110
11
111
11101100010101
1
00001000
11011
100
011
11101
10111
0110101011
10111
1110
111
111
0
1
111
11
0101110
0011
111011
1101
111010
110111
11
1111
11111111
11
00
00
010
1
111
1
000
1
0
111
1
111
111
100
0
1110010
1
0
111010
11
111
1
1
0
01111
11110
111
111
11
0111
110110110
011
00
101
111
101
11
011111
0111
0
0
00
0000000000000000000000010001000000000110000000
000000000
11
111011
11101
11111
11111111
111111100
1111010111111
1111101
111111
11111
1111
011111
0000
0111
1001
101
001
010111
0101
11011
11
11100
011
111
1
01
100
1
111
0
0110011
11011
11
111
0
111
10110111
1011
1101
111
0011
1
1
1110
0001
100100
00010
1
111010
111
111011
001111011110111001
111011
0101001
111
0
11
01
010
00
11
1
10
1101000
011
00001
11111
101
110
0000
01
110
001101
0
01101
0
111
0
11
10
001
00
1
11
100
000
10
101
1
1111
11011
1
11
01100000
11
11
1
0
1011011
111
01110011
11
110
101011
110011
111
111
110010
11
110001100
1
111
11
11
101
1
11
011
11010
1
11
1
111
1100
111
010000101
11
111
1
1
0010
011110
1
11
111
11100101
0011
11
1111
1
1
1
11
1111
1
000
1
111
110
10001001
0111
001101001000
111
1
11
11100010000
11010
11
11
101
01
1111
1
001101
100100010
11111111011011
110011101110101001
11101111111111110110111110
0011100
11111101111111
111111010
11111111101011111
1111011111111111011100111111
1110111111100111111111111111100111
1011
11111100
1
1011
1101
0
11101111
1
0
1110000010000100
111
001011
0
0
000000
111111110
11011
111100111010
0010001
0000
0
000
1
1
11
010111
11001
1110
11011
1111
01
1
011001111
0
111
110
0000
0
10
1
1
1
1
11
111
0011
011
11
111
11
111
11
01011
0000
0
1
00
00
00
0
0
11
1
11
0010
0000
1
001
010111
1
0
1
0111
0101
1
0
0
0
01111
1
1
0
00
0
00
000
1
000
000001
000
0
000
000
001
00
0
0
001
00
0
00
0
0
0
0
0011
1
1
0
10
11
00
00
0
0
00
0
0
0
0
00
00
0
00
000
00
00
00
0
0
0000011000
01010011
00
0
000
00
000
01
00
00
1
0
0
0
011
0
0
00
00
000
000
00
000
0
0
000
000
00
0
0
0
01
00
000
00
1
11
111
0
111
0
000
1
0
1
0101111
111100
1101
1
000
0
0
11
1
0
1
000
011
00
0
0101100001000
0
01
01
110101000
1
0001
1
111
1
0
1
0
11
1010
0
1101
111011010110011
10110
11111110101
0
111001000001
111
11
00011
1011
1
11
011
1
0011
110001
11
1
1
101
11100100001101100
11
11
01
00001100
011
11
11
111
0111
11
11
11
11
11001
11
111
10011011
111
00
00
0
111
11
1101
1101111
111
1000
0011110100
11
101011
111
11
011101000000000
1010000111
11
11
111
00111
111
111
111
01
11
0
1
1
11
00111
1100
11
11
01
1
111
010111
11
111
011
11
1100
1
11
110
11
11
1
001
11
011
111000
111
111000
111
1000
111
1111111111
1111
01111101
10011
101111
1
00001
111110
1
0
00011
011
101101011010
1
11
011
1111
1111
011
00
1
1000
111
00
11
11011
11
01010101
0
111
111
1111
11
111111
1101
11
0111
111
0
0
010011110
00
0
111100111011000111010
110111101001111111
11111110
001010101
1100111110
11111011111
11101011
01001111
1
1
0
1011010101110001011011101001001101101001100101
11
1111111
11
00111010111000
1111111111
11111111
11
11111111
01111001
000
11110000110010101100
01
110
111111111001111011100110001
1110111
111
1111111
1111110111
00101
111
011111111
1100
0011
1111010
11
111101010101
111
11
101111
1101
111
1
11
1011
111
0
11111
11
111100
1
011
1111
0111101011101111001111
1
0
111111011110
0
111001100111
001101010110
111111110
111111
111011001
100011
1
011011101110100101101111111
0
1111001111100
1
11111111
111
000
011
11011000001
11111001111111
111
11001
01010011
11110101111
11
111
111111001
1111111
0111111
00
1111111
1111
1
11
0
111
1111
011
0
1
11111
11110111
1111101011010011100
1
001011010100000101
011111
011101100111110
111101111111111
1111010111
010
1
11
111
111
111010101010111
1
1111111001001
11101011011011100
0111111101001100000
00
111
111
11
01110110001101110011000100000000000001
111111011100
11
111111001
011
1101110001000
110
011
111110000100
11
0
10001010001
1111111
1111
1111111
011
0
111110010110
100000
1111
1
1111010011
00100111100110111100010
0000100
1111101
00010010111
10000
1111111011110111
01
01
11111
1111
11
1111110110111111
1010001001100001000110000000110
11110001
11011
1111
11
11
1111010110110001
10111011011110
1111111111000011
01101101111111111
1011
1111011
11
11110
0
1
1
11
01
0
1
111
11
111
0
0
10
0
01
0
1
0
11
0
1
11111
1
110111
1111000
111
1110100
011
00
1111111111
111101111110111110
1111110
00111
111
0
1111111
1111110110011
011
11
101
0
00010
111111110110
100100
11
11
111
111
11
011
11
1001011
101
101111
0111
1111
111111111
0001
00
0
110111011
111
1100110100110111101101010100001001010111111101
111001101100010
1101
1111111
110111111111
11
1001
11001
00
00
1110011100001
111011111001
111
11
11110
11
1111111
011
11100000000000000
1101
100111
11
0110101
11111111
1
00
1111111000
11111101011
11111011111
1
11100
111111
111
011
1011
11
110111
011
110
011
111010101111010
101110
01
11
1
111
010
11011111
11
11
10011111110000110
1010111011111111111
101111
111
100111
101
1
011
11111
11
1
0111
011
01
1111
11
111
1
1011011
100101
11
01
1011
111111111
11
11
0111011100110101100010011100111100
1
111
11111
111
1
111110011000
0111
1111111
111
00
0
0001
111
11
1
0110111111101101001
11
0011111
100111110111100
1110110011
11
0000000
111101110010111001
1111
11
000000
1111
111000
11111111011
11
00111
1101
111111010110101001
0010111000101111100
1110100
0111111110110
110110
111111111111
1
11
11
111000
00001
1111
0011
1011111111111
11
1100011
111
1011111
111
11101
111011
11
111001101
11
000
1
0111
111100
1
11
0
101
11100111
11111
011
110
111
1111111111100111100111010
0
1
10
11
00
11
111
1111
1011001111
010000
1111
11
011
11
1101
11011
011
0
111
111
11111
111
11
01111
01111
1
00100
1111
11
011
1111
10001
01
111
111
011111
01010
111
11
110111
11
00110111
10100
11
11
11
1
011000110101101
11110011111111
101
1
11
1
0
1
01100000000000010000000010000000
11
11111
111
111
011
011
0011100
111
101011010
111
001
111
1
0000
1101110
010111
11
11
011
1
0111
111
111
0111
1011010
001
0011
11
1010111
0
1
1
111
110
1111
11011
11
1010111
11
111
00101
101
111
0111
111111111111111
1101
110
0
11011
11000
111111
10
1110011110
0011
11010110
0
11
0100000
00011
11
1111
00011
111110
1101
111001100000
11
110
11
1
01
011
1
11
1
011
1
111
111
011
1011
1
00111011
11
001111
11
010111
111
111
111
011
111
000
00
1
1
1
1
1
0
1
1
1
11011
111
11
111
11
111
11
11
011
1
0111
1101
11
10
111
00100
1
011
1011
111
10
111111100
1110
111
110111010
1101
11
100101100111
1011000000
11111
11100110011
101
110
1111
001
1
11
11
11
1111
111
11
1
0
011
111
101
0
1
1
0
0
0
1
1
0
1
0
1
11
01011
1
110
011
1
101
111
111
10010100111
010
1
1
111
1
01
1101
1010111
111
0
011
0111
111111101
111
11100
11
1100000001001
11111100
01011
01
111
10
0
1
111
11
1100
111
001111
1101
0000
11111
11
111
110
0
01111
111
11101
0000001
0
01011111
01111
1
11111
1111100
111
0
111
1
00100
1101010
0
111
1
011001
000100
1
1
11
11
11
011
1
01
11
0111
01101
1
11
0110
000
111011
110011000
111
1011
10
1101
0
1011
01111
11
111
100
11111100
1
111
101
1011
111
101111
1011
11100
1
1
1101
11
01011
111
11
11
11
0011101100010
1
111
110001
011
00111
11
11
0111
11
111
1
11
111
111
1110
111
011
011
11
00
1
11
11
1011001
0011
1110
011
1101
1101
11
01
111000
000111
11010
1
01
00
11
111
1
11111
11
000000
10111
101
00111
00000001
001110
11
011
0000000000100
111
11
11
0010000
111
00010
01
111
101
010100001
1001
111
0011
11
0
11
11011
1
1110110
0001010
111000001
00
01
11
10
0111100
10
0001
101101
1
00
011
11
0
1
000
00
001
111
