1111110100011
1111
11001100001
1111111
11101
11001
111
0111110111111110
1110111
11
1
1011
111
1111
11101
0111101111
01111111011
11110011
1111111100101111
11111
1111111
11111
111111111
111111110111111110
11111111
01111
111111
1111111
1111011011101111
11110
11111
1111011110
11110110
111111010110011110111
111011110011
111110101
111111100111
111111010
1
1111000001
111111
11111010
11111010111101111
1111
11111100
11111110011101
101111111101101101111
11111
111011
011101101110101101
1111100110
0
11011001
0
111011
011
11
01
000
00111
111010100110111
1110010
1111
100001100
00
11011010
1101100110
1101111001
111001
11
011
111
110001
1111
1111
111110000110111
01101011
11
01111111
111
0
10010
1000111
1001010101110000
111
0
1010101
1110
1
11
01111101101
01011
111101001101
1
111110100
1
111
11000111101
11100000
11
0
101
00111
0
111
111
1001010101101
111
11
1111
111111
111011010111
0
1
111100
10111
1111
1111
1111
11
11111
0
1
1
01011
1011
0
1
11
111
1110111101
111
111
0
111
11
10101111
10111011110100
111100100100010
1111
111
101000000
0
00
111
10101
1111
001111
11011
11111
111011011
1
101000101
11
101111
1111
11
11110
0
11
1111
11111
11
0111
011100101100
1111
001
11110111100
111
11100
1000
111
110110
11
00
111111101111
1111
011110
011
1111
11
11
1
01
1
0
1101
11110111
111
1010111011001
0111
1000
1
1
1111
110
110011
11
0011
11001110
10001011
00000
0110
001001100
0100110011
111010
111
11111000101
10011
010
111
0000
11111
011
11001
1111
1101011001
0000110
0
00
00
00
0
1
00
1111
11111
0
111
1110011110111
1
111110011
11111110
1110111
1111011
1111101110
1111011
1111
1111011
111001
11
0111001
1111111
111
00
011101
1111
111110111111110
111010001101
1011
11111100100
001
00
11101
11111
111111
1111101101
0011100000010000
1111011
1011111001
1111110101
111110101
01111101
1
11111111
1
110
1
1
1
1
0
1
1
0
11
1
1
10
1
0
1
1
1
1
11
1
10
1
10
11
11
1
0
11
11
11
0
1
1
1
1
11
11
1
1
1
11
1
11
11
1
11
01100000011010
11
111100110
1011
1
0
1
11
1
11110101010001110010111
110111101011111
111000010000
111
11
111
1
111
1111
111111111
11
1
111
1
011
11
111
11
11111
1111111011100111
111
0
0
00
00
01
100111
1110
0
00
1
10
00
011111
10
00
00
00
1111
11111111111111111111111111111
0
0
0
11
1
1
0
0111
0
0
0
1
1
0
0
0
1
0
1
1
1
1
1
1
1
1
0
1
1
1
1
1
1
1
10
0
1
0
0
1010
1
111111
01
10
01110
0001
1011
1
1
111110001000
11
111100110
11101111001
1111
1
10000
011
0111
111
11110101
1
1
10
110
101011
01
1
110
11
00111
111
11
01
0000
101
1
0101011
00011
01
1011
110
1
1
1
1
111
0100100
1
111011111
1101
011
100001
1
11100
1101
1
1
10110011010101000110000
0000
0
1
101000
011011
1
1101
1
1
111
100011
000
01
10
1
0011
0
0
0
0
0
0
1
0
1
000
11
1
1
0100
0000001
0011
1
1
1
1
1101001011
100
00111
011
001
1101
1
0111
0
0
1000
1011
0000
1100110
0000001111010
00101
110100
10011
010111000
111011001
11
00101010001
101101
01000011110000
11011
00001110
1
1
1101
1
1
1
01
01
0
111101
010010111
11011
11010001
001001
1011
11101
1100100001
11101
00001
11110
11
111
11
111000
11011110110011
111111
00111
11101
11101
0011
1111001
111111
11101
11101111
1111
10101111
1111
10
1111000
1111
011
101111
0111
111110011
011111
0111110
11111001
101111
0111110111
111110001011
001111
1111001
111
1
000010010010000011110
1101
111101101
1111011
101111
111101
1111011010
011101111000
11001011101
111110
111111111
11
10111
0011
111
000
10111100010010000
1111111010111011110
101011101
111001
1111
11111
0
00101101001
0011111
11011
0110111
110111010000
11111
1111011
11100
010111
1111
1100111
11111
11111011
101111
10010110
00
000111110
11101
0
0
0
010001111111011111000001101101
1101111
0111
11111
1
0
1
1
11
0
11
0
00111
11
1
0111
11
010
1101
0001
00111
100000
111
11
1
111010111
111
0011
0
1
001000
11
00
00100000
1
11010100101000100111
1
10101
111110
0001101
0100
11110
0101101111
1100
0111
11
11
011
011
10100011000111
11110
0111011010100110001101
011101110111101010101
111111111
000000000010
011010010000
110
100010001100001
10000
000
00
11
0100001000
011
1101000
11
0
0
1011
101
10
000
00111
11
11100
011
111
0011
011
1
11
111
1
11
11011
11
11
011
11
1011
111
11
11
11101
110110
011
11
0000100
10011110001
010
0
00
1011
10000100000
0111
1
11101110
1111111
11101000101
111011110001000100
1111110
101111101
001
101111
11111
1111110111011100100
000
010011100001101
111111001
110110010110
0101100
11100000
111111101
1111111100
1111011011101110
011111111000
01111011
0111110
111110011
011
11
1011100
1011111
100
1111100
0110
11111
0
111000
1
1010111
0
0011111
0000
011111000
01111001101100
00101111101100
101111111101010000101000100
101010111
01111110011110101
11011
0001
1101011111111
011110
00
01101011
111000101111010101100110
1110
10101011110010011
000010010
000
1011010100000
01111110
0111111
011111111101
111111
111010110000011001
111100
011010110
111111
11010111010100110111
11101
111111111000000001
111101101101
1011011100011111001111011100010010010
1111111
11111101000111001
101010011
111111111011
11101110
0111111
000011011111
110110101011
01101110
001100011100
1111101111111000100
0111110010111101100
011100111
111111011100
01011101000111100000010011101101101
0011101011111010
11
11
111
11011
100011
111
111010
0110101101011100000011011
1
011
11
11
111
111
111
111
111
11
01
1
1
11
00111101100111001
111
1111101011
11110110
10101110
111111101011
1111
111001101
01111
11110110110
111101101
111111111
111111010011
1011111000
0111
1011
01110
110111111
111110101
1111100001111011
1100011110010100000010011110
101111101
011110
0111111
1100110101001101001101110110000000100010110000011011001
111111101
11011000010000001110
011111001110011011
1
1
0101010001111101
1110001
11110110111011
1
11110111111001101
1010000
111111101
010000001
11
111
1
11
11001111
100101101110
000111111001111
1100111110101011001010100011111
1111011110111
0110000011010000001110010
11111
11110011101001
111111
1001010
0
111111110
111
111
111111011
0
01
111001011001110101110
1011001
11
10
1011111
110
1
0
1
0100
1111100111110011
1
1
0000
00010010000
010000
0100
100000001101
100101000
110
0
1111
101110000
0101011110111110
0111000111010011011
1101011
111100
10100111011000110
1100
11110
00111
111
0001001001100
011
1011
011011101101
1100001111100
010011100100101101
11110
11011
0111100110001
1111
11
1
00000000000000000000000000000000000000001100000100000000000000000000011011000
10111000
0111010000000010001
1110101010010
110100100
11
10011
1111001110100
0
10
1111
111
1
00
001
0
00
0
0000
01
000000
1
1
0
0
0
1
1
1
1
0
1
11
1
1111
1
111
11
111
1110
111
111
0111
111
111111
11011
11111
111111
1110011101
11111
111111
111
1
01111
101011
0111101011
111111
11100
1101111
11111011100
111
0
0
0
1
0
0
0
0
1
0
0
0
1
1
0
0
0
1
0
110
0
0
0
1
0
1
1
0
0
0
0
0
1
0
1
1
0
0
0
1
0
0
0
0
0
1
0
1
0
00
1
0
1
1
1
1
0
0
1
0
0
1
101
0
00
0
1
0
1
1
1
0
1
0
0
1
1
1
0
1
0
1
0
1
1
1
0
1
1
1
0
1
0
1
1
1
1
1
1
1
1
0
1
0
1
0
1
0
0
1
0
0
1
1
1
1
1
1
0
1
1
1
0
0
1
000
01
1
11
1111
1101111
111100100110
11
11011101110111
11111
1111
111
111
111111
011111
101111
1111
1
11111111011011000101
01
11110111
111
0110111111
1111
11111100
111101
1111
111001
0111
1011
111
11111
11111
11110011001111
10111
1001
111111111
1111
111111
1111011100011101
1111
0111001111
11111100
11101
00
0011
00
000
0
00
11111
1111
111
0010111111111110100
111
11111
1110
01111
111011
111
11110
1011111
11110111101
001111
1
0
00
0001
0
00
0
00
0
0011
0
000000
0000
1111001110
111
1101
01110110010000
0000011011010101
1001
111111111001
1111001101000000
00000
00
0100111111001110
11101111101
011111
011
00110111
111011111100100
01011
10
111110010111100011
110111111
011100101110
00011101111001011101
00001011
1110000
101
111
111
0
111
01011
0000
1111
0000
1111000
011
1011
001
111110
0111
1011
1100111
1101010
11101
100011
111
01
1
0101010011
1
10
000001
001
101
010
0
0000
0
000000
00
0001
01
1111111
11
1
111111111
1101
1
11
11011
11111111
11111111
1110101
1111111
11110111
1011111
111111111
1111111
1111111
0111111
0111111
1111111
111111
011111010
01101111
11111101
00111
001111011
11010
011111111
00111111
01111110
11111
1111011
1111111
1111111
1111
1111111
101000111
11101011
01111111
11110011
1
11111111
1100
1101111
100
000
11
11
1100
111
0010011
101
1
10101
11
110101
1
0
111
11010000
0000
1101
0
101011
111110
101
01011
111100
11
10
10
100
111
001
11101
011
1100
01
111
010
110
01
110111
00
100
0111
11
00
0
11011
011
0111
111111011
11
11
11
000000
00001
10
001
0
01
11111001
111111010111001
0001111011100
1101000
1010111
0111
00
10
01
1
01
00
000
11101101
011001
00
00
1
00
000001
110101001
111111101
00
0
000001
1
10110101111100
0
0
0
10
1
0
0
