1
1
1
1
1
0
1
1
1
1
0
0
1
11111
0
1
0
1
0
0
1
0
0
0
0
1
0
0
01
0
1
1
1
0
00
1
0
1
1
0
1
0
0
1
1
0
1
1
1
1
1
1
0
1
0
0
1
1
1
1
0
1
1
0
1
1
1
0
1
1
1
0
1
1
1
1
1
1
0
0
0
1
1
1
1
0
1
1
0
0
0
1
0
0
1
1
0
0
0
0
1
0
0
1
1
1
1
1
0
1
1
0
0
0
1
1
1
1
0
1
1
0
1
1
1
1
1
1
1
1
1
1
1
0
1
01
1
1
0
1
00
0
111
10
0
1000
1110100000
11
1
1
0
11
1
0
1
0
011
1
1
001110
1
1
0
0
010
1
0
1
1
1
1
1
1
1
1
0
1
1
1
1
1
0
1
1
1
0
1
0
0
1
1
0
1
0
1
0
0
0
1
0
0
1
1111
10111
011
111
0110
110
11111
011
1111
111
1111
11110
101
10001
101
111
111
01
01
0111
111
11111
101
0
1
1
0
1
001
000
00
0
01
01
1
0
10
1
1
01
01
00
11
00
1
0
1
1
1
1
0
1
1
0
1
1
1
1
1
1
1
0
1
0
1
0
0
1
0
0
0
00
1
1
0
1
10
00
1
1
1
00
1
1
0
1
1
1
0
1
1
1
1
00
0
00
1
0
1
1
0
10
0
1
00
1
1
1
1
0
00
0
1
1
1
1
1
01
00
00
1
0
0
0
0
1
00
00
1
1
1
0
0
0
0
0
00
00
00
1
1
1
1
0
110
100
0000
001
01
100
0
0000
001
001
11
1101
111
010
0000
11
010
11
1
1
001
111
11
1111
1100
0111
01
11
1111
111
01
11
1011
1
0
0
0
1
0
0
0
0
1
111
0
001011
001100
110010
1111
10111
0
1110
11111
0
1
0011
11011
11100
0
1101
11110
011011
111000
11000
1101
111
111111
111
01
111
111
1
11
01
111
110
10
11
111
0
1
111
101
1100
0
1
10
000
111
1
01
11
10
001
1
100
11
1
1
00
1
0
0
1
1
1
1
1
1
1
0
0
1
1
1
0
1
1
1
1
1
1
1
1
1
1
1
1
1
1
1
1
0
1
1
0
1
0
1
1
1
1
1
1
1
1
1
1
1
0
1
1
1
1
1
1
1
1
1
1
0
1
0
1
0
1
0
1
1
1
1
1
0
1
1
0
10
1
10
0
1
00
11
1
11
0
1
1
11
11
01
1
00
1
1
10
00
0
1
00
11
1
11
10
1
1
10
1
1
11
10
0
110
1101
0011
0010
000
101
0
10
0010
10
0
1
0
10
10
11
0
10
1
1
1
1
1
1
1101
110
111
00
0
111
10
111
11
1
0
10
1
1
0
00
1
1
00
10
11
0
1
0
1
10
00
101
1
0
10
0
0
10
1
1
11
1
0
0
0
1
1
1
01
0
11
0
1
