10
1
1
1
110
0
001
111
11
1100111
11101
11
011
11
11101010
1111
1101110
011111
11
1111
1111
1100
11
1011
1111
11101
1111
111
111
111
1
1100111
111
1111
0111
111
10100
101111
1111100
1111
10111111
111
111
11111
11
01011
1
1
111
11101
1
111
01111
11111
1
11
11
111
11
1101
1
11
1
1111001001
111
111011100
01
11101
11111
1111
01
10111
10
001111
1101
111
1111
0111
11
1
111
011
11
11
11
1101
0
011111
111
111
01111
11111
1
1
1
1011
1
11
1101
1
010
1
1
0
1
0
1
1
11
111
1
1
1100
1101110
011111
1011
0
11
1111
0111
1111111
11011
11
11
011111
1
000
11010
11
111
1
011
011
111
111
111111
11
01
1111
11
0
1111
11
111
1
11101
1
1
10
11
111
11
011
000
0111
1100
111
1011
1
1111
01111
11
1
0
1
1
00
1
111
011
1
0
10
11
1111
10
1
0
1
11111
1
1
1
1
1
11
011
1
11
1
11
1111111
1101
10101
11
111
1
11
111
1
1
1
11
011111
1011010110011
1111
111
11
1
111
111
0
10
01
11
1111
1001
1
11
1
1
1
011
11
111
0
11
011
01
11
1
1
011001
0
0
11
01100
1000
101111
0
0
1111
11111
1
11
101
01
00
0
1
0
1
0
01
1
1
101
1
01
11
1
1
1
111
01
1111
10
111100
1
1
1
0
11
11
10
0
1
1
0
1
1
1
01
01
0
01
0
1
1
11
1
0
1
0
1
1
0
0
0
01
01
11
1
10
1
1
00
01
1
11
0
1
0
11
1
0
00
01
01
01
1
10
01
1
01
1
1
01
0
0
01
0
1
1
0
01
1
0
1
0
0
1
0
1
1
11
11
0
0
00
0
01
11
00
01
0
1
01
1
11
0
0
11
1
01
0
1
1
0
1
00
0
1
1
0
1
1
01
11
01
0
000
01
11
0
1
11
011
0
1111111
10111111001
11
1
11001010110
0111
1101011
0010111001101
10100111101
0010111
0
01111010111001100
11001001111101
1111111111110
01111111
11111
11
11001111
101111110
1001110
11
11110
1
0011110
10110010
100100010111
111001
111110011111
1
0110110111
1101
1
11
111
011100100
11
1
1
1
1
111
1
1
1
1110
111
11
111
1
11
1
111
11
1111
1011
00000000
110111110
0111
11
11
11
1
11
1
1
0
0
1
1
0
1
1111
11
11
111
1
01111
0
11111
1
0111
111
1110
01
11
11
1011
111
01111
111
0
1
0
0
11
1
0
0
0
01
111
111
11111
111
1
1
11
1111
1
111
111
1
1101
111
1
111
0
111
111100111
1
110
01
0111
111
1
1
101
001
01
1001
10
11
011
01
01
101
1
11
1
01
0
11
1
1
11
10
1011
101
10
11
11
1100
00001
10111
111
111101
11
1111
11
10010110
111
1000
011
1
11
11
0
1
01
1
11
11
0
1
1
11
1
1
11
011
0
11
1
11
11
111
11
011
1
0
11
11
111
111
111
0111
111
1101111
1100
11
11
110
01
0111
101
01111010111
101111
111111
01100111101
111
111101100
110011
1110000110
111100101
111
0110101110
110010111
0111
1110010
11
101
0
00
0
0
1
0111010
11
111
0111
1
1
11
111
0111
1111110
11
0
1
11
11
11
11
11
111
111
111011
0
1
11
11
11
1
1
1
11
11
11
11
11
10
11
1
1
11
11
1
11
11
01
1
11
1
11
11
11
11
1
11
11
11
11
11
1
11
1
1
1
1
1
11
10
1
11
11
11
10
1
1
1
11
1
111
11
11
1
1
1
1
0
11
11
1
1
1
01
1
1
01
1
11
111
01111
0
1
11
1111110
1
111
11
1
1
110
1111
111
11
111
11
0011
11
011
10
0111
1111
11110101
111
111
101
111
0111111
11111101001
111101100
111111111
111111110
11111111
111000011111110111101
0110011101101110
1111011
11111
111011
1110111
111111
11110111
1
01
11
111
101
011
111
11
110
1101
1110
111
1
0111
111
11111
11
0111
1
1011
1111
11
10111
0111010
1101
11
00111
01111
1
01
1
11
0
10
10
10
1
01
0
1
11
1
1
0
10
0
01
0
10
1
1
0
1
1
1
11
1
1
1
1
11
11
11
1
01
110
1100111
1
1
11110
011
01
11
1
011101
1010011
0
1
1111
101101
1111
1111
1011011
111
1110111
011
1111
0011111
111
11
11
110
100
1
01
00
01
00
10
100
101
01
0
10
1
100
1
10
001
01
0011
11
11
11011
11
11
1
11
11
11
0011
1
11
11
101
11
11
11
111
111
111
011
111
111
11
1
0111
11
011
11
1111
111
0111
011
111
0
111
1101
11
0
100
00
01
11
11
10100
0100
11101110110
11000110100001
11011111
101011
11
0
11111110011
1010101
111
10111
00010010
111
111
01110
0
01
1
111
001011
1
111
111
01
111
1
110
111
111
11
11
11
110
100
0
0
000
110111
11
111111111100111
11111111111
1111110
10011101
0111000000
111111111
111111
1111011111011001101
0
1111
111111011100110
10111
01000
11101110000001110000
11111011100110000
11110011
01111100000110
11111101
1111111011001110
1111110001
0
10
01
0
1
10
11
01
1
1
1
1
10
00
11
1
000
1
1
0
1
11
10
10
10
01
011111
11101
11111111
11111011011101
1110101111
11111
1111101
111
1111111
1111110
11111100111
11
0
01110101010001111
11111110
00
111011110000010
0001100
10000000
001100100110
111111
111111000001100
11011111
110111
1111101011101100111
1
11111101
11111001111
1111101100101001
111110100
111011011100011
11111111100
11110111011010110
111111010011111
0
01
1111111
111011
11111
11111
11110101
11110101000011
111
111001011110110
00110
01110111101111
11101101
1111111
1111110001000110
11111
111111
11
1111111111111110
11
110
1
10
1111110101001111
0101
111111
1111111110
1111111
1111
11111
1011101101
01111
111111
0100111110
11110111000
11111111100
10111110011
11111
11111
1111
11111101
111111111
1111
1111111101
111111
1111101
111111
11111101101001
11111001
111111010001111
11
1
1
11111101
0101
0
100111101110
1
111
111
11100
1
11101
1101
011
1101
010110
100011
101110110010011110
01
1110
111111111001100
111
1
111
11101
11010010
10100
0011111
11011110110000000
111
11
11
1
11
111
111
111
101
11
10111
11
110
11
11
11
111
1
11
00
00
0101
1
1101
011
011
1001
110
1
11
11
111
011
011
111
111
0111
1101
1
11
111
11
1
11
11
1
1110
111
1
11
11
11
111
1
1
111
11
1
1
11
0001
1
011
1111
11
0111111
11111001
1111
111010001011
11
111
111
001
111
1111
111
11
11
1111
1
1
001
000
11
1010010
0
11
111
10
011
11011
0
111101
1011
1111
01100111
11
110111
1101
00
1101
111
0
11
1110
11100
0111
1
1100
11
111
10111
1111
0111
11
111
11101
01111
11
1001
101
0
01
100
111
01101001
011
001
101
10010111
1001
00
11
11
11
11
1100
011
1011
1101
11
1
11111100
11
111110111
000
101
1000110
11111
011011
010100
11
111
1111100
0
0
0
1
0
1
0
1
1
0
1
1
1
1
1
0
0
1
0
0
1
0
1
0
1
1
1
0
0
1
1
1
1
1
1
1
0
1
1
11111
1
00111
0
1
011
1
1
1
001
11010111
11101111
111011
11
11
110
11111
0111
111101011100
011
0011100100110
1110101
11111100101111101
00101100110101100110001
0111001011011
10100101101110
10100111100
11111011101
1101111
101101111001100
11001
011
101000
01110101
11101100
1111010111
1110111
111110
11000111011100
110011111101
11101111001101101
111011101110
1111110
1111010111
0111
00000
1111111
110101
101001011100
10
11111111010111110
001101111101
1111101011011110
111101011101
1001111
0110011
1011
110000011
101111110
01101000100111101010
11011011100111
111111001101011110
11111111111
1
01
0000
011
010
1101
11001
1011
010
00
01001
0011
0110
101
11
00
01111
10010
11
110
010
11011
1
110
11010010010
1
0110101
0111
110011100
1011101101000011011
11110111100011101
011
111
111
01
1111
1
111
111000
11111001001
11111
1111
11111
1111111
101111
11111
11111111
11
1111
111
11111100111
11111
1111
111011001000111
111011
1111
11100
0111111
1101111110001
1111111
1111
111111
0101
11111
001110
1101
1011111
111110
00101111
101
1111
011
111100
1110
000
111
11100
1111
00111
111
1001
1
00
0000
0110
110
110
111
11
111
0011
1
1010
1
1
111000110111101111100011
111100001111101001100
1
1100100
011
1101110001110
0111011101011001101
111111
1111011110111
11011111
011
111
0
1111111100
110
101
011
1111
11110
100
11011
01
111
111
11
1011
1011
11
11
0010
1110
11001
1011
0101
11
1001
1111
110
01
1111
0111
0111101100
11101
111
1111
10101011111
011
1111
11
11
11110110111
1111
111
0101
111
11
00110
01011
111
11
0
111
1101
1110
10
11111
1101
1111
1
11011
1111
11111101100
01011
01
001
111111
111100111
11
0111
1100
110101010111011010001001000111
1110
00111
1
11
111
110110
101
111
11
1111
111011
00
000
11
1
10
1
11
1011
1001
010
100
0
101001111
101
1
10101111
1111
11111
1011
1111111111
101111
1
1
1
1
111
00100
1
111000
011
1011
0
11101
111
1
10
10
101
0100
0
1
000
111
1
1000
011
0
1
0
0
110111111
1
1
0
0
0
0
0
1
1
0
1
01010001
0
0
111
111
1111010
1
0
1
011
0
00011
10
1
1
1101
0000
000
110
01
111
1
001
011
11
0111
1
01
00
0
1
01
0111
1111
101011
111111
1010
111111
1001
00000
01011
10111
1101011
11101
1111111
10111
001100
110
11001
111
110
111111
01
111111
111
111101
01000
1011
11110
0001
0
0
11110
110100
1111
00100
001111
111001
001
1101
101101
00110
11111
111
011010
000110
11010
0111
111
0111
1111101
00111
1010000
100101
0010
1111
0100
01000
010111
101111
0111
111111
00010
1001
101011
0110
11
1011111
111
111111
0111
11
01101
010110
01111
000111
01111
1011
001110
11111
100
111111
0010000
1111
1
11111
10100
1110
110110
111111
0111
110011
110111
111111
1101011
010110
100
0101
10111
11110
010
1100
0101
1110
100110
0001
1110
110
0
1
01
1
0
0
111010
0
11111
01
011111111001101011
1101
000000100010
00
0
0
11011
101
0
11
11110001
110
110010010101011101010
00
11
11
010
0
111110101110
111100101000111110
111100110111100
001
111
01
11
11
01110
11
111
1
01
0000000
0111
111
111110101
11
11
1
1
111
11
1
111
11
10111
111
1
11110
111
111
111
1
11
0111
00
001
10
111
1
1
1
011101001
1
010
0
0
0
1
11
0
010
110110
0
0
1
111
01
1
11
011
0
11
111
11
1
1
0
11
1
100
001110
100
0
001
