1
11111
1111
111
11011111
11110111
01101111
01111
111110
1110110010
1111011101011010
110011
1111111
11111111
1111110011
111111
101011110111
111
101001111
01111
101111111
111111
111111
11111111
1111001011
1111101
1111110
011
01001011111
11110110
0111111
11111
111
111111100101
1111111
11110110111010101011111
01
11
11111
1111111
111
1111110
11111011011110111
111111
111110111
111
111
11111
11
0111111111011
1111101111
1111101111
111111011
11111111
011110101111111110101
1110
111111
011111110010111000
11111
1101011011100011111101
11111110001
1111111
11111
111011111
11111
01111100
1111
111111
1111111
11000110110011
11
1111
1111111
11111
1111
1111
1
11111
11111
11
11
1111
111111
111
1111
1
1111
1
1111
001111
101000
11
1
111
111
11
011
111
11
111
1110
1111
111
11
1
11
011
111
1
11
1
111
111
1
1
11
1
0
110
111111111
111110110
000
11101
1111111
1111101111011
1
1111
111111
110011110
111
11111
1111
1111
1111
1111
111110111010
111010110
111101111
11111
1011111011
11111101
01111111100100001010001
11111001
1
1011111
111
11111
1011101111000011
10111011101
11110011111
0
111
11111110001
11111
111101
111
111
11
11111111
1111101011
111011111110
1
11111
11111
1111
1111111101
11111101
1111111111
1111111
11
111
10
11
1
1111
111
11
111
11111
1111011
11111
111
1111011
111
11
11
11
11
1111
110011101
001
1100
01111111111
111110
0111111
11111111
0
11111
1
1
1111
1
11111
11
1
11111011
1
1101111
1
11101
1011
1
10111111111
11111
111111
1
1
1
111111
11011
1
1
11111
01
0
11111111111
11111111111
11111111
1111
11
11111
11111111
1
110110011
11011111
0
10101
110
00111101111001
11
100011
0
111
1
10111
1
10
000
0
11
1111
1
0
1111111111
111101
1111111
1
11011111
111111111
1111111
111111
0
11
1
00
01111111
1110
1110111111111
1
11000
10111111
1011110
11
11
1111
1111
1
1
111
11
1010101101111000011
110011
1111
11
110001
111
1111
10001110
1110
1
1101011
111
11111
11111
1111
1111
1
10001
11
11111
11111
111
00011
0
11111110111
1101111
111011111
11111010
110
01111011
11110011
11101
01001111
11110
1
1
1
111
111111
11
1
1
1
1
1
1
111111
0
1
1
1
11
1
1
11
11111
111
1111
111111
11
11
1111
11111111
10110001
1
111
11110111
1111
1111111
11
111
1111
1
1
1111
1
1
111111
1
1
1111
111
01100011
1111
11
111
1111
111
1111010
1
111
110
101
1111
1111
1
11
1101
1001
1001111
11
1
000
1
11111
1
11111
10
1111
1111101
111
111111
11
11111
1111
11
1
1111110111
111111
1
0110001
1
111
1111111
1111
111110
1
0
11
1
0110
110
0
11
11111
111
1111
1111
1
111
111
111011
11
11
11101
111
1
111
111111
111101
1101110111
1111111
11001
111
111
11
11111
01111011
1
1
01111
1
1
1
10
1011111
1111111
01
1111
11111111
1101111
1111111111
11111111
1111111
1111
1111111
11000011
1
1
1110
1
111
11
01111
11
11
1
11111111
1111111111
11111111111
100
01
111
111111100
001111
1000
11111
1001
1111011
111011001
111
0
11
11111
11
111111
11
1111111101
11111
11111100
111
111
110111111000
0111111
0111
11
1
1
1
111
1
11111111
11110
0
1011
0
11110111
1010111
11
0110011
011110000111
000
101101
101
1
1
011
1111
0111111111
00
11
1
10111
0110011
01110
0
1
01
11
1
111
1
11
11
01011
1
1111111
111001010
010111
0
1
1
11
1111
1110111
11111
1
1
1
0
1
00
11111111111
11
1110
1
11
11
11
0111
1
111
01
1
111
1
11
11
1
1
11
11
11
1
1
11
01111
0
11
1
1
1
101100
1101110011
1
11
10
11111111
111111
1
01
111111
101111
1111111
111
1111
11
11
111
11
111
11
1
1111
011
0011
1111
111111
11
1
111
1111
11
111
1
11
1111
1111
11
11
111
1
1111
11111
1
11111011110
1
111
1
1
11
1
1
1
1
1
1
1110111
11
10100
11
11
0111
1
1111
111
11
11
11
111
0110111
1
1111
1
1
1
1
11
1
1
11
1
1
1
1111
1
0
1111
1
1
1011111
1
11
11111
11111
11
11110110
1
1
11
1101
11
1
111111
1
1
1
1
111
111
1
1
11111
111
1
0
1
11011001
11111
111
1
11
1
000
11
100
111
1
111
1111
1
111
0
11
111
111
111
1111
1
0
11011
11
11
1
1
1
1
11111101
1
010
1101111
1
110111101
11010111101
11
1111
1
1
1
1
0011
1111
101
1
1
111
111
111
1110
0
111
11
10111
111
111
1110
11
1
11
11
1000
1
11
11
11
1
11
11
1
11
11
11
11
11
1
1
1
011
111
11
1
1
1
111
11
11
1
11
11
1
11
110
11
1
11
11
11
1
1
1
11
1
11
11
11
1
1
11
11
01
11
11
1
11
11
11
11
1
101
1
11
1101
11
01
1
1
101
1
11
11
11
11
1
1
01
1
101
11
11
11
1
11
1
1
11
1
1
0011
1
11
1
11
11
0
11
1
11
101
11
11
11
1
1
11
1
11
1
11
1
11
11
01
11
1101
11
11
11
11
1
1
0
11
1
11
11
11
0111
11
1
11
10
11
10000
1
11
1
11
1
0
1
1
1
1
1
1
1
1
011
1
11
11
1
1
1
11
111
1111
101
11
111
11
1
1
1
1
01
1
1
1110111
1
11
11
111
1
11
1
1
0
111
1
11
111
11
1
11
1
1
11
1
111
11
111
11
111101
1
11
1
1
1
1
1
111
1
1101
001111
11111
1111
111
11
0
1
1
1
0000011
011
00
1
1
001
110
0
01
11
10
011
00111
1
11
11
1
11
1
0
11
11
0
11
11
0
111010111
00
11
01
0
11
1
1
11
1
1
1
01
1
1010
11110
111111
1111
11111
1111111
0111011110
1111111001
1
1
11
11
1
1
1
1
11
11
1
11
1111111011111
111011
11111
111111
1111001
11111111
1111
1111111
0001111101
11101111
11111111
1
11
100
1
11
001010
1
1
11
11
0
011
00
1011
111
1111
11101
100
10
11
11
1
0
11
00100000101
1111
1
0111011
11
111
111
01
11
11
11
111
11
10
11111111
1111111
11111110
1111111
1111101
111111
11110110111
1111101
11111111
11111111101110
11111
1111111101
000000
1
11
01
1111
111
0111
11111
1111
11101001
011011110111110001
1
111
1111
1110011
11
11
11111
1
110010
1111
11111
111
110111
1
11
1
11
111
111111
001
111011001
111
1110101011111001010010101000100
111
1111
111
11111
01
111101
1111
000
1111
1
1111
1111
11011
11
11111
1111
1111
11
01
1
0
111001100
101
0
00101
1010
1
1
00
1
011
1
1
011
00
1
111
111
11
01
11
11
11
1
1
11
01
1
00
1
11
1
11
1
11
11
1
01
11
1
11
11
11111
01
11
1
11
11
1
01
111
11
11
1111
11
1
01
1
11
11
1
11
01
1
11
11
1
11
1
11
1
1111011
01
1
0
11
1
111
111001
01
1
11
1
01
1
01
1
1
111
11
10
111
01
111011101
101011101111101
11
1111111
0110
1110111111
111
111111
1111111111
111111
1111
110111111
11100
111111111
111111111
00010111
0
01011
11100101111
10011111
1
11010101
1111111
10011
11011111
1111111
1111111
11
11011
0101111
1111111
11111011
1111
111111
1
1001111101
1111111011
111111110
1100
1110
1101
11111
11110111
11011
101101
1110
111
111111111
1010
110011
011111111
11111
111
01
0
111111
0111101
0101000
0110
1001
0
1111110
101110
1101111
1001010111
111
10111
00
110
111111
0111011
1111100101
1011110110
11110
110111
10000111
0011010010
0011011010
1111
1111
011010
1101011
1101
11110
11111
1110
0110101
1111
11111
1111
111
110111
11111110
11111
11
111
111
111
111
1111
11111
1101000
1111
0011
111
11111100
111
1111
1111
10111
111
1
1101
01111110
01
0
111
11111
011
00
1
1
11
111
11
1
1111
1011111
11
1111011
101011
10111
11010
010011001011
111
111
11
0
1
11
0
111
10111
11111
010001
0100
0
01
1
11010111101111
11011111110
0
1
1
1
1
101110
11111111
01
11111111
10
11
1110111
0
0
1
1
0
0
0
00
1
11
0
01
1101
1
101101
110
1
0
1
0
1
1
1
1
1111
1
11111
1111
1101
000111
11
1
1
10
11011
1
0
11
11
11
11111
01
011
1111111
111
111011101
101
00
111
1
11110100
011
1
1
0
11
0111
1
00
10111111
01
0
0
0
1
01111
1111
1
11111
111111
11111
11111
001
1111
1111
1111
111
011
111
11111
1111
10
11100
11111
111111
001111
11
111
1
1111
11
1
1
1
1
1
1
1
0
11
1
0
0
1
1
1
0
1
11
1
01
111
011
010
11
0111
10
0110110
11111111111111001
110011
001110
11111111111111101
111011
01011111
111110
11111011
1111111101011110
11111111111111
011111
1
00111
011111011
111
01000
01101
000000
110111
0101
11110101100
011
001001011000001
1101101
1
1
011
11011
001
110
01111
001111
0011
10
101
10111
1
11
1
11
1
1
0
0
0
0
1
0
0
0
1
1
0
111101
011
111101111011111111
0111
11111111
1111111111
11111011
111
1111111111101
1111111
111111000
1111
11111111110
11101111
1110111110111110
11111001010
1111011101110011101
11111
11111101111111111
110110
111111111
1100001
0
1
1
0
0
110
0
0
0
1
0
0
1
0
0
0
1011
11010
011
01111111
0110
1
11
0100000
111
0011111
101110
11
1
0111110
1011
11111110111110
11101101
010111111
10101111110111
011110111111111000
111111
1111111111
101111
101011001110010011
110111
01111
1110110101110011
1111111101
11011
10100011010
11110101011
1
0
0
0
1
0
0
1
1
0
0
0
01
11
0
010
001
0
0
0
0
0
0
0
0
0
0
0
0
0
1
101
0
0
1
0
111111
11011
10011001
1
110
1
11111111110
111111100
1
110
11111111111
11111011
10111
111101000
111111011
10110
10001101
10110101
1110011
1111011
11101101
111111111
010
01110001
1111111001
11101
111110
11111
01110101
001
1
1
11
0
1
0
1
0
110111
11111
111
1111
11
11
0111
111011
111
11
0111110
1111
1
1
111111
111111
11
11110
11
0111
1
11111111
111111001
01111011011001
1000110000011000000
1
1
0
1
1
0
1
1
0
1
1
1
1
10011011
000
11
111
11
011
1111
11111
11
011111
000
1111
101101101110000011
101
1101
00000
101
111
011011
111011
0
1111110
10011000
11
111001000
101
001010
011
1
110110
011
11
01110
1
1101
11
111
111
1110000
111
1
1111
11
110
11
10101
1
01000
01000
101
00
11
1111
100
11010
1100
01
111
11
11111
11
1
111
111001
111
11
01
1111
11
1111
1101
011111111110111
111111
1111
11
10
111
111
11
111
11
11
11111
111
101
111111
1111
111
111
111
1111
11111
1111
101
11
111
1
11110111
100
1
011
111
1111
011
000
110
100
1110
0110
0011
10
111
1111
11110
010
011
11110
1
111
111
01111
1
11
101
1
01100011
1
11100011
1111
11101
11
101001
101111001
1111000
0
00001
1
1
111
1
1
1
1
0
11111
1
1
11
011000
0000
1
00
0001
11
00
00
000
0
00
0
0
00
00
00
0
00
10
00
0
01
1111
1
00
1011111110111
110111111
11110
1
11
01
1
1000
1111
11
11
111
1
1
11
101111110
0111110100
10100100
10111
111
11111011
111111
11111
0100
0
00111
111
0
111
1
11110
1111001001
111
11
111111110
11010
1111110101
0111100011110000
111
00011110
1
11
1
11
11
1
11
111
1
11
1111
1
1
1
11
11
11
111
0111
1
1011011
111111001
111110001100
1
00100
00010
00111
11
11000111111011
111111011
1110
1110111
01010
111110
1
001111110
1
1011
11111110111
1
1111111101
11111
01
0
111
111
111011
11
11
1111
11
111
11
11
111
111
111
111
111
11
111
11111
11
0000
1
00
101
110
101
11111
111
0110011101111
1101
0101
11111
11111001
110001000001010
1100
1
1111
101011111
1
1101
001111
1110
1
111
111
111
111
0111
01110011011100
111
0000011
100
110
010
011
1110
111
0011
00
00
1101
011
0010
011
00
1
1011
00
111
1
11
1
1011
111
101001
11
11000010011
11
11010101010000000011001011
1110110
11
11
101
111
11
111
101
11110
111
1101
0111
1
11
11
1
1110
111
111
111
111101
0011
01
11
11
11
101010100000010000110010010110001110001010100110011001000001011
01110110101111111100001100111111
11
111
0
1
0
1
1
1
1
1
0
1
0
11
111010
10110011
11
11
11
11010111
11
11
111
0111
1
11
111
1
000000
11
10
1
0
1101
1
0
11
11
1111
111111
100010
1000
111
101
0011
0
0110
010111
00
00
01
00000
01
10011
101111
0001
0010
1
111
1
1
111
1
111
10
011
1
11
1
1101
101011
01
00101
01111
111000
01111
10
110
1101100100
111
10011
111
1111
111011
00111
11
11101
11
101
111
01
111
11
11
111
0111
11
111
1111001111
11
111
00110
110100
0011
11110
00011
1110
111
00111
011
01101
0110
0011
110
111111
1
11
1
1
1111
1
1
11111
11
111
11
1
1
1111111
111
1
11
1111
1
1
1
111111
11
1
1111
111111
11
1
11111
11
1
1111
1111
11
11
1
111
111
111
11
1
1
1
1
11111
1
1
111
11111
11
111
11
11
11
1
0
11
110100111
11
11
111
11
011
111
0
1111
1
1
1
1
1
11001
1110
100010
111
1110110110
11111101
101111
11
0111
111011
111
101000
1
11
1
100101
11
0
1111
0
0
1
1
1
1
1
1
1
1
1
1
1
1
0
1
0
1
1
0
1
1
1
1
0
0
0
1
1
1
1
1
1
1
1
1
1
1
1
1
0
1
1
0000000
1
1
1
1
1
1
1
1
1
0
1
1
1
1
1
1
1
111
1111111
0
0
0
1
1
0
1
1
1
1
1
1
11
111
111
01111
1
011111101
111
11
111
11
111
101
1
01
111
10011
11
011110001111
1
10111
0111
1111
11011111
011
1111
110111111011
1111011
1111110110100101
10110000010
01111110010110
11011110111011
10111011011111101
1111100100010010
011101110010
011110010
111111110
1111001
01111111111
1001101
1111101010101
011010000011011
100100000
1011110111
000110
00110
101111111
1111110001000
11101010111100
11111111111111
111
111
11101111
0
11
01111
001010
011101
1110
110
11
11
11011
11010
111110011110100
1011
11
0010
011001101
0111
111
101
11
111010
111
11
111
010110
0010
111
011
110111
1111
11110001
1
0011101
1111
11
11
111
11
0111110100
1
11
00100
000
10010
111
1
1
1
001
1
1111
11
1
11
11111101110110000001
0110110
1
101110111
11111
11
10110011011
001011
1
111011101101
1
11111
1
10111011110
11
111
11
1010101
11
01011
1
1
0010
1
0
0
0
11
1
1
1
0
0
1
1110
1001011
11
1111
111
11111
1111
1101
01
010
1
1110
111
110
1111
11011
11101
1111
1111
101
1111
111
11111
1111
11101
111
1111
111
1111
0011011
0111
111
11
11
1
1111
111
111010111
1
11011
11
11000
1111
11
1
11
00
11
111
11
101
110111
111
1101011
11
11
11111
11
11
11
111
111
11
111
11
111
11111
1011
111
111
111
111
1111
1111
1111
1111
111
1111101
1
1
1111
1111
11111
11
0
11
11
11
1111
11111
11111010010001
1
1
0001
0
00
0010
110
0
000
100001110000
0111
11
111
1
11
001
11
1
00
1
01
1111111010
1
0
1
111
111
111
110
1
11
11
0
11
111
11
11
11
1
1101
1
00
00
1
01
11100
011
0111
0101111
1111
1
1111
011
0101
01
11
111
111
1111
11
1000
01100
11
11
111
0111
1100
111
00
1110
01011
11111
001111
10111
0
1
11010000000
111010
1001100101011
11111010011
11
01
1
1111101
101
1
1
1
11
01100
1010
1
10
1
1
1
0
0
0
000
1111
111111
111
0111
111
11
111
11
0
01
011
00110111110
1011
00
0011
1111
11
001
0111
1
1
0
0
1
0
0
0
1
1
1
1
0
1
1
01
01
1
11
11
1
11
1
1
11
1
11
011
1
10
1
11
1
1
1
1
1
1
1
1
111
1
1
11
1
1
1
1
1
1111
111
10
1
1
111
1
1
101
11
11
1
11
1
01
11
10
11
001101
1
0011
1101
1011011
111
111
10111
11
11
111
11
11
11
111
111
11
1
1
011
11
1
11
1
1111
11
11
1011
11
11
111
111
111
11
111
1101
1111
111
11
111
1
111
111
011
111
11
11
11
0
1
11
1
11
1111
111
11
11
11
01
1
1
11
111
011
111
1
10
1
111
111
11010
111
1
1
11
101
1
1
011
11
1
11
1
1
111
111
1
1
11
01
0
1
1
110
111
1011
1
1
1
1
1
1
1
11
1
00
0
11
111
1
1
11
1
1
1
11
111
11
11
1111
1
1101
11
1
10
11
01111
10
1
111
1
1
1
111
0
