00111
111011010011011
111100
111
11
1
0
1101
11
1
11
11
11
1011
111
1001
0110
0
11111
01
1
1
1
11
10111110111110
011111
11011101110110111110011
011101
01011111101
101111
111111011
00101010
1100011111
111010011
11111111111
11100011
111010111101101
10011
1111
0111
10111
111010
0
1111101
11
0110011111
00000110011000
111100111011
0111011
1110111
01100111011
11011111
011111110110
111100110011110
111011
1001111
1010110
101111
1111010111010
111
10
1111
0111110
01110101
1111
111111
011
1111
01011111111
1111111001
1011111
111
111010000110011
110
1101111011
1
11111011
111101010
1100111100101101
11
111011011
1111010101011101101
10010011110100101
1111110011
11
1011101111
11001
110111
0
110111
11100
011111110
011
1011
011010
111101011001101
1111
0011111
110001
1
1000
0111
1
11
11
111
1
111
11
11
1111
1
0
1
1111010010
11
011
1
0
1111
1
01
1
1
1
1
1
111
11
11001
1
0
11111
0
0
0
111
00111
11
11
1100
110
0
1
0
1
001
111
0
1111
1
0011
1
1
1
1101
0
11
1
01
0
1
111
11
1
11111
111011011101
1111001
0111
1
0010
1
1
11
1
1011
1
11
110
1110
11
0011
1
1111
000
1
000
1
10
1
11
0
0
0
1
1
1
1
1
1111111111
10111001
11111101
1111111
10111011
01111111
11
1
11
1
1
11
11
1
11
1
11
11
11
1101
0
1
0
1
1
1
1
1
1011
11
11
1
1
11
10011
111010
111
01110111
1
01
01
011
1
11
1
110
11
11
1
1
0
1
000
11
1
11
0111
1
111
0
010
0111
1
11
111
100
11
1
011
1
0111
111010100111
1
11
11
1
1
1
1
1
1
1
1
1
11111111
11111111
1110010111111
11111111
11111111
11111111
1111111
1
011111010
1
1
1
1
1
1
110111
11
11
11
101
1
11
1101110
111011
1
1
1
111111010
00
1
1
111111101
1
111
111000
011
11
00000
110
0
01
10
111111
1111
1111111000110100
11010011
10
0
1
111
1
1
1
1
1
10
0
11
1
1
1
1
1
0001
1
1
10
11
1
11
11
0
111101111
0111111110
00111
1
1
0
1
0000
1
00
1
1
11
1
1
1
0
1
1
1
1
0
1
0
1
1
0
1
1
111110000
11110010111
1
11
01110110110000
1
111
0110100
1111011100010
011110
1111
0001110110110100111001100
111111011101
00
0
11110
11000110100
111110001
1011111110101
111
1
101111111111010
11010
1101100111101110
111111110
10
11111110001
1101101
010011
1010111
11
01111
1111
01101110110101
11111001011010
110010100111101
101
1111
0110
111011
111
01111
1111111
11
0
11
11110110111011001111
1101
111111010011
0
110
1
1
1
1
1
11110111
0
01011100
1
11
1101
1
01
1
0
01101
1
11
11
11
10101
1100
1
11
010
0
0001010
11111
1
011
1
01
1
1
11
001
11
1
1101
000
11
01
11
1
111
11
1
11
11011
0
11
0001101111101101111101
10
11
1
1101
10
10
01010
0101
1
1
1
11110
111111
111
110110
1110
111
00
101
0101
111
1111
01
011
111
11
101
110
1
0
111
1010
1
11
1
011
110
1111
1
1
01111
1011100
1110
1111
1
11101
11101
10
01
10
1111
11
1111
10
1111
11101
101
1001
1
10111
011
0111
11
111
11101
1011
111
00
1010
1111
110
11
110
11
1111
10101
10000
1010
0110
11
0010
110
111
1101
111
11
11
1111
111
11110
11
11
11
110
1
111
111
0111
1
1
111
1111
101
1111
111
10011
1000
110
11
11
1000
110
1
0
1101
101
10110
1011
10
011
1001
110
0111
1101
111
11111
11
011
0111
1011
1111
111
11101
10
11
011
1000
111
001
1
1
111111
11
001
100
01
0001
11
111
111
1
11
11
010
0101
1111
11
01111
1011
11
011
1111
110
01
1011
100
1
1
111
01
1
1
111111
11111011
0111111
111
111111111
101010111
11100100
11011
11101011
1011111
1011
0101111
1101
11111011
10110111
0011010
0111001
0111111
1011100
000111
01011000
1011111
000100
01001011
1111111
1111010
11101010
1111101
1101
111111
11101101
111111
1111111
011
011111
11111111
011110100
11111111
1111111
1111011
11001
001111
0111100
111101
1111111
1111110
111111
111110
00111
1110111
0
010000
10111
00111111
1111111
111101
111111
1111111
1011111
1011101
1111
110
10
110
1
01
1
01101
10
1
1
1
11
11
1
1
1
0
1
1
1
1
1
11111
1
11
0101
1
1
11
11
1
1
0
1
0
1
01
11
1
11
00101
11
11
11
11
00
1
0
1
11
1
11
11
0
0
111
11
11
111110
11111
101110
11010011
11101111101110
111
111
01
011
1
1
011
1
0111
11000
1
1
1
0
111
01
1
1
1111
00000100000001000000
1
11101
111
1
1
11
10
11
1
1
1101
1
1
110100
1
11
0
0
101
11
0
0111
111
1
111
1
1011
11
1111001
1111
110111
111
00
11
1
0111
1
11
1
100111
1
11
1
1
10
0
1
01
1
11
10
1
11
11
1
1
10
01
11
10
11
01
1
11
11
0
0
0
11
0111
1
1
01
1
1
0
11
1
0
1
00
00
11
1
01
1
01
0
0
1
0
1
11
1
11
11
01
01
00
11
11
11
1
11
11
11
0
11
00
11
11
011
11011
111
000
101
10
01
11
11
1
0
0
1
01
1
10
11
11
11
1
11
1
1
11
00
1
11
11
11
01
1
11
01
11
11
10
1
11
01
1
11
1
01
0
1
0
10
01
00
1
0
0
1
1
11
1
0
1
0
00
01
0
0
10
10
0
111
1
1
1111
1
11
1
0111
1011100
011
1
11
111
111
1
11001
11
1
11
0
0
110
100111
11
1
110
00111
111
1
1111000
11011111
11101
111
010
1101
111
110
11000010
0111
000110001
1
1011
11100111111111
1
111010111
0110011
111
111
011
101110
1001111110100001
100000000
1110
0110
1011
111
11
1010111
1011
11101
10111
00101
1100011
1
110011
0
11
11
0
0
00111
1
11
1111
010001
10001
1111
10101
1
11101111
1
1100110011011
011111101
0
01110111
111100110
11011
101
111
1
0
11
1
01011
111011111
11111111
111111
111111
111111111
0111001011
10111111
1110001
11011
1011011
11
111111111
111100111
111111110
1111111
111111011
111111011111
1111111101
1111111
111101
111111111
11111111111
11011111
1111
11011
11111
0110
1011
1000
1011
110
100
111
1111
111
011
111000
11111111
11111011
11111111
11111111
10111111
111111
101000110
101010010
101111
10111111111
1111111
0111111
0111
1
01110011
111111101
01101
111101111
0001111
111111111
1111111
11111
1
1111111111
111111110
111111011
01111
1111111111
1001101
111101
11111100001
0000110001
11011
10111
001
1101
101
10111
00
11100
00111
1111
001
101111
10110011
10110111
11110
11
111
101001101
1
011
1011
0000
1111
1111
0111
11
11111
011
11111
11110
01
1111
110
1
11
111
1011
10000
000
111
11101
000
1111
11101
10
11111
110110
111
111
0111
111
01111
1111
1011
0111
11101
11111
11
0101
111
01
111
0011
11101
1111
0111
11111
011
0110111
1111111
0011111
11
11
111111
0101
11111
1
1101
111
111
10111
1111
0110
111
111
011
101
111
1000
111
11111
11
111
1111
111
111
1111
1011
1
1011
0111
10111
1111
111
1111
11
11110
011
1111
11011
111
0011
11011
10
1011
1111
1101
1
10100
1111
11111
111
1101
0
11011011
0
1
1
1
11
11
11001
0
0000110
1
111
1110
11
01
1111
111000
111
101
011
11010
01
111
110
10111101111
010
1011
11111
11
111
111
11
0011
11
11011
1
0011
0
0
10110
10011
1
1111
1
110
0010
1
01111
1111111
0100
11111011010
1100
00
000
1101
010001
0111
11001
11
11
110
110
00111
100010100
100011
11
1111100
111
1111
111
11
11
11
11
1
1
11
1
1
11
11
1
1
11
11
1
11
10
1
0
01
1
1
11
1
11
1
1
11
1
1
1
1
1001
1
1
1
1
11
1
11
1
0
11
1
01
11
11
1
1
11011
11
1
11
1
0
1
1
1
0
11
101000
10
01
01
00
1
111
111
11011
10001
1
011010
11111
11
111
0
1111
0110
1101
1
11111
101
11
11
1
11111
11
1011111
1
11
110
110
11101
00110
0000
00111
00001
00
0
011
1
011
1
11
1
0
1
0
1
0
0
1
0
0
1
0
0
110
1
0
1001
111
11
1100001
011
1111
1111
1011
1111
110
1
11
1
0
10
1
0
1
00
01
11
111
1
11
11001
000011
11
11
11
11010
0
0
1111111001
111011
0111
101
0
01
11
10110010
0
1
0
1
1
0
0
1
0
11
0
1
0
0
0
1
1
11
10
1
1
1000011
101110
0
0
1
0
1
0
0
0
0
0
1
0
0
1
1
1
101111
0111
11
0011
0011
111
1011
111
011
1101
10110110
101
1101
11
00000000000
111
0111
11
11
111
10
0111
011
01111100110001
1111
111011111
111101100
111
1110
1110100100110
111100
01111
11000001010
10101011
011111000
1100
001
1
1
1
01
110
1111
1111
1
111
11
1101
0101111
1
111
0110111
11
1
01111
11111
110
110
010010
1111110
110
11
01100111
111111
10110
1100111
1
1011
1000101010
01100
1
100111
1
10
11
0111111
1
110111010
1110
110
110
1110
1
01110
1
11011
110
1
0
00000
11100
0
1000011
10111
11
0111
11
11
1
010111
111101001011
11
000111
11
00111
111
111
01101
11
1
000011
111101
1
0111001110100101101111000111
11101
1110
111
111
1011
111010110
111
111
111
11101001
11
01111
11111110011110111
1001
101110010
10101
0
0000100
1110
111
1111
101111
1111
11101
1011011
11011011
111111
01111111
11011
01011
1111
1111111
011101
11111
11111
11101111
10001
11101
01011
01010111
10
1110010111011111101
01101101011110101111001010
01
10
111
010
1111001001100
011111
101110011
011101010111
11011101001
011111101
111110110111010
11101011110110100111001
1
101111
11111
1110
1011
11001100101100
1111
111101100001111100101011111000011
101101111
1111
111101110101001101001
1011100001
111111
101111
11111
1010010
11011111
101010
10100101
011011
010001
110111
11111
110001
1111101
101100
1001
01111
00111
0111111
001011
1
11101
1
011111
111111
11011101011
11101111100
1101001100
111101110101110111
1111
011
1111
0
1110001001010
010101111111101101011001
111
10110101
0000011101
1
01
101111
1111110011
111111
111
0011111
111011010100111011
1111
1110101
0111100001111001
01110000
00011111110101101110
11111
11
1111111
101111111
111
1101101
0111
10111
1111
1011101111
11
11101111
1110111
01111
1111110011
111
1111111011
111101
11
11110101101
11111111110
1111
1
111110111001
11111
11111111010
11101011101111
11111
0101111110111
011110101111
11011001100000111
1111111001011
111110101
1
011100101111
00111
111011110
11110111
10000011111010
111
0110111111110110
11110
111111
11111101111
11011
1111
10110110
110111111
11111101111
000110000011010110111
01111
1101
0111011111
1110101111
01
11111100
111011
11
11110011110
11
101011001
11101001111110010
101101000111
11100011
0111
11
110
111
1110111
1101111011011
111011001111
00111
111011
1
1110
1111
111
1
10
1
1000110011
11
11
00011
1111
111110010101101
1111
1011
1
1101111
111
1011110
111101
1
11
1111
1
1
11
1
1110
1111
1
1
0
1
001
1
0
110
1
101
1
100111
1110
1101
0111
11
0
1
0
1
0
0
1
0
0
0011011
11100001
01
1
1
1
1
1
1
1
1
0
1
1
1
1
1
11
1101010111111
11001
110
111
110111101
11011111010010110
11100111001
1101
11011111
1111101
0100
111110100010
101101
111001
101
1
11101
0110111
1
011
101
1110100101
10100
111
10
1010
00111
0111001110010100
0110001
1111
01
101011
111101
111
1011100011
011011
111
11
1
011
001111
111
11111
111
11
1110010110
011
011
110101
111
0101011
11
1
1
0
0
1
0
1
1
01
011111
1011
1111010101001
0111
111100
11011
011110110
1
111110
1100100
1101011
1011
11000110100011101
101
1101011
11
11
111
1
1
0
1
1
1
0000
1
11
1
0111
1110
011
111011110111
1110
0
0
1
0000010101
01
11
111
1
0
1
01111
11
1110
11
1111
0
1000
111100110
10111
00110010
011
001000110101111101100
0111
11
0
011
0110111
11
10
11111
11
1
10111
1
0
1
0
0
0
1
1
0
0
0
1
11
11
1
11
1
11
11
011
1
01
11
1101
0011
1
01
1
11
11
1
11
1
11
11
1
110
0111
0
0
10101
110
11
1
111
101011
111
11
10
01
0
001
0
101
111
11
0010
111
0001100011
111
11
11
11
1
111
111
11
1011101
11
11001
111
11
1111
100011
11
11
1
11
11
1111
1111
0111
1111
101
1100
11
001101101110
1111
111
1111010
1
1111
111
11
1
11101
111
111
1
1
110
1101
11
11111
111
11111101100
00
11
101111
11
111
000
000
0111
100
11
11
111
11
1
111
1
1
1
111
1
101
1
1
0
1
11101
00111
01111110111010
1
0
1
0
0
0
010
0
0
1
111000101
111
01111
11
0
0
0111
111
111
11
00110111
1111
11011
111
111
111
01
1110010101110011011
01111
1110
111010101101
010111
0111011
1111
11
11010
11110011011111
1110
110111
11100001
1
010010
0010111001101001011
1111
111
001
111
11101111
111
1111011
10
111
1011
11
1111
011
111
0111
10
11
110111
1011111
1111011011
010111111
1111
111
111
11
100111
0011
1111
01111
111
11110
011
11100111
11101
1101
011
1111
111
111011
1111
1011
1111
1110010011
111
111
110
101011011001
00101
000
0
11110
1
011
0001001
110111
11010101
1000110110000110
111001
1
111
010001
110001
0011
0
0
01
1
0
0
1
0
0
1
111
1011
1
10101
1011
11
1001
111
011
111
11
011
1100001
11100100000
01011
11
0011100
10011
111
1101
011
1101
1110
01
1011
111
0111
11011
111
111100
101011
111010
10111
11
011
0
0
11010
1
101001011
11101
00110110001101011
1
0100
01110
1
0
1
1
111100
10111
111101010001
00
0
111011
11
111
110
011
1
11111
111
111111111
1
10111110011
1111010
0011010
11
11
1
011
111
11
110
1000000
001
01111
011
0
0
1
1111
0
1
1110
1111
110
11111
11
111
0111
1011
01111
11
0101
1
111
11
11111
1011
1111
11
101
1110
11111
1111
11
1111
111
1111
11111
1
11111
111
11111
00
11111
11111
111
110
111
111
11
010111
11111
111
0111
01
110
11
11111
111
11
1111
0111
11101
1110
1001
111
111
11
011
11
111
10
111
1111
11
1111
111
0111
11111
101
111
11111
111
11111
011
11
11
0111
11
1
11110
111
1111
01111
111
011
01111
1111
1111
111
1011
111
101
11011
111
1
1
1
1
1
1
1
1
11
1
1
11
10
11
11
00
11
01
110
11
11
1110011
1111
111111
1
1
101
1
1
1
1
010
1
0
11111
111
0
10
111100
011
0
1
0
0
1
0
0
0
1011
0
1101100111
00111
1111
10010
10111
0111
00101001101
10011
11110
001
0011
1101
111
011
0111
11
10111111
11
111100
11010101
110
1101
0
10111
101
111
0110111
1011
1100111
11
1
0
1
1
1
0
001
111
00111
11101
11
010111
101010101
00110
0011
110011011
11
011
1101
1
0
1
0
1
1
11
1
0
0
10101110
011
0100
0
1
1
0
0
1
1
1
0
1
1
0
0
1
0
1
1
1
1
0
0
10
1
1
0
0
1
11
111
0
11101
1
0
101
0101111
1
0
1111
0100
1
01111
1
0111011
11
11
0
1
1
0
1110111
11111
0011011
11
10111
011
11111011011001
111
01
111
1000111
11101
1
1
01100111
0
0
110
0001101
11
11011010100
1
0
0
1
0
1
1
0
0
0
0
0
1
1
0
0
1
1
0
0
0
10111
1
1
0
111
111
111
11
0
11
111
111
11
0000001
0
1
10011101001111
0
0
11111
11
0000
1011
111
0111111
11
1
0
0011
1
0101100111010001100001111100000111001100000001001
0111110101
1
1101101010
1
1
0
0
00
111
1
0
1
0
1
0
0011
0
1
1110
111
111011
11
1
111
1
11
11
1101
011
0011
11
111
11
111
011
1
011
1101
0
111
11
111
011
1101
111
11111
1
011001
1111
1
111
10
111
1
00111
1
1111010
0011
110100
111101110000
11
0111
0
000
0
111111
000110011
111
11
0111
10010010
111
101010
11
1
011
0
1
11
0011000
0111
11100
100111
0110000101000
000111
111110
0100100100000000
11100000000
1
0
111
1
1
1
1
1
0
1
1
1
11001110
11010011111111
111
011
110111
10101111
11111
1
11111
11111
111101
11111
111
111011001
11
0011111
111
1110111
11111
11111
11111
11111
111011
10011111
101001111
1111
111111
1111
1111
11
110111
011011
111111
011000
00
0
111
0
11011
11
111
11111
0
0
1
11
00000
0100
0011
111111000
11
01
0
0
0110
0
01
1101
001100
011
1
110111
1011001
01
11000
001
0111100110101
10
1000011111
1110101111101
111
111101010111
0
11101
0111
11111
10000
10
001
010010
100111
00
10
111100
111100
00
101
011
100
11011
11011
000
1110
11110010
1
0
1
1
0
1
1
11001
111
1100011
1
0
0
1
000
011111000101
0
101001
1011001
1111
1000000
100110
110111111
111001
1110
101
1111111
0111110
1111111
00
111111
0011
11010
0
01100
01
000
11
0
00
0
0
01111
01
1
110
11
10
11
000
011111
00
1
1
10
0110
11111
11011
000000
01110
101001
11101
0000
1001
1011
0
010111
0100
0
101111
0
11111110
101111
1101111111
1101
101
111
10
1101011
0000
011
100111101011
011
11
111
00
1000
11001
0
1
1111011111100101001011010001
0011111
010111
0
01011010
0111
111
1
111
111
101010110
111
01
0
011
000000100
000110
000
11110
00001110
00010000010
0001100001
111111
0011111
1111101
0111
11101011111
1000
0
101110011
01111110111
000
1101
1110011
1100
11
11
00
101
0
00000011110000000000
10
1
1
1
1
0
1
0
1
1110
1
1
1
0
1
1
1
1
1
1110
1
1
0000100101100
1100110
00
1
0
1
0
01
00
100000
1
1100
1
1
1
1
00
0
11111001111
1
1
011111111
0
1
00111111
00111101010100010
011111
11
0010101011010110
1
1011000
011
1110010
1
0
010
111
0
11
1
01
1
10
0
111110
0110
1
00
1111
111011
0101101
11
1
1
1
11010111
1111111
11
1101101
1
00111
111
010
11
011
0001
11110
11
1
11
1
0
1
1
1
1
1
1100
001
1011
11
111010
01111
11111
1111
111011110111001
111
0
11101
11
011
111
1101
111
111
111101
1111
01
111
0
111011
10111
111101
111
111
1011
1
11
11
1
0
101110
0
0
01
1
1101
0
1
1
0
1
0
1
1
0
0
0
111
00
0111
11
0111
11
11
11
111
110
11
11011
11
111
111
11
1
11
1
11
01
0
110
1
1
011
111
110
1110
11
011
1110
11
101
111
11010011
1
1
1
01
111
11
101
111
0111
1011
11
10
011
0111
111
111
00111
011
1011
11
11
1
11
111
11
11
1110
0011
001
0
111
111
011
111
11
11
01
011
0011
11
11100
0011111101010111
111
1011
01
1
10
111
11010110
111
10
11
11
1101
1
111
11
1111
111
010111
0110
0110010
111
111110
1
1011
11
1111110
101110
1011
111110
11011
111011
1
11
10111
111011
1
011
111
1
1111
1010000111
1111
0111
00101101011
0
011
1101
10110
1111
111
1101
011
1101
00111000100000
011
0
00
000100111
00001
110010000001
11101
101111
11110
1110111010
100100011
100101100100011
0000011
11000110
1110010
011
01100010100
1
0
010000000
0011
01111011100001
10010
11
001101
1011
111
0110
1101001100000010
0100010111
011101
1
11
011101001001
1
0011
1111
111
1111
1
100110101010
0
11100001
1111
111
101101
0111
011101010
1111
111
111
11111
0111
111110101101
1111
1011111
010101110
1101
11110
10
1111
101
11111
010111
11
010111
101
11
01
000111
1110
111110
1101
1111
111
110
1111
01
11010
0011
10111
11011
111
1110100101100
01
1101
1101111
11
110111
10
11111010
11100
110111
1110
111
1111
111
1011
1011111011101
11101
1
0
1
1
0
1011
10110
11010101111
101
11
111
110
11
0101
1111
10111011
111
11
0111
11001001
01011
111
1110
0010
111
110
11101
111111
11
1111001
1101
110
10
110011
11
11101
0111
111
01001
01
1011
0110
111
010111
1
011
011011
1
110
0
0111
111110
1111
1111
111110
110001110110
011
11
111
110010
111
11
111
11
11111101
0101
11
0
11
110111
11
101110
011
11
101011
0111
111
1
1
0
111001
1
100100011011
11
1111100
11111
1
1
11
0110
1111
01
11101
11
11
011
0
111100
10111
01
001
111110
11
01011
0111101000
1011
11
11000
0
1
011
1
011
11
011
111
1110
11
00011
11110101101
111
11
1
111
111
0
1101011011
01010001011
11
111000111
1011010101
111
0111001
00110
111110
111
1
1
0111
101
11010000
0111
11
1
110
11011
011
111
101
00
0101000110
11101011010
11010101
11
1111100
01101110
1100101
1
101110
0111110
1010
00111
11
11111
01110
0111
111
1011
11
1
11101
0
011101101001
1111
001011
1111101
111
110100111
01
110
11
0
1
0
1
1
1
1
1
1
1
0
1111
11010
101
110111
011
0
01101
001111
11
1100
1
0
1011011
1111
101
0110
0111
0111101
1110
1
111001
110
1010111
11
111
0110
0111
11
1111
101
1111
111
01011
1
111
101010
1
0
0
0
1
1
1
1
1
1
11111
0111
111
11
1
101
11
1111
1011
11
111
01011101
111
10111
1001101
11
110011
11110110
1111
111000
1
1100111011001
11111
1010111
1
0
1101
010011
11001
101
111
1
110
10101
0101110
1
1
00111110
111
10111
11101
1110111
1111
0101111
1
11110
1111
11
110
101
0111
0
10110
010111
11110110
1011
1110
11
111
00110
111
0111
00000
1100001
111
111010
10011
111110010110101
111
101001
1111
11011
1
0
1
1
0
0
