0
111
11
111
1
1
1
1
1
11
1
11
1
1
1
10
1
1
11
1
11
1
1
1
1
11
1
1
1
1
1
1
11
1
1
1
1
1
0
0
1
0
0
111111
11111
1
1
0
001
110010
0111
10
110
100000000
11
11
1111111111111
11111
11111010001
1111101111
1
00
0
0111
10
1
1
1
1
1
1
1
1
1
1
1
1
1
1
1
1
11
0101011
1
11
11
10010010011
1
111011
1
1
1
1
1
0
1
1
1
1
0
1
1
1
1
1
1
1
11
111
1
010110
0000000
1
1
011
0
0
1
0
1
0
000
1
0
010
1110
1
1
01
1
100
0010
1
0
110
00
01
1
010
100
10
0
1
0
11
0
1
11
111
1
11
1
10
111
1
000
110
10
1
11
0
0
101
0
0010
11
11
111
011
1
11
111
11
1
1111
11
1
11
11
00
0
1111
0
1
0
1
0
0
0
000
00
110
1
1
1
0
111
1
0111
111
1
1111
01
111
10
0
000
1
1
111
11
1
1
0
11
11
1
111
111
111
1
111
11
11
11101
111
111
1
1
111
11
11
11
11
1111
11
1
111
11
111
111
111
111
1
11
1
1
1
1
1
000
111
11
1
1
1
1
111
1011
0
010
10
00
010
1
1100
00
10
11
1
1
101
0
1000
11
0
11111
00011
111
111
11
11011
11
111
1
11
1
1
1
1
1
0
1
1
1
1
1
1
111
1100111
1
1011011
111110010
110
1
1
1
11
001
1000
00
00
1
001
0
01
1
1111
1111
00
1000000001111
0010
0
1
0101
1
1
11
00000111
1
1
000
11101
0
11110100001
0101111
0111
0
0
11111
1
1111
0
1
00
1111
1010
11111
11111
1
01
1111111
111
1111
011
111
011
1111
1
0
0
00
1
1
1110001
111110
111111111
1110111
111111110
111111101
1111111111
1111111011101
11110111
0001111
001111101000000001101
0010
100001111110
11111001111
1111111111
01101111111
111
11
011011
11111111
11111
11111
01111
1001111111
111110111
111111
1111111111
111011111
111110
1111111
011110
1111111111
11110
1111
111111
1111
111110
111111
1
0
1
1
0
1
0011
1
0
1
1
1
1011
1111
11111111111
01111111101110010111111
10101101111111111
1111111000010111
11111101
111111
11111
110111
111111111111111
1111101111111
1101111011101111
11111011
0000001101111
011111
11110101111
01111
111111
01011101111011111
011111
100011
11111
11110111
0
1111111
01111111
001111111
01110
0111
1111111110
11111111
111111
1011000101111111111
11111111
1111111
1110
1101111
111001000111
11111111
11111111
1
1
0
0
000100111110001110
1111111110
011101111
11101110
10000000001010
000000010111110
11001111
1111111111011111111
110111
110010111
111100111110
011
111010000101
1111010
1111111110011
1101111110110000111011
1
1111111111111
00
1
11001100
0
1
1
111111
11
01011
1
1111
00011
111111
0
10
1
111
1
1
111111
1
11110111
110111
1111
11110
11011111
01111
111
111111111
111
111111
11111011111
1111111110
111111
1111111
111111
111111
111111
111001100
0111111111
11101
1
1111
1
000
1
1
1
1
1
1
1111
11110
1101
0110
00
0
0
1
1111111
0
1111111
1111111
1
11111
1
1
1
1
1
1
1
1
1
1
1
1
1
1
1
0101
1
1
1
1
1
0
1
1
1
1
1
1
1
1
1
1
11101011110011
1111111111
1
1111
01
11
1110
1
111011001000
101
11101010
1
111
0111
1111011
11111
100111001
1
11
1
11
1110111111
11111111111
1111111
111
0000
11
110111001
111100011111
1101
11111
11011
11
1111110
111101111
11111
11
11
1
1
111
1
0
11
1
0
1
1
1
111001
111000101110
1
11
111000
1011101110
1011
01001010101011
111111
1111011110
0
0
1
1
1
1
0
1
1
1
0
0
1
1
0
1
0
0
0
1
0
0
0
1
1
0
1
0
1
1
0
1
1
0
1
0
1
0
11111110
1
1
11111110
0
111
1
1
1
1
1
0
1
1
0
1
1
0
0
0
0
0
0
0
0
1
0
0
0
0
0
0
1
1
1
0
1
1
0
0
1
1
1
0
0
0
1
1
1
1
0
0
1111111111111
11111111
1
111
11110
111
000111
11
11100
011100111
111
110
10000111
1011
000000
0101
000
01
0
100
001
01
0111
011110000
1001111
00011010110000
0
0000100
0
11011
0111
0101010
11
11
01110
0011
01111
111
1100010011
1101
1110000001
111
01011010101
0000
000
010101
110110111100000
00111001010
1
110100
1
1
1
1
1
1
1
1
1
1
1
1
1
1
1
1
1
1
1
1
1
1
1
1
1
1
1
1
0
1
1
1
1
1
1
1
1
0
1
1
1
001
1111
0
01
1
00110111
111001
0
11001010011011000100
11
00
01
1001000
0010
0
0
0
100
0
0011
1110
01
0
1
0
0
011111000010101011
1101111111
011
000000000000
110000001000010010
0010100110000000000000
010100010010000101
11
11000010000000
11011101010
000
111
111010101011010000001
11111000010
101
111
0
1
1
1
1
1
1
1
11
1
11
1
11
1
11
11
1
11
111
011111101
1111
11101000
1
1011
11011
1
111
001101111
1111
0111
11010
111
111
1011
11
111
1111010
1111001010011
011010011101
01
1
1
1
1
0
0
1
1
1
1
1
1
1
11
11
1
1
1
1
11
1
1
1
1
1
1
1
1
010111
1
110111
111
001
11010
110100
111
11
110
1000100
0011110010
110
11
11
1
1
1
00
1
1
1
1
1
111
011
11
1111
1101111
1111
11011000
111
11101101
1111001101
111001
110111101
110
110
11111
11110
11010000101
110101
1011111
111101000000
1111100001
011101
11111
111101000
1011
110
111010
11111
1
0
1
11
0
1
1
1
1
1
0
0
0
0
1011111
11
1
1
11
1
0
0
1
1
11
11
0
1
1
1
1
1
1
0
1
0
1
1
0
1101011011
0
11
0
1
1
0
11
11
1
1
0
11
11
1
11
1111
1
11
1
1101
1011
000
0111
0101010
000000
000111
11
0011100011111
10000
01101111
11
0000
100
1011
0111
11011
111
111
1
1110111
0
11
1
1
1
1
010101111111
00
1110111
10010
1101011
11001
11
111
0
1
111
11
111
01
11
11
01000
001110000011001
100111
0
1
1
0
1
0
1
1
1
1
1
1
1
1
1
1
1
0
1
1
1
0
1
0
0
0
11111
111
0
1
1
0
1
111
0
1
0
1
010011111010000010001100
0111101111
000010011
0011001
11011100
11111
11110
011
1
10111
010111001111001
1
1
0
0
0
1111
111
001
00
1
1
1110
0
1
1110111
011111101110
1
111101111000
111
10111
11
11
1
0
0
11
1
1
0
11
1
11
0
1
1
0
0
1
0
1
0
0
0
1
1
1
1
11
0
01
0
1
0
1
1
1
1
1
0
1
1
1
10
1
1
0
00
0
000010000
10
11
111
111
100011
011001111
11
11
00
10100
1
11100
111
1
1011
01
1111
100100010110
10001
111110011
111111
110110110101
101
110001
111011
11
11111011001
111
111
111101
010
111
1111011
1
0
000
1
111111111
111
0
1011101111010000000101111
00111000
0111011100
001000000000011010
111
11111111
1
1
11
1011101101
11
11
11
100000
001101
0000
1
1
0
1110
1
1
1
1
1
1
1
1
1
1
1
1
1
1
1
1
1
1
1
1
1
1
111
11
111
1
