1111101110
110001
01101111001111101001101001
00
1100111
0
0
01111111111010000
011111010110010101000
110101
0110111111111011111
1111011000010100000
10111001
10111111
000
10
11111101
10111111
00100011
101011
101101101
0001
111111101
1010111
1111111
10111111
1100011
10
10111011
111111
1
11111
11101100
110
100111011
000001
00001001
00000
1000111
1111111
101111
111111
110011111
11110111
110101010101101
001101
1010111
1110110
10101111
110110
10111011
10101101
101101111
1110111
110011
11111110
001111
111101
10100010
10111
00110011
1101011
11111
011011100
110111011
1010001
10110110
11001
100010110
111111
1100101010011000001
11011110
01011
1111
1111011
111
1110111111
101
11
1100011
1011
00100001
101
01100011
010010
111101111
1111011101
11110111
11000101
00000111
1111100
0
11011
11101
111101
1111111011
111111101
111011011
01100011
1111111111011101010
0110000
1011111
11111
0110111
111111
1110
1101111101001010
0111110111111111111
111001101110101111100101
101111011111
1111111100001
0111
11
0
10
110
00
111
01
1011
011
110
0
1111110000
00111
101101111111110
011
111
1110
111111111111101111111101111001111010101001100100000100101
11110111111110111101010
110110111100111111011100111000111100100111
1
01000111111111111111111111110110001011101110011
11100
00000000000000000000000001
011000011011111001
111100001011011100101101111111101111111111111000000010110011011111101000111110110010
001011100011
0100100000101000101100010000000111011000000000110
1111101110010101101010
01001011011100111110011110001000110101000001000111110
1111000100
111
11
1111110110111111
11111101101111101001101011101
001
111011001111000101011010
111
11110
0111111
10111011111111011111111
11100100011
11111110
11111111000011
111
0111111111111100110
111010111001
1011111101
1111011110111101110110011101
111111011111111111111100111100111011000111001111111101010111
11101000
1000011011111111
00000000000000000000010010000000
00111
11011
110011111011
11000001
1111110110
1011
11111111110101101111
0001011111110111111010000000001110010110000011
10000111111
111111111010101
11101
001111011101100111011111
011011111101101
11
0000000000000000000000100001011100
11100111100010001
11000000010111000
00111001010000000111001110011101111010000001001011000010010101011100100011010
111
11011110111110
1110
111010101111111
101
111111111
0000000000100000100001011101110110110010001100101110101010010010100000100000010111010111110000011010
11
11111110011111111110011010
000011
110000
011100010011100111001111111110100
1111001111
011111001010011001110011
101100011111011010011100101010000
111111110111
011
1100001
111111000101010110111111100111011101001000111010010011
111
001010110100001110001
1111111100010011
00
111
11111011111111100
00000101000000000011010101
1110111110
0011010000101100000000010011
01010101111101110011001110010
111100
0001110000
11
1101
01110010001011100000000110000000
010111
1100010
101111101011101011101000111001100100
00
00000
101011
0
1011000
110
111
111
111101000
00000
000
1110
0111
11011011110
1101100100100011001001100000001000100
0011010111
11111
1111
11101
1111111101
1100111111
11
01
1001001
11
011
1110
01
111
00101101001010
00010001001110
111
111
11
111
0111011
11110110011001
11111101101111
110101111110
111
111
011
011
00101001101
01
1101100
11
000111
1110
101
011
01
11
0
1111010
111111011
011110
011
111
10
01111111001111101
011
11111
1111
111111
111
11111
110000101110011100100111100
000
10010011001101100
0110111110100110010110111
1100110
000111100011001110011010010100100111101110110001011000
10110110101111000011000111100010101110001101100011101
11111111111
0001000
001000110110010101101100111011
110111011111000110001111110111111111111101111100110110010001111111001010100110010010000001000
00100000
011
011
101
000000000
11
100111110001111101000000111111
11101111111
001101101011001110000101010101000
1100111111111111110110111111001
111010111101100110011110000011100000100000110011
11010101
111110000
00
00
000000000000111001000000000000000000010000000
000000000100001101100110110011011010000001
1100
001
0
111
111010011
1001100
1111111
11
0
0
011
1000100010
11111111
1111110
1110101111011101111
0111111111
111111111111101
1111110111111111
001000
011
1111
011
0111
1
11
101
11
0111
11
0111
11111011
1101111111111111111
01001000
1
000101011101111111111111
1111111111111111
00100000
10011010111011111011111
11111111111101110110011110101010010111
001111101111111101011101100001111
1101
1011
1111
0110011
0110111110
111
0110000000
00010011010000000000
10011000011000110001010011000000000000011100110001001010100000100111000101000011001000010000000010000001000010011110
111011101100
01011
0000000000010000000000
0
1111110111
11000011000
000001110111011100011100100010
00
11
000110010010110111101101111001110000010000010000
1
000011011001010001001111001000
011111101101
000000
110010111101111001100011100110111110101
1011
11
1100
1111001101110110100
100011011111111101
00011011111111011111
0
1110011111110010001001110
1001101
111101
100110011101111010001110001000001100
11111010000
1000101111
01010110111111011010001000011001000
1111110111101110101101101
1110011
00011
11011001111111
1111100100111110010111000011000100111111011000011011110111111110110110111111111111
111
111011010
1001101110011
10101011110111
1111
11111101001
1111010110111
110
0010011
00
0111111101111010101111011100100010000000100111001110101010011011010111110111111101000100001111
11
1010010101010111111111001100000011110001100111110101111111
111111111111111101110111110111111
01110101010011101111
1110111111111010111110101110110111111111
11010011
11110011111111110111011111011100100101001100
110000100100
1111011101111011010
01101011101011100111111001010111101110
1110101
1110
1101
01
100
111111110010100000
011
11110100111000011000011
000
11111111011110110010111111111110001000000000101110111111111
00011
11101111111111111111111010111010110110111
00111
11111111101101011110001101111000
01011000010111000010011011101111100001000111001011000100100101110011101111100
1111010110010000001101
100001
000000110
11110
0011001101
0110100
00110
010
111110110111001110011110001111
110110111111111111
111000111000010110000001000110
0000
1110
01110111010110
11111111111100011111111011111011010
11111
0010
10011110
11111010001101
111111100
011000111111111111100111111101111001111111011
0000
1111110111111110
1111100100010010101011111110111
111001011111010111
001111011111
01110100010111001000
1111111
1111010110111011010011000100111111001101111000100001111110111010111101111
010
1111111110101101011
000
111111
11111110011101111101110
00011
1101011000101111111111111111010011001000110111111
1011
10111010011010110010111010110
111111111111011110111110101111111
1110010111001100
111111001001
1010
11
0000100
010
110011111
01111110101000000
00110110000001111
111
11000
100
00011
111110111111011101111111101011
0001
00010
110
1001001000011010111111
111011111011111000
00111
00
110
000111
110
1
0111100100010010101010
110111101111
0001111
0
11110111
1111101
0
11010101
11101111101
10
11101110101001110
1111
111111111
0
11111110101101
011
1110110111101
111101111101
11110
00
111101011111111
111001111
11
1001111
11101110111
1110111111101
001101010101100
1101100111011011011001
11
11000111101110111
11111100
11101110111111011
00
0001110
0101001101111101100
000
11111
1111111111111111
0
11111111111
0
100011001
0111101
11011111111101
1111111111
10100001100101001101010001
1110111011
0111
11111
1111
011111
1111
11100111
010011011011
01011
111001
1110100011001
1110000001000
101101
111
11000110000000000000000100
1111
1111
110111001110010010
00
000000
0
10111
1
111
00101
001111
1111101
11111111
1111111101
111101101110
11101101111
110111111100000101
101100010000000010010
00000011100000
101111111111011000
111010011
11101111001000
101111111111111011101111
1111111111111111
0111111111111110001
111100111
111011101
1111101111110100
111111111111101
001001100010100
010011110011111110
111111011001111
011010011010
1110011110
011100100011101
00111111
1111
111111110111111110
111111111010101
1111110111100
001
10
01111
0111111
101101001101
0111
1101100101
111111
1111110111
000
1110110
11110111101
1111101101
1111
101111011011100
01111110111111
11111110100
1111111111110111
11101111110
111111111101
0110101011011101101
1111110
111000011110011111010
111111
1110011
01111111
111111101
0111110100
0001100111
11010
10001100101
00
01100001011010101
1011111
110111111011110
11
111101101010001
10111011111101011
1111111101111
11011101111101
110111101110111100011001111
110111111010100001
1000100
011010111011111111000110111100111000
011
000010111
101100010110000111101
1111111111111
101101010110000
11110001100101
11000001
0011111111111
1111111111101
00110000
01111111111111
1011110111110
11111111111
11101111
1110111100110
0111001
1111111110011101
11111111
10111111110011
10100101001111011101111011110010001011010
111111111101110111000111
1101111111111111110111011010101101
00000100010010110110111111101110100110110110
0000111110110100000101110101001
11110110111011111111111101101011111111
100111110010001
10001001000111101111011100101111010
111111111111111111110111111
1111110011111111111111001010111111010011110110
110011111111111111011111001111111101111110001011
1111111111111111110101110111001
00000010100110000011111011101011111101111111011101
0011111111111111010111
101001100101110111111110111111111101011100011
01011000100111111110111010000011101110111111100010001
111001110101111111101111001111111111111010101011
11010111010101000110
001101111111111111011110111111111
1110101111011111101101011111111111
0000110001111111011100111000111011111111111101
01110111111101111111110111110110111111001001011
010
11111111
0011110011110
0000000000000000000000000000000000110101101111100011011000000
00100011111100010
01011
00011010111
11000100
1111
10001011
1111100
1111110000
0
111001
00010111101011111110011011111101111011011101
11101111110101101111
11011111100111110101011111111011111000
000110011001110011001111111111100111101001011001101101011111101
0001111111111111111110111
11111
1
110101100011111
11111110111101
111110011111101010010111101111101
11111111101011101111
1111011111111111101111011001011111
111111110111111011111101101111111110
10101111110111
1
111111
00111
11101011000
00111
1111111101
1101001111011010100011
01011
010001101
01111111100111111100100111011101011101
11010111111100
111011010011010111
1111111111111
0001111011011101
11101111111111
00111111111111
1111101111
1111111
1111010111
11111110101
000
11
111111101
111111110111
110
11
1111110011
1101
100000100000001110101000111010
0111
10
110110111111101
0
011110110011111100011
011110001010010000001110000000110000011010001110111
1110
1011011111111011111011
10111111111110111101
11111110011111011001110110
111100111110111
10101001101110111001111
1111011011111111101101
1111111111111001110101
1010010111110111111111
10000010001001011001011000001010000011
0111001010110111101100001110110011111
0
111111011111111
1000000100000011100110010100110100101100010011
011
0111010100110101100001110011010110
011010111111111101111010
1111111111110111
111111111111000111
1011111101111110111
01111010111111011011000
1011100101111101111010111
01100111111111011011111
111011010110
1001111111111100111111
0111111101111001111111
11111010111000101111
011111100111110111001
1111111110111001111
10111110111111011111
111101
11111111
00111111011101
11101110101001100
1101100010001000100
111110
0111111
1111111011111
11100111111101101
0111100
1111111111011111010101
111111101101101010010111011110
10001100101011111000111
101111111111111101011
1110100010110101
1111101111110001110111010
000011000000101111101001000110000000000101111
1101110110101110001
111111010111111
10111011111100011101100110111
11001110110000
10110110111111101101101111011111
11111111111111
0000
00010
100
1111101101
100111110
10011110111101101111010111110
111100110011111
000
11000
001
1101110
1000
0110111011111001110
011010100000000001100010000000000001110001111111011100001010000
0000
0001001100
11110110101
111110011111
10001101
0011
011
1111110010111111000
11111101
011110111111111
011
11
0
001101
01110010011001111111011111
1101111111011100111111110
11111101111101011011110111
1011111
0110011101010001001110100
11011101
1110111111
110011101
1110111111
1111111111111100110111001
11111111101101
111111111110010111
11111101111110
11101111101111101101
111111111111111001
11111111110110101110
1110111111101001010001
0111111101
1100011110101111
111111
1111111111011
111111111101
1111111111001
11101111111111
111111111011001
101111111101
1111111111100011011100
1111011111
11100111111101
11111111110010011101
1111111101110001101101
011111010
0111010111111
111111111111101011
1111111111111010
11110100111111011111101
1111110111101000010001001010
1111110111011111
1111111111101010101101
11111101111111
11111111110111011010
0111111111110011101
111111111101
001111111011
111001110111101
11
111111111011110111
100111101100111
11111111011111111
0110111011110100011110101111
01111000111
0001010011
0010111
00
1111100001
0
1101111111110010100
1111111111111101
10000011011110
011111101011101
1001110111011
111111011111111101111100110110101011011
1111111111
111111111111
010010011010110111111011
11111110011111111111
001100
11011111111111101
11001100010111101111111011
1111111111
111110011111111111101011111
00111101
1111100011111111111111111
101001111111011111111
11100001011111110
101011011111
100011110001111101110
1110100000
11111111110111
111011111111111001
111101010111000
10111000
011001110111001
1111111100
11101101110
111000001110111100100101101101001
01110111111110
101000011111
111101
000
0
111111111011
0111
11111011
0011001001010111000
1110000
1101100
1011
1
0110110001000001
111100
1010000001
11011111110
1010111000101
011110001011010111011001111
101
1
0111
01
11
11
0010111
11100
011
0111
1101101101
1
01
10111
11
11
11
110
1111111111
11111111111
11110111111111
11111111111111
111111111110111
11111111111111
11111111111111
11111110011011
11111011111111111
1111111111111000001110
111111111011111
101111101111111111
11111111111001111001
1111110111110
111111111
1111111111111101111
1111111111111111
11111
110101110100000001
00
111111111111111
011111
111110011110110
11111111101
1111111111110001
1111001101111000
11101111111011111
00
11111011111011011110
111110110111111000001101100110
111111110011101001101
010
01
0
001
10
0111
11
1011
00010
101
111100
111
0111
0011
0000
01
0111
01000
00
11
00
1
1111101111011000101011
0111
0111
1110
10111
1010
11100
001101110111000011100011101111111001001111110000011111010001101001111000111111110110110111000111100
11010010101001110111011011001111111101010001001101
00110
1101111111111101100101110101111111
1111111011000000111101111111001001111111
111111111111111111011110000000001111001000000010
110111111111111000111001101111
0110000000
010110
0
111
0100
000
101
1111
0000
11111
0101
1010111110000001101101
11
1111011001110110111000
0
111000101111
111010111100010001
110
0
010000101001110
11001110
111111111010
11111111
10
101
001
0111
1100
111111101101110111111011111010011011101001100011000111
010
11
1111111
1100001111100
111110101
10010110110
1
000
01001
1111111
11110101
101
0
1111
1011001101100
111011
111
1011111
10
000
0
0111
011
011
1100
011
10111
10011
110
0111
111
10
11
11
1100001
101
0111
11
110
11
1
11
011
01000000
1100
111
011
0
111
10100101
1011
011
111
11
1111
011
1010
11
101
110111
01
111
011
111
001011
111
111
111
010100
1
00001101
1111111111
100
11101001
011110
0011
11001
00
110010101
110
0
000111
1001010100000
0
10001111110010100111
11101
01011101111
111111
111
111011001101
1111111
111111
111101
10010111101111111111101110011011111111110010001
00110010101101101111
000000010110000
1001111111
1110100110111011111101011001011011010111
1
1100111110
111
1111
0
111110010
000000000000000100000100000000010100000000010100010100000
111110
0110
111111110101101101
1101
10111
11111
1011011010101
11100
00000
000000
011
00111
11
111
111
01
110
11
0111
11001
11
00111
11
1100
11
1
111
1
111000
11
111
00
001
11
010111
1111
111000111110
1
1110101000110
0
01010111
0010
110010001
11
0110
010000
111000
0
111000011
0
1110001111
0110111010010100010010
0
10000011000
0
0
00
0
11100001010010
1
1
1010100
00
1
0011111111
1011
0
1100110010111000101001000100010
011
0
011
1111111
0
11000110000111010
11101
01110111010
11111110010111110
11111111111
101110111110101101110101
11110111111
111101011
1111111101111111
101111110111
0111
100000
0
0
1
0
0
1
0
0
0
0
1
1
11
1
0
0
000
1
0
000000000000
0
1101
10011
1111001111000
11001110
00000000
1
0
0
0
0
0
0
0
0
0
0
000000100000
111111110111011
1
0
1
00111
11111
11111111110111
1
011101
0
11
1011
0
1111010
000000111
00100000
00
0
011
10
1110
01
0
0
1
100100
10
111010101111101
0
0101110001010000000
01001001000
1
0
0
0
0
0
0
11101
0
000
0
11111
011100000000
10
111
0
0
11
0
0
0
0
0000000
0
001011
0
000
1
1011011000
11000001
01001101100
0
1011
010
0
000001110001
1100100010
1011100
1
1011010011
1
10111
1101100
1011110
000
111000
1
11
0
010000
1
0
1
0111101
1
1
1
1
00
0
1
0
110010000
11
1111
11
11110
00110
0
111111100
0111
1
0
1
0
0
1101100
1
1
10100
1011011
0110110000010
0
1110100101110111
10110110110111110011
1
1
1
1
0
000011001
010100100011
0
1
1
1
0111
1100001
111
0101
0
1
1
1100011
0
0
0
1
1011001001
1100000011001
0
10
1101
111
0
1011
1
000
01101
1
11
101
1101
11
1110
1111
0
0
0
0111
1101
11
1
0
000000
0
0
0
0100
1
1111
0010100110100000010011
110010
111
1
01
0
1111
0
0
0
11
111
10011000
1
011
111111111111111111111111
0
011
0
0011
0
11011011
0
01001
11
11
00000
10
1111
110110101
11111011111001111
0001
1
110111001100101
0
01111011
111111001
001011
1101
010101000001
111
111
