11
11
11111
1111
1
111
1111111
11
111111
1111
11
1111
111
111
11111
111111
11111
1111
1111
1111
111111
1111
111111
11111
111111
11111
11111
11111
1111
1111
111111
111111
11111
11111
111111
111
111
1111111
111
1111
11
11111
111111
11111
11
111
11111
111
11
111111
11111
11111
11111
11111
111111
111
1111
111111
1111111
11111
111
1111111
1111
111111
111111
11
111
1111111
111111
111111
1111
11111
111111
11111
111111
111111
1111
11111
1
1
1
1
1
111
111
11111
1111
1
11111
1111
111
111
1111
111
1
11
111
111
1111
1111
1111
1111
1111
11111
111
1111
1111
1111
1111
111111
11111
11111
1111
11111
11111
11
1111111
111111
1111
1111
111111
1111
111
111111
11
111111
111111
1111111
111111
1111
11
1111
11
1111
11111
111
111
1111
1111
11
1111
1111
11111
1111
111111
11111
11
1111
1111
11
1111
1
111
11
111111
111
11111
1
11111
111
1
11111
111
1111
1111
1
11
1111
11111
11111
11
1111111
1111
111111
1111111
1111
1111
11111
1
1
1
111
111
111
111
11
111
1
1
1111
0
1
11
111
11
111
11
1
1
1
0
11
1
11
1
111
11
111
11
11
11
111
11
1
1
11
1
1
11
111
1
1
1
11
11
111
1
111
111
1
1
11
1
1
1
11
11
1
1
1
1
111
11
11111
11
0
1
1
1
1
1
1111
1
1
01
11
1
1
1
1
1
1
1
1
1
1
1
1
1
111
1
11
11111
11111
1
0
1
1
1
1
1
1
1
1
1
111
1
1
1
1
1
1
1
1
1
1
1
0
1111
1111
111
11111
1111111
1
1
1
1
1
11
1
11
0
11
0
1
1
1111111
1
0
1
1
1111110
11111
111
11
11
11
1
111
11
11
11
0
111
111
1
11
111
11
11
1
1
1
11
1
11
11
111
11
1111
111
1
1
1
1
0
1
1
1
1
1
1
1
1
1
1
1
1
0
1
1
1
1
1
1
1
1
1111
1
1
1
1
11
1
111
11
111
0
1
111111
111
11
11
1
1
11
11
111
11
11
111
11
111
11
11
11111
111
1
11
111
110
111
11
111
111
111
1
0
1
0
1
1
0
1
1
1
0
1
1
10
1
1
1
0
1
0
1
1
1
1111
1
1
1110
1
1
1
1
1
1
1
1
0
1
1
1
0
0
0
0
1
1
1
1
1
1
1
0
1
110
1
1
1
10
0
1
10
11
1
1
1
1
0
1
0
1
1
1
1
1
1
0
1
1
1
1
1
0
1
0
0
1
1
0
1
1
0
1
11
1
0
0
1
111
0
1
0
0
1
1
1
0
1
11
0
0
0
1
1
1
1
0
1
1
111
1
1
0
11
1
11
11
111
11
11
1
0
11
1
1
1
11
11
11
11
111
11
11
11
11
11
1
111
111
111
11
11
1
111
1
1
11
111
1
0
1111
111111
111
111
1111
111111
11111
111
111111
111
1111
111
111
11
11
111
11
111
1011
11
11
1
1
11111
111
11
11
11
1
11
11
11111
1
11
11
111
111
11
11
11
1111
111
111
11
111
111
111
11
11
11
11
11
111
111
11
11
11
111
111
111
111
1
01
11
111
111
111
111
1
1
1
11
11
11
11
111
111
11
11
111111
111
111
1
111
111
11111
1
11
11
111
1111
11
111
11
111
111
111
111
111
111
111
11
11
111
1
11
111
111
1
111
11
1
111
011
11
1
11
1
111
111
11
11
11
111
111
111
1
111
11
11
11
11
11
11
1
1
11
11
11
11
111
111
111
11
111
111
1
111
11
11
1
111
11111
1
1
1
111
11
111
111
1001
111
111
111
11
11111
1
1
1
000
10
1
1011
100
011
1100
0111
000
11
0000
1
1
1
11
111
11
111
111
1
11
11
111
11
11
11
111
11
1
11
11
11
11
11
111
11
11
11
11
111
11
11
111
111
111
11
11
111
1
111
111
11
11
11
111
1
111
111
11
111
11
11
1
11
111
11
111
111
1
11
111
11
1
11
111
11
11
1
11
1
1111
0
010
111
01
0
010
111
011
0011
101
1000
011
1
1101
1101
111
1111
00
11
01
001
00
111
11
110
001
00
0001
001
1111
001
0101
1101
01
010
0110
111
110
1
11
11
1
11
0111
11
111
1
111
11
111
111
111
101
110
11
111
11
011
1
11
111
11
1
11
111
1
1
1
101111
111
11
11
1
111
11
11
111
11
1
1
11
111
111
11
11
11
111
11
11
11
1
11
111
1
1
1111111111111011
111
111
1
11111111111111111
01111111111111111101
11111111111111
11111111111111
1101111111111111
11111111111111111
111111111111111111
1111111111111111111
1111101111111111111
1101111111111111111
1101111111111111111111
1111111111111111111
111111111111111111111
111111111111101111111
1111011011111111
111111111111111111111111
1111111111111111111011
11
111
111
11
11
1
111111
1111
111111
111
1111
1
1111
111111
111
1111
11111
1111
1
1111
111
1111111
11111
1111
111111
1111
111
1111
111
1111
11111
11111
111111
111111
11111
11111
1111
111
111111
111111
11
11111
1111
11
11111
1
1111
11111
111
1111
111
11111
11111
11111
11111
111111
11111
111111
1111
1
11111
111011
111111
111
111
11111
111111
1111
1111
11
1111
11111
111111
1111
1111
1111
11
1111
11111
111111
111
1
11111
111
11111
11111
111111
111111
11111
1
111111
1
1111
111111
11111
11111
1111
1111
111
1111
111
111
111
111
111
11
111
111
1111
11
1
1
111
111
111
111
11
11
0
11
1
111
1
111
1
11
11
111
1
1
11
1
11
11
11
111
111
111
11
1
1
1
1
1
1
0
1
0
1
1
1
1
1
0
1
0
1
1
1
1
11
11111
11
1
1
1
0
0
1
1
1
1
1
0
1111111111111111
111111111111111111
1
1
1
1
1
1
1
1
1
0
1
1
1
11
1
1
1
111
111
111
1
111
111
111
11111
11
1
111
111
1111
111
111
111
1111
1
1111
1111
111
111
1111
111
11
1
11
111
111
111
111
11
11
11
1101
11
111
1111
1
1
111
1111
11111
11
1
1111111
11
11
1
111
11
111
1
111
111
11
11
1
11
1
1
0
11
01
11
00
1
1
1
01
00
0
11
0
1
0
11
10
00
11
00
00
00
11
111
11
0
11
01
1
11
11
11
1
1
1
11
11
1
1
10
01
11
1
1
11
11
1
1111
11111
1111
11
111111
111
11
11111
11
111
1111
11111
11111
1
1
111
1111
11
1111
11111
1
11
11
111
11
111110
1001111
1110011
1101011
1111111
110110
1111
01111110
1111101
1110111
111111
11101
11110
110111
11111110
111111
00111
111011
11100
01011
11111011
1101111
0111111
11110
110110
1111110
00011
1110001
11100
01111
1111111
111111
101110
1101
110010
111011
11011
111110
111
01110
110111
11111
1101110
1001
110111
1011111
111
01111111
011
1111
111111
011
001111
110111
110
0111
11110
111110
1110111
11111
1111011
01110
1111110
111111
11
10101
11
111
111
11
1
111
11
111
1
111
11
111
00
1
1
11
11
1
111
111
111
1
111
11
111
11
1
1
1
11
11
111
11
111
11
111
111
111
111
1
1
11
111
11
11
111
11
111
111
111
111
111
1
111
11
111
11
111111
1
11
111
110110
111
111
111
1
1
1
11
1
11
1
1
1
11
1
1
11
1
11
11
11
1
11
1
1
1
1
111111
0
1
0
0
1
0
1
0
0
0
1
0
1
011111111101
1
111
1
0
0
0
1
0
1
0
1
0
1111
1
1
0
0
0
0
1
0
1
0
0
0
111
1
1
111
0
00
0
0
0
10
0
0
0
1
1
0
1
1
0
1
1
0
1
1
1
0
1
1
1
0
1
1
1
0
1
1
1
1
1
1
1
111
1111
11
1
11
11
1
111
1
111
111
111
111
11
11
11
1
11
111
11
1
1
11
111
111
111
111
111
11
11
11
11
11
1
11
1111
111
1
11
111
111
111
111
111
11
11
1
0111
11
111
111
111
1
1
111
111
111
111
11
111111
11
1
1
11
111
111111
111
11
11
1
111
111
11
111
111
1
1
11
11011
111
11
111
111
