011111
1
11
11
111
11
111
111
111
11
111
111
111
1111
111
1111
1111
011
111110
1111111111
11111
111111101
01111
11111111111
1111111
110001
11101101
111111
11111111
111101
11111111
11111110
11111101011
11111
1
111111
1111111
111111
1111
11111
1111
111
1111
111
111111
111111
11111
11111
1111
1111
11111
11111
11101111
111111
11111
111111
1111
111
1111
1111
111111
11111
11
111
111111
11111
1111
111111
11111
111
1111111
1111111
1111
1111
11111
111
111
1111
11
1
1111111
111111
11111
1111111
11111
1111111
1
111
111
111
1
1
11011
11
11
11
11
111
1
11111
11
11
1111
1
111
111
1
1
1
101111011
11111011001111
11001100
111111
1111111
111
111
111
1
0111111
1
11
11
11
11
11
11
111
11
111
0111111
111
11
1
11
111
11
011
11
11
1
111
111
11
0111
1
111
11
11
11111
11111
111110111
01110
11111111111
1111111111
101110111
1111101
11110111
011001111
111111111
11111
11111111
101111
11111101
1111101
1111111
001111
111111111
011111
1110111
1111111
1111111
1111111
1
11111111111
1101
1
1111011
101111010
111100010
111110
11111111
11101111111
111111111
1111
1001
111111
1100111
1111111
11111000010101
11101111
111111
111111111
11110111
110101011
0111110
11
1111
11
111
11
11111
1111111111
11111011
111111111
1111011
1101111
11111111
101111111111
111111
11110110
01
11111111
11111
1111111
11111111
1111111
1111111
1101111
11110
11101111111
111110111
1011011110
111111
111
11111
111
111
111
11
111
111
111
11
111
0111
111
11
111
1
1111
11
111110
000001110
11111
111111111
111111
111111
011111111
001000001
11110111011
101
000
1
111111111
1010010
1111111
1111
111
110
111
11
1111
10111111
11111111
111111
1
11111
11010111
11
11
1111
11
0111101
1111
011111111
111101100
111
111
1111
11
111
1111
1
1111
1111
1111
1111
1
11
111
11
111101111
1111
11111111111110
111111111
0100
1
11011
1111111
1111
11011011111
00111
101
1110100
11
11
1
111
1
1111
111
1111
1111111
11111
111111111
111011111
1111111
10111111
00111110111
11111111
1111111
11110111111
111
11
1111
11
11111
11
1
111
1111
111
1
11
11
111
1111
1
1111
11111
111111
111111111
1111111
111111
1111111101
1111
111111100
1101111111
11111111
111111
1111111
1
1111
1
1
1111
1
111111
111111
111111
111111
11111111111
111111111
0111111
1111111110
10111011
1111110
11100111
11111101
01110111
101111111
01111110111
1111111
10000
111
111011110
0011
111
1111
111
11
111
1111
1
11
0100
10111
111
10
11
111
11
1111111
111101
111101011
11111111101111
11111111
011111
111010
111
111110
10111111
101100
111111
101
101111
000011111
0001
1011111
1101
11
1111110
1111111111
111111
11111
11111101
11011
01111111
11110
101001111
1111111111
1111101
0111101110100
111111111
1110011111
10111
1111110
1111111111
1111101111
111
11
11111
001
11110110
11111110
1
111110000011111
1111111
01111010110010001
111
111
1111
1111
01
1111
1
11111
111
111
11
1111
111
111
11111
11
11111
11111
1100
11
1111
1011
111
111
11111
111
11
0111110111
11111
1
1111
11111
1
11111
11111
111111
1111
111
11101
1111
1111111101
1101
111
00101111
01111
1101111
111
111
0111
111
11
1
1101111110
00111111
1111
11111
1111
001
11010010
0111111
111101001
1111010100
11111
1011
1
011101001
11
111
111111
110101111
111
1
111
111
111
1
111
1
111
11
111
11
11
10111
00111
111110
111
11
11
1
1011
1111
1
111111111
111
1
11111111111
1
1
110011
1
1
1
111
111
111
111
11
111
111
0011
11
111
11
111
111
1
11
11
11
11
1
11
111
0
0
0
1
0
0
0
0
0
0
0
0
0
0
11011
1
110011
111
111
111
111
111
11
11
111
11
1
11
110
111
111
0111
11
11111
1111
1111
111
111111
1111
1111
111
0
1
1110
1111
11111
1111
11111011
111
1
1111
1111
11101111
11111
111
1
111
01
0111
1010
0
000
1
11
10
0
0
00
11
11
1
1
1
1
1
1
1
0
1
0
1
1
1
1
11111
111
11
101
111
1
111
1
10
111
111
00
101010111
1111
1111
11111
1111
1111
11111
11
1011
111111
11
11110
1111
1111
1111
1111
111
11
1
11
111
111
0111
1
011
111
11
1
111
11
11
1
111
111
111101
111
11
1
1111
1111
111
10111
11
1
111
1
111
111
1
111
11
11
111
11111
111
11
11
111
11111
111
11
111111
111
1111
0111
11
1
1111
11
11
1111
1111111
111
111111
111111
111
111
11
1
111
1110
111
111
1011
1
00
111
1111
1101001
000
1110000
0000
110
11111
0
011
11
0
0
0
1
0
0
1
101111111011
1111011111
101
1
1111111
1110111001
11101111
11
1010
11
111
1
1001111000
11111
11111101
1111
11111110
111111
111111111
001001111101
1111110
11111111
11111111
1111111
111111
1111
11111111
10100000
111111
1111
011111111
1110111
11111111
1111111
11
111
1111111
01111
11111
111111111
1111101
11111
11101
1111
111
0111111
111111111
111101111
111111
111
1111
111110
10111011
1111
111
1111
11111111
11111
11111111
1101
111
111111
111011111
11111111
111
11
0111101
1
11111111
11111
111101
111111
111111111
11111101
0101101
1011100
11111
0100
111111
11101
11111111
010001
0101110
1111111
000110
11111
1111
11111111
1110111
111111
11111111
1110110
10101011
111111
1111100
01011111
011111011
1111111101
111111111
1101111
11111111
11111
11111111
1100110110
11
1111111
11
111101110
1101111
111011
111111101
1111111100011
11111111
11110111
111111111
011011
11101101
1100100
0000110
1011
101111
1
1
0
0
1
1
1
1
0
1
1
0
0
0
1101111
0111111
01
11111
011111111
10110
11111
1111101011
111111
11011111
1111111
111111110
11111111
111111
111111
111110
101111110
1111
111011111
1101111
00001110
0111101111
1111111
100
1111
11111101
00101
1011011
11
11
10111
111
111
11
1110
11
111
011
11
11
11101
1
111
111
1
0111
11
111
111
111
1111
111
11
11
11
111
1
111
11
1111
11
11
1111
1
11
11
11
111
11
111
111
1111
111
1111
11
1111
11
1111
111
1111
111
111
111
111
111
11
11
11
11101
011111
111
111
11
101
111
1
11
1111
001101
1
101
11
111
11
11
1
1
11
01111
111
111
11
11
1101
11111
1111
11111
1111
1101
10101111
1111
11111
11111
1111
111
111
11111
1110111
11111
1111
111
1111
1111
11101
11
11110001
101111
1111
1000
1010101
1111
1111111
111101
11101110111
0
1
0
1
1
1
0
1
1
1
1
1
0
0
1
1
1
0
0
1
0
1
1
0
1
1
1
1
1
11
11101111
11
111
1
111
11
111
11
111
11
111
111
11
11
111
11
11
11
11
111
111
11
11
111
10
11
111
11
111
111
1
11
111
111
1
11
11
11
10101010
1111101111
00011001
1111111010
111111
111101111111
101111111
0111111
01001
1111111011
10100011010
111100
1111110
10
011111111
11110010111
1111
11
111
11
1
1
111111
11
111111
111
1110111
1111111
011
111
111
1101
11
01111011
11111101
11101111
111101
111111111111
11
11000
0111111
111
111
1111111111111
00
11111111111
11110111
11011111
0011001
0
11111111
1
11111111111111
11111
1111110111
111111
111011100101
11111
10011111
11011000
1111
11111111
0
111111
1111100
1
11
11110
1011
111
011011101
1101011111
11111111
111111
11101
11110
111111
11111111
110111
11011111
1110
1111111111111
1111111
100110110
111
10
111110
10111
1011101
111110
1111111
11110111
110111011
11111101
111111111
1011111111
11111111111111
1111
101
01010000010000000110001010
111
11111111111
11010011
11
1111
111
11101
11111010111
0000110010
1110111111
0110
11
1
11111110
111111111
010111
0010100
11111111111
111000010100
11100111
111111
011011
11110
1111111111
101
11111111
111
1111111
111110100
0
100
11111011
1
0111
11
11111110111
000100
111
1111
111
1111
1111
1111
111
11
111
11
111
11
11
1111
11
1
111
11
1111
111
1
1111
1
111
1
111
111
1111
111
1
111
111
11
10101
1101110
11111111
111101
11111
101111111
11111111
11
11101
11111111
111001
111111111
0
111
10101111
1111111
101100
111111110
1111
001
11111101
11111111
00111110
011011111
1111111111
0111
1111100001
1
0011
1
111
111
111
111
111
1110010
1
111
111
1
111
11
0111
111
1110
111
111
11
11
1111
111
1110
011
1011111
1
111
111
11
11
1111
11
11
11
111
11
111
11
1
111
11
11
11
1
111
11
11
11
111110
11
111
11
11
1
111
1
11
111
11
111
111
111
111
111
11
11
11
1111
1111
111
101
111
11
00
111
1111
111
111
11
11
111
11
11
1111
1111
11
1111
11
11
11
11
1111
1111
111
1111
111
1111
0010
111
1111
111
1111111
111011
1
111
111
1111
11
1001
111
1
1111
111
111
1
111
1
101111
111
11
111
011
11
1110
1111
11
111
1
111
1
111
1111
1111
1111
111
111
11111
01
11
1
111111
111
11
1111
1100
1111
1111
11
111
1
111
1
111
11
1111
1
1111
111
1111
1111
111
11
111
1111
1111
111
11
11
101
11
111
111
1
11
11
111
101
01
111
1111
111
1111
1111
11
1111
11
1
111
11
11
11
11
111
1111
1111
10
111
110
11
11
111
11
111
11
11
1111
111
111
111
1111
111
011
01
100111
11
11110
111
011
11
11
111
11
11
111
0111
1101
1000
11
1101001
11
1100
1001111
11
11
111
11
11
11
1
1111
11
11
11
11
11
11
11
111
111
111110
11
1101
11
11011
111
1011
11
11
111
111
11
101010000
0
11
111
111
11
11111
11
111
111
11
111
1011
11
1
11
111
111
11
11
111
111
1
11
11111
011
11
1
1
1
1
1
1
1
1
1
1
1
1
1
1
1
0
11
11
1111
111111111001000
111
11
01111
1
1
1
1
1
1
1
1
1
1
11
111
11
1
1
1
1
1
1
1
1
1
1
1
1
1
1
1
1
1
1
1
1
1
1
1
1
1
1
1
010101100111111110010000111000
1
1
1
1
1
1
1
1
1
1
1
1
1
1
1
1
1
1
1
0
1
1
0
1
11
11
1
11
1
1
11
11
1
111
111
1
111
11
111
111
11
11
11
11
011
11
111
11101
111
11
11
11
111
11
111011111
11111
0111
1111
1111
1111011011
111111
11111
1111
1111110101111100
111111
11110
11
111
11
1011
11
0011
111011
11
111
11
1
111
11
11
1
11
11
1
11
1
111
11
1
1
10011
11
11
1
1
11
111
11
11
111
111
11
1
111
111
10
111
11
011
11
1
11011
1000
111
011
11
111
111
11
111
11
111
11
111
1
11
001000000100011
110100
111
00101000
1110111
111011
01
111
1101
110111
11
1110
11
0111
110011110
11
10111
100011
111
111
01
111
111
111
111
111
1
111
11
1
111
11
111
11
111
11
1011
111
11
11
1
1
01111
111
111
11
111
11
111
111
111
0000111
111
11
11
111
11
1
11
11
111
1011
111
11
0
011
11
11
11
11
1
111
11
111
11
11
1
1
11
111
111
11
1
111
111
111
1
11
1
11
11
1
1
1
10
1
0
1
1
11
1
11
111
11
11
11
11
111
11
11
111
11111
1
1
1
0
11
0
11
11
1
1
1
11
11
11
1
1
1
1
1
1
1
0
11
1
11
11
1
11
0
1
111010
111
1
11
0
11
1111
1
1011
01
1
1
0
1
11
111
11
0
1111
01
00
0
1
111
111
11111
01
0
1
1
11
111011
11011
11
111001
1111
11
1111
11
111
00001100
11
111
111
111
111
111
11
111
111
11
111
1
111
1111
111
111
011
110111
1111
1111
111
11
11
11
1111
1111
1
1
11011
111
0
0
1
1
0
0
1
0
1
0
1
111
0
111
11
111
11
011111
11
111
111
101
11
11
110
111
11
11
11
11
111
10
11
11
111
111
111
111
1011
1011
111
11
1
11
11
11
111
111
10
111
111
11
11
111
1
11
11
11
1
0
111
111
11111
111
111
1111
11
111
11
11
0111
1
11
11
111
111
11
11
111
1011
1
11
111
111
111
1
111
011
11
11
111
11
111
0111
11
11
1
111
11
11
11
11
111
111
111
111
11
111
111
11
11
11
111
11
01
111
101
1
11000101001
10011
111
11
0111
11
11
111
111
1
1
11
11
11
11
11
11
11
1
11
111
011111011100
100111
1111
111
1
0111
11
11
11
1
111
11
11
11
11
111
11011
111
1
11
1
1
111
111
11
1111
11
11
11
111
11
1
111
11
11
1
111
11
1
111
011
11
1
10
11111
1
111
1
1
111
1
11
111
1
1
111
1
111
111
0111
1011
111
11
111
1
11
1
1011
0111
1
111
111
11
1
011
0111
1
11
111
11
1
1
1
