10111
11001
11111
111111
011
11011
1111
11110111111
0010111
11
1
1
1
1
11101
11
1
11
0
1
111111111000
1110111011
1111111
111111110111
1111111
111
111
1100111111
111
11111111
111110101
10111111
1111
101
111111111
1111011111111
11110
1111111
1011111111101011011
111
111111101
1101111001110111
11111
01111
1101101110101011
111111010111101
1111100011
1
11111
111
1111
1110
1111
1
1100111
0110001110001111
11111
1111111
111111
0111110111101
11011111
11101101111
01111111011110
1111101111001101
1001111011
111111110
11111
111111011
1
111
0
11111
101111
011100111000110010111
1111111
111111
1111
11111
111111
110111
1111111
111111
101110111
11110111
111111
1110111
1111011011111
111111101
10111111
111101101101101
111111101110
1111110111
1111111
1101101
1111110
11
111110110
11111011
1111
11111101
11111101
1111111110011101
1111
1110111011
111111111
111110111000111011011
01111001110
01
11101111111
1111101111
11100
1110111111
11111
11110111101111
11111011
11
111111111
1110111
011111111111101
111101111
101
110
11110
111111
1111111101110
11111
1111
11
111100
110
1111010
11
11011
111111
111
11
11111
11111111111
1111111111
1111111
1
0
0
0
0
11111111
111
1
11111111111
11111111011110
111
011111110111111
11
1111110101110111
10
000
1
1
1111111111
1111
11
11111111110
1
111111111111
0010
1110
1
0
1
0
1
111
1
1
1
1
10
1111
1111111
1111111
11
111111
1101
11111
11111111
111111111
111111
11
1111111
1111111
1111
11111
11111111
111011111111
1111111
11111
11111111
11111
111111
1111111
11111
1111111
111111111111101
11111111
11111
111
101111
11111
1111
111111
11111
11110111
11111
11111
111111
111
11111
11111
11111
11111
01111
111111
1111111
01111111011001110011
00111111111110100
111111000101
11
111111
111111
111111001111111
1101
1111
1111
111111
11101
11111
111111
1111
11111100101100111
0111101101
1011111
111111111
1
11
011
0011
11
011
011
1
1
1011
1111110
1111111
111111
111
11101111001011
11
01111
1
1011
11
10
11
1
1111
1111
11111
10
1
011
111101111
11111111
111100011111111
111111
101111110111111111010
00110
1111111111
1111111111101111100110
1111111
101111101111111
1100011111
111111011101111
1111101111111111
0111111101110110111110
111111101
0111101101111110
111110
111000
111111110
111111101
11
111110111
00
0
1
1
1
1
0
111
1
11
1
111
11
11101111
11
111
1
1
0
1
111111
111111
00
1111000
11
1111
11111
111111111
011
10000
111111
11
111
111111
11111
11
0
1
111
11111111011011111111
111111011
1
1
110000111
11
0101
111
11
111111
11
1
1
11
1
1
0
0
1
1111
1
111
11
11
011011
111011111
1110
111
11
1
111
111
11101
11111111
1111
1110
111
111
1
1
11
111111
11
1
11111
111111
111
11
1
111
00111
111
1
11
1101
0000010000
11
111
1111
11
111111
11
1
0
0
11
1
1
0
0
0
0
0
0
0
1
01
11011111
1
1
1
1
0
0
0
1
1
0
11
0
0
0
1
1
10111111
1010
1111111011
1111110
1000111
1111111111
111
1100
11
1
0
0
1
1
0
1
0
1
0
10011
0
0
1111110111
111
10111111101
11
11111111
1111
1111
1
11
111
11111
11
0111
1111
111111
11
111111
000
11001
111111111
1
010
11110111111100111
111
11
1
1111
1011111
111
1
1110111
111
0111
11
111
1111
111011111011
1111
111111
11111
111111
111111
1111111110
1111111
011
11000
0
0
0
0
0
0
1
0
0
0
0
11
0
11111111111
1110111111
11110111
1111
1111
010111
1101
110011111
11
11111111
11
1
0
1
111
1111
101
00
0111111
1111
1111
1011
1101
1111
111
11
11111
11
1
1
111
1111
1
0
0
0110
1111
11111
01111
1
11
11
0
1111101111
11
11111
1111110
11011111
011110
111
011
11111
11111
11011
1111
1011111
1
0
0
1111011110
110111
1111
1
1111
11111
111111
1111
111
1111
111111
1111111
111
1111
1111
111111
111
1111
1
1
11111
111
1111
0010
111111
111111
1
1111111
11111
11111111
11111010000
111111
11
11111
1
111
110111
1111101
010111111
01011
11111111111
1
1001111
11
1
0
1
0
1
111111101111
0
0
0
011
0101
11111
11101
1111
111111
1111
10110
0111
11111
1111
111
11111
1
1
101101
1111111
11
111111
1111111
11
101111
11111111110101111
11
111
10
1111111111
11111
0
1
0
1
0
0
0
1111111
111111
11111
11
11111
111011111
111
1111111
111
10011
1
1111111
110111001
1
1111
11111
0011101
1111
11
1111110011
110101111111010
11111011
1111111
1111
11
1
1111111
1111111
111
11111
1111010
11111
101
1111
111
111111
111
11100111011111
0
1111111
11111111
1
111111
1111
11111
1
1111
1
01
0
0
0
1
0
1
11111
01111
1101
111
11
11100
011
11111
11111
1
1
1
0
0
1
01
111
1
1
101
1
1
1
0
01
1111101
11011000
01
1
00
0
0
1
0
0
0
1
1
1
0
1
111111
0
101
111111
111110111001001
11111
100
111111
11001011
111111
111111011
11
11111
101
111111
11
11
11101
11
110
111
11
11
01011
111111
0
111
1110
01110010
1111
111
0
111101
1101111111
11111111
111111
0000111100101011110010
0111
0
1111111
0
11011111
111101
1
111101011
1
11010110
111111
0
0
0
1
0
0
0
0
0
1
1
0011111101
11111111111
1
1111111
1
1
1111111
0
1
011111
0
1101110
1
1
1
1
01111111
10
11011
0
0
0
0
1
0
1
0
01011101
0
100101111111
1111111111
1
1
0
1
0
11111111
1
111110
0
111010111
11111111
1
111101110
11111
111111101
1
1
1
1101011111
111111
0
1
0
0
0
0
0
0011
11111
1
0
11111111
1111
1
11110
11111110101
111111110
11011010
0
0
0
111111
1111111
11010011111
1011
0
1
1
0
0
11111
001
111011110100
0
1111001111111101
1
111111011
0
1
11111
111111
111111
1
111111111111
1
1
0
1111111101
1
1
11
11
1
11111
0
11111101
11
11010111
11
1
0
1
111110111
1111111
1111111110
0
0111101111
1111111111
111111111
001
1
1111011
11111
0
0110
1
111011111
0
1101111
0
0
0
0
110100
1111111111
1
11111001100
1101110
1
0
1111101
1111111
0
11011
1
11111100111
1
1
11111111
111111
11101
11111111
111111
1111111111
111
11
1
0111
011
11
101
11
011
111
101
01011010011
11
011010101110
1
01001
0
11111111
01111
1
1
11111
1111
1111111001101
11111111
11
1111111
111
1
11
100
110
1
11111
1011
1
11
111
111
11
11
11
111
111
111
111
1
111
1111
1101
1
11
11
11
11
111
0111
1
11
111
111011111110
11
11
011000
11
111
0
11
11
0
110
110
1
110010
01
011
0
11
11111
101
111
11
1
011000
1
1
00011
1
0
111
0
11
11
11
11
11
1
111
111111
11111111111
1
11101
11111
1
1111111
11
11
111
1111
11
1110
1111111111110
11
1
1
11111
1
01
11111
11
11110
011111
1111
111
1111
111
011010110000000
101
0
100111011111
111
11
11
1
11
1
11
1
1
11
11
01
01
1
11
1
11
11
01
0
0
11
1
11
1
11
01
11
1
11
1111110111
1011
110010110
11
0010
00
1
1
11
1101
0111111
111111111
00
11011
101111011
1101111
1
1
01
111111111
1111101
1
1
1011
101111
11
00
11
01111
1
111
0
111
1011
10111
11
111011
11101
11
11111
1
100
1111101
0001
0
1
00
10100000
1
110
00
1101110110010010101
0111101
0
1
0111101
111110
01110
101100101010
111
100
0
1111
11001110
11
1000000111
11111
11
10110111
1101
11110111
11001011101101010110000
11111011
1100
11111
101
0
11111
11111
1111
111100011
111111
111
111101101
101001111
11
1
1111
11
101111100
1111011
11
111
111110
1111001100
111
111
111
111111
1111
1011
11
1011111
1
1101011101110110100
1111110111010
1111
1111
110
1111
111000
1011
00
1
11
1
1
11011
1
011
0
1010111000001
01
1
110111010
101110
0111
1
111110
11
1
100
10
000
111111
101
0001
110
1101111
1111
1110
110111
00000
111110011
1110
1101001111
00011110
111
0001100
101
11010111
11
11000000
011
0
1111
0
101
1111
11111
11
101
11111
11111
10
10
10010
011
1011
111
10100
01
111
1101
1
0010
111
11110
1
111
1111
10
1111
111
11111
01
11
111100
1101
1011
10010
1000
0101
1111
0111
111
11110100
110
1111
0111
0101
1111
1011
1
11
111
0
1101
111
0
111
11111
1111
1111
11
1
1
1000
1000
1
00
111110
1
1
0
1
10
01
1
0010
1
11
111
1
1
0
11
0
1011011111
10
010
1111
11
101
11111
100
1
1111
11111
010
11111
0000
111
11
1
111
11111
111
11111
111
1111
1
01
011
1001
110
11
1111
100
1111
0001
00
1111
1111
0
111
111
0
110
110
110
111
11
000
110
1111
1
11
01
11
00
0
11
111
111
1
1
11
111
001
1111
00
101
00110
01000
00
1011
11
1
11
1011
00
01
0111
111
1111
11
00
11111
011
111
101
11
110
0110
1100
0111
111
11111
01
110
1111
1100
1111
010
110
100
0001
11
1
111
100
111
11
001
0100
01
1111
011
011
110
111
11
00110
11
111
11
111
000
111
1111
101
11
1010
111
00
11
111
1111
1000
000
00
11011
011
00
11
1101
00101
100
100
1
1000
110
11011
111
1100
00001
1111
1111
00000
00
10
11
1
11111
00
010
101100
111
11011
111111110
1
0111
110
1011101
1111
11
11
1111
10
1
101
11111
0111
1
1
10010
11111
0011
1100
111
1
1
1
1111
01
1
11
111
11
111
11
111
1111
111
11
1111
11
111
1110
101
1111
0
111
111111
101111
1
10
111
01
01
1010
1
11010010
10010
10
0
1
00
11
11011
11
11
111
111
1010
110
110
111
1110
110
1
0
1
11
1111
11
0
1011
0
11111
1111111
1111
1011
111111
1111
1111
11111111
111
11
111
111111111
11111
1111111
11111
0
11110111
1111111011011011
1111
11110110
11111010
11011
1111
111111
11
1
1110011111000
011111
1100
111111
111111110111111
1110100101001101011
1111
1111111111011011
111
111
0011
111
111111111111
11
011111
1111110111
01110111111101110
111111111111
11
111
11111111
1111111110111111
11
11010111111
1111
11
11110011111
1
101110111
11111111111
111111111011
11111111
1111
11111101111
0011
1111111
11110110
11111111001001111
11111
11111111111
11111111
01010101
10111
0100101
11110
1
00111
11
1
11
1
01
11
111
111
11
1110
10100011
1
111
111
0
11
111
10
111
110100
111
1111
111
101011
111
111
0
111
111
11101
11
11
11
11
111
01
00
11111011
1110101
111
11
111111
11
11
111
11111
11111
1
111
1
1100
0111
111111
1
111
111
1
0
111
0111
11
11
1
111
1
011
11111111
1
1
1111
1111111001
01111
11101111
111
01
11
11
101101
10111
11
11
11111
11101
1
1011
111
11111
1
00
0
0
0
1
1
00
0
1
111
1111
100
1111111011
111101000000
111
11010
011
11
0
11
0
1
111
1
11
1010111
1
111
1111
0
0
01
1
0
0
1
1
0
0
0
01
1
111
111011
011
1
011
11
11
1
111
11
1111
110
11111
1101
11
10111
11011
0100
11
111110
001
100
110
011
11
11
11011
10
10
011
011
011
00001
101000111111
11101
0
1
1
11
011
0
001
11
1
11011
1
11
111
111
111
10001
100
1
1
11011
1
11111011111
1
11
111
111
1
1
111111111
11
101
1
01
11
110110
111
1
000001111
1
011
0101111
0
11011
11
11
11
10
1
1
0111
1
01
1
0
10
1
1
1
11
1111
111111
111111
111011
111
111111
11110
1111111
1
1
1
0
1
11
1111
11111
11111
1111111
1111111
0101111
11111
111011
11111
111
111111
0
1
10111
1
1
1111111111
111
011
1
1
1111111111111101
1
111111
11
0
111111
111111
111111
11011
11111
1101
111111
1111111
111111
111111
11111
111111
11111
1
11101
11
1011111
11110
1111111
110101
11111
0111111
1111111
1
1
011111111
0
110111111
1
1
0110111
1111
111
1111111
1101
1101
111111
111
11110111
11
1
11
0
11111
11
1101
1
11110
1
1111111111111111
111
001111
111
11
111111111111111111
11111111111
111111
111
11
111
11
1110
11011110111
10
11
110011111
00000010101
11
1
11
111
11
111
1011
1111
1100111111
1
1
1
11101
1101
011
111
1
11111
0101110011
1011
11111
10111
11
11010
1
111111
111
111111001111111
11
11
1111
1
011111
10
111
111
11
11111
11
1001101
11011
1
11
11
11
1111
11
00
1111110
1
1
11
111
11011
11
1
111
11
1
11
1
011
11
1
11
11
11
111
111111
10111111
0001
111
11111
111
1111
11
1
11111111
1111
111111
1
1111
11111
1011
11111
1
11
11
1111
01110
1111
1111
10
0
11111
11
1
111
11101
11111
1
111
111
011111
1
11111
111
11
11101011
1111
010111
1111111
011
1101111
11
11
111111
01101111
0
111
1
11
111
111111
111
11110
11
1
1
1101
111
11101
1111
11
10
01
01111110
1111
11
1111
1100001
1
1110101
11111
1111111
111
011
10010
111110
1000110111111100111110110110
0111111110100111
111111
111011011111
111
11111111
00010001100010000111011011110101
1111111
11111111111111011110
11111111
11111111011
10111010111111
11011111111010001010101111
000011110110100000110
11
1
11
11100011
111101
1111
11
101
1
001101001
1
01
1
11
1111
1111
01
0
11
11111
111
110111
10101
111
111
111
11
11
00010
1101001
111
111
1
11
1
01001
1
10
111
11
11
11011
1
1
1101
10111
11
11
11
11
1
10111
1111
1
110111
00
111
111
01
111111
111
1
1
1
11
111
011
111
0011
1
111
111
1
1111
011
0
111
1101
111
111
11
111
101
1111
11
1111
11011
11111
11110
1111
1111
110
0111
1111
1110
11111
1011
0111
1111
1
111
1110
1
11
1
1101
0000011
110
1100
1111111
011
111111
111011
11111
1111101
1101
100
1111
10
1111
110
111
0011
111101111
1111
000100
11
10111111
100
0
01
0
1
1
1
011
1
1
0
0
0
11
111
1
0
11110
0
0
1111
111
1111
10
110
1101
1111
11101
1101
1
111
111
1111
01111
111
0000
111
11
1111
1
0011
0
111
1
0
0
11
111
110111
10111
11
111
1
1010101
101000
1110
1111
0
0
0
0
1
1
00000110
11
111111111
110
111011
000
0100
0100
00001
1100
10
11
10
11
111
1
000
0
111
000
1111
111
1000111
0
10000
11
0111
100011
111
01
10111
11
11
101
1011111
11
1011
111
01
110000000001
11111
10
1
11
111
01
1
111
1101
111
111
111
111
1111
0110
011
11
1100
11
10
1111
111
1
10
10001
1111
1
11
111
11
1111
1
1
1111
11
11
1111
11
111
1
111
110
010
1
1
1
0
0
0
10011
0
0
1
0
1
1111
1
1
1
1
1
0
1
1
1
0
1
1
1
0
1
0
1100111
0
11
0
111
1
1
11
111
1
110
111
0
101
111
11
1011010
11
111
111101
0
0
0
0
0
0
1
1
0
1
111
11
1
00111
11
1
0
0
01
0
010
00
1111111
00
1
0
1
11111
11
10111
11000110110100
1
0
0
1
0
1
0
0
0
1
0
0
1
11
0
01
00
1111111
11110111
1
111
0011
1111110
111
111
0
0
0
0
0
0
0
1
0
1
1
0
0
1
0
0
0
111
10
1
11
11
1
0
101101
1001
1
1
1
1
1
1
1
1
1
1
1
1
01
1
1
1
1
1
1
1
1
1
1
111
1
1
1
1011
1
1
11
1
110
111
11
111
1111
11
01
11
1
1
1
1111
1
1
0
1
0
0
0
0
0
1
0
11
11
10
011
1101100111111000
0
1
111111
0111
0
0
0
0
0
0
0
0
0
1
0
111111
11
111
1
1
1
011
0
1111
111
110000110
1
0101
00
1
11
11
11
11
111
01101
111
11111
10111111
111
111
10111
1010111
1
111
111
111
11
01111
0
1
0
0
0
0
0
0
1
01001101010000111111000010000110000101110
000000000000000000010111001000
1
0
0
1
0
0
0
0
0
1
0
0
1
0
0
111
0100
111
1111
1111
01
111
01111
100
1110
000
10
11101
0
11011
11111
101000
11110
0
1
0
1
0
0
0
0
0
0
11
000
100
1000010101
1
0
11
11
1111
01
00
011
11
11011
11
1
1
1111
1111
111
11
011
111
1110
11
111
1111
000
1111
11
1111
01
1111
1100
101
111
0001
0
1
1
0
0
11111111110111001111111010
0
101
00
11
1110
1110
00
00
111110111
0101
11
1101
101110
110111
10
1110
11110
0111
111111
1
11111
1111
000
11111
111
111
000
100101
01111
11011
11111
01111
10001
10111
111011
000111
11001
0110
11101
111010
1011
001
1
01
00
010
01
1
0
111111
111111110
0
0
0
1110
11
1101
01
01
1
1
00
11
1101
0
1
1
0
0
1
0
0
0
0
0
0
1
1
1
0
1
1
0
0
11
0
1
10
10
011
11
0
11
1
0
1
1111
11111
1
11
1
11
11
1111
11
1
1
111
1111
0
11
10
1
11
1
11
1
1
1
11
11
1
0
1101
1
0
10
10
00
0
00
10
10
1
10
10
0
10
1
0
1
1
111100
01
1
1
1
1
11
1111
1
11
11100
1100111
0111
1
111
1
1
1
1
00
1
1
1
1
1
1
1
1
1
1
1
11
0
1
111111111
111111
0
111
111
11
0
0
11101
11111
1111111
0101111
100
1111
01101
1010
111001
11110
001
11111101
1111
1100111110100
111001011001
110
01110
10001
111110
1011
1111
111001
0111
11110
111110
1111111
1111
11011
1011
111111
111000
1111100
11000000
1111
1111
010
11111
1001
1101
01100
11011
111
1
11
010011001
111
1011111
110
111
10011101
1
1
1
11
1
01
101111111
1
11111
11110
011101
111111
01111
1011
011011
111
11011
110
1011
1111
111
100010
11101
1111
1111
11111
00000
10000
10
1111
11
11
111
011
1111
11111
11101
0010011
111101
111
11111
1011
001
1101001
10111
1111111
01101
11111
11111
1111111
11111101011
01
100
010111
10111
101111
111111111
10000
111111
1010
111111010111000
1110100
11
111
111111
111
111
101111
011110
1
1111
1
1011110
111010
111
1
01
01
11
0
111101
11111
111111
11111
1111
1101
11111
11111
1111
111
11
11111
1111
111
11111
11
1111
1111
11111
11111
1111
0011
111
1111
11111
1111
1111
1111
11
1
0
1
0
0
0
0
0
1
0
0
0
0
0
0
1
0
0
0
1
011
11
10111
11
0
11
11
0
11
10100001
11
1001
0111
1
11011100
0100000000010001110010000000100
1
10111
10
11
11
000000
111
11
1101
1
1
01
111
101110
1
1
11
1
1
1
0
00
1
01
01
1
1
0
10
1
1
0
0
01010
1
00
1101
11
01100111111
11
1
00
0
111
011
11111
1
111
1
1011
11100
110
1
01
0001010
011
111
111
111
0101
1111
11
11000
0000
10111
11111
0011
111111
111
000111
1110
11111
1111
1
00
0
1
0
00
00101011
100
0111
00
1111
1111
1111
111
11
1111
10
111
1
111
1
1111
1
1
11
1
1
11
1
0100
11111
11
1111
111
111111
1111
00111
0110
0
11111
00010
11111
0
101101
1
00
00011
1
1
1
11
0
00
0
1
1
0
1
1110111
11
110011010
1
11
11
11
1
1
111
11
00
1
11
111111
111
1
1
1
01
11111
111
0
111000
11111
00110
0001
111
1111
111
00000
111111
000000
000
11111
11111
1111001
11111
111111
00111
00011
111
00110
00101
00011
00000
000
010
0000
011
101
1111
00111
00000
111000
11111111
000
00
0000
10111110
1
11
11
0
11111
11
11111100
1
11111011
1
1
0
11
01
11
0011
111
11
101
0
01
1
111
00
01
10
11
111
111111
10111
11111
0011
11101
0001
11111
1001
1110
01
111111
11
11111
11
1111
111001
111
000
11111
01101
00111
1001
0001
111
01100
11110
0011
00001
111111
0111
100
1111
100
110
00111
00100
0011
11111
00011
1111
11111
11000
11001
1
11
1001
110
011
10
1110
1
01
0
1
00
11
10
111101
11
1
1
11111
10111
11
0
11
1111
111
1
1111
11111
1111
0111
11100
0001
11101
0
010
11111
01111
01100
01010
111
111
1000
00011
11101
000000
100
00111
11000
1010
01110
011100
011
1001
111110111
0
1
11
1
1
1
11
1
1111
11
11
01
1
11
111
011
11
0
01
0000
000
010
010
100
11
100
1
01
0
011011
111
11
00
11
1
00
10
10
1
10
11
10
0
11
11
00
1
1
1
00
0
1
1
01
1
01
11111
1
11100
11
0
111
010000000
1110111111011
111110111111
11011
111111111101
1111111111
1111011111
111101111
1100111
1111111
11110101011
11111011110111
1110111111
111110111
1111111111
1110
1111100011110111111111100
10001011111111001111101101110111
01
1111111001
1111111
10100011100101111111
111111111111
111111001111
11111010111111
11111111011111
0001111110110
1111111
111
00101100111
11111111
1111111111
011111101101110
111111111110111011
1111111
11011111111001111111
111110111110111
111111111
111111111
11111111
11111111101111
1111111101111010001
111111110100101111011
1111111111
001101001011111011111100
1111
1111
11111
11
1111111
1111
1111011
1111111111
111
111
11111
11011
1
0
1
11
0
01
1
00
11
1
00
0011111
111
1111
11111
1
11111
11111
10111111011
1101
1111101110
1111111111111
1111011111011110110101
0011111111110110110
1111111101
111
011111
111111
1101110110110
111110111
111
10111111
110101111
1111111111
1111110111111
11111110011
1111111
1111
11101
11111
111
11101
1111110
1111111111
11
11111
111
11
1111
11111111111
111
111
111101
111111
1111
11111010
1111
111111111
11111101
1111
1111
111111111111
10
1
11
1
1
1
1
1
11
111
1
11
111
111
1
111
0
111
11
111
1111
1
1
0111
1111
1
111
1
1
111
111
111
11
111
11
11
111
1
11
11
1
1
1
11
1000
1101101110
1
0
1111
011
111
11
1
11
11
11
11
111
101
0011
1
1
11
11
11
1111
11
1
111
1
1
1
1
100
001
111
1
111111
111
110
0
1
11
1
100
1
11
1
1
1
1101
1111
111
111
0
101
00
01
00
1
0
1
00
0
000000
11111
11
1
1
11
111
11111100111
111101
1111
011
101100
11111
1
11111
1
10
0
11111
1
0111
11
11
01
11111
0
111
1111
1
1101110
11111
101
00
01
11
00
11
1
111
11
111
1
10
0
0
1
111
11
11
1
111
111
1
11
1
1
1
1
1
1
10
1
1
1
01
1
1
1
1
1
1
1
11
1
1
1
0
11100
11
0
1
0
1
1
11
1
01
11111100111111011111111101
00101011110001101111100001110111111
11100
1
1
101
1
01
11001
110
0
0
11011
11
111
111
11
11
01
1
1011
0
011
10100
11010001
111011011101000101
1
101
00111
01011
11101000
00
1
0
1
111
1
1
00
0
1
1
1111
111
1
111001011
11111
11
1100
0010
1111
00
0
0
1
0
1
1
11111
1111011001
1110
0101
1
101
1111
11
0111
101
1
0
11
0
1
1
1
01
00
01
0
0
1
0
1
00
111
1111
1111
1
11101
11
1
1
1
11
11
111111
1
11
1
11
0
111
0
1
1
1
00
00011
110111
0
11101
000101
010111010010
00
01
01
01
1
0111
11
111
111
1
1
1111111
1
1111111
1
0
1
1
1
0111101
0
1
0
11
00
01111
01
1111
111
111
111
11
11
11
111
111
11
111
1
10111
1
1
11
1
11
111
11
1
111
1
1
0
1100
0
1
0
0
1
1
0
0
100
1110111
1
111111111111111
1
01111011110011
1111
00
00
111
0
1
11
1
11
111011
0111
1
11
11
1
1
0
00
1110100110
0
1
00
0
1
00
01
01
10
1
1
1
0
01
111010111
1
11111
1
01
00
1
0
1
11
00
1
000
1
11110
11
11
01
1
1
1
1
011
0
0
01
0
0
1
0
0
0
1101
11
0
1
1
1
1
111
11
1
111
1
110
1
00
1
1
1
0
0
0
1
1
0
1
1
0
1
111
0
0
1
0
00
0
1
0
1
0
1
1
0
0
1
1
1
1
0
1
0
0
1
0
1
0
1
00
0
0
1
0
1100
11
1101000
111
11
0111
01
0
1
00
11
111
111
1
0
0
0
10
111
11
11
11
111111010
101
1111
1
1
01011110
101111
1111001
000111111
011111111
1
1
01
1
1
0
0
11
110110
1
1101100
11
11
111
1
0
101
11
11
0
1
11
1
10
1
1
1
1
11
11
11
11
1
1
1
11
10
11
10
11
1
1
11
11
10
1
0
0
1
11
111
110
111110111
10111
111
11
110111
1
1
10101
1
0
111
11
0111
1010
1110
1011
0110111011111100100111100111111000111100100111111110011011001000110111011110111
1
100
1
100111
11111
111111
0011
111
1101101
0111
001
111001
10011
11011
111
111
010
1
1
1
11
11
00
11
1
1
000
110111
0
111
111
0
11
1
111111
1
1
00011111
1
11
1001
111101
000
1
1
00011111
11011
1
10
111
1
1
1
1
1
01
1
11
00
011
101
11
1110110111
1
11
101111
1101
1
11
1
1
10
11111
1
1
11
1
0
1
1
1
1
00
000111
10011
1
11
110110
00
100101101
11111
1
00
11
11
1
11
01
11
0
0
0
111
111
111
1011
111
111
111
1110
1101
11
111
1
00
1
1
11
0
10
11
00
11
00
01
10
01111
110111
01001
111
111101
1111
11111
1001011
111101
1111
1111
11111
011
11111
111
111111
10111101
1111
1111
011
11111
1111111
01110
1111
10010
1111111
11111
0101
111111
1111111
110111
1111
0101101
1111111
1011111
111
101
011
11
11
111
01111
1
111
1
1111011
11111
11111
111111
11111
111
10101
0111
10101
111111
111111
110
10011111
111111
11110
011
1111
111111
11110
110101
11100
11111
011110
001101
1111101
11111
00011
111111
11111
11011
1111
01
11111
11
01
111
11
111
111
111
10111011
11
11
11
011011011
1111
111
1101
01111
0
1
1
11
11
111111
111
01111
1111
1111
111
110
1110
101
1101
1111
110100
111111
1010
11
1111
11111
0101
110
11111
1110
11111
11010
10
11111
110
100110
1111
11000111
010
01
111
111
11111
000100
11111
1101
10101
11111
111111
1010
100100
11111
1111
01110
101111
01010
1110
11111
111110
1111
111
11111
010
0
0
1
01101010010100
1
0
1
111
00
110
11
10111
0001
00
11
1001
1
01
0
110
11
11
1
1
01111
110
1
1
1
1
11
11
1
1110
1001
11
11
111
11
1
11
11
1
111
1
1
11
11
1
10
11
1
0
1
0111
0
1
011
1
11
1101
1
111
11
011
0011
110
11111111
011011
1101110111001
1
00001111
10
111100
01111111
01111
1
111
11
111
11
1
11
1
11
1
10
1
011
1
11
11
11
0
1100
1
1
1
0
1
1
11
1
111
1011
01
1
1
1
01
01
0
1
10111101
11101101111
11111
111101010111
11011
11
111101
1001
1
111
110011
0010
01101101100111
1
111
11
1100
1
1
000
11011111
1
1101
101
111
01111
11
1111
0
01111
00111111
1111
10111
11111
1111
111001
0111
11111
1
1
110
10
111111
1101
11111
01100
11111
111110
11110
0000
01111
11
0110
11
1
1
1
01111
001010
1101
0111
01
1111
1
11111110
0
1
1111110011111010
111
1110101101
11111
1111111011
111
1111
10111111
011
1
111111
11111111111
1101
11111111
101
111110101
1101
1001110
011
11111101011
110111
111111101
1
11
111111
111111001101
0111
00
00
111
11
111
10011101010
1101
11
010011111
1
1110001
111
111111111
10
1
11
1
1
1
01
111
00
00
1
0
1
010
1
111
111
10
1
01
111
11
1
11
1101
111001
111
0011
11011
011
01101
10111
1000111
101101
011
011
1
011
11
110
11
111
0
10
11
1101
101
00
111
1
11
1
0
1
1
111
1
1
010
00
0
11
00
011
1
10
11
10
0
11
1
11011
11
1011
0
11
11
1
10110010000
011
10
111
1
011
11
10111
11
11
11
11
0
1
111
1
0
0
0111
1
1
1
1
0
1
1
11
11
0
0
11
0
10111
11
101
1110111
011
11
11
11
11110001
011
1101
11
1
1
01
11
101
1
1
11
0100
11
1
11
1
1
1
1
1
1
1
11
111
11
1
01
11
11
10
1
1
1
1
1
1
1
1
1
1
1
11
1
00
11
01
0
11
1
1
1
111
11
111
11
1
0
011
11
1
11
1
1
11
111
01
1
1
1
1
0
1
111
1111
11
11
1
01
1
1
11
0
1
1
01
1
1
100
0
10
01
11
01110001
111
00
0
1
