111
111
1111
111011
111
1111111
101111
1111
1
1
11111
11111
1111
1
111111
1111
111101
111
111
11111
1110111
10
111
111
1
111101
1111
11111010100
1111
001111
011
11011111
101
01
1
111
1111
110101
111111
1111
100101010001
11111
01
1
1111
1111
1111
1111
11111101011000001
1
1111
11
110111
1011111110
111
100101
111111
0110101101011011
1111111
111110
111
111
0111011
011111
1111111
1111
11
1111
111111
11101
11111
1
1
111
1111
1
111
0110111
111
1011
0111
1
101
11111
1101010
011111
111
10011011
11011
1
1
111111
0111
11111
111
01
1111
1
11
11
1
01
1
1
01111
11111
11111111
1111
11
111111
111111
1111111
11
111111
1
111
10
11111
111
1
101
111
11
1
11
1101100
1
1011
11
11
110
1
111
11
111
111
11
111
11
11
111
111
111
0111
11
01
1101
1
1011
1
1110
1
1011
11
111
1011
11
1
11
11
11
111
11
111
111
111
11111
11111
1110
1111
011
0
11
11
1
11
11
11
11
1
11
1
1
11
1
1
11
11
1
11
1
11
1
1
11
11
1
11
1
1
1
011
1
1
1
01
01
1
1
1
1
1
1
1
1
1
1
1
1
1
11
1
11
01
1
11
11
11
11
0
11
11
1
1
11
1
1
1
1
1
1
11
11
1
11
1
11
1
1
11
11
11
11
1
1
11
11
11
1
01
1
1
00
1
11
1
01
1
11
11
01
1
1
01
1
1
1
11
0
11
11
01
11
1
11
01
01
1
11
1
11
11
1
11
1
0
1
11
1
1
11
11
11
1
11
11
11
11
11
11
11
1
1
11
1
0
1
1
11
1
11
1
1
0
1
1
11
1
11
1
11
11
11
01
11
01
1
1
11
11
11
1
1
1
11
1
11
11
1
11
1
1
1
01
1
111
111
1101110
1
1
1001
11
11
11
11
1011
101
11
1
1
010
1
11110
1111111
1101
11111
1111110111
1110110
11111
11111111
1111
101111
1111
1
1
111
1
1111
11101
11111
110
11101
11110111
111
111
11111111
10111
11111
111111
111111
111111
111111
11010
1111
111101
111111
111111
01111111
111111
1111
111111
11111
1111111
1111111
1111
1111
10
1011
11
11
101111
1
111
11100
0111
110101
11
1
11
1
11101
101
1
011
1
11
111
110
11
11
11
11
111
10111
01
10
1111
