01001
11
1
100
01
001
10000
1000001
01
0101
011000001000
01
10
001
000101
11
11
1001
010001
0000010000010000
001
100000000100
00001
1
001001
10000001
100000000010
001
00001011100010101110
001011
10
110
01
0101
0000101
010000
100001
01001
1
010
1000000001
011
01
10
00011
01
01001
100000
1
00001
010000010
10
00101
11
00101011
10
11
101
01
0011
00001
011
11
01
00001
11
00001
10
0101
01
10
001
101
1100000
101
001000
001
0100001000
001
10
01
01001
1010
0000011
1001
001
10
01
00001000001
0011
10
0001
011
1001
01
10
1001
01
1010001010100
1100
01
100100000000
11
10
0101
1
01
0
00001
010000
010011000000100000
01
1
01
00100
1000
10000000
01
11001000100
101
11
001
01
0011
01
001
01
01
010000100000
1
01
10000
010
0101
00100100000
1
1001
101
010
001
0101
001
011
00010000
011
10100
001011
10
1
01
001
01100
00101
01
11
10
1
001
0100
0101
01
01
10
01
001
001
0001001
10
100
01
00001001
1
001
110001
0001
111
0001
0001000100000
11
10011000000010
11
1000
00101
01
1
01010
01
01
01
0001
001
100
00001001
01
1
1
01010
001
01
10000
100000100001000
01
101
0100
000000001010
10
1001
1
1
11
11000
11
00101
1
10
01
01
01
0000
110001
0
010101000000111
11
100
001
011
001
10010
100
0010001
01
000010000000001
0000101
01
010100
0010001
1001
11
1
01
0001
0001
001
100100
001011
1
0101
000101
10
01001
1
0000101
1000
001
01
010001
0110
10
10001
1010100010101
1010000
01000001
11000
00101
001
01
0001
01
001001
011
0000101
00010000000010
001
10000010
001
01
00001
10
010
011
101
1
1
0000
1000000000010
11
10
000101
01
00101
01
11
0110000000
1001
01011000
01
01
0
1000
10
100000001
01
001100
1
001
11010000
01
100000
01
01
001
000010001
0010
11
1
10
11
11101
100001
001
01
1
1000
001
1000
0101
1
0001
100
100
01
101
001
01
101
1010
00101
0000
00010000010000
100010100
0101001001
010001
0001
01000
0
00
1
010
001
1
0011
10
1000001
10
01
01
10100
010
10000000000001
1000
1
001
001
000001000000
01
100000010
001
10
0000101
0100
01
100
00000010010
01
000101
1000
01
01
0001
0101
001000
01
10001
1
010001
10
1
101
01
10
1000
100
010
10
11
10000000000010000
1010
01
00100001
11
011000001
0100001
0001
1001
01
10000010
01
00000100000
100001
0001
0100000
0001010
00100
000010000001
0100
01
01
01
100
1001
0101
10
1000
11
0010111
001001
10
001
0001
01
1000000000100
1
010
1
0101
1
10
010
10000100
1000
01
10
010
10
001
0101
000000110
1001
1
01
0101
0000001
10
10
11
001
00001
01
101
011
001
11000
11
000010000000001
01
01
1010
101
1100100
101
001
001010
0001
1
0010
1000
100
00001
01
001
01
011
0100
001
1
101
011111100001000000
1
1
01
11000
0101
101
1100000
0101
0000101
01
1110010000110
01
11
001
001
01000001
01
0101
100010
10
0001
101
00000100010
001
100000010
01
10
100
1000001
10
01000000000100000000
01
01
001000100
0011010
001
10
100
101101
00001
010010000
10011000
01
010
10
1001
1
1
0110
000101
10
100
00100001
0100000010
100010
01
01
10
00100000100
0000010001
1000
0001
00001
0001
10
00001
01
010
010000000000000010
01000000001
