01
0
1
1
01
1
0
00
1
00001
1
0001
1
0
1
1
1
01
1
0
10000001
0
100100010000
0
0
10000000
1
1000
1
0
0
1
1
1
1
1
01
10100
1
00
0
1000
0
10001
1000
00
0
101
0
10
0001
1000100
001101
0001
10000
10001
1
0001
0100
1
1
00
1
0
0
1
01
0001
1
10
0001
1
1
1
0001
1000
1
1
01
0001
0010111
11001
0
1
001
01001
000
10
1
0
000101
1
110
01
0
0
0
0001
000111
10000
1
0001
00100001
01000100
1
0
1
00
1
1
1
1
1
10
1
0
00001
0001
0
1
0
110
0001
1
0
11100
01
1
1000
11
11
0001
0001
01
0
1
1
0
10001
0001
1
0100
1
00001
1
1
0000001
1100
00000001
1
01
0
1
1
1
0001
0000
00011
00100
01
00010001
1
1
0
0
0
000111
0
0
1
1
1
0
1
0100
00011
1
111
0001000
001
10000
1
0001
100
1
1
0
0001
0
0
1
0
0
1
11110001000
1
1000
001
1
0
0
100
01
0001
0
0
00001
10
1
000001
01
1
0
0
1
1
1
0
10
01
00
0
0
1
000011
0
0
10
1
0
1
0
1
00011
0
01
00100
1
0001
1000
0001
11
1
1
0
1
0
0
11
1
1
0
0001
1
100000
0001
00
111
1
0
0000010
000110000100000
0001
1
11
0
1
10
0
1
1
10000
01
01
1
01
0
1
1000
1
1
1
1
0001
1001
0
1
1
001
1
0
1
0000001
10100
01
1
0
00
1
0001
0
1
0
1
1
000011
001
0001
1000
1
00010001
001
1
1000
0001
1
01
0
0100
1000
0
0
1
1
1
1
0
001
1
0
0
0
1
0
0
1
0
0011
01
10
0010000000
0
0
1
0001
0100
1
1
11010000
1
0001
10
001111
1
1
0001
1
11
1
001
1
0001
1
0
1
01001
11
1
0
1
1
0
01
0
1
0001
0
111000
0
1
1
0
001
1
100000
0000101
100000
0000
01
0
1
001
10
1
001
0
100
0
1
1
1
0
0
00011
0
10000
0
0
0
0001
000001
00
001
0
11
1
01
00001
1
1
10000111
0001
100010
0001
0
0100000000000
000
1
1
1
10
10
110000
1
11
1
1
1
0
1000
1
0001
1
100
0100
1
1
1
00
1
