1
00
0
1
0001
1
0
1
01
00
1
10
111000
1
0
01
0
0
1
1
01
1
1
0
1
1
0
1
1
1
1
1
0
0
01
1
0
0
0
1
10
0011
1
0001
10
0
001
01
1
1
1000
1
01
001
1
1
1
0
0
0
01
01
001
00
0
1
0
1
01
0
1
01
1
0
1
1
1
0
11
0
1
100
101
1
01
1
0
1000
0
001
1
1
01
0
1
1
011
1
01
1
1
1
10000
1
01
0
1
1000
0
0
1
1
1
1
1
01
1
0
1
1
1
0
0001
10
0
1
1
1
1
01
01
00
0
1
01
01
1
0
1
1000
0
01
1
1
1
0
1
00
1
0
0
0
01
0
1
0
1
1
1
001
1
1
1
1
1
1
0
1
01
1
0
0
1
1000
01
1
01
1
1
01
1
0
0
1
1
1
1
01
01
1
1
1
1
1
000001
1
0
1
1
001
1
1
000
1
1
0
11
1
1
1
01
1
00
1
0
01
11
0001
01
0
1
1
1
1
0001
01
0000
1
1
1
1
1
1
0001
0
0
1
00101
0001
001
1
0
1
1
100
1
1
1
0
1
0100
0
0
0
1
1
1
0
1
001
0
10
1
1
01
0001
1
10
01
1
01
001
0
1
1
1
1
0
1
0
1
0
01
100
1
1
1
1
0
1
0
1
1
10
1
0
01
1
11
001
1
1
1
0001
1010000
01
0
1
0
1
00
10
1
1
1
0
1
0
1
00
00
0
1
0
01
0
1
1
1
1100
0
1
1
01
1
1
1
0
1
1
00
1
0
0
1
01
0
10
1
1
0
1
1
0001
10
1
1
1
0
0001
1
10
00
1
0
01
01
1
1
1
1
1
0
1
0
1
0
1
0
0
001
1
01
1
0
01
0
001
1
0000
0
1
10
1
1
1
1
1
1
00
01
10
0
01
001
0
10
1010
1
1
111
01
0
1
1
01
01
10
0
0
10
001
01
1
1
1
0
0
1
00
1
1
01
1
01
1
1
0
01
1
1
1
1
1
0
1
10
0
1
0001
1
1
1
0
1
001
01
001
1
1
01
1
0
1
0
001
1
0
0
01
0
1
0
001
100
1
01
0
1
001
0100
1
