1
1
1
1
00010001
10000000
001
1
11
0001
1000
01
00000100001
1
0
000001
001
1
1
1
1
1000
0001
1
0001
1
1000000
0000001
001000
001
0000001
1
1
10
0001
1
000001
1
001
1000
1
1
000001
00001
10000
1
1
00000001
010000
1
1
1
000001
10
0001
000
1
1000
1
1
1
0100000
001
1
10000100
1
1
000001
100000
00000000000
1
0001
01
0001
01
1
1
01000010
100000
1
1
0100000000000
10000
1
1
1
01
01
0001
1
1
100000
0001
1
1
000001
1000000
1
0000001
001
1
0000001
0001
1
1000000
1
1
1
1
100000
100000
1
01
0001
10
0001
1
00000001
001000
0001
01
010000000000000
1
0001
1
1
10000
1
1
001
001
1
1
0
001000
10000000
0001
1
1
1
1
0001
0100
000001
1000
1
01
1
1
000
01
10000
1
1
00000001
1
01
01
