1111
1111
1111
101
111111
11011
01111
1
1111111
111111
0101010
1010101
11
10001000
1111
11001100001
1100011
11
1000000000000010110001
1101
1111
1
01
1
1111
11
1111
1111
1001
0111110000000
000000000000010
11
011
1001
1111110
111111
111
000100011000
11100000000010
11110
1111
1001101
1110001
001000
11
100111
1
1111111
1011
1
1111
01100000010001
11
111
101010110
11
1000010110
1111
1
101111
00000111001
100001101010
11101
1110110101000000
111101
001
1
111
1110101100
11110010001110
00111
000001
0111000000
10111
0111
0101111111
01
1001101
10000111
11
1001
110101
10001001001
10011
1111
111111
100001000110
10111111011
11
11
0111101101011
10000110
101010110
001
0000000000011000100011100000000000
01101
1111
10111
1111010010010010101000000
10111111
010010000
00000001010000001100000000
1111
00010011110
0000000
11000101000
11010010010
110111
111111111110
0111000
1
1111
0001101
11111
1
0001111
101101
01
1
0110101
111111
011
101
1100
00011111
111
1101
10010000100110
01000110
111
11110
1111
1111100
11
110111
11111
00
000000011000000010011
1
1011
111
101001
1111
10111
00011
10000100010
110111
11
11
1
11101
1100000011
10
0001
1
11111
1100101
1001
11
1001110011
111
11111
0100100101010001
01
0110100010
11
1000010011111
0110000111011001110
000
11001
100010000
0000011011100000
11000
00000000011100000000
111001
1111
1111
11
1111
100000
0111100000
110
11
11111
10000011011000001001
1111
11111111
111
1111
1111
11
011
11110
110011
1111
111111111
111
001111
11
111111
11
100001100
011
011
0110
1100000
1111111001
111111
10001
1000101
10
111101
10111
111010
01000100100000
0010001000110110
1111
100111
11111
1011000000
11
1101
111101
1111
101
1
1
110100101
1
110101
11
110010111110
0111111
1101111
11011
11
1110101
11011
1101
11111
01110100000011100001
111
1110001
1000000000
1111100111
111111
01000
00110101
1
111
11
10100010110
11
11001111
11001001
011010
1101101
11
10
00000110111
1111
11
1101111
1111
1111111
1111
011001101
1001101
1001
11111
111111101
00011
01111
10111
111001001011
11
11101010
1000001000
1
0110111
1
1111
11
01111
1111
111
1
10111
00010001
11
1111
11
1
11011
111111
1101100100000
11
01111100001
01110001000000
0110000011111
111
010010000000000000
1101111
00000010000100100100000
111100000111110
010
100111
1101010
111
0010001000000000000000000
11101
010010000
1111
1
01
11101
1000001001
101011
10010000
11
011111011
11
111111
11
11
11
1111
1111111111111111
11110010
1111
111
0010110000
11
000
11
101
1
111
110010101
11111
1111
001001
111011
111
1111111
01011
11
1111
1
101010001001100
110
101
1111
11101
1111
1111
000
00100001010000
111100000
1
11
10000000001
00100000010000000000
111
1101101011
1000011010
1100101
1101000110
11011
1100111101
1111
1111
11
01
1111
10001
1001
1111
111
1110
111010000
0111
111001000111
1110111
011111
110001
0111111
10010
1111
11
11111
1111
01
1
1001101000000
1
10010000001100010
111001
10
00
100000111000000011
110011
11111
1111
1111
1111111000000
100111
1111011
111100
1101
11
1000011
11111
111011
00000000000000
111100
11101110111
100001001000001100
111
1111
0
111
1101011
111
1111000
11101
1111
0110100010
00011001100111
111
000010
101101
11111
111
101101101
11111
11011010111
100011110
11101
1111
11
0100000011110
1111
11
0010001
1110111
1100011
11
111
1111001
11111
11
1111
11111
1111111
110000110000
111101
111011
11
1101
01101000000001
0000000011010000000010
1111
11100010100
11111
01
1
01001001
1111001
11110
10111000
11
1010010001
11111
1111
11
1111
11000000
1111
1111101
1111101
1101011111
11
0111
01010000100
0101
1
101
0010010010000110
1111
0000101001010
00
110011111
111111
1
11100
11
11111
11
1111
011
11101
11
01111
11
1
11100
10011110
10111
1111
0011101
010001101101
110110
1
0000000011100000100000000000
0101010010
111110
0111
001
11
101
