000001
1000000
101
100000
1001
1
000001
010000
1000000000
0001000000
11
11
0100000000
000010
100000
10
11
1
11
11
0000011
00000
011
100100
001
1000000
01
00101
1
000001
010000
1001000000
01100000000000010
01010001
000000010000000
1010000000
0000011
1000
100000000000000000
010
1
11
010001
100000
01
10000000001
1
10100
1100001
1
11
010000
1
100100000100000000110000000
111
01000000
11
001
100000
010000
0000001
1
100010
0001
100000000
110000010000000000
1
01001000
1
100001000000000
10100000
010000100
100000000000
00
10100
1
1
1000001
1
010000
1
000001
11
0110
10100001000
001
100000
00000000001
0010000001
1
11
101
0110
1010
1
000000001
1
110
0
0000000001
0101
01
1001
000001
100000
11
1
100000
0011
1
00001
011
11
1
1
1
1
1
001
01
010000000
000001000000
01
100100
01
1
100000000
100000000001
0011
010000
011
1001
0011
100000
00001
01
00100
1000000000001
010001
00000
0000000001
10000
11
100010
10000
10100000
001
1
000010000
10001
11
1
100000
1
000001
0101
001000
0001
000001
001000
1
000001
1
11
10001
1
100010
1000000100000
100000
01000010100000
01100000000000
1010
1
1
11
0
0000000
1000001
100000
101
00010001
00000
11
11
10000001
01000
1
000001
1000001
0101001
001000
100001000
0000001
100000110
1
10000
0111
01000000
100000
11
11
1
010000
000001
00011
001000
1000000000001
101000010000000001000
0001001
1
01010
011
11
1010
11
00011
000100100000
1000001
001
110000
000000011
001000
1
000001
10
000001
010000
0001010
01
1
001
1010
0000001
0000001
10
0
001001
01
000001
1100
1
00010000000000000000000000001
011000
001101
001000
00000001
1
110000000
1
1
100000000010
1
1100
1
00000100100000010
1
000001
100000
1
0
1
1
1000000
1
10000100000
1
100100
1
100000000
001000
000001
01000100
000001
1
01
11
1
000001
11
0100000000001
11
1000000
100000
000011
10010
10000000000000
000001
100010
1
1
11
0000100001
1000000
001
100000000
00000000000
100100000010
0000000001
1100000
1
11
0000011
100000
0000011
1001
010000
000101
1
000001
0011000
00000
00000010
10
0011000001
0001000000000
1001
11
11
0000100000000000000000
10100
000001
100100000
1
010000
0001000001
1
10000
000001
1
11
001
1
1
00001
001
10001
01010000
00000
100000010
1
000001
1100000000
1
1
1
1
100000
1
01
010000
000001
1
0011
1100
011001001
1000000000
01
10000000000
0100000
010001
11
1010000
0001
101
0001
10001
000000001
1
001001
0001
1
100000
11
1
010000
1
1
000100001
10
100000
1
0010001
00010000
1000000000000000
100000
1
011
11
10010
1
1
000001
101
10001
11
0000000000001
0100000
101
0000011
100000
000001
001
001000
1
000001
00011
111
10001000
100000
11
001000
00001
1
11
10000000
01001100000
01
000000000
00011
01
100000
01000000000
10010
1001
10000000001
010010000100000
0100000000
00
001000
01
0001
0000000100000
1000000
1
