11
1
00000011
00101100010
1
100000000010111110001010110001100000101000
110
1
0000
0111
101
0000110000000000000
001010011
00010000000100100000100010000100001
1001011
10010
01100000101000000000011
1111100
1101000010000000100010
010000000000100010000
0000100100000000001
00100010001000100100010000001100100000
11011011001100100
010001000000
100100000
010001100010011010000011100000001001000011001000000000
0011000000000100000
1010000
0100000000
001110
11101010111100
100100
011
011100000111011001
0100011111100001111011000111111011101000010000010000000100000011010101001
00010000000000000100
00010000100000001000010100100001000000100000100000000011000010001
1
00000000
11000010
1000100101000000010
11001000000000
010
01110101000010
0000110000010000
1101110100001
1
10000100000000001010011100000100010000100001000100
100010000
00011
1001000000000
1100100
000100010000001000000001010010000000001000100000001100000000010
1110011110101000010000
1100000001
11
01000010000000110000111000000101000010001000011001000
10001
011100010100000001110010000
00010001000100010000010100110001010000010101000010000000010100000100010000101001100100001000010000100000000
111000
1
0011
001
111111101
0100100100
00010100000
1
0011000001
0000000000100100001000010001100000010100001000100000101000100000
1110101000
10100010000000000001100010000000000000100010101000010000
1010000001001010000000100000000000110010001000010100100001010001000001000000001000000000000000101000000000000000001010001010000000000010010000000000010000
100000
1110111100000100
100100
010000010001
00101000000010001
11
00001100
101000
01100
10010000001000100010000100000011000000110010000011000
001000010110000000101000011010010000100000100000000000001000
0100001000000000100001010010000000010010001000001010001010
1100000000000
000
100001011
100000000
110110000000
0000001000100001000100000101010001010000100000100001000000010001000000010000000000000000000101
00011011010000001010000000000001000000000000
010000000011010001001100000000001000000001000010
01110000101011100010
100010000000
00010100000000101000111000000000001010
010110100100010111000110001110000001000100011101100000000001000000000010011000
100001
0000001001000100
0000001000000000001000110
0000001100101111000011000111000
011100100
0000100000000000000000101100000010
010100000
00001000011001001001100000000000000000
011010010
00
101000000011
010000100000010000100100100101100100100000000100000010001000000010
101011
11
00100001011000110101000001000110010
010100
100010000010000101100000011000100001000
11110100
1000000000101100000000010110000000
110
011101101100000110010
00000010001000010000110010000001000000000000010010001000001111011000110100000
1000000000100001100100010101000000
0101
110111011010001000110
100110110
11
1110001101100
010100
101001
011
10011110100
100100
0010010000101001000100000101
00100000100000001100010010100000100001000000000100011
01110101001001000100000
100000000011000000000000000100
111000001
10000
011
00000110000000001010010000100
000110000
000101000100010001100000000001000101000010001
01000001
110000000000
1010001100011000000000001000100001000001010
0001000000
10100
1000101010100100101000110000001011
01010000
01000000100000000001001000100010
0001000001001000000010000
10000001000111001
1100
10100100100000
0100100001000000100000000011000010
1000100000100101011101000000000101000100000100011000001000000000000000
110010010
11
11000000010100010100011010010010100100000000
101000000000
10011000010000000
00000110110101010101000001000000
00000001000011100000010010100100000010010000000000110010
01001100010010000
1111
1
00000000100001010010010000010001000001000010
11000
011010010000000101100
01001000000010100000001001000001100000001000110000
100000100110000
0101
10000000000000010000000000010000001000010000101000000000
000110000
1011100100100000001010101
01100010000011000
1101
0100011
1000000
0000000001110001000100000000011
0001000000
1000010111110000000000001100000001
111100
0
100000000001000000010000000
10100
000000001000101001001111000000111000000100000110001
11
000111000100100010010001000000100100000001010000
01001100111101100010000
1
100000001
111000110011001000
0001000000100010000001000000000
0010110010010010010100000000
1000001000
001001
11001001
00110000
001000110000101001000100000100100000101000
0010000010000100000000000010000000101001
1100001001000000000001100
00
00101000000100100010101001000000101001
010001000001
0000000000000101001000000111110000001001001001100001001001001000
000000
0000010001010000000100010000
1
0101100001001000100000000011100100000010
01000001
0010001000000000010000000010110000000010001000001000000100000000
01001001000
0000010000100010000101100001100010001000010010
00101
100010000000000001100000100000000010001100000100011000
100001001001001100001000100000000000010
1000000111000010100010001000000110000010110
000
01100000000011000010100000100110001000100001001000100
1100
1000000001000000001100010000
11011100101101
1001001000000010000000000
0000100010000110000001000101000100000000000100110000000000000
00110000100011111001010000000001101000
10010100100000
1000000
01001000
000000001100001000100000
10000100000101000010011000000001000000010001000001001
10000000001011110011000000000010001100
0001100000
11001101110000
01001010001000000
010100
1100100100010
1
111000
01110011101010100110010
00000000000100
1110100
011011011001000
0000100011
01000100000000001000100100001100000
10001
001100101100000010100100000100000110110101000001
1111001111011011100010000000000001000
0010000001100001010111110100
1
11
110111001111010000110100
00000100100000010100000000001000
0101000
01110000100001001110000001
00100011000000010001000101000001000001000100001000000000000010
11000
1010100001000000
010000001000010000000101001000
1111110000010000
100000010000
011100
010001000000
011011
00101
10101011110101011001110000000000000111000001000010001000010000001000000
00000010010111100000000101
0110101110
01010001
0000100100000
1
0
1001000000
011
1101101001010011000100
00101000010010100010
00100010010000000000
000100100110001100000
111011110101
11110110001011011
101101
1010010010000001110100100000101000000010000
0100000010001011001000001000001000001100000001100000000101000
0101
11
010000010
00001000100000000010010100100000000100001000010010000010001
01001000100010000010
10001000
10101000010000000
001000110001100100000000010001000
000000000000000000001000101100000000010000000011000000101000100
10000000111010001100000100011
10100
0110
01101100101
011000010
00010100000
10000101010000000010111000010
1100000000000000000000000000000000100000101000001000100101
100001000001000001001010000100100100000000100000100001000001000100
0000100010001101000001001000000001010001000010010001000100
011000000
0100000111000000110000100000
000001000000101
000000001100100001011000100000000100010100010001000
0011000000000001010011001010100001000010000100010000001001101000010000101
1100
10000111
000000001100010001010010001000010001000010001000100
1111011001
10010001000001000000110010011000001001000000000000000010
11
111
011111101100100000000001
100001
01110000110000010000
0001110100011101100
0001000010000100100011001000000000000000000010000011
111010000
1000000001000100
1
1
0000111010100000
10100
0001100010000000100000000000000000000000000000010000000000100000000000
0000000101000100001010001000000001000000001010001
011
01000001000001101000010000010000010000100010000000100001010010000
010000001
010001110001010
000001001001
001000001110
00001000
1001
11
000001001
00000001000010000000100011100001000010000010000010010000100
1101000010
100000000011100000000000000000
1000100000000000000100000000010000000100100011
100111001000000000
1
000111000100
001001000
00100001100010100000100000001010001000000000000000000000000000000000001000001000100010000100000110000000
101011
10010010000000010010001000000000
0111110100000
0000000100010000001000100000
1110000100100110001100
011
1
111110100
100100000
011
0100110000100
0000100010000101001100000000100100000101001
1100
101
1001101
10000010100000001
010000
0000000100000001000011000010100010000011100
1010
011010000000010000100000
10011010
1000001000001000000010001000000000010000000
0110
10100000010000010000000000000010010000010000100
1101010
000000010
100000001
00001
00011000001100000001000000100010000110101000010000000001010001011
0100000001011
111
0000000100100001000101001000010101000010001000001010000
11
11
1000100100000010110000000001000100
000111011100000010
00010000000000000100001
0011
101
1
000110000
0101001100111100101101
11000
1011011110010100000110
100000000000011
1001000010
001010010000010010001010000000100010000110000000
00001010110101000100100100100
10111
01100001001
110100001000001
000000100010100000100110000000001000100001001000000010
0010000000000000010100110100001000010000100010000101
10000100
0111010
1
0011
00101
1
00001
0100001010000100
110000111010001001
0110
01111111110100100010
1100000000100100
00111011011110001000100100100
00011
10000100011111010
0000100000000000100001101010000001000000000000100110
00000001100010110001001110000010
11000100000
010000001
01100000011000010100011010001000100001000010000
0001110000110000011000
11110010100
10100101
