111
0000111
11010000
110010
1111
01001001000000010
1
1
01011000000000
01
1111
11111
1
1
010101000000
1
1101
01
00001
1
001101110011
1
1
1
11111000
1
1
0101001000000
1
101111
1
101
111000
01
111
101001
11100001
001011111
1
11001110
1
11
1
11011101
1
0001111111111
111
1
1
01
11
000011010000000000000000
1
011110100100011
0000000000
11
1110000001
111
0100
1
111111
100000100
1
01
1110100001
1100000001
10111101
1
11
001011
1111
11111
011000110
111
1
110000111011
010000011000000000000
110111
00010011100010
1100000000000001
10
011111
1
11
0111000
011110
1001001000000
1
1
1000011
01
101011
10000011000000
010000100100100
0
100010
1
1
10111
0100011
100011
1
1
10001
1
0100000
1110000101
1011
1111
0001000110100001001001
11101
1
1
101
1
101111110111
01
10111111
1010010000
10010010
1000011
0111
100
0101000000100
1111111110001110
11
1
1111
1
1
1
010100101010110000101
1
1
111101
111
1
11000000000000000000
000011000100
1
00101111011
1
1
0110111
11000111
11010101110
1
110101
0111
1
1
11000111110
1
01100010
1
1001110
1
111000001010
1
1
01
1
1111111111
1
010000011011
10010000111000
10100001
0111000101
1
11101
1111
101111
1
1
1
001010000
01010001
0101101
10011000
1
11
1010111101
01100000000000000000010
01
111100
0
11111111
1
10
111000
111001
11111
0001
111011111
1
1
111111
000111
0100101000010110
1111
1011
1
0
1
11111
01
00100101001000001
1
0100
1
1
00100011
0000100100011111
11
10000111
1
01
11111
011000010000
1
100111
00000001011000100100
101
10
01
11
01011
0110001101100
1
1
0001011000001111100
10001110001
1
11
111110
1
11
11
111
0111
111101
1
01
10000010100100
01100000111000
1111
11101110
0111
11111
110111
11111
11000010011
111101111
1010000100000
100010001
0001011
1
111111111
1111
111000
1
1
1
11101
111000
1
1
1
1111
1010001
1
1101110
101010101101
1111
111
1
1111110
1
11
1
10000
11100
000111
10
11010
10110001000101001001
100000011
10010100000
1101011110
1
000100110000010111
110111
11101
111100100
001
01
1
1000001000100
010
1
011110000000110
1011
1111
1010011111
0001
111001
001110001111
00101
00000100100010
1
1001000
0101010
1111
11111
1
1
11
00111
1
1
1
1100100
11
0110110101001
0011
1
1
01
110011
1111
01
1100000000100010
101
10
1
11
1
11
11111
1110101
0101011
1111111
11
1
1110
0000010000000100
101
11
1
10110001
10110011110
01
1
101111
000111
1
101100000
11111
1
1
000000000100100101110101
10000011001
1101111
111110111
0001111
1111
01000111
1
111101
11
11
111
1
11
0011
100010001000
01
1
1100001
11
011
101010
1
1
11111
11
11111
1
1110
1
111
1
1
11
1001000
1
1111
0
00000110110111010000
10
1011101
1
101
1111
00111
1
1
1
11
1
1
10011
1
1
000111
11010000
1111
1
100100100
10111
0000110000000000
100100000
01
1
11
1
1
1
1010111
0000111
1111
11111011
1000011
1101000
1
01100001
001
11010010
11
0000001010000010
1
11010000
11
1
1
1
1
111000
0001111
1110
1
1000001011101
1
1000000
1111
0100001100
1
011010
100010000001
0110111
01
11
1111
11100
1
1
1111
11
01101100
10100010
011101010100001111
11
1111
1
000111
11111
111011
111111
11111
000001
111010111
1
110000000001010000010
1
01
00010010010010010
1111
011111
00111
1100
1
00100010101001011110
1010010
1
110000100111
101
01
1
1
1010
01
1
1101110010111000
111
1111
010100110
1
1101011111
01
0111
11111
11111
0101
1111111
11111
111111
111
111101
01111
11010000
11001
1
1
01
1
1
1
000010
11
111000
1
10001
1
101
1111110111
0110000001
1
000
111000
011100100
01
1010000000001
101011
0101000110110001
00101
1
1
1
000111
11111
1
1111
010010111111
1
1
10101
01
1
0101001000000000
1111
11
111
0001
1
001
010100110
1
01
11001111
1
10111
00110111011
0001
1
1
111111
0001
111101
1000101
1
1000001000
1011110
1
1
11000000010
1
1
11100000
01
010010001000100010110
111111
1
111011
1
1
110110101
0001111
1
1000
1111
1111
1
11111
001000101
10000
1
1
1
11111
11
1
1
1
1111
1
1
110100
1
1
1
0110010010101101
11100
1
1
01
11111
10
001
11011110
1
0000100000
1
