00010000
100000001
11
0100001
10100
001001
100000001
001001
011
0101
011000
0011
000101
1010
011
11
0010001
100001
00010001
100000001
1010000
000
011
110000
11
1100000
00101
010001000
100001
0100001
000100001
011
0011
11
0011
11
11000
000101
11
100010000
00101
11
011000
0011
11
00101
1000001
11
10100
11
11
01100000
11
000100001
010001000
00011
0011
11
100001
001001
1010000
000001000001
01100
011
00011
0011
101000
0010000001
100001
1001
100000001
00010001
1001
001100
0011
011
11
1001010000
0001100011
11
0101
0011
01010000
011000
0011
11
1010000
11
00100
100010
1010000
0011
11000000
0011
00110
101
1100
00011
0011
000101
