1010011
100010001110110
111
1
101
11100111
11110111
110000
11111
0111
01011111100
01010100000000111011
1000
00110000001
11110111101
11
001001000100100110000001000
10000
1
10011
1
1
10001100101110
110001010
00101011100
010000110000
1010
0001010000000010101
101111
11
01
11
100
10000010001000001010
1
01
01001
1
01
1
00001
1
0001
11
11
100110
11
11
011
1000
01
111
111
1011
1
011001
1
010110000000010110100101010
110
0
01
0001
100000
10100010000
11011111011
001101
10010
1000101
1
10000001
000010100000
11
10110000
0000
111100
1
1
001
10010101
11101111110100
11010
0001
11100110
11
0001
1
1
00
0001
111010101
1111
111010
000110011
101
0
1
00110
10111
01110010010101001
1
1001
1
1
1
111
11111
10010
11010001
0011011
1
10
100
1
1
000001
010
0001
1
01
1
0111100
1
1
1
1111001
111011
11
10111
11
10000100100
1001
11
1
0100110010000100
11
1
001
1
1010
1
1111011
100
10100101
000011
1
01
101
1
11
110110101
