0001000001
1000100000
100000
01010000011
0
0
1
0
000
0100100
0000
100
0
1000
100001
0
1
01000
0
1
101
11
01000
00001
1000
000010001
100001
00001
11
0
0010001
10000
101
10
10000
0
010001
1001110
11
00100
000001
11
1000
00010001
00100100
0000001
1000000
10
10000
001001
011
0000
10001
1000
000100
01000
10000
00100
100
001001
10001
1
00100
0
001000
0
00010
00
010001
00
1000
01
0101
0001
000000
100000
011
001
100000001
0
00010
11
0110000
00010
10000
0
1000
0101
0
0
00001
11
0
1100
011
001001
000100
1000000
11
010
01010000
0
011
011000
00010001
010100
00000001
010
0
0001
11
1000000
0
0
1000010
101
001
00100
00001
1000
101
00010
10
100001
1
0
0
10001
1000100
0
11
10000
01
0000100
1
11
001
000
0101000
111
0001
0
0
000010
0
10100
110000010001
0001001
01
11
0
10001
10000
0010001
10100
11
000010
11
0000
0
000100
001000
00001
0
011
0001
00000000010000000
0
00100
00001
101
010000
1
00010
0
01000
0001
10000
001
00
1000010
000011
0100100
01
101
00100
00010
0
1
0
1
11000
00000000
10000
11
10
001000000
00010
11
0
1
0
10
001
10100000
0
0
01
0
0101
0
01010000
000000
1
00001
0001000
1010
0000
10000001
0001
000
0
000100
00001
1000100
10000
0
0
000000011
11
01
10
00001
00110
000
0001001
100
0
01
00101
10000
001001
01
10000
0
10
100010000
00001
11
11
0
00001
10010
0
000100
10000000
10000
10
0
000000001
10
0100
00010
00100000
110000
1
100001
1
001011000
000010
10000000
0
100000
0001
101000
0
0
11
0001
1010
00001
1000
1010
10000
0100
010000
00010
0
11
001001
001000100
001000
1
00001
1
0110
00001
10000
000011
000
001000000
00010
00100
1
11
00
0
01000000
0
01
00000010
10000
10000
000001
010
01
0
0000
010001
000001
000
11
10000
0011
1
1
00010001
1
10
0100001
1
0
00010
00
1
110000
0000100001000
00100
00010
00000
11
0
00001
010001
1
10
00001
11
0000
10001
0
0
10000
00001
110000
010
011
100000010
00001
00
1
01
00010
100001
001001
010010
00001
1
01
01000
0101
0
01001
