000111
11000
1
1
111110001
1110000111001
01
001010100000000010100
1001
00
0110
1
1001
00
00
0
10100
10000000000010000001000110
111
101111100011110000
01
10010
011
0100000101
1
00011100101100000001000000000101
1
100101110010000
10
1000
1001001100010110000000100010010
001
01
1
00001001001001100100000011100100100
111110000
00011110000000000011101
001
1110100110
01
0100000001
10
0011
1111111001100001111001000
1
0010000100010101010001010100010000000011000010000010000001000011010
110
01
01
001010000101010000010000
1100
1
0
11110011000100000000011100011
10000010
1
1
01000100000011100000
1011
001
001
01
0011
01
111101
1000000010000001000111001011000001000010000000
101001010011
0001000100100000100010
0100000000001100
01011
1
01
01000110000000000011001
1
001
1000100
1010010000000100101011001000011000011000010000000
1011110000
0
00001011101011000110100001
1
1010010100001101100000010000110
1
0
01
0
10101000
0011
111110100001
110101100
10
01
111011
0110011011110110011000000000
100
0001
00010000010100001001110000100000001000010000100
1
0000110000001000011000000000000000001000100100010000
11000111001110000100000010000010
1110
00010000100010100000000000000000
11
1
1000010010000001001100000000000110000010010
0100010001000001000010
01
0001
10
1110000000010001000000001001000001100
010001101000001000100000100000010000
1100000010000000000000010000000
100
11
000000010110000101100010011000000000000000000000000100000000000000000000
000101
0
1000000000000000000000000100000000000000011100000
1
00000010010111100000001001000100000000001
011001101000001
001
000001000011101000000001
1
00000011000000100000000000110
000100101000001001010000001000
0100100
1101100001
0001
1
1110
00001100000100010001000000000000000000
0
10
0111
10101000
0001
1
010000100011000000100100000000000011000100100001000
01
000011000001110010
10
0001
0001
000000100010001000100000101
111
0111101000000
000000000010011000000100000001011
000000011110000100000
001
0111011000001
100000000010011111011110000000000000000000
0000100011001000011000
101
111101000000
0001
0111
10
10
1000
0011
0
011
100100010000000010000100
11001110001
1
1
1100
1000100110010
0001
1
0
00001000101001000010100
010010000100100100
0
00000011011000000000000010000000
0100010000000000010001010000000010001000011010001000
00011010000010100000001000000001000000100000010000000000000000
001010
00000000001000000110000000101100100001000
1001110010001
0010
01
0
0111110
100111100001000100111100000
1011101111000001100100
10000011000010000000001
1
0
01
10111100011111001
000000000100001100000110010000000010000100100000001100000
00000000110010100000000000010000
11
00001
1001
0011001
1010
11
111
1
1001
0111
01001
0000101000111000000010000100000000
1111101010
1
1
1111010
101
10100100
01
1
1000
0000
0111000100000
11110011
11
11
0011
010
000001110100101100000000000100
111
0010000010000010001000000000000010001000100
010
00010001001000100010101000000100000110000010000
0000000010100001000001010100010000000100000000100000001
11100000000000000000010
110011011110000
00111001001000100011001011
1000100010100001000100001000001010110001101000011000
0
00100000101000101000100001000
1
1110010000001000000
1
10011100001
1111001010
011101010
1
1
111110001
01101100000000100
010101001010100001
11
01
0000000011100000001100100001100000110010000010
11101110000
10100
10
011100110010000100001001000100000
000101011100110000000100001000100
10100011001000000000
0
1
001
110100111000
000110000011
100010
00100001010001000000
0011
10
001
1
11
010010111000
0010001000011010000000110100010001
101101000001000
101000000000000000
1
0001
01111
10000
11000001
1
10
0111000110001
00001
0111111010101000000000000
011110100000000100
1
11111010
010001011100000000000000
01
110010
110010000001000100000
10
1
0001
011111001
1001000011110
01000100100000010
1111100000
1
0100
11111
1000110101
11
0100010110001
1111000100001000
0
00000101101010001011110000100
1
0110010001000100000000000
1
0000110000
101
00011
0000000001111100011
100
0
001001
11
0
100000110011100000000000000
0
111110010101110000
0
11000000010000110
10010110111000000000
1
010101110100010000011000001
00000000101101000000000000010
001
110000100000100001010000100000100000000011000000
0011
111101
01100001000101000010001011000000010010000000010001
0010100100001000010000
10000100101000000010000000
000010100100100001000
01
01100010000
1
11
10
11101100000010001
001000000011000000000100
111101000000
010011
10110
1000100001100000000
000100001010001001000100001010000010000000001000001
110000000
001001
110
00110100000000001000010010010000100000100010001
0110101001
0001000010100000100000010110000000
00000110000100010001010000000000000000110000000110
0110
00001110000011000000100000011110
011
1100000000001
000001000010
111
1
10011111101010100001010
0
1
10100001010000000000000000000010
01000000010000100000100010010100010000011000001000100010
1
1111100
01
00
00110
0001
01000011000101000001000000000010000
0000001000100100100001
1
1000101110010000010000000
1111111000
00
1000111000100000
11
111001101000
0
0100
110000100100100000010
11011
000101000
01
010000001110000
000111001100000000001000
1
11000000110000000100
0001111010000
111111001
011
1
0000000110110000000001
111
011111100100001
100
00011000000010101000000011010010001
1
1
1
0110100
0000100001100101000000010011010010100000000000000000000000001
0
1101001100010000
10
00100001000010001000110000000010000011100
1100001000
0111101000001101100001010001000010100000
1
01000100000011010000001110111011110000000000000110000000000011110000001111101000010000000001100
11010000
001
1100
1
00
11
001
100
10011
1
1
1100
111
0
1100011100
1
00
100011000001000001000000000000110010
1
100001110111100001010000000
1100010100100
001
1000
111111100000000
010000
0100011000000010110110011000000010000000010000
100000
0111110100001111110000
11
11000000
0
00101
0111110000000000100000
11111111111100
1
11
101100010010000100001
1
011110110000000000000001010001000010100000001000100000110
1
0
0
111110010100000010
0100000111000001
0001001010000010011000000001000001000000000
111000111000110000000010000101
0100010110100000000100
0001000
01
0011000000000000100001111100001000
0001010100111100010000000000001110
00011
00
1
1001
0000000100100010010000000010
110010000001000100000
000000011001000001000010
1
001010010101010110011101000000100011000010011000
1001110001
1
100000001000000000010
001
1111001
00000001010001001110000000000001100100000
1
1110001000
11
0
010000110
01
10110011111000000000000010001
1
0
01110
10001000010001000000001000000000100
00001000000111000000001
0100110100001
111
100000000010100100001000000000
1101000010000100
1
1110011
01
010110
00
0100010000001001000010000
00001101101000001000010
1100110
1
100011100000001
111100011
01
011000
0101
1100
00011000000010000000
11110100
11
00000011011010100000110
0011
0100010000000
0
10
1111
1
011
01
010
11000100
01
0
1110001000100000
1
11100
01111111
1
1000
0100000000000010000000
1100
0111110111100001
0110000001000000001011000
01100000100100000000000000010
000000000001000010000000000011
000010011010000000
01010010000001001
1101
01
0
11
10000000
01000000
111110100010001000010001000
0000010000010010000001000001
0100
0111
1
100
10
100000
111110001
11010011111
011
010
11011
01
1
1111101101100010000
000011001000101
10
000000101111
0
1001100
001
0
1
0
100
01
01
001
101010
1100
0
110111001100
110000
1
10001
1
100010001001000000001
01
00001
1000000
1
1100010000
00011100001000100001000011010000001
110
000101
0010010000001100000100000000000010001001000001000110
001
00000000011100101000000100000010001
1
110
01011110100101111100001100111111100010
100
11
00000000101010000001100000
010001000100100100000
111011000
111110000
10001
1100
00010011000010100010110000010110100
100010110000010000000
11001100011100000000000
000010001001100001000000
10
0100101000100001000110001000000010000100010000000
000000000
1
110001000100001010000
1
000001110011000000000000000
1100
0100011011000000000011
10100
001
0001000011000001
011001110000011001100011000
10000001110001
11
11
1001
0
1
111011
11
11110000101
011
0
1
1
001000
1
000000011011000000001
0111
1
11100
01011101110000100000000110
0
001
01111110001000000
0000001001010000000010010
01
0101010000000100001
000100001010000010000001
10
100110000000110000000001
0010011100000101000100000
10
001
0000000000100001110100001000000000000000000000000
1000010000001000001001100011010000000000010010100000
11000100010001110001
01
000111000110000000000000
1
01
010001
10001110000001100000000000000000010000
100001011010000
011
1
1010
0000000001101100100101100010000000000000
11101101
1010111
10
1
1111
0101
01
1100101100000
1
1
0000100110001001000000
000101011001001000100001
0
101
10101101
100100001
1
1
1
11
1
0010010001010000010000010000010010011000100000
0110000000100010001
0111001100000
01
0
101000
11000011111
11
0
0
01
111
1
0
001
0110010
0
0101111000000000000
10000001000
011
01
010
1
01001100010100000000
11000101000000100100000000001
1
00110101010000000000000
11111
1011
1
11011111010100000000100
11111010100000100
11100011000100001
001
101
10111100
001
0000000010011000101101000000010000010111100100000
1000011010001
1
110001001
1100000000000000000100110000000100000000100010010110
1
1100010000001001000000
111100
1
11
011
001
000100110001000010000
1000
11001001000000010
10
0011000001111000100000001000000010001100
001
1
0
11011100111010000010000100
11
1001000110100000000000
1
1
10001111100
111000111000111100110000001111000010000000110100010001100001000000000101000000000000000000000000000
0111
10100010001111000100000010001000000
01000101000100000
0101000000000000010000010001100000000000010010000010000100100
1
0001
000001000100000100010001
10
00111
1
0100010000000101
100010000010000000
11001011001
110011
00100001
10011000101000000000000
1
1
00100
001
100000100010000010010110010000010110000000000000
1
1000
0
01000000000001001110100010
01000011100000001
1001
0111001010001
0
1
1111000000
000001
00
110010001000
1
011
0001
101111000001
01
01100000011000000100000000
1111
0011
001
1111000001
1000010001101000100000
10100
1110000000
1101110000000
11001000011100
10000100000010100000001
111
011101110
10111000
00010101
1
1001
0
1000011100001
11
111
00010000000110010
000100000010010001001000100010000000000100000000000000001000010
0000111010000
10
00000111101
1101100100
00010000010000000000001001100110000000001000000010000000000000010
0001000110000000100010000
111
000010010000011010100000010010
111101001
1000010110001010000000000001
1
0111010010000
01100011011100000000100000010
11001000
1
111110000
00
000000000101000
0100
100010000101000100000
1111001
1110110000000000000
1
0100000111101000011110000011010000010000100000000100001100
000001010011110100111100000000
100101
1000110001001
1
01011010001
0000111
11
1
111000000010001010
11
100010
1001
00
101110
0001
01101000010
1
1
110
1000000110111001001
011
10
0010000101100011010100
011000101101100000
10010000100000110000000000000000000101
011110010000011110000110111
1001
11100100010000000
0110110101110100110
001
01
0000011010110100000000001
0010000
01
111101111001101000000000000
1000000001000001000001
1
1
01
1111101101101001
0001
1
0010110010001000
1010000001110001
0
1
1
1
110001
00000011
01
100
10001100001100000000
0100100001110000
011
1110010000000
00100001000100010010000000100100000000110000011000000000000000000000000100000000001000000000010
11
0010100110011110000000010010
01001001000100001
100
001100000000001001001000000100001001000000
1001010100000000000001
1
1
11
100001000010001000010000
11
1000100001000000110000100
11001110000000000
1011100100
0
1
0
110011111
0
010001000010011100000
010100001100010000000
01100
0000111011
111100001
011
01
0011
0010
0
0111110001011110100
110100011
1
010000100000100010010001100000100000001000001
000011
10
1
1
1
001000
10110011011011100010101000000001000001100101
1111
1000
1
1011
1
0101
0111001000
001
0
1100
1000010000010001001000
00001100010010101
10
110001000000000
0100000100001000000001000000000100
1
1
00010
0100
1
1011000001110000
000011100101
0000000100010001001110001000010010000000010000000000000000000100100010
0000000001101011010
10100100
0
01
111100000100000
10
1
1
001
0011001001111000000010101000100
00010001011100001001101000001
01000
010
11
001000000101000001001000100000100001010000000100
010
000000011000110000
1
110
011110100000001000000
01
010100
1
111
100101
1
1110010000000010
1
1
010
100100000001100001000110001
111001010010000
11
100
011
11
1010001000
00001100001001000100000
10100000
00001
1000
01001000010
01
1000100000011100000
1111001000000
00000000010000000010100010010000000001000000000000001000000010000000000000000110
1
1
1
1
100011001000010001000100001011100010000000
000000011110010010001000
01
11110100100
0100001000100100100010000100001000010000100000100
111
000100110000000001010000011001100011
101
1
011
1101111
000010010000000010000000001000010
0110001000010001000011110000000000100
10
0001101
01
