1
100001
11
10
0001
11
1
1100000
1
1
001
10
000001
0100000
1
1
001
1
10
1
000001
0000
1
00001
01000
001
1
01
1
1
10000
00001
1
1
10000
1
1
01
001
1
0001
01
1000000
1
1
1
001
10000
000001
1
10
000001
01
1
1
1
01
1
0001
1
000000000
10
1000
000001
1
1100000
1
00100
0001
1
00100
000001
1
1
10
1
1
1
1
00001
111
10
1
1
000001
1
1000
000001
1
00001
1
01
010000
00001
1
1
1
1
1
1
11
1
010
1
10
11
00001
11
000000001100000000000000
00001
100000
01
1000000001
0101
001000100
01
00001
100
0001
10000
10
001
00
001000
0001
1
000000000000
01
00010
1
01
100000
1
1
001
1
1
00000
0001000
01
01
100000
00001
1
1
10
1
01
10000
1
10
01
1
00000001
1
1
001
01
1
001
1
001
001
1
01
10000
1
0001
11
10
0001
00001
1
1
1
01111
0000
1
1
1
01
1
100000000
01
1
1
1
01
1
1
0000001
1
100000
00010000
1
1
001
1
01
10000
1
1
1
01
1
1
101
00001
0001
1
1
01
1
1
001
10000
0001
10000
10
1
001
00001
10
1
00001
1
1
10000
01
0001
0100
01
01
01
010000
010001
10000
1
10111
1
