1
1
1
01
1
1
1
1
1
100010000010
1
100
0001
0001000
0001
1
1
1
1000
1
1
00011
10000
1
1
10000001
0001
1000
000
01
01
0100
00001
1
1
010011
0001
01
0000
0001
1
1
0001
1000
0001
0001
10000000000
1
1
100
0001
01
1
1
1000
0001
001
00100
001001
00100
00001
0001
11
1
11
0001
1
00
1
1
11
1
0001
1
1
1
000
1
1
1
1
0001
1
0001
1000
1
1
001
0001
1
1
1
0001
11
1
1
100000
1
01
00001
1
1
001
1
01
01
0100
00001
0001
010000
0001
01
1
10000
001
1
001
1
000
1
1
1
0001
0100
1
001
111
0001
1
001
001
001
10000
001
01000000
1
001
1
1
1
1
1
1
1
1
1
1
0001
01
1
1
1000
1
1
1
001
1
1
1
01
1
0001
1
00100
001
1
1
1
0001
1
01
1
00010001
1
010
1
0001
1
0001
10
00001
0001
01000
1
1
1
11
1
01
1100
1
1
0001
1
1
1
1000
1
1
1
1
1
1
01
1
1000
0001
100
0100
1
1
1
001
1
100000
1
011
1
1
001
1000
1
0001
00001
10000
0001
1
01
1
0001
0001
01
10
0001
1
0001
010000
1
0
0001
001
1000
01
001
01001001
0000
1
100110
1
0001
1
1
1
1
1
01
01
001
1
1
10000
1
0001
1
1
011
1
0001
1
01
1
1
1
1
01
1
1
000001
1000
01
1
0
1
00001
1000
1
001
100
1
1
1
000001
1
0100
001
0001
100
0
1
01
11
0001
1000000
001
001
1
1
100
001
1
01
1
1
1
1000
1
100
0001
1
1
001
