11
11
101
11
1001
11000
11
11
00001
1
110
001001
001
11
10010
11
11
000
11
11
10010
11
11
11
11
11
100110100
1001
101
11
10
1001
00101
00110
000101
1001
11
01
011000
01001
100001
0100100
1001
1001
110
001
11
00101
11
11
11
100001
101111
1010000
000011
1000010
11
1001
10
0001001
010001
0011
01
01001
110
011
001
1
00011
101000
001001
011
11
1010
011
11
00011
10010
01001
000
001100
101000
101
10
11
1010
1
11
1001
110
11
11
11
11
011
001000011
00011
010100
11
000101
0110
00011
110000
01
11
001001
11000
0001001
1
11
1010000
000000000000000
11
11
00000011
101000
11
11
11
1001
110000
00000001000000000010
101
11
11
01001
10001
1000
11
0101
