100001
1000000000000000000
01
00
00
1
1
1
1000000
110
0
0
01
01
01
10
01
11
1
01
0100
0000000
01000000
0
0
01
10
1
1
11
1
00
0
01
11
10
1
00001
1
000000
01
00111
10
00
000001
100
00001
1000000
00
01
00
1
0
00
0100001
0
10
0
000
0100000000000
01
01
0
00
01
11
0
11
01
1
00
1
01
1
000001000000
1000000000000
0
00
0
10
0110
01
100000000000
0
101
0
01
0
0
1000000100
011
11
10
0111111111101
1
00
00100
10
00
1
1
0
1
0
1
01
01
1000000000
10
11000000
00
011
01
10
0010
0
1
01
0
0
0011
1
0
11
1
1
0
000100
1
10000
001
01
11
0
000
0
01
0101
1000
10
11
0
000
1
1
000
00
11
1
01
1000101
01010000100
000001
1
01
1
000001
10100
00
1
011
0000
11
0
0
0000000
1
01
0
00
1100
0
0
0010
100000
01
10
11
0100
1
00
100
11
01
01
00
100
1
1
01
11
0
1
1
0
01
0
000011
00
001
01
1
01
0
110
000001
1
0
11
0001
0
001
11
10
1101
1
11
01
0
10
0
1
110000000000
001
00100
001
1
010000000000
00
0000001
1
10
00100101
00
0
01
001
01
0
00
0
00001
1000
0
01
01
000
1
1
1
0001
1
001
11
01
1011
00100
10010000
0
000000
0
1
10
000
00
0
00
0
1
01
101
010
00000000000000100000000000000000000
01
0
0100000
00
0
00111001
0
01
10000000
1000000
0
1
1
00
01
0
10
11
00110000
00
1
0
001
1001
00010
0
0
01
1
00
1000
00
00001
10
001
110100
1
10
0000001
1
1
100
1
1
001
1
1
0100
1
0
00010
011
0
0
0
0
0
100000
1
0101
010
0
1
1
00
1
1
010000
1
0
1
1
0
1
10
01
00
01
01
100000
11
000001
1
1
1
0
0
001
10
1
00
01
10000
000010
0010000
00
01
1
1
10000
0
0000001
010000
000101
0
00
00001
1
01
0
10000
1
01
1
0100001
010000000000
1
01
1
1
0010010
01
1
1
01
0001
1
0
0
10
00000001
0
10
00100
0
1111
1
0010
11
0
000
11
0
000
10
1010
11
000001
10
10
011
0
01
1
01
11
01
01
1000000
1
1
01
1
1
00
1
1
11
000001
1
00
01
0010
0
0000000001
00
1
01
1
101000
10001
00001
10
000
10000000
1
0
00
1
01
11
000
1
01
1
1
00
10
1
0101
1111
10000
000000000001
001000000
000000000000100
1
10
1000
0
1
1
001
10
01
01
1
0
010000
1
0
01
01
0
00
01
0
1
0
00001
