001
01
000000000000000000000000000000
10000
0001
0000001
1
00100000
000001
000000000100000000000000
1000000
00001
0000
0100
1
0000001
1
00000000000000000010000000000000000000000000
00000000000000000000000000000001
1
000001
000001
1
0000001
0001
1000
1
0000001
0100000000
001
1
001000000
100000
001
010000000
00001
0100000
1
1
001
0001000
0001
100
1
0001
010000
100000000
1
01000000000000
10000
000000100000000000000000000000000000000000000000000000
01
10000
1
10000000000000000
1
001000000000000000000
000001
1
00000000000001
100000
1
1
1
0001
10000
1
000100000000000
0001
1
010
0
000000001
1
000010000
001
0001
10
1
1
000001
0001000
0001
1
01
1
1
1
10000
0000000000000000000000000000000000000000000000000000000000
000000000000001000000000000000000000
01
000000000001
0
00000000001
10000000
1
1
00000100000000000000
10000000
000100
000000000000000000000000000000000000000000000000000000000
00
0100000
000000001
0001
1
000001
0000001
1
100000
01
000000000000000000000000010000000000000000000000000000000
000001
00001000000000
000001
1
1
010000
0000001
00001
00010000000
001
1
000001
1
1
0001
001
1010000
1000000
1000000000000000000
10000
000000001
1
1
