00001
1
001
1
1
101
0
1
1000010
0
1
1
1
011
0000101
1
1
1
1
01010
010000
01
10001
11
01000
1
01
1
1
1
01001
001
1
00
01
111
00100
1
1
0100
010000001
000
1
0
11
01
0100
1
11
101
1
1000
10000
1010
0001
00100
111
11
0
00100
10
1001
010
10
1
1
01
1
1
10000
01
001
01
1
0000001
10
01
010
001
1
0
0
01
00001
1
1
11
01
1
1
1
11
100100
01
1
1
100000
0
111
110
1
0001
1
1
11
1
1
1
1
1
1
01
1
10000
11
0
101
1
1100000
0
00
1101
100
11
101
1
001
1
00001
110
0
0001
0
0
10
11
0
1
0101
1000
0001
0001
1
011
1
111000
011
01
101
1
100
01
001
1
1
00
01
0111
0100
1
11
1
01
1
010000
101101
1
0
1
0
1
0001
0
11
10001
00
1101
0
0
0
1
0
0
01
0
0
000
1
1
01
00
10
11
1
00011
01
1
1
0000001
0101
010
1
101
00
1
1
1
1
01
1
1
0
01001
1
1
10000
0
01
1
0
0
01
010
1
00
10
0001
1110100
11
1
0
00
00
001
1
01
1
1
1
1
01
10
0
1
00
1
01
1
0001
1
01
0
0100
100001
011
1
1
00
0
1
01
1
101000
01
1
1
10000
0
1
01
1
1
10
00
1
0001
10
1
0
1
1
1
1
00000
0001
01
1
10
1
1
11
1
1
1
1
0
1
1
1010
1
10
1
1000100
001
001
10000
1
01
01
100
011
00
1
1
00
1
11
001
000
1
1
001
101
10
0
1
1
01
001
01
1
1
11
1
0
0010
1
1
100
1
0
0
10
1
1
01
0
0
1000
1
0
0
1
0
1
1
1
1
0001
11
01
101
00001
1000
000
0
0
0
1
11
11
00001
1
1
110
0
11
100110101
101
1
0001
1
1
01
0001
1
100
010
0001
0
1
1000
111
11000
101
01
1
1
1
0
0
1
11
0101
110
1
1
0
10
000001
01
1
01
0001
1
011
1
0
0001
01
0
0
00011
1
0
1
1
0
1
1
1
001
1000
1
1
01000001
1
01
0
0
1000000
0
1
1
11
11
01
00
1
10
1
0100
10
1
000101001000000
1
0
00001
1
11
11
001
0
01
0
00010
11
0101010
1
1
01010000
1
1
0011
1
1
011
111
1
11
0
00001
11
01
1
00
1
1
10
000001
1
0001000
1
0001000
0
010001
11
1
100
0000010
1
10
100
1000
01
1
1
0000
110
1
0001
001010
0100
0100
11
01
0
0001
1
1
0
110
00011
0
1
1
100000
100
1
0
11
0011
0001
11
0
11
1
011
1000
11
0
01
0000
0001000
1
1
1
1
1
1
0
1
010
01
000001
1
1
0
001
101
1
01
000
1
1
1
1
00001
0
011
0001
0
00001
01
1
0
1000
1
11
1
1
0
0
1
11
01
10100
0
0
0
