1
1
1
00001
1
0000
0000001
11
1
0001
1
01
1
1
1
00000000001
1
1
0001
1
1
1
01
100
01000000
1
1
1
00001
00100
0000001
1
1
1
1
1
1
00001
10000
0001
1
1
1
011
1
1
1
1
1
1
11
00000000011
001111
1
00001
1
11
1000
1000000
10
01
01
1
1
1
1
11
1000000000
1
10000
01
1
1
1
0000000001
1
11
1
11
000000000010000000000000000
1
1
11
11
111
0001100000000
1
01
1
00100000000000001000000000001000001100000
10
000000000010000000000
1
1
1
1
11
1
11
00001
010000
1
101
1
111
1
10
001
00001
1
01
1
01000000000001000000
1
111
1
1
01
1
1
1001000
1
1
1
1
100000000
0001000
11
01
1
1
00000010
00001
1
1
1
1
1
00010000
1
11
10000000000
1
1
1
001
000001
1
1
000001
00010000
1
1
1
100000
11
1
000010000
1
1
1
1
1
1
1
1
1
1
1111
1
1
1
11
01000001000000
001
1
1
1
1
1
1
1
01
01
1000000
1000000000
1
01111111
10000000000
1
10000
11
1
1
1
1
1
1
11
1
1
10000000000
1
11
10
111
1
1
1
1
11
01
1
1111
00000001
1
11
11
11
1
1
1
1
1
1
00001
11
11
01
1
00000001
00000000100
1001
1
1
1
1
1
1
11
100000
1
11
1
1
00001
1
1
00001
1000000000
1
1
100000
111
1
1
1
11
1
1
1
0000001
1
1
10000
01
11
0001
11
00000000
1
1
1
1
1
1
1
1
1
1
11
01
00000001
10000
1
11
0001
1
100
1
00001
10000
0001
01
1
01000
1
1
1
11
1
1
1
11
1
11
1
000001
11
11
1
01
10000000
1
11
01
000001
1
1
1
0010000000
001000
1
1
1
1
111
1
10000
0000001
1
1
1010
1
01
1
11
1
1
1
1
111
1
1
1
1
1
100
1
11
01
111
1
1
1
11
1
00001
1
1
1
1
1
1
1
0001
1
1
1
1
00001
01
1
1
1
1000000
1
1
01000000
01111
1
1
10
1
000
01
1000000
1
001000
1
1
1
1
1
1
1
1
10000
1
1
1
100000000000
1
001
01
1000
0001
001
1
1
1
1
1
1
0001
1
1
1
11
10000000000
1000000
001000000
1
1
1
1
1
1
1000
11
1
1
1
01
1
00001
1
1
1
1
1
0001
11
1
11
1
1
1
1
1
1
11
01
1
1
1
1
101
1
1
1
1
1
11
1
1
1
0000000100000
0010000000
000001
11
0000001
1
1
1
11
0000001
1
1
1
1
1
00000100000
1
00
1
1
1
00010000
1
000001
11
1
1
1
1
1
1
1
1
1
1
1
1
1
1
1
11
00001
1
1
100000000
1
01
1
1
1000000
001
1
1
1
1
1
1
01
1
10
1111
01
0001
1
000010000000
1
1
1
1
100000
1
1
11
1
1
1
1
1
1
000001
1
1
1
0000001
10000
000001
1
1
1
1
1
1
1
1
001
1
1
01
100000000000
11
1
1
01
