1
1
1
1
1
0
1
01
1
1
01
00
1
0
11
100
11
1
1
0
01
01001
11
1
1
0
100
01
1
0
1
1
1
100
1
1
0
000
1
11000
1
0
01
0
0
1
1
1
0
0
0
1
1
1
1
1
1
00
1
1
0
00
1
0
001
1
1
1
1
0
01
1
0
1
0
1000
1
0
0
0
1
0
01
010
1
1
1
00
0
1
1
0
1
0
1
0
1
011
11
0
10
1
1
0
1
00
001
1
0010001
1
1
00
001
1
0
1
1
0
0
1
1
0
1
1
1
001
1000
1
11
0
1
0
1
1
0
001
1
1
0
0
111
0
0
1
1
1
0
01
1
1
1
0
0
001
1
0
1
1
0
0
0
01
1
00
1
00
1
1
01
10
1
1
0
101
11
0
0
1
1
1
1
001
1
1
10
0
0
0
11
1
0
0
0
0
1
1
01
01
1
1
1
0
1
1011
1
0
0
1
10
0
0000
01
11
100
0
1
0
00
1
00011
1
001
0
1
00
1
0
0
1
1
1
1
1
1
0
0
1
0
1
1
1
1
01
010
1
1
1
0
0
000
1
011
1
001
1
01
1
0
1
1
011
1
0
1
0
0
1
001
001
0
0
1
1
0
0
0
01
0
1
100
1
1
1
1
1
10
1
0
001
0
1
1
001
100
0001
1
1
100
1
10
0
0
1
00
1
01
000000
1
1
1
1
0
001
001
100
1
00
0
1
1
010
11
01
0
1
001
00
1
0
1
01
010
100
11
0
0
01
1
0
100
011
0
1
0
1
1000
0
0
1
0
1
101
1
000
1
0
00
1
0
00101
1
0
111
001
1
1
1
0
1
0
0
1
1
1
0
1
0
1
1
1
101
0
001
01
1
10
1
1
0001
1
0
1
0
1
1
1
1
1
001
0
01
01
001
1
11
01
0
001
100000
0
1
001
0
1
1
01
1
1
1
0
10000
0
1
1
01110
1
1
00010
1
0
001
