1
1010100010111001010010
1
011
1
01101010100
1
11
1
01
001
110010100
1
0001
1
10
0000001
1
11011
11001000000010001
10011100010
10
0110
011111
1
1000100000010001
1000
00001
11100001
10010111
111011
1
11
1
11010000101
1110001000
1
1
1
1101011
011110
1100111001111011010
000001
01
1
1100000
000011011
101110010
1
11010010001
0010110011
1000010011
01100110010
1
0010000000101100010001000100001
1
1
010001
00001
100000
0100100000101001
111100
1
100010000000001010000000
000001
000
1
110100011
1000100000010001
1
1
0001
1
1010110000
1000000
0110000000000000000
011001000100010
1100100010000
1
1
10
0001011111
1
1
11
010010001010010
1010001000000100000
0100100000
1
1
1
11101
1
1100000100010010000
0010010110000001
010001
1
11
1
000
1
1
0101011000001
101010001001000
10101011
1
100011111000100001000
0001
1
0001
1
10001000110010111000
1
0101010010000010000
10000
10
01
000001010010011000
1
11
11100001100
01
101
1
10
001
1110010000010001
1
1
1001010001
101
11101
0010001011000000
00101111
100
1110110000
1
1
1
1
11101
1
110011001
11
1
0110110001000
111101100
0001
11100000100100000
0001110001000000
10
1
1
1
1
1
0100011
1111000
00001111
01
10
1
1
1
01
11000100010000000000000
1
011000010011
1010100000100010
11
1
1001
1
001001001100100010
1
1
10110
101
1111100
110111
1000
0001000010100001000100
11101
0001
01
1
1
011
10100010010000
11101
0011
1011
01000110010000
01
010100001100010100100000
11
11
10000
1
01
101111
1
1
1011011
11101011
00110101000000000
1
001000010100000001001100000
1
10000100001000100
1
11100000100110101
1
1
1
00010
10000000
1000010010000
111011000
11
011
01
1
111100000
0101000000010010
1
1
1
1110000001110
1
1011
110
001
0001
1101100
1
0001
00
1
101000100011
1
1
11
001
01
11010001
11
11010011001
1001100001
1
1
011
1
011101010000000
1
1
1010101001100000
100
0111001000000000000
11
001100011001
01
10001
0010001010001001100
1000
0110011000000
1
001110010000
0110001000010000
01000110100100000000000010000000010011001
011111
1101000
1
00001001110
1
1000
11
1
000001
0001101100000100
10010000010001110
11
01000
1001101000010000
10100100010000
1
11
1
1
1
0001
11100100000000000
01
11000111
100011
11101
1
11
1
1111
001000110001000000000
11110
01
001
1
0001
1111100
1
10001
110000010001000
000111000000001
1
111
10000
1111
1011000111
0001
1
001
11
11
11
1011010011
1
1
1
1
1
1011
1
111
01111
1
1
0001
110100001000
1
01
11
1011000010001
11
1
1
111000011
1
1
1
1
1100010000010000
0001100100010000100000
101011
1
11
1
1
1111001
1001
1
1
1001100001
011001100011000000000000000
1
0100000
0001
01
100000
1100
1
1
1
011
1
110000000
100010100011
11
1110000010
11
1
00011110
111110000
11100000000010001
10
0001
1100010000100
1
1
1
1
1
11010010000
100101
000101000011000100
1
1010
1
11111
11101
1011110010
0001
1111000000
00001
1
10
00010
1
10001001000
01
011
1
0100
1
0101
00011
01111010
1
01
0000100100010000000000000010
1011100110
1
01011010001000
01000000000
1
1
1
01
1001101010
0011
111000100000010
11
01
1
1
01000000101100010
0000100110010000
11000100010000
10111010
01
01000000000
1
1
1
1
1000
011
1
1
1
1
1
1
01
1
00110
1
01001000000010001
1101111100100
111010010
11
1
00001111000001000
110110000000010
00110110000010000
1
1
1
1
000101001010000
01111000000000010
1
11
1
10001
0001
10001000100000010001000
1
1
1
11000
1001100100010
0110110000
1010010111000001
10001100001000100000
1011
1
11
1
01
1
011001110
11
111101
1
0100111000000
01
1
1
1
111000011
1
1
0000010010110001000
11
11100000010
1
0010
10000010010000000100
11000000000000100001
11
0100000
0000001111
00100
1110000100010
1
00010101
1
1
100
1
00001
1
11
10000
110010000100110
11
0110
01
1
1101011000
11
1
111000000101100
01
1
0101101000000
011
100111
1
100
1
010
01
0000001
1
1
10000110001011
01111100
1
1
101
00100101000100011
1
0001
1
1100
11
00101111
001
10
1
1
0000000000100011010000001
0011100000011
0010010110000000
001
011
1
1
1
000100101000001000000000
11010101000010
10111
01
10011100000000
1
101011011
11101
011000010000100000000000
1
0011000110000000000100
00100
1001000100001010
11000100010000
110011010
110000010001000100
101100100000
1
100000
11110010000101000001000
1
1001111
010000
11100000000100
110
1
11001011
101011110
1
1
10000000
01111
110101
01111
0011
11000010001001000
1000000
110110001110
11011000
11011110
1
0100000000000010
1
0100010000010001
11
1
1
11
11101
010001001011
111
1
0101
1
1
11110011
0100000
00101111
1
1101000000
0001
000000000111001111101000
11110011
1
1
10111000001
1
110010010010000000000000010
1
1
1
110001000110000
1
10111
1
11
001111
1
1
01
0001011001000
1
1
1
1
111100010
010001000010100000100
1
1101011
00110010100000
01011101110
1
01
1111
11
1
101
11100001001
1000000000
011
011
1010110010
0001
011100000011
1
1100101010
1
1
10
11
11010011
00101011000000
101
1
1111010
001
1
1
1
0001
1111001
00001001000100001
1110100
0001
1
1
1
11
11
001010001000010000000000
10
000001
00000010000000
01001
11
000001
11100001
1
0001
1
1
000
11001
0001000100010001
1
110001011010
01011011100
1
1
1001000100100010000
01
1
11110000
1100100000000000000100
1
1000
11
011000100010000
01
0110111010000
101111000000
101001100111
110000100000010000010
11011
1
1
1
00111101
001
1
1
01
11
1
10001000100001001000
1011101000001
1001
11000100011
1
01010111000001
100010100010000
11
101100001010001
10
10000110010000000
10000000000100000101010000
1
1
11
11
01
1
1
1
11010001000
1
01001000000111
11001011000001000000100001000010001000000
1
110100001000100010
10000
000000100011000010001000
01
10001001001001010
100000
1
1
0111000100100
01
1
01
1
110111000
1000000100010001
1
10
00010001010100010000
0000111101
101000010100000
1
11
1000
0110110000000000000000
1
1
0001
0000001
