0
00
11
111111
00100000000000
10000001000011010000000101000000100
101010
01010010000
1111
01110000
10000110
001
101000
0000111
1
0
1000000011
1
1111
10011000
00
0
01110011010000000001
1
1
10000000111000100110000000001010010
0
11
111111
100000111
111000
101001000
10001000
00
00010111
0
1
000000001101000100001011100000000011001000000101000
1
1100101110000
11000010000000000
01
0
0
0
010
010010000100000000
0001010010
0011000100
110001010011000
0
0100101
00
0
01100010000001
1
111000
0
0000000000000000000000000
0100
11
01
1011
0111
0100000
01
110100100000
11
0
0
0
0000001
00
0
000111111
101
10
00111111
1
0011100010000
10000
0
1000000000
1100001100100100001000000
0101010
0
1110000000
0
100100000100000
00
1
1
0100011000000
00010000110000000000
101010
1001100
1
1
01
1010001
10010000000100
010
1
01
0
01
0
1101100
00
01
1000010000100000000
000
10001000100000000
01
10000100000001
11001111
00
00100001000101
0
0
1
01
01101
1
000110011000
100010001000000
0100000
0
1000000101000000
10000000
0100011
00000000000000100100001110011000000010000001000000000000000001
100010101000100100000
100010001
01001100000011100
01
111
0
1
00001100100000000
100
0
1001000010000
00011
01
100
0
0000100011000011000100000
0
00000001100010001001000000000010000000100001000
0
00
0001
0
0000101
00
0100010000000100
100000000000001010100000011010100010
1000000100001000000
100000101000
1100000010
000
11100
10000000010001001000
0100001000
00000
0
1
000
00000010101000000000
1
0
0
01
00
0
100010100001000000000010000001
10001000001000001001
10001110000
0
100000100000001000000100
1011
1
1
10001000000000000001
11
0
00000101010000000
1
0
1
0001000001000110000111010
0
1
10000101
0
0
101110000
1000010000001
0110110000111000101100110010000
1000000
0
000010000110001000000
1
11111101000
0
0
0
0
1
0
0
001100000100
00
100011000000000000001000
0000
10100000001
0
10000000
0
0000
11100001100001
1
000111111
1
001
00
10
0001
1111
1000010000100000
1
1
100001000001
0
001
0
0000
1100100010010000
100001000010000000
1
1
1
111000100000000001100000
111
01
101001010001001100000000000000000101000001
1110000100
101110000000011
0
1
0
0
1111111101000010000
0010110010000000
1000110000
010100000001
1001
010100110
001000011000000
0
0
00011000010001000001000000000011
100000000010000000000000000
0
01001000100
101
00
1
10000100001000000000
1
000111
110010
0
0100000000010011
110000010
101010010
00
01
000010010000001010000000000010001000
1100110000000
00011011001111010001111
0110000100000000
0111001000
1
0000000000000101000100000001000000000010
0000
10
0100010001100000000000011
1
1
11100000000
00
11
00
0
111000
01
1
11110000
11000000100000
0010011010100000001000
100
00100100001000000
1001010000
010000100000100000
1110000
0
001
10101
000
01101000
00
010000100001000000
101100010
01
10010001
00100
000
110001000000
000
111000100
1
000000000
0100100010000100100010000
00
0
0
010100000001010000001010000
0
0101
01110
111011101001001010
01
110001011010001
00100000100000
11
1101
0001
000
00010100101100100000
0000010010100000000000
100
10001010000000000100001
0011010101
10001010000
0
010000000000
1
0
1110000
00000000
0
0
0
000
001000100011
10100
00001
0
111000
010000100000010000010
0000011001010000010000000000
0
1
111000
01010010011
10101
0
001
101101
1
0
000010101
01
000
0
0
01000101
10101000000
0001
001
000
0
000100011
10100000010
10011001000000010000100000
0000001010000
101000010000
0
0
01101100110010001000000000
10101
100100001
0001011000000
0
0
00
10001000100000
11010
1
1
1
01000000000
01
110000
1
0
110001000
100001000100000000
0
0
0
111
00
00
0010001011
0
0
110110110111010100
100110000
01000000
0
001
1110001
1101
0000
00
0
0
001100100
0
111000100100100100000
1010011000001000000
0
0
0
100
001
1
100000100000100000
0
0
01001110000001000
010011000
00
10010001000000
00001000100010001001000
10010010000
01001001000100000101001
0
01000001001
01
0
1
1
01000000000
100100010
100000000100010
00
00100
0
0
10001000001000000
0000000010
100000100011000000000000000000000101
1
00
111
100010010010
0
1
0110001
000011000000000000001
0
0
0
1
1000
000
0
010001000001000000
0
0
1000101000
0
0
1001
111
0
1
00
001
0001
0000000001110111010000
1110000000
111
10100100011
01
01
10000001011001000010000010001
00000
00
010110000010000
0001101
0011001100
0
0100000101000010000000110
0
1
01
11110000
000011000010
000100101
0
00000000
00
1111
1010010000100000000010010
00
1
10001
00100
1
00
0000
0001
1
000000001
100001000000001
101
0000
0
0
0
0001111
1
000001010001000111000
1000100000101000
0
0
1000
0100001000100000
10000000001000110000000011010000010
100010110000
0
011110000100
10001000001000000
1
110100
000
001
1000
0
00001
1100100010011011111
01
1001
111
0
10100010000
0
0
1
11001
011001
0
01010001000
10011000
01100100001101010
1
100
1
100010001
01000110000100100001
100001
10
1
10100010
1
1111111000000000
1000
00
0
0
10000000000011000000000
110100
010000000010000010
101000010000000110000
10001000
001
0000100001000000101
