1101
000110001
111000
111
100101
111
0
111
1001001
001100000001
111111
111
00100101
10011
111
111
111111
00101100
0110001
11100000
111
00111
000100000001
100000001001
000111
01100010
1010100
111
100000101000
0100000010001
10100001
111
111
00001001000
00111
011001
111
0
101100
0111
11100
00111
111
010011000001000000001
011100000
110000001
110001
00110001
111111
111
111
111
111111
001011
00110001
10001001
111
111
0111
111
111
000010000101
11000110000
000000010011
11
110001
111
000000001000101000
1101
111
01000010000101001000001001000
111111
111
111
111
111
1110000
111
111
10101000000
111
000001001001
000001001001
101
11100
111
100101
111
1
00101001
1010001
1101
111
01100100
0010011
111
1011
100000101
111
00000100010
001101
111
111
111
00111
011000001
1101
01110
00111
111
111
111
111
111
11100
10000011
001001001
111
111
0010010001
00000000010001001000
111101
111
101001
111
1100100000
111
111
111
111
111
111
111
00111
00001101
111
011
11111
11011101
111
111
111111
111
1101
111
111
111
111
001101
11100
111
0111
111
111
1110000
111111
111
1110
0001101
111
1110
111
001011
111000000
10001001000
11111110000110
111
10000101
10000110
000001001001
0010100100
10101
110000
010000000000100010000000
111000
10000101000
01001000
0010011
111000
111
000111
111
000010010010
1101000
111
111
111
111
111
11
111
110001
0000000000000001000000010100000000000
111
10011
111000
11001
100111
111
001101
111
111
1100
00010010001
111
111
111
111
1101
11100
111
1101
11
111
0010010001
11100
001101
00010110
111
111
111
000001000100
0111
00
1101
00101110100001
111
111
111
0
0100001100
111
01010100000
111
00111
111
00111
111
111
111000
111
1111111101
111
101
0000010001
01101
1011
111
111
1110
111
111
111
111
000100100001
111
111
111
111111
0001101
00
1110000
0010010001
111
1
0111
111
000111
111
11001
111
100101000
1101
00111
01101
111
0111
111
100100
111
111
111
111
1101
1
111
100000000011
111
111
10101
111111
111
1110
111
111
111
111
111
0001011000000
10001001
10011
111111
0111
111
11010000
111
1101
111
1011
11000001
11011011
111
0111
111
11100
111
110010000
111
0100100001
111
111
111
00100100001
1101
0010011
111
101001
0101001010011000
111
001000011000
00011
1010001
0111111
1010010
111
1101
1101
111
00100101
101100
11001
101100000
111
0111
0100001100
111
111
10011000
001010001
111
111
1011
111
111
01101
1011
111
00000111111
1101
