01
1
001
1
1
10
11
1
1
001
1
1
1
1
01
1
1
000
1
1
1
0001
1
1
01
1
10
1
001
1
1
1
1
1
01
1
01
01
1100
01
11
001
10
1
1
1
001
01
10
10
01
0001
010
1
01
1
1
1
1
0100
1
1
1
1
01
01
1
1
1
01
1
1
1
1
1
11000
01
10001000
01
01
10
1
1
001
01
01
01
10
1
1
1
01
100000000
0001
10
1
1
1
00001
1000
1
0011
1
1
10
1
1
1
011
01000001
1
1
10000
1
1
01
1
1000
1000
1
001
1
1
01
1
000
1
0100
1
10
1
1
1
0001
01
10
01
1
1
1
1
1
1
100
1
001
1
00
01
01
1
1
11
01
1
1
1
1
0010001
100
1
1
0001
1
10000
01
0001
1
011
01
1
1
1
0001
