00
1111001
0100001000011111000
1000000100
1
01101000110000010000
1001
0
1
11110000001
101
11100000
01
11110110
11111010100
1000
111
0101
10001100010000010001001000011000000001111000011000010000000011
11
11110
01
1
0001
1
110
01
111
01000100000000001
01110
101111011
01000110010100000010001
0
00
1
01
0001
000100010100001010000010000100000000
0
1
000101100100110100000100001001001
100000
101
001
1
1100000
0
01
0001
000011001011000
10000
00000101110000100000000100
1
11100000111
0
01101
0
0
0
10000000
00001
10000
11110100000
001000000011001000010001000
111101001
01000000
111000010100
111101
00001
1111010100100
111001
01
0000000
111010100111110010
0
0
110000000000010100
10000
0
010000101
10110
1
0
01
0
101
0
100
01
00100
010
0100
000
0
0
010001
1101011000000000
01
01
1
1
11011111
0
0100
001001111
1101
01
00010100001000111100
0
101
00011000100000
11011000010011110
000110000000000100000010010000100001000100000
110111100
001001
1
00
0
1111100000001
101000
01
01
001
10000
11010001000001001000
1100010001000100
10011110100
101111011000100001
1100000
0100101111
10
1
0
100000
01100110011111
110000
00
0010000000
01000100000000000000
1
11000010
110000
0
000000
000010101100000000
111010101
1
0100000000001
000110
001
001
00
0
1
000
01
1
01001001000100000
1011111
00100100010001110000001011
01
011110000010000
01000101001001
1111
0
00001
100
00
1
1110101000
111110110101
0
101
0100000001
0
1
1000
01010000000001000
001010010000010000000001000000100
10010000010101010
1
1
001
111011
00001100100000001
010000
1
111000100000100
011111000010000
1
1
110000001001000
101
10000
0101111100010000001100
110001
0
011111101101001
10111101
01010011000
110100001
0001
10000
100
0
1
01
111100
1
10
1
1000001100000001001001
0
0
01011001010000
0
0000110100111101100100100000001
101000100000100110000
10101001011110000000001001000000
0
00
01
111110
001001111
0
00001001001100101000010000
00001
0
1110110
0
0
0001
11
01111100
1
110000010000000010
1
0001
1110111
1
0100
000
00001001001100101000100000000
010
0001
0
10
001
10011100010000
0
0000000001000000010000100001000010001
1
00000001
011
1011000001
1
1001
1
11000000
11
0
100010010000000
11
1011000001
00
1111011
000
0
000
1
000001000001110000010001000101
10000
100000100
11
010010000000
0
1
010000111111000001110000100000000001001001
010001100111000110100011000000
1100
001000100110100101000001
100000001
110000100000001
1
11
10000
0
0
0
01
1
011111
10
0
00001
11101001
111100001
01111100100100100100000
100
1010000011
100
01111101
0
11
0
1
1
011
0011
01100010100
0
1
11
01
00101
01
0
0001
10
1
011
00001
1100
0000100100000001010000
01111000100
1
1
0
01110000010000010000
01000010
0
01
101
0000
111
1110000
1
0
001
0
0
1
10011111
10
0
111111101
011
1101
10
1
1
00000001
1
1001100011001111
1
01101100100
00
1000
1110001010000
100010010010110010100010
0110101000100
1000100110001
1111001
0111000010
00
01
0
0100000001110000000100100
010000010000000000000100000000
1100111000000
00
1
10000100010010
1
11
0
000100010000000001000010
110100100001000
0011110001001000
1
01
1
11000000100
0
1
0
0
11111000000
01000000
00
0011
0
10101
1
0101110110101
10000011000010000000100
1000000000
0001
00000
0100010001001001110011001001001001100100010000000011101001001000100000001000111000001000001000
1
0
01000
0
1
00
1
10
10
0
100000001
0100
0
11
00
11
110001000
1111100000111010100
01
100010000
010000000
0011
0001000100000010000000010001000
1
00001
0001001000000100000
01
001100001010000000010001010000
10000
0101000100010000000000101
011
10000100001000000
1010000001000
00001
010000
00001
10000
1
01
1100000000
10000101101
1
01
0
0
0001001111
100001010000
001
0001000000011101000001000100010
1
0001
0
01110101
1
0001
0
00
0
1
000000001
0
111011
00001
1
11111001
1111
1000001100000000100
1
11111
101101011
110001000010
0
1
1
101100000010100100
0100000101000000
10000
01
1011110001
0001
01
111101
1110010100111000001000100
011001000100
1011111
1
1
0
00
11
1000011000001001
01
1101
00101
01
1
100100000100010000000100001000001000100000
110000111000010000
1000000101010000001000000000
1010000001
1
000011
00001
0
0
0111
110011000100000
0001
0
000
0110000010011000000101001010000
1
0
000010000
010010010
00
001011
0001
0
10001
00001
011
1
011
1
1111110101001001
11010001000000010000
100
000010011
0
010000
01
0
1
1
11110101000
000100010010000001000000110000000010001000100000001000101
01
00
0110011000100
000100010010000
1
1101001001000
11000000100100110000
1
011111010100000000011100010000001001000001111000
00
110100
1
1
111110
0
11001011001001
1100000000000
11001001
0101
01
1001100000000010000001
01
1111
011000000000010011111100
1
1111001
011111
0
01000100
1001111101
0
10
0
10
1
111001
100110000000100
0101001
1110000001000
0
00100
1
01
1
0
0
1
1000000001
1
00001
100
100
001000
111101000
1
001000
110
0
1000000000010100
00001100000
001
000
10110000010100
11000
00111
100
1
01000
0010001011
11110001
01000100000010001
011
10
1
0
1
101100000011011000000
00001
1
00001
00001
0
100000001100100001000
001010000000000100000
111101000011
1000011
100
0
0101000
1
10000001110101
0
0
01111011000100
001000
01100010000000000100001000
100010010000010100011001
00001
0
0100
00001
0001
000
0001100101000000000100101
01000000111000001000010100
1
1
001
0
111
1110001000100
0
000011101100010000
10000
000100100010000
0
0
0100000
11
1011101
0
00011110110000010000100001100000
1
0110100
0
11
110000010111100100
00001
1
0001
111000000110100100100
0
0
1
00000000000110000100100001000000000000100
0101010100000000010001000001000000000100000100001000000000
1
0
0
1
0
0
01
0
001
11
01
010000
00001
0
1
0
1
0
01100101001000000
0010
10001000
0
010000001
00001
00001001000010100000001000000000001
01111111111100
01
0001
11
11011
1
0
001111110111
1
00001000000100010100100100000010100000
00001
10000
0
1000000
00
001000
00000
0000101010001000000001000000100
10000
0001100000
001101
01
1100000
01100100000100011
10000
000001
10010
000011
0
111110
0
1
1
00100
0
00
01
010000000
101101
1
001
1011010001001
0
01011111001
01001111
1000
01
0
1
1
11
1
0
1
1000
1
1000010
10
0
0
1001000011000100000
100
00001
0
001
1111000001
110001100
001
101000001001010
0110000000001000011
0
10000000101
0
0001
000000
11000110010100110
10000010
11111100111
0010100011000001000000000000
10000000001010000001001110000100000
0111110001
0000
0
0
01
100001000001
10001000100001000010000
111001100
11000000100000
000000
01
0
001
010101
00100010001100000000010001000000100
1101
101
111000
0
1000110111001
1
1001001000000010001
01111001
1000000000010001001000000000110010000
0101000001111000
10000001000
00000
000000001
1100001011
0110000001001000
101
1111
010000
1
0001
00111111
00100000
00
00011
00110111000011111000
10111
1100001000001000010000
0
001010011100000010000001010
111111011110010111000
110001101001001
1
10000
10000000010001000001011
10000
0100000001
01
010
000001
1101101
00000
0111001101001
11
0
0
11
1
01
111101
000001
1
1000
1
00
00
00000
001001
000001
