01010001
10001010000
010000101
0100010100
001011
11100
1000010100
1
1
1
1
0110001100
011100
1
1010111
1
11001000
1
0111
1101
00010011
010100010
1000
10101
0111
0001001100001010000
10010100
100010100000
0111
1
11
100010101000001010
1
1010010
010010010000
0001010011000100
1
10111
1
1111
1
00001
100001000
1
111001011
1
100111
1000111001000001
1
10111
011000
1101
1010111010
1
00110010
1
0110
0101011
1
1100100010000
11101
1000001011
10101
0001010010000
0001
1101
0100011
01001100
1
01011
100101000
1
1100000100
1
1
1000001000100
10010100
1010000001
1
01010000100
011110
01011
1
110010101
1111
1
1001100
100001010
1101
11
0000111000
1011100
0111
110110
10001000001
00111
00011010000
0111
10101
1
1
01011
110101
1
1
1
110101
1111
01011
111001
1
0111
110100
0100111
1
010
1010100000
11
01001001
100101
1
0111
100101010
1111
1110000
11100
1
11
0011101001010000
1000101
1111
10000001
11
101111
0000
1010101
1100010000
1010010000
0000101001
1
00011101
1
110100010100
1
11001000
01011
10011
11100
10101
1
1000000011
1000011000
0010010001
1101010101
1
1
100100100
0
10111
11100
1111
1011010000
1001001000000
1
10000101
1
00110100
10000101
1100000100
1
1
101001
10001100
11100
10001110
00011001
0010010001
1
00001010001
110010
0111
0101100
10111
1110111
11
00100010000100100100
100000101
100010101000000101001010001
101100
0111
1
1001000001000
1
1
1
1
1000011
10111
110010
1
0010101
1
1
010011
1010100
0111
1
11
000010011
1011100101
10000101
11000000100000
100011000000
1111
0101111
10010
1
01
1111
10010010
1
1101
11100000100
1
011100000100000000
1
1
1000
001110
10010010001
1
100100010100
1
0001
11010
01011
10101
1
1
011001
01000110
11
1
0010100
1100010000
10010101
001001001
1
1
1
1
100010010000010000
00110000001
1
1000101
1
0101001000
11
10000101
01011
1000110000
01100
1
1000100100
1
111011
10001001000
11000001
101001
1
