11
1
1
01
0
001
1
0
00
1
00
000100
011
0
00
010
00
0
00100
01
0
0
1
0
1
100
0
1
0
0
0
1
1
0
1
001
1
01
001
0000
1
0
0
000
1000
00
0001
1
1000
0
1
0
01
1
00
10
01
00
1
1
1100
1
1
01
0
0
1
01
11
0
01
0
1
001
001
0
0001
1
01
0
1
000
0001
01
1
0
1
1
10
1
100
010
1
001001
1000
1
1
1
01
01
1
0
1
10000
0
0
0
0
01
011
0
1
0
1
10
1111
0
0
0
1
000
1
001
1
10
0
1
1
00001
11
1000
1
1
0
1
0
1
011
00
1
0
010010
1
01
01
01
1
0
1
1
1
0
1
0
0
11
0
1
101
11
111111101
11
0
1
01
000
0
1
1
0
0
0101
001
0
01
1
01
1000
0
1
0
1
1
0
1
01
0001
0
1
1
1
11
1
01
1
00
0
0
1
0
10
00
0
0
1
0
1
01
1
0
10
0
0
0
010
1
1
1
00
1
001
0
0
0
01
011
0
1
1
11
0
1
0
1000
1
0
10
0
01
11
1
1
0
1
0001
1
0
0
11
01
11000000001
1
0
11
0
00
1
001
0
0
0
0
0000011
01
1
0
0001
10
1
01
1
001
00
0
001
1
0
1
0
1
0
0001
10
01
1
01
00111
001001
01
0
1
010
1
00
0
0
0
1
01
10
0
0
1
0
1
01
1
001
0
1
100
0
00
1
0
1
1
1
000001
1
1
1
001
1
01
00
1
1
1
0
10
000001
1
1
1
1
0
0
00
10
0
00
01
00
1
11
000
1
11
1
0
1
01
0
0
00
0
00
01
10
101
1
0001
10
1
00100
0
001
0000
001
0
1
1
0
1
101
0000
1
1
0
01
10
1
01
1
00
00
001
100
0
1
0
1
1
1
0
0
1
1
0001001
1
10
0
0
1
1
1
0
1
01
0
00
1000
1
1
1
0001
010
1001
01
1
1
00
10
0
1
1
0001
010
1
1
0
0
10000
00
1
0
10000
0
1
1
0
011
0
1
0
01
100
01
00
0
1
1
0
01
00
01
1
0
0
1
1
1
11
1
0001
01
11
1
0001
0
010
00001
0
10
0
0
1
0
00
1
0
01
1
1
010
1
1
0
1
11
1
1
1
1
11
00
0
1
1
01
1
1
0001
1
1
01
100
0
11
0
01
11
1
1
001
11
0
0
1
0
0
1
1
00010001
1
1
0
0
0
1
11
00
1
0
1
1
0
00
0
00001
01
0
00
0
0
1
1
1
0
0001
00001
010
0
01
0
0
1
1
1
1
0100
0011
000
1
01
0
101
010
01
0
01
01
1
0
1
1
1
11
1
01
00
0
0
001
0
0
01
0
0
11
0
11
001
