001111111
10101
00000111
110111100100
1
00010001110010000110001100
11000101
1
1
0101100001000111
1110011000101000
1
11
1
1
1001000010000
10111111000
1
1
1111000100000000110
010001011000011110110011000001000100
0001100100010000000000011011
1100
100011000001100010010000
0010010001000000
11110001110000000
111100
1
000100110110000001000000011
1111101001000
11011011000001
1
00111
011110001010000
1111000000
1101
11100010001101
1
111111100
0100001100
11
1
100001
1101
11
00100100101001000010000011000000000100
000100001001111010000010010000000101
1
1
1
0010001000001000110001101001000100100111000010
1
10101
11
1
0000010011100100011110110000001100000001011110000
011101010110000
1000100100000100001
1
1000
11000000000001000000
1100000000001
1
010000000000001000011000100100001010100010000000000100
00110100000000101000100010
1101
1
0111
110110100001010000
000001100001000000
0010100000001000000001000101
1
1
1
1
11111101
001000100010110000010001011000
0111
01000101
11011000010101101110000010000010000010
110100000
00010001000000001100000000100000000011000100
1101
0100010000001001000100100100000010010
1
1
11000000001010010001011001011001
1000
10001000001000100000101
110
1
1
001
0100010001000110
01100000110100000001100
00101111100001000
11111000101000
111110101010001000
1
1
101111011000
1
001
11
1
1
1111000000100110
1
10001000001000000
0110111
1
0001
10110001001010110001100
1
11000100
1
0111000000000000000111010000001010000000100110000000
10111
01
10
0100100100000010001001
0000101101100000010000001
110011111000
1
10101
1
0001000010000000010011
1001011001100000100
110001
00111
11010011000101
10101
1110
01001
10
000111
10110
0101
100110
1
101100010000000001000000100
0010100110000100
0000001110101010000010000001
10100000010000100001000000010000101
1000110000001100010000100
100000100010010010001000
00000000010011000000000000
11
0111
0001000001000000010010100110001100000000001000
0111010000100110000
1
1001101
011100100100001100
1000101000
1
1000000010000000100111101000000001010001001000100001000000001011100001000001
0001000111001000100000010
11011110001000
000001010100
001100010000010000101100001010010000000000000100000000000000100000010000000
0111
110101
100000000101111001100000000111010010
1
0000000000000111000100111001100000000000000000
1011
1
0001000010001
1
011001
1
1001101
1
11
1
1
000111100
1
001101
111000001100
1
1110010000100011000
11111110
001001010000110000010001000
1010001111000000001001010010100100000110000001010001100101110
000100111001000000100011
10110000110010001000
00100010001011100100010010011000110001011101000010111111
1
0110000001000000101
1110000
1011000111101010010001100001
00111
010100
11
1
1
00001110110100000010000
100010100
0110011001101
1
00000100100100100000101
001010100000010001001
11110111
111000
010101000010000000001000011
1111000000110000
0100010001111100010100100100000001011
1
1
1110010
001000100000100001000010100001000100010001000100000
11
0001100010001100010001000
1010011
011000000011000100000000011010000000011001100110001000000000010
101100
11010000111000
01000100100100
01
1
0111111000100
11
00001010011000010000000011
1
011111101
001000001011001010011000010001111
1
1000010011001001000101
1
01101
1
110001000001010001000001
00000000100000010000000000010001000000101000100
1
010000001100
0001
1
10
111000100000000011001
1100
11101001000101000
00000010011100100001000000011
010001000100
01
01110
1001
1
10010001
1011100011000011001
10000000001010000010000100000
1
1
10
1
11111001100001100000
1
1
1011
11
01
1
1
1010010001000100011000001010000100000110001100110
1
1
000100001001111000000010000100000000
1011000
1
01
0001000010110001100000100100010001001
0101111110010000
0010001000000011111000011000010001100110
0110000110
100100010000001000101000
1
011
001101
1000100
110001100001000000110000
11
1101011010
1
10010000100000
01
00010101010010000000100010
010100001000000
1
1000000001
1
1
010010000000010100000010001
001000001011011010000010000
0100000001100001000001001
000010110001100000100001010100
11110110000010001
1
1
10000100001
10011110110000
111110010100
1
000100001101100000110000
0010001001100001000110000
10011
11
11
1
00101
101100001100100100
1
11101110010000110000
11
00100011011110100100100100010000
1101
110111100000001100
10001101100
001
1001010100100000100
1000011001000100100010000
01011000100000010001001
1
10000000001100100100000100000000110000000000000000110
1
1
01
111
10010
11
1
11111101
10001001
1001111011001000100010
1
100101011
010100000101100000000110000010000001
11100010
1
101101010100000
1
11
01110100110111111110110001100111101111010
11110
1
101101
1
111111101
11110101100
1
11
1
1
1
1
100000001001
100000110001100010001000000010
01011110001100000
01
1111101010000
11111101
0
00010001000000111000100110011100000000
111010
0001
1
11111101
1
1
1
111111001101
000000111001000011000010
1
0100001000001000000000110000100
0010011
11111101
1
1
11
1101010
1110001111101011000100000011000100100000011001001111011011111
0000011010000000010000011000
101100
10011
1
000100000111100100000000010000
100000
100101010001100000000100000010
1
0000110110001010001000
01111000100000011
1
0111
11001100001010001000110010010001010000100001000100
1
0111
1111111000001100
1001000100011
1000100000100100000001100010
1
000011010
1100001100010001000100
1
010110000110001100
10000010000
00
0111100010000100
1
001101
11
001100000000000100011101100000001000001001010101000
01
111110101000
1
110000100
0111000100100000001001
11
01000000110010
0111110011000100
001011
11101
1
1
1000100000000000000
110000100
1
1
010000110
1
00000010100111000001100000000100000010
1
01
1
11100
1
000010100001100111010000000000110001000100
000011110010011011111001001
01001100010001100
1
111000001001100000
000010110000100100001000000000
011111001001000
1
10000111011010011000010000
00000111110001010111110001
1
010000110110010110000100010011011
1000101010001110010001001000010000000001
0010001000001010010001000
011111010100
1
1
1
11101111
1100010
1
1100000010000
0111
1
1000000001100001111010100100001010011100111
1
1
1
1101001000100000001100010
1100111011010
1
110000100
11111001001000
11011010000110
1
1
1011110101101
1
1
1011111000100
1
1
1
1110000
0101
111000
10101101
1
1
000011100
001001000000100001000110100000001001000100001000100000000
10010
0100000111010000001000001100000
1
1
001100111110111010011010000
10101
111111101000
1
0111
110001000110
00010100101010010000000100
11101010110000
1
10
101110001010100000
10
1
1
111110101100110000011000110000
0101110000010101
1
01111011101011001
0111
1
1011100100000000010100000
100001001011010100000000000
10
1
1
0110010001010000010001000
001000000000010010100110100111101
000001000111100001001100001100010
01
1101011010110111101100
1101
1
0111
11
1111111000001100
1
1
110011011110001100000110
1110011001100
00110000110000001000000011
11110101100
1
1
1101
1
11111000101100000
1
11100
1000110000000110
1000
1
1
1000010001100000001100010010000
1
000011101110000100010
1
01
10010100
001100100000100000000110000001000
1100001
00001
101111110000
1
11001111111010110001000000011000
01000111000000100001100000
10101
01
0111110000000001010000
11111101
01
1
1
1
10011
001
11
11
11110100001100
000110110000100001001
1
0010100001
01
1
1101
1
1
01111000101010
1
1
0111
0111
1
0111
111
1110
011111101
1
0000000000111000010000001001
1
1101
1
111111001100000
10101
1
10010000100001000000100
1
1
1
1
100110000001000000001000100001
001
1
011111011001010101101
00100010000101100000111010110010011000000010001010100
1
111000
110000000001111100000000110000000110000
0111
110101110
01
1
010011001000000001000101
11
100101
00010001100010010010000010001
01
01110100011010
1
00010110110001000010
10110110011111101001000011000000001000001
010001000111001101111010000011000100010001010001000
1
0100001111000000110000
100010100000001100010000000010
0001000001010010000101000
1
01110000
111110001100
1
1
11
1
0010100101101111111000011000000011010
001111011100100000
1
100101101100
0111
1
1001110000000011001
1
1101
1
1
1
111010000001001100
00000111101000010100000000
0001
1
01
010110
0001
001100011001110111011110001010
1111110001
1
01
000
1101000
1010010001000000100010
1101
1
011100000100000100010
10001101110000000010100
1
1
0101000010001000000001000101
11
1
111111001
10001101000000101000001
00010010001010
10111000011000010000
1101
0000000100101000000001100010000111101
011010000
11110001000011001000010010001110
111110000101
10100000100010000
1
1001001000100000010001000000001
010011000010010001000
01010100100010001000
11111101
1
100111011000001
10010100100000000000011
111100000000011001
0010001110000010001001
1111100110
11111101
01001100000000000100000001000100010000100010000000110000
11011010011
1110100011000
1
110111110000
11110101011111100010010010011110100
0001000000100011010000000000
0110010000000000011011110001001000100000010000100001
1
110100100010000001001000
001011001011000001000
10011
1
1001011001000
1
11
10100000011110000000110000000000
0001000000001000101100001000101000001000
11
1
11
11100
11
010000110010000100111101000101000010000001000100000
1
011010000
01101
001
111111101
111111100
1
0100010010001000
1
00010001010010000000001110000000100100000000000101110000
1
1110001
100011000100000100100100000
1
1
1
1
11011011001
10111
0101101100101
1001100100000011000
110001
00110111
111111000101
11111101
101111111
100
0001100000010001011011000000000101000010000100000
1001000101100000101000000001
010000001100101000100100110000110000
1
010001010100100010001000010001000
1
1
01111
10010110010000010001011
01100000100001011001
1
11
11100110001100
1
1
111000100111000010100010000
1
1
1001
1
11
11000
11
1
11
1
11001
1
1
11101010001001
1
11
1001
1010010000
1
0100001110100100100000000
00001011000000
11110101100
0000010011100000000100000001
00011011001000100001000
00000000001100100000101
1
0101110000100001100
1101
1
01100111000011000000
1
1100100111100101
1
1
01101
0111111001
001
10000010000000
011
10001100010010001001000
1
100010001001100010000100
11
1000100010011000010001000000001001000100010000100000
110010010
1
0111001100010001010
11001
1
1
10111110001
01011
1111101000100
01110111010110101000111000100
1
1011000110010000011101101001001000010000110000111000
11110
1
1011001
001011010010111100000001000000000010
1
0111100000
000001010000010010010110000000000101010001000100010000010000000000000000100
111000000
1
1
11111100001
0100
01100000010000101
1
0001010110100001000100
111110000011000
1
11010001000001000101
1
0100011111010000010100000
11011100000000011000
11001
1000111
1
11
11111001000100
000100111100011001100
1
100000100001
001000001
