1
1
01
1
0
0
0
0
0
0
0
1
1
0
0
0
0
1
01
00
0
100000
00
1
1
1
0
0
001
0001
0
0
0
1
000
1
0100
0
001
0
1
1
00
0
1
0
0
0
0
0
0
010
0
1
0
0
1
0
0
10
0
0
0
0
00
0
0
0
0
001
0
0
1
0
0
0
0
0001
0
1
0
0
0
01
0
0
0
0
0001
0
0
01
0
00
0
01
000001
0
0
0
0
0
0
0
0
010000
0001
0
1
0
1
00
0
0
0
0
00
0
0
0
0
00
0
1
0
0
01
00
0
0
0
0
0
0
0001
0
0
0
00
0
0
0
1
0
0
0
0
0
0001
0
00
0
0
1
001
0
0
10000
0
00001
0
1
00
0001
01
0
00
0
001
1
0
11
0
00
0
001
00
0
0
0
0
0
1
0
0
0
00001
0
0
0
0
00
0
0
0
0
1
1
0
0
0
00
0
0
1
0
0
