01
01
01
1
1
1
10
01
01
01
01
11
1
1
01
1
001
00001
1
000
1
0001
1
1
1
10
1
1
1
01
1
01
1
1
10
0001
1
001
1
1000
1
1
001
011
1
1
00
0
1
00001
01
01
10
101
1
01
1
01
1000000
01
1
1
1100
1
1
1
01
1
1
1
01
1
1
1
001
1
1
000001
10
001
1
001
001
10
001
0001
1
1
10
00001
1
1
1
1
1
1
1
01
01
01
1
0001
1
010
00001
1
1
011
1
000011
1
001
1
1
1
1
1
1
01
1
100000
100000011
01
1
1
1
01
1
0001
1
10000
001
1
1
1
1
010
1
01
01
1
1
1
100
100
0001
1
1
1
1
1
10
001
1
01
1
0
1
010
1
1
0001
1
01
01
1
1
01
1
1
01
001
100
1
1
001001
01
1
1
1
0
01
01
01
1
1
1
1
001
0001
1
1
1
100
001
1
001
01
1
100
1
01
01
01
1
1
1
1
1
