01
1
0
01
1
1
000
0
0
01
1
1
0
1
0
1
0
0
0
1
1
0
0
0
0
1
0
1
0
0
01
1
1
1
1
0
1
0
01
1
0
10
1
1
011
0
1
1
0
00
1
1
1
10
01
10
1
1
1
1
1
1
1
1
10
1
11
00
1
1
0
0
1
0
1
1
0
1
01
1
1
1
0
0
0
0
0
0
1
00
1
1
0
0
0
1
1
01
0
1
0
1
0
1
1
1
0
0
0
1
1
0
1
01
1
10
1
00
01
1
0
0
10
0
1
11
0
11
01
1
1
10
1
1
1
1
1
01
1
0
0
1
1
01
1
1
0
0
1
0
1
1
0
01
1
0
1
10
1
1
1
01
1
0
000
0
0
000
1
1
0
1
00
0
1
11
0
1
0
0
1
1
1
01
01
1
10
1
1
1
0
0
1
0
1
10
00
1
1
00
1
1
00
0
0
0
1
0
0
1
1
1
1
0
01
0
1
00
1
0
10
1
0
0
1
0
1
0
0
1
1
1
0
0
0
1
00
1
0
0
1
0
1
0
1
0
1
01
1
0
01
0
0
01
1
0
1
0
1
0
1
01
0
1
1
0
1
