101000001001
1101000
011010000001
01
1
1
0100000110110
1
100000101
1
10111
0
0000001
1
000010000111000010001000
100000101
11000
000101000001
0
0001000000
10000000100
110000
001
00111
0
01011100000100000
0100010000010000
110111001010000
1
10
11011
0001
110
00011
1
10
000001001010000100000
0110100001011
0
011
011110001
10
0000001001100000000010110000001
1001100
110
001000100
1011
1111
01011
010001001
0111
0
0111
01001100
0
0
11011000010000011
1010000101001000
010011
01
0
0001
1
010011000000000000001000000
111100
100000011000000
010100000000100010
010100010
0001
1
1
1001000111010
11010100000010010
1
100010000
1
01101101110001
00010
1111101
10100101000000001100
1
0100000101110000000010010000
1
10000
1
1
1100100110
1000101011
01
1
11010000000000000000
11
010101
001000001101
1100100
000001
01010000100
10011
0111
000110000
1
01111
1
00
0111
1
010001000100000
001010010000000
10000101010000000
1101000001010000
000000000001000
1000001010000
1
1110111
11000010
1011001010110
01000110000
0100000100101010000001
1101101
1
10010001
01
0000001001100
001
10001001
011000001
1
00000000100000000
01011
0
0001
00111
111
01
01001000001000101
0
1010101011110
010
00
1
0
0111
0000
1110001
110001
011
0
01100001
11001
10
0
010100010011000010
0
110100000
111
111
1
0
11
11
1101010
00100010
00001001000010110001001011100100
11
101
0010101
1
1
00001010001010
1100000100
0
111
1
11
11010
1
01100000010
1111000
1
101000100001
1
01
1100001000000
1101110000000
11001010001010011000
1
10000
000101
1
100101
110011
0
0
11101
11
0
11
011
111110101
0
1
11
1010100110100000
11
0
01110100110
0
101010001
111
0110010000100
110001001000
1
111
00001000010000011100010
10011010
110111
1101110
010
01
0
0110
1100000000010
1
1
0000001
11
11
1
11000
0001
1000100011000
11110110
000101
1111
10100100
101000010
0111
11100100101
1
0111
0
1
111
1000010100000
11
111001000100110
10000010
00100
10010100010101000
10000000
00110000010
1
1111001
01011
01000000
011000
110001
0
10
001110
1
000000111111
0
010
00101011
1
111
10001100101000100
0111
010000000
111
1100
00001001001
1110
010
11111010
0
100
111
1
0001
00001000101
11
1100001
1111
001100000000100010000110010000000010010000000010000
1
11
11100110111000
100010010100101
1
0110010001
00
1100
10100010
101000000110
010101100011
10000
0000010
11110000
101110010
1
00011
110
111
01111
110110
0111
1100110
01001100001
00
11010100000010000
1111
0
0
1101000
11
10010010000
1101
1
11
010010000111110
111
111
01000000
101
111001111
000001011
00010010
01
1
0101110
01000100000110
10000110
10010001
1
11
1
1010
1111001000100100
01
10000100000000100011000
00000101
0
01000
0100101
1100010
0
01100001
10100000000
0011001
1111
0100000101
111
00101010
01010110
0111
00100000000000
010010001
100000
1
1100110000001000100001000
1011
1010000001
111
1
1
00010110100000010
1
111010
00011000000
100100010
11101010100
1
10100000
00100
0011000010000
0010
100000100000001
0100110010000000000000
100010000010000
101
100000001001100100
1110
01101100111
0
011
110111100
10111110
0
0
111
11010000001
000001000100000
010001000111
1
11100000010000100000001
11
001000000110
1010000010
1
1101001
000001011
1100010000
11000101000
1001100110
00000000000000111000001110001000000000001
1
0101001100100
010001
1
11101
00111
1
110010111000
0
11100000001
00010110000
010
11
111
01000110010
1
10000101
101100
1
0
1
111101000010000
1010000
00010
00001
1
111
1
11010
1100000
10
0
0
10
10011
0
1110
01111
1101000000000
111
1
1
001
101100
1000010000000001
0
00
1
1111
110000
010011
0111000
00010101
101000
01001001011100000
011
010011100100
0
000101100011100101
11
100010110
11
1
010001100101
11110
000111
0
1100000001
0
101000000000000000000001110000100
10000100001
1111000101100
11
0
1
111
0
1
100000100010
1001
1101
000001011
1101
11
0111100011
100100001
01111
10
000101000001
1111
0
101
1000001
001110010000001001000
0111000
0000001
100110000
10010001
001001
01011000
110100100
10
000000100000000
1
0
101001000
01101000
1111
11
10001100
1
1
0110001
1
11110101
11
010001001
11011
01000101000100101
1
111
110
1
0000110000010
100010000001100
100000001100000
11
1110000
1
1
10000
01110111
1
11101
10
0
1001010010000101
0
111000
0110001
00001
1101
0100110000
01000000000000000000000
110000001001100101
00
01000000000100000000010
11000000100000
1
1
011101
0
01010001010000010100110100
01
1010
00001
0101000000001
110001101100100
0111
1
10111
0
1100000
011
110011
1
0010
000100101
11011
1011010000100
11
110101001000
0
11
1000000
000101
1000000011
0001
1
00001001100001000
011000000
011001
1
1000101
1
10001011
000011000000000010000
1010
0011
1
0100011001
1
0
0111
1110
1
0000010100000000100110
0001101111
001
100001001
1
11
0000110000000
11
00011
1101
000011
1
011000000110
00
100010000100000111
100101100000000
100101011
1000
010
110001011
10001000101001000001000000
1001111
11
111
0
0
1100000100
11
1011001100100
111
00
0
0
1001010010000
001101
10101
0
1
0101
10000100100010011100
01
1010001100000001000010001
110001001001010
10000101
1
0011000100101
1
01111
0
00100011000010
1011
1010011
1111
1
1
1100010010000
01011
0
0
001010011
10010100
1
1
1
0
111
11111
01
0111001010
101100
111000001000111
11001100100011
1
11
111101
001010010100000000
0
111
0
0
0
010
11010000010001
101010001
0111
1110
000001
11100
10000011
1
0
0100011
1111001
0001
000010001000000010100100
000111
1111001
00001
10
0010
111
010111
11
0100000
11
0
0
0
0
10101000000
110010000001000001000
11000
10011
111000000000
1
00
1000
000110000100000
0
011100000
1
1000101000000
000111
01101110
0101001
10010000010000000101000100
1
0
11101001010
001
0
1110
1000010000001110111
100001001
01
101001
0
100010000000101
100
1
00001100001
0
0
1111
011000001
10100100010
1111
0
111
0
11
0100
11
10001011000100
0110000001111
000010010010
00100101000
110000001
1011
11
01
11000000101100010
00010101000010000110000
0
110110010000
0
1111
11
0
10010001001
0
1
10
0
111000100101
101
0
0
0
0
111
1
10000000000000
1
0
0100010001000001000
10111
10010011
0100100001
1
00010
0101
1000100001000000
1
10
000111
100
11001010
1
01011
01010001
