01
0101000
1011
001
1000
0001
001
1000
1
1
1
1
1000
0001
0100
0001
001
1000
1
0001
00011
11
10
1
1
010
0001
1
0001000
1
01
1000000
00001
00001001
1
00010001000
1
00010001
00
1
1
0001
001
0001
1
1
000
1
001
0001
1
000001
10000
0001
10000
1
0001
000
0001
1
0100
0000001
0100
001
00000001
1
0011000000
1
00001
0001001
100
01
100000000
001
1
1
1
1000
1
001
0001
100000
000
010000000000
001
0001
0100000
1
0001
00001
1
1
0100
1
01
100000000
001
1
0100
10100000
1000000
01
1
1000000000
1
0001
001
0100
1
000001
1
1
1
1
1
1
1000
1
1000
0001
01
01010000
1000
1
0001
1
1
0001
10000
000000001
0000001
0000
1
0001
0001
0001
0100
0001
001
1
0001
0000
1
010
001
1
0001
10000001
110000
01
1
01
1000
0100
1
100
00001
1000
001
1
1
1
1000
1
1
0001
001
01
1
1000
1
0001
1
01
1000
1
1
1
000
1
00001
0100
0100
0100
1
