01
1
1
001
0
0000001
11
11
1
1
1
1
00000
11
0
010000
1
0011
0000101
1
1
1
1
0001
01
1
1
1
1
1
10
1
0101
1
01
0001
11000
00001
01
1
0001
01
1
01
1
001
1
00001
1
110
1
10001
01
1
001
001
10100
1
0001
1
1
01
0001
1
1
1
11
00011
1
1
01
1100000
1
1
01
01
1
1
01000001
1
1
1
00010
1
0001
1
1
1
0001
1
1
1
1
001
1
1
11
1000
00000001
1
1
01
00100000
1
1
0001
01
01
1
100
000001
1
01
1
001001010
1
1
1
1
1
1
1
01
1000000
1
100000
0001
11
10
001
01
1
1
1
01
1
1
11
1
1
000001
1
000001
10
1
1
010001
1
1
1
11
01
1
1000
100000001
0001
1
1
1
11
11
0001
1
1101
1
0001
001
0000
1
1
1
1
11
1
01
1
1
0000000001
1
1
0001
0001
1
01
10000000
0001
1
0001
1
1
1
1000
1
1
0001
1
1
11
1
010000
11
11
00001
11
1
1000
1
1
0001
0001
1
1
00100000
000001
001
1
1
1
1
1
1
00001
01
0001
1
1
1
0001
1
1
1
01
1
1000
01
00001
001
1
1
110100
00001
1
000011
100
011
0001
01
01
01
1
1
1
0001
1
1
1
0001
1
01
1000
1
1
00001
11
1
11
1
1
01
01
1
001
1
0101
1
1000
1
1
1
0001
1
11
01
00100
001
1
1
1
1
1
0001
1
100000
1
1
00001
1
01
10
10
00001
1
1
100
1
01
1
1
1
11
00001
11
01
1
01
1
1000
01
000001
1
001
10
11
0000001000000000000000
1
1000
10
1
0001
1
1
1001
000
1
010
0100
0001
001
1
001
1
10
1
001
11
1
1
01
1100000000
1
1
010
1
1
1
100000000
1
1
01
1
01
1
000
01
1
1
0001
1
1
001
11
1
1
1000
1
00001
1
1000
0100
0001
10100
1
0001
100000
1
01
11
1
001
0001
1
01
1
1
01
01
1
1
001
1
10000
1
001
1
1
0001
1
10001
1
00001
1
001
00100
01
1
1
1
1000
1
11
100
100
1
1
01
01
01
1
0001
1
10
1
01
1
000001
0001
1
10
11
1
1
10000
01
001
00100100
1
00001
01
10
1
