11
1
1
0
1
00
1
01
11
0
01
1
0
0
1
1111
1
1
0
000001
1
000
0
000
000000010
1
1
00
00
111
0
1
001
1
001
1
1
01
00000
0
0
1
1
1
1011
001
001
0
0
1
1
01
1
01
000
001
1
100000
01
0000
000001
1
01
1
0
00
0000
0
110
00
00
0
0
1000
0
0
0
1
1
1
1
0
1
0
1
10000000
010000000
1
0
000
1
0
0
11
100
1
0
0
0
0000
11
01
0
0
00000
01
1
0
1
0
0
1
1
01
0
1
01
111
000
00000000000
0
1
01
1
1
1
111
1
1
1
1000010
1
0001
1
11
0
1
000
0
1
101
00
0
00000
1
0
000
00
000
10000000000100
0
01
0
11
0
00
0
0
10
1
1
00
01
01
10
0
1
001
0
111000000
1
11000
0
000
1
1
1
0
0
1
01
1
1100
00
1
00
1
1
0
1
0
0
1
1
1
0
1
1
1
01
1
1
0
1
01
1
00000
0
0
1
001
0
0
0001
0
1
0
00
1
1
0
00
0
1
1
00
00001
0
0000000
0
1
0
0000
1
1
10001000001
1
0
10000
00
00001
001
1
00
1
1
00
1
0
00
01
0
01
01
1
000
1
0000
0
1
1
1011
0
1
0
1
1
01
1
1
001
000
1
00
0000
00
0001
00
1
00
10
1
1
1
1
0
0
01
01
1
1
1
0
10
01
00000
00
1
0
0
0
0
0
11
1
0011
1
00
1
000
0
0
1
00
0
00
0
00
1
000
000
1
10
0
011
1
1
0
1
1
0
1
00
1
1
1
1
11
1
1
00100
001
1
00
1
000000000
0
1
1
100
00000000
011000
00000
00
1
10
1
0
1
1
0
1
1
1000
00
1
1
1
0
0
1
1
0
1
1
1
0
00
000001
0
1
0
0
00
1
1
11
1
1100
000
1
0
0
0
000000001000
1
0
00
000000
0
1
0
1
1
0
0
0
11
10
0
00
0
00
001
00000000
10000
1
01
0
0
1
1
1
1
1
01
1
1
0
00
1
1
0
1
11
1
00
10
0
0
11
01
1111
11
1
1
00000
0000000000
0
00
0
1
0
1
1
0
1
00010000
01
1
001
11
0
1
00011
1
0
1
0000001
1
1
0
1
0
101
000
10
1
001
0
1
01000000
1
010000
1
0
001
1
1
1
01
1
1
01
10
0
1
1
01
01
1
0
1
1
1
0
1
1
0
0000
00
001000
1
00000
1
0
1
0
000
1
1
0
1
0
1
101
11
0
1
1
10
01
000
01
000
1001
1
1
1
1
1
0
11
0
11
1
0
00
111
00
1111
001
1
0
0
00
1
1
0
000
0
1
1
0
00
0
0
01
1
0001
0
00
0
1
00100000
1
0
0
0
1
0
11
0
0
1
00
0
1
1
1
00100
1
1
1
00
1
0
0
1
00
0
0
0
1
1
0
10
1
0
0
1
00
1
01
1
0
00
1
0
0000
1
0
00
0
1
0
1
0
1
1
1
0
1
00
000
0
1
1
00
00
1
1
1
01
0
0
1
1
1
0
000
1
10
1
