00001000110100100
0
0
0
10010000001
010100
0
1000100001000011000000001
0
00100001
0011111
0
001000
000000001
01100000
000
1
1100000000000
0
1000000001
01100
10010000000000
10
110
0
00001
0
1010
11111
0
1
10
0101001
01000000000
1000
00000100110000000010000000000000000
0
11
000000100000000010000000000001000
0110010
00001
000
1
11101
1
1
1000000
1
11000000100000
10010100001000000100
000100010100000010000
11111110
0
00001001
00
000000001
0100000
000001
0
1100010000000
0
01010000010
0100100001000
00
0
0
0
10000
0
0000101
1000010000
01000100001000100000
100000000000011011100000000001100
0000000111000010100000
101
1
0
101
001
0
1
1111100001101
00
1000001000100000
01
00001
00
000100000000101000000001100100001000
1
10001
100000100
10000010000000
0
1
0000
0
0
0
0100000
000001
00000000010000000000000000
0000010
00
100100
01
00
1
11
01101001100010010001000011101001
0100000010000100000
10100000000000000000
111111111
0100010001000100000000001000000000
10100
101
1
01011101
10010
1000100000100000
0
1010
0100010001000010
100010000
0
0000100000000000
10000011000000000
00100010000000
0
101
01000100000101
00111
01000101001010000
10001000000
0000100001100000010100
10000000001
101010000010100
00000100001
10000000001
011000000100
10000100
010
0100000100
0
0
0
11
010000000
01
0
0
00
0
011
1
00001
00100001000100001000100001000
00
00
10000010000000100
00010
100000100000
000101000010101
0
010000000000000000000000000011
001000110000000010000000110010
0
1001000100000
1001000
00
001000001000010000000000000100100
00
0001000000000010010110000001000000010001000
0
101101101000010010010
00000100100100
0
010000000
0000
0
1
0111111101000011
000000110010001
1110
00000110010100000
10000100
00100
1
01
0
01000000100
101000000
00
1000000100000100001
0
100000
0
01
001000001
00000001001
0
0001000001
00001000001
1
1000000010001000000000
1000000
000001
1000100000100100
001
001
00
00011
010000010000
10000001000100010100000100000
00011000000
10010000
0
000001000000011010000000000000000011010
010001100100001
01000000000001000
110
100110000000001000100000100010000100010000100
1
01000
110000000000000000
0
101
0
000001
1001111011100101
1111
0
00010010
0
0
00010101000000001001100000000000
11
110
00
01000111
1000000001000001
101011
10
100000
000
00000100001
1
1
10000
000001
0
1
00
0
0111
001
110000001
1110
01
00001
0
110000000000000
10000000110100001
001000010001000101000000000100
1000010000100000
0
000110
0110000
0010000100000101011100100110100000000000100001000000
0
0
000100010
00
001000001
1000110000
1011
1
0
101
011011010001000010
0
1
1001
0
011
000101
01
010000000
1001001000000010
0
10000010
0100001001
00000101
0
00
10100000000
001
0000010100000
0011101010
00
000000000001
00100000
00001
11110110000
0
1000000
0
1000010010000000
1000001010000
011010001000010000
0
1101000000010100000
00100
001
00
11000100100000
100000
010
010010110
000001
10000
00100000000000
0
0100010000000000010
0
010100010000100100101000000000101
11101001
0011
11
011
10000
1100111000
0001100000
000010001010000100000000000
00
0110000
10000000
0
010111000000
0000101001
110
000001
00101
10000
100100001010000
011
010000
110
0001010
000010000
000001100011010
11
0
100100001010000000
001
000
0
110
0100001
110
0
0
11
1000001
011
101100
0
0
1011111
0100000100
00001
0
1100000
000100100000000010001
00010010
00100000
1000000001
100000
001
101011
0101000000
0000011100000100000
100100000
11000001
0
010001
01
0100000000100000
00
0
0
1
00100
1
1000000000000
010000100000000100001
0111
100
000000011
01000100
0000000
00
0
1
1
0100001
001
00110010010
100010000001000100000000
0001000001
10001000000
0100010000000100
01
11
01001
10000
111
00
0
0
0110111000000000
0
000101
0
000001
0001
0
0000100001
0
1
0101000000000010000100110
000
010010010001
10001000010000100000
000
00
000011
0110100101010000100
001010000
1000000001101000
00
1
00
100001001000000
00
0
0000101000000100001
0101101000
00000001
100001
101
0000001
001100
1101
1010001001000000000000010
01
1101100
0
0
00001
11011010001101
0010011000000100010000000
00001
010001000000100000000001
0
01000100000
00101
01000000
0000101
10001000000
0
11
00000000011000000000000
10
0010100001000000101000
011
000000111000001001001100011010100000000100001000100
01
00001
0100000
00
111
0
101011
001010000000
0
1
01101
0
0000100
010
10
100
0
01111100
00001
0010101000001
100010000010
00101000000001000100
000101000000
1010000010100
010001000000
0100000001
0
1
000001
101
0
0010001000000
1
11111111
1000
1010100000011
0101
00001
0
00000100101
1000000010000
00
0100000
0001010
0
000000
00001
11011
001001000
1010000100000
010000001000000
110000000
1
0
0
10010000
01100000100000
011
0100000000
1
0
1
10100000100010000100000000101000100000000
010000000001
0
0
0
0000000111000001000000
10100000000000
000100011001000000000001
0001000010000
1001
00000100000000001
0
00001
01
00101
01001000000000010
1
101
11111110
1
0
0
010000000000
100000100010000100000
10010000100000111000000
1010000010
000010010100000000000
11001000000000
0
10000
11000000000000
1
0000101100000101100000
11100
00100000100
0
1
001
000101010010000000
0100000100000
100010000000
1
00010000001
00
000001
0100000000100
010111111
011000
0000100001
110000000
1
1
0
0110101110101
10
1000101000000100000000000011
1100000
000
0
00
0
01000000100000000100110
0011
1001000
0
11000100001100
00
0
1
0
010001
0000000001
1
000
0000101
1000010000110
100001
10000000001
00100
00
011000100010010
110000000001
10010100000100000
100001100000000
000100100100001000000
100001000000
1
001
0
0
00101011000
001
01
100000100000
0100000
1011
0001010000000010001
010001001000000
01
000
0
0110000101011000000000
00100101101
0
011
101
10000010001000
001
0
0100011000001000
1000000000
0100000000010000100100000000000000110000010010
01010000100100000101
01
100000
0
100001001101
0
01
000
0111
11000000
01
0
0101001000100
1
11111
0000011
0
0
100
0
0
000
100100
0100101000
100001010100
1100
101
0
10000010
0100000001
1
0000100001
00
1010001000000010000000010000
0100000001000100
01000100000
0
0
00010010101000001010000
0100000000
100001010101
0100000000111001
001000000
000010001
1001
11
0100010110100001000
01001000110000000
0011
10
00
0
0100010001010000000
1
0010001000100000000
000001
0
0101000
10010100000010000001000000
001010
1000000001
010001010000001
00
0
100000000100
00
0110000000
01
1000000100010000100100000000011000000001
0101000100010000
11
10
0
0
01
000001
110011
01010
100000
00001
11
11
0
00001
11000
10110100010001
0111
010001
10
0
0010110101000100
10000000001
011110011
01000
1000100000000000000
001000001000001000100000
0000
00001
000100001010000000001000
00
0
010000000
1
00
1
0
010010000
0000001
01000000100
0
000001011
010000
00
0
0011
01
11010110
0001011
010000000000110100100
0
0100000
0
00
01
01
0
0
00100000
0
0
0011011
010000000000
10000010100010000100000100000000
1
0
1
1010101
01
0100
10000000100000
000001010101000
01
1100
11
0001
0
00101
0
0
10000
111110101111111
0
111100111
1
01
0
10010000010
1100000
0
0
10
10110000000
01010000000000
1010000000000000
000100010000000000001
0
110000000010010
0
011
010000000000
0
1011
1010101000
000011
11001001
10000000
00001001010000100000
11111111000
1010000000
010001010001000
0000100000110000101000001
100000001
111
0
1100010
0001
1000000001
110000
11
0100010001100010000100
1000010000001001000001
01
1
0
000011
11
1000100001000000
0
01000000001010010001001000000
00010
000
01100000
00001
0100011000100
1
0010001010000100000
0
1000100
00
000010000001
0010000
0
000
100000
1
101
0000100110000100
00010
1010100000001000
01
100001000010000000000
0
10000
10
00
1000100000000100000001000000
0100000
00010000
1
1
11000000000000010
1000000100
0
0
01000111
0001010000000
0100000100000
00100
0
0110000000000000001
010001101001000000000000
10000000
0
001001000000
101
1
010
0
101000011
00001
00
0
1
000001
00100010000011
1000100101000
110000000
0100000010
00111101
1
1000001
100
0
00001
11011
011
00
111111001111
000011010000000000
010000
0000000001
0
0001
0
1
000100000000010
1000100100000001000
1
00
0001
010110000
11010000
01110000000000
110000000100000
0
0100000100000
01
000101000010100
100100
010001000100100101
011000001110000000
0
000000011100001000000
101000
011011
10010001
0
00010000000000000000
1000001000000000
010001010000001000
110101
10001
0110101010010100
10001
10000001001
00001
010001000
01000100001000010000
10000
01100010001
0110000000000000
0
1
1100010000010000
111001
0101100000
10000001
1
1101100
0
000
000000001000000011100010
1100000
0000010001010001000100000
011
10
0000001
010010100100100100000
0111000001
10
010000000010101001000000000000
10
10
1
00101
000100010010
010
100000
00010000010000
00001
000000001
1000100000000010100000
10110000
10
00000001001
0
0
0100001000011
00
0
0
1100
100100000000
1
0100001
00011000000000
01011100
01000000010000110000100000000000100000000000
11000000000
0100000000000010001
1000000010000
0
0100000100
000001
0
1
0
010010000100000100001
1011111110
10001000100000
0
01000100010
000101011
000
0
0
0
001010001
00100010000
100000010000
0
1000000000
10000
00
0
00001
101101
00
0000000000001
1
1
0
00001000001
10
000010000
0
1
000
0
11
010000
0
1001
1010000
01
0100000001
011000100001010
100000001000000
11001001000000000
001000010010001000000000001
0
0
00010000
1000001000000
100000010000000
1
01001
0
10100
00000000010000101000000000000110000
0
0
11000000000100
00
11111111
010000101000010001
101
10000100010000100
0
0
00100010010100000000001000
00010001100000101000000
01
1
1
000100010000101000000100000100
010001000000
1
0111
10001000000
1000101100000010000000
10000
0100000
000
01000100010000000000011000
00100100000
110100000
010000
0001000111
1
0100
001
11
00
0
000
01
11101
010000000
00101
0100010010000
001010000
0
0000101101100010000010000000
1
0
111
0
0
00001
0
00
1000000
00100000001
0
010000
01
0001
00111001000000
0000
110
10
1000000001
0001000001
0
110000000
000010000101100001000000
10
0
0100001000000000000010000
01001010000100000
0
1110111
100100
0
0
11110010
1
01000000010000000000000000
0000110000
01
0
0
100010000
1
10001000001
00001
