00010011
11010010110000
10000100000000
10101
1101
0111
110010000
1111100001000000
1101
0111
0
11001
11000100000
011100000
0
11000000000000
0111
10011
0111
1000011
1110
1011
110001
110000001000
111
11100
000111
111000
000000111
11010000
001001001
10101
111
0111
101001
0111000000
0001001
00100101
10011000
111
10010100
11100
0010000011
01101
000101010000
110001
0111
1101111
00001011
111
1110
111
111000
111
01001000
1011
000111
101001
00111
11000000010000
110000000
001011
10011
111000
111
01011
11
11010
111
110000010000
0001000100000
11100
0111
1000011
