001101001
1
1000
100001
11000
110001000100
0001
11000
0101011
1011001
010011100110010100000010011011
11
10010010001000
111110110011
00100101010
110011000
0011100
1
01
100
001111
111111011110
11
1
10
101
0011
010010
11111010110010
1
1
11101000
010111
11100010000
11100000000
1110000001110101001001
1111111110
100110000001000
00101101
1101100
0000000000
0001
110000101
11
0001
10001
11
101101110111
1
1
0001
1
110110110101001010
01
1010101000000
1110100
011011
111111111
1
10
0100101010001010100
1
1000
01
011011
11000101
001
10001
11
1001
1111100001111001
111010
110001101001010
0111110010100011
10
01011110000110101
1
100
1
110001000111010101
10010100100000
11
110111111100110110000
001111
110010100
1
01001
1
1100
01111
1111101111
0101110111100100100100000
1
110011
001
01
1
110101
1111111101
10001101
10
110001000100
11
01001010010000
001
101101
010011000010000001001100011
1101010
100111011111
01110101111100
1
1
100
01111
000111000100
11000000011111011
10100000
001
11
1
1
001000
0011
1101100
01
1
111110011
01
01111
1
0011011
1
11100010
001
01
001
100
01
1110101011111000
11
1
01101000001010
101101
1
111111011110100110
01
111010
0100000000
001111
11111111010
01
01
111001
1
1
1
10111000
11
1111011111
101001110100
011
1
01
11
0010011100001011000100100
1
001
11
001
000101
00001010100001000
111111111
011011
111111101010
001
10001110000
10000
00010001011
1
01010010001
11101001
01
00101
11111100111
1
1
10101000000001
110000
1111001110101
111111111
1001100111
110010110001
1
10001
111000110011000100001
1110100
01
101101011000000001
1
1
110011
10010000101
00001
011
1100011
1
11011110110100
110000
11
01101100110111
11110111110
1
01000000
0100110011001010000011
11100000000100
0100111000
1
011011
111101011110
0111100001000101000111010
11101100000
01
110110
001
11
001
000011101101001101111101001000
010
010111
011
100
10111000
10010011
1
10111111111
1100011
01111
10101100
101100011011011
0101011
11101
110010111110010
111100
01111
1001101
001
10111000111110
01
011
0100111
1110001
1
1
1
01001
01110000100
101100100
0001
0100
111111111
1100110
001
111111111
0111111111
001
1011010
100
1
111101110
11
011010011001110011100010000001000100010
0011
10011100
1
0100111
100
001
111111111101100001001
0001
1
011011
1110100
1001110110100100
10111
10111000
11111111011
1011001
011011
1100100001000
011000
1
011
1
101
1
10
101
1000001
1
11
0101011
110110
1
11111111010
11101001000000
01
0110
1
01001
1
1111111101
1
1
1
10001
00100101001010010
001
1000101000
11
01
11010100
1000
110
1001111010111
111000001000
1
1
11010100
1
111111110001
1
000010001100010100000000000100110
1110010
1
1
1111000
1
1
1
1
01
101
01011111
0000101
1110100
0001
10
1
01111
111001
11
110101
000101
0110011
00010100000101
10010101
10
001
0001
11111010000101001000
001
110100000101
110000011010001
0001
110101110101001
1110001
1
1
1111100000001111
0011100100
01
1111011110111000111
11
11011
00101011
01
1001011110111011011
101011101100000001001000
1
1
101001011010000100000000110101011
111111010100100
0110000101011111000100
01
11101
1000010101
111111010101
10000011001000
111111111
01010000000001111010010001010000
010111000
11
0011
010110111100010111000000011
01
001
001001100100000
1
111100
01
001
1110100
11
01111
110101
1
110010001000
01
01010010110000100010
011
11111100111
01110100
1011100
1010000011
1
1
