0
1
000
1
0
1
0
001
10
1
1000
1
0001
0001
1
1
0
1
10
11
1
001
001
1
0
0
100000000
0
00
1000
1
00
000
1
0
1
1
0
001
0
11000
101
1
0
0
0
0
0001
01
0
1000
1001
1
0000
001
001
1
0
0
00
01
00
0
1
0
0
1
0
1
0
0
00
1
1
1
010000
1
01
0001
01
1
0
1
1
1
0
00
1
1
1
0
0
0001
0
00
1
1
0
1
0001
00
001
01
1
001
1
0
01
0
1
0100
1
1
1
1
0001
1
00
1
001
1
00
1
001
010000001
00001
0
0
1
00
1
10
00001
0
0
00
001
0
001
0
0001
01
1
1
000100
1
0
1
1
1
0001
0
0001
0001
0
1
00
0
1
0
1
1
1
0001
0
1
000
00
1
1
0000
00
0
1
0
001000
0
00
01
01
101
001
1
0
0
0000
1
00
1
00
0
1
0
0
1
1
1
0
1
0001
1
1
1000
0
0
1
1
10000
001
0
1
010
00
0000100000000000
0
0
000000
01
0
00
1000
000
0
0
0
1
100
0
1
001
00
1
1
01
10
1000
1
01
0
01
001
0
1
01000
1
00
0
0
000
0001
10
1000
00
1
11
1
0
1
0
000
1
1
1
1
100
1
0
1
0
00
001
0
0
0
1
0
0000
0
000
1
01
00
0001
0
0
1
1
1
11
0
00
01
0
001
1
000
