01
10010000
1
000001
0000000
1
1
1
0011
101
1010
1
1
00000000000000000
100000000000000000000
1
1
1
0000000
1
10000000000000000000000
1
1100000
0110001000000000
0000010000
1
010001000
1
011000000000000000
110000010000
1
0
011
0
01
10
1
1
0011100
11
00100001
110010000000000000000
1
0
0
0000000000001000000000000000000
000000100000100010000
11
011101000000000111000000000000000000010000
001000000000011000000000100000000000
00000100000
10001
10100
000100000000000
0
01010000
1
1
00100000000001000000000000100000000001000000000000000000000000
0
0
00000
000000001000
11
01100001000000000000000000000000
1001000000
1
000000000000000010000000000000000000000000
10000
01
0001000
0
0
00000011
0
1000100
01
01
00000000000000001100000
01001000
1
11000000000000
1
1100000
0000000000000
100001000000
1111
0000000101
00110
0
0
1
011
1
0
110010000
1
0
11000
0
000000000
001000000000000
0
1100001000000000000
0
0
11
11
0000001
010000
01
000010110010100001110100001
0000000000000000000
00100
0000001000000000000100100000
010000000
1001000000
00010001
1000001
111110
00000000011000000
000000000000000
11010000
01000000100000000000
0
1000000000000000000
0
1100001
11
111
1
01
01
1
00
0001010001000
1000000
010010000
1
100000100
1
0000011000000000
0000000000000000000000000000000000000000000000000000000000000000000000000000000000000000000
010001000000000
1
000000000
1000101000
1
11
0
1
0011101
100000
0000010001000100000000010000000000
1
01001000000
100000000000000
0000000000010000000000000000000
101
0111
00
001
00110
0100010000000000000000
10000000001
0110010000000000000000
01000001000000010
1
1
011
00000001
00000000011000000000000000000000000000000000000
1
11
00010001
0
0000000001000000010001000
00000000000000000000000000000
0
11
00000000100000000000
11
01
01000000000000000000
10
00000000000001000000000000010000000000000000000000
1
110000000000
1
101000010000
1
0
1
1
1
11
011
1
101
11
10000000001
01000100
00000000
101000
0110000001
1
00010001
00000001100
01000000
0010
10000001
0
0
000010010
010000000000010000000
011
1
0
000000000000100001000
000000000000000
11000000
01000010010000000
0100000010000010000000
0001000
0000000000000000000000000000001000100
0000000100010100000000
001
1
00000000
1001
0100000001
100100
00000010000000000
11
01001000
0000010000001
11
01000
10000100010000
000000000
1
11000
11
0
100000001
1
001
11
1
01
0000000
0
01
011
100000000
0001
101000
010000001
1
00000000001010000100011000000000
111
0
1
0
1
00
11
011
1000000011
111
010000010000000101000000000000000000
000000000000000000
011
0000000000000000
0
1
1
00000011
000000
001000
00110
1
00000000000000000000000010
1
0
1000000000000000000000001
000000000000010100000001001000000000000000000000000000000000
0
11
11
11
0101
11
1
01011000
0
1
011
100100
110000
00000000000110000000000000000000000000000000000000000000
11
00000000000000000000000000
0
010
1
1
0111
01010
1
0011
10
1000100000
11
0
00000100010010000000000000000000
000000000010000000000000000
0
00001
0
11
111
100010
0000000000000000
0000000000000000000000000000001
11
01010001
01000010000
10010000
11
000
1
00100001
00000000
0
10000000001
0000010000000000000000000010001000000
100000
00001
00
1001000
0
0
11
10000
00100000000
10000001
0000
1
0
010100000
000000000000000
1
000000000010100000000000000000000
1
110
0001011
1
0
01
001100
1100
1110
010001
10001000000000
1
10000000001
1
1001
01
1
1
0000001100000
010
1100
100000000
0
0010000
000000010001
100000
10001100000000001
111
101
00001
1000001
00000000000000000
10000
01100000000
10010000
101
01
1
000000000000
1
101
10
1
01000001010000
000000000
01
1000000
01001000011
0011
0110
0
00
0
0100000000000000000
0
011000000
011
1
00100000
000100
0100001000100000000000
00000000000000000000000000000000000000000
100000000010001
01101000000
0000000001011010000000000
1
010000000
0010000
0111
1
01
110
000000000000000000000000000000000000000000
1
0
100
1
101
000101
11
10001
011
00000110000
1
100100
011
1
00
00110001000
000100001
0
0110
000011
01011111
11
110
1
1
1000000
100000001
1
11001
000100001
001100000000
0
1
0000
0
0
111010101100000
11
10100000000010000
000000001001110000000000000000000000
1
11
1100000000
0000000000000
1
1
0
101
010000000000000000101000000000
1
1000000000
0
00001
0
0
0000000000000001
0101
1000000000001
001001001000
0101
10000000
0000100100000001
00
1
0110000000000
100100000
11001
0000000000000000000
1
101
0
0
00000001001
10
0
1
000000000000000000000000000000000000000000000000000
11000
1001
0100001
100010
011
01010001
0100011
11
111000
000
01
000110000
111
0
0010000
1
1
00110010
101
1100000
10010000000000
1
011
1
10000
00010001
000000000000000000000000
100001
1
0111
01010001000011100000000000000000000000
111000
001
1
000010001
1
1
0000000000000000
1000010000000
0
000000100100000000000000000
1
01
101
0
0100010000000
1
1
100010010000
11
1
1
0
1
110000000100000
100000
11
11
11000
0101
1
10000000000
0
110
011000001000000000
111
0
10001
000000010000100000000000011
1
000
00
00
110000000000000000
101000
0
0001101
000000000000000000000000000
0011
11
01000010
011
000000000010000000000000000
1
110
000000000001
100101
00100100000
0
001
0
1
00000000000000
1000100000000
011
00000000000000000000
0000000000000000
0
0001010000001
10
10101
000000000010000000010
11000
0
11
1000000001
1
011
11
01000001
000001
000000000000000000000
000
000110000
0101
00010000001
11
11010
1
1
00100010
01
0000
000001
000010
00000000000
10
01
101101
11
11
00000000001000000000000000000000000001000100000000
0000100100000
0000011
0
01
1
1
0
100000100000
001
1
000000001100000000
0
1
0
000000000000000000000000001001
0
0011
1
011
00
1
100001
01000001
000000100000000000000
1
1
1
1
1
00
0001
00101
0
111100
11
