1
1
01000001
0101
001000000001
11010
1
0100001
1
1001
010000001
1
1101000
01001
100000010
1
011
1
0101
1
10001000
1
01000001
1
001000001
10000100
1
1
1
100001000
111
1
111000
01001000
1
1
1
1
111
10000001000
1
00010100
00110001
1
0111
100000100
1
000001000000100
1
1
1
0111
1
1
1
10011
0111
1
10010
1
1
1
1
111
1
1
1000001000
0100001000
1011
1
100000000001
111
011001
1
111
010000001
0111
111
1
1
1
1
1
1
0100000100
1011
1
1
1000000001
1
1
1
1
0100000000100
1
1
1
111
1
111
1
0001101
1000101000
100000010000
0000010010
1
010010
1
111
01001
111
1011
111
011
1
111
1
1
111
1
101010
1
00010000001
1
000010001
0100001
0100000000100
10011
0001000100
0111
111
1010
1
01001
1
00010100
1
0101
011
1
111000
011
0101
00111
011001
100101000
1000010000
1000000100
1
1
1
1000000010
1101
00010001
011
11
1
1
1
111
1101
01000001
111
1
1
1
1
0000
1
111
0111
1
1
1
1
1
01101
100000000001
1
111
10000000001
1
1
111
10000000000
111
1
10000001000
1
1
01000100
1
10000010000
1
00000000000001000000
1
10001000
10000100
111
10000001
1
011
000110
100000100
1
1
1
1
1
111
00001000001000
011
100000100
0001000001
1
1
00001000001
1
1
1
1
1
111
1
0101
011
1
1
010000001
10110
0101
10000100000100
001010001
1
1
0001000001
01001
