1
00
1
0001
1
01
1
1
1
0001
00
1
1
1
000
1
00001
01
1
0001
00
010000001
00
1000
000
001
001
010
1
1
1
01
1000000
1
1
1
1
1
1
1
000000000
1
001
0000000
1
1
010001
01
01
10000000
00000000
10
000
0001
001
1
1
100
0101
1
1000
1
10000
1
1
01
1
01
1
101000
01
011
00
1
000
1
0001
1
01
011
00
1
00001
00001
000000
1
01
01
1
01
1
10
1
1
1
1
10
001
1
10
10
0000
1
1
0000
0000000
1
01
00
010000000
1
1
0000001
100
01
1
1
1
1
1
1
1
1
10
1
1
1
001
00
011
1
1
01
1
00
1
11
1
1
01
1
10000
1
1
01
01
000000
1
001
00001
1
1
1
1
0000
1
1
01
1
01
0000000
1
111
1
1
000
0000111
100
1
1
1
1
00001
00100
1000010
1
00001
1
10
01
1
1
00001
00
1
01000001
1000
01
1
01
1
00
1
1
01
00001
100000
1
000001
00
1
10
00001
1
1
01
001
1
1
1
1001
001
10000
1
0001
1
01
0100000
00001
1
101
1
100000
1
1
1
1
001
1
10000
00001
1
01
100000000
10001
100
100
1
00
01
00
1
1
01
1
1000
0001
1
1
01
1
1000
01
0001
1
1
1
00
1
0001
001
01
01
1
11
1
1
1
01
001
11
1000
01
00
01
1
00
1
01000
001
1
000
00100
01
01
1
1
1
1001
000
001
1
100000
10000
01
01
000001
000
00
1
1
00
1
1
0000
000000000000
1
0100000
1
1
1
001000
01
1
1
1
1
0001
1
1111
1
0000
1
001000
01
1
01
1
0000001
1
0001
1
01
00001
10
1
00
1
1
1
1
001
1
1
1
1
00
00
1
1
1
0001
1
10
1
1
001
1
1
01
00100
0
1
001
000
1
0000000000
1
1
000001
