1
01
001
1
1
1
1
1
1
1
00000001
001
010
1
0001
1
1
001
1
1
1
1
1
0
001
0001
1
1
1
0
0
1
1
1
00001
1
0001
1
1
001
0
0
1
1
1
001
1000
1
1
1
1
1
1
1
00100
001
1
0001
1
100
1
10
1
1
1
1
0001
0001
1
1
1
11
001
1
1
1
001
1
100
001
1
0001
1
1
10
001
001
1
1
1
1
1
1
1
1000
001
01
001
001
1
0001
1
1
1
1
0010
100
001
1
1
00
1
1
1
1
001
1
001
1
010
010
1000
1
1
01
001
1
0
0
1
1
001
0
1
001
0001
1
1
1
001
001
001
1
1
100
0
001
1
0
1
001
1
1
1
001
001
1
1
1
1
1
1
1
1
001
001
001
1
0100
1
001
0
11
1
1
1
1
00100000
001
0
1000
100
1
1
001
1
1
00001
100
001
1
1
1
1
001
10000
1
1
001
001
1
1
0
01
0
1
1
0001
01
0
1
1
01
01
1
1
1
1
1
1
1
0
1
1
001
001
00011
100000
001
1
1
1
100
1
001
1
0001
1
1
1
1
1
010
0
