1
11
11
11
100001101000
110
001001
11
010
1
000001
110000
001001000000
001010001000100
111000
1100000
0
000
0
1001110
00011011
1000000001
000010001
1
1010000001
110010011
1
0001000
0001
100000001
11
00000101
1000
11
011
00000000
11
010
1001
11
00001001000000001000
1000
10100101
011
00011
10001000
100010000
001100010
10100
00011
11
1000
010001
11
001001
11
1
0000111
1000000010
0001
00000000101
1
100001
11
1000010000
000101
010010000000
110010000
1010000
001001
11
1001001000000100001
101000
10000010
01
1000100110
000000000
1100
1
11
11
0011
10010000
11
11
101
100010
011
010
0001
11
1
000
11
00001
1
11
011
100101010
00001001
1
11
11001001
0011
10000
11
0011
11
0110000100000
111
001
1
00100100
11000000
11
11
1000
000101
10000000001
00001000
010000000
101
101000010000
100010010000
001000
10
11
110
0001
010001000
10001000
110
1
010001
011000000
1001
10000001101
1
00101
101110
0101100011000000
0110010000
10100
001
11000011000
0001000
010
1001
000101
11
100
10000010000
1100
00001100011
110000
11
11
001
11101
10000
111000011
10000001
100001000
1
11
1001
0001
0001
0001100000100
00101
010000010
10000100001
0001
10000
01000001000
1100
11
0001000011001000000001100100010
1010
0100
100100010000
000110010110100000000
0001
1000
0001
11
1
0001
1
001000000
00011001
11
0001001
110100010
1100100000010000
100001
011
010000000010000
11
1
101000
1
11
11
10
101
0001110010000
101
1
0011
110000
1001
1000
11
001
0110001000
11
1
11
110
000100001
000101000
1100011
001
1
11000
100001000
01110001000
10
11
1000100
0100010001000
1
10000001
001
11
11
10000000
0011
10010
1
0
000111000000
01
11
01
01000100
0000011000100
111
001101
11
101
110000
101
00010001
00
10000101
10001
11
101000
0001
11
100000001
01
100001000
10000
011001001
000
1
00100001
0011
10000000001
0010001
10010
00010001
11
01000100
0000101
00010010
0000100001
010000100
00011
11100000
101
1
100100010000
1000000
101
101
00110000
1
11
11
11
110
0001111
100
01100101
0000011
11
000110000
01
1000100000000000011
00001
0100000001
100000001
101
10101000001000
011
1101000
11
10000
101
0010000001
0001
1
1
10100110
010001100000000001
0000010
011
1000
01
1000010
011
000111110000000
00001
1000000010
0111000000100110
10001
0010000001
001
1100000
1
000
011
1010
100010000010001
010010100010000
10001
1000001
01
100100
000100001
001
0011
0011
011
000010001
011
001001000
1
001
11
1000000
010000010000000000
01
110000
11
00010001
101000
01
11
000101
0011
1000110000
0011
00110
11
0
1
0001
1110000
00101
1
1001
0001000
1
0000100100000
110
1
00010
10001
100001
