1
001
00001
10
01
001
001
0100
000001
01
1
100
1
1
1
0001
001
10
1
0001
01
1
010001
1
1
1
100
1
1
1000
1
0001
1000
001
001
001
10
1
1
1
1
00001
001
100001
01
1
001
1000
0001
001
1
10
1
0000001
1
01
1
0001
1
1
1
01
010
001
1
001001
1000
001
001
0100
0001
001
100
100
1
0001
001
1
10
01
1
0001
1
01
1
1
1
1
1
1
1
1
1
1000
001
1
1
1000
010
01
01
001
010
00011001
10
100
1
01
000001
1
1
1
1
01
00001
1
1
10
01
0001
0100
01
01
01
1
1
1
1
10
1
00001
01
1
10
0001
1
1
010
0100
1
001
001
1
100
01
001
1
00100
1
00001
001
1
1000
1
1
1
10
100
0001
