0
00
000010000
01
00010001
0
1000
01000001
01000
001
0001
0
0001001
1
01
1000000001
0
0
10001000
0
10
1
1
100100010000
010
001
0001
0
1
00100
0
001
0
0
0000000010
01
000
1
11
10
0
0001
001
1
0000000000000
0001000
0000000001
100
0000001
1
001
0
01000
0000000001
10
0010
00001
01
1
1
0
1
00000001
0001
00
00000011
0
01
0
0
100
001
0
0
01
010000
0
0001
1
01
000
10
1
0001
100000001
1
0
0
001
10000
0
1
01
10
0000100001
1
10010000
01
0
0
10
0
000000001
100
01
1
00001
10000000
001
0
01
01
110100
1
00
0
1
0001
0
1000
1
0001
001
001
1000
01001
00010000
1
00000100000000000001
0
00100010000
0
000
1
0
0
001
0
1000
1
00000
1
01
0
01
00001
0
1001
10000
001
00000
000
00001
0
00001
100000
01
0001
0100000
001
0
1
001
1
10000
01
0001
0
0100
000001
01
10000
0001
100000
1
00
0
0
0001
001
1
1
0
0001
1
0
1
0
01
0
1000000
10
000001
1000
1
1
001
0
0
001000
0
000
0100000000000
1000000
00
01000
01
1
01
0
00100
0
011
0
0
0
01
100000
000001
0
01
0
1
00001
010
1
0
01000000
0
01
1
1
0
01
0
00
0
1
00001
1
00100
00
00001
0
0
1
00
0
1
001
01
000001
10000
0000
0
0
1
0010
10
1
0
01
0000101
10
11
0
01
0
001
10000000
0001
0001
0
1000
00000001
10000
0
0
0
0001
0001
00
0
000001
01000
0001
1
00100
00001
