001
11
1000010000
1000000001
000000011
10010000
0011
11
00010000100001010000000010000100
0100001
00011
11000000
011
11
11
00001
001110010
00010000
11
0000011
0101000
0000110
00001000011
11
0010001
000110001010000100001000
011
00100000100
11
11000
0100000001
01000000001
0000
010000100010000001
11
000001001100
110000
0011
1111000
1100000011000100000
11
1100000
00
11
01000010000
1000010000100000100000
11
00100000010
000110000000
1000
1111001001
101
01000000010
11000000110
0100001
11
01000010011000000
111101
011
10000000001
11
0010000001000000
101000
11001
1100000000
11
110000
11
0000100001
0001011000000
1111
110000
0001000001
11
11100001000100000
011
011001
00011
0000100000001000001000010
000001000
11
000101
00000000100000100000000000000000000
101
11
11
10000001
0000100001
110
11
000011
000000
11000001000
0110011
10101
01000001
11
0000001001
0010000001
01
0000100001
00001000000100
00000000110
11000
11
0
10010000001
11
011000
0000100001
0101000
1000000001
11
00
0000100010
111001
11
010000100000
1111100001
100010000
1110000
011
1000000001
0100010000
10001
110000
11
1100
1001010001
100001
0
110000
100001000001
0010000
000011
11
11
1100
00001
0110000000
0100000
11
11
100100000000100000010000000
11
0001000010
00000001000000111
11
111110111
11
011
10010
0011
0101000000
00
101000000
11
010001
011
11
0101
11
11
111
1000000000000001000
11000
0011
0000100000101000000000000010
010000000001
0000010001111110001
100010000000
1
11
11000001000010
000001
0011
0
11
000100010
1100
000011
001000001
101
0000100000001000
10000000001
001001
101
11
000011
100100000
0100010000000000
11
011
11
100100110
000001
01001000
11
000000000010000100000
11
011
11
10010000000
001001
0010
11
10000010000
0011
00001010000000000110
000010100111001000000
0000010001
1
11
11
11
00000000100000000000010
011
0011
11
11000
00010001
10000
0011
01100000
01110
11
010000010000
000
11
00
1010000
101
00001000001
11
0011010100000
0010001
0
110000
010100
001001
11
11
1000100000
1111100000
01100100100000
010100
00101
10000000
1100000000
010111
010001
11
11
01000001
11
100010000
10000000001
011
01000001
0000100001
101000
100000100000001
11
0100000001
11
00
0
11
0100000001
11
0110000
011
1001
010001
000011
00000010000000000001000
0000110
111001
1000000001
1000001000000
00000010010000
1000010000000
00100
11000
10000100000001
010000000000001
11
000000011
110000
11
100000000001001010000
11
011
0101
01000001000
11000000
110000000001
111000100001
0100100000
1000010
10111
100001
001100011
11
00011100000010000
11
101
110100000
011
00
11
11
001
01000010000
1001
10000010000
11
11
11
11
11
010001000
1
0000
000000001
100000100000
11
01000010000110
11
11000000
11
11
10000001
11
1000000001
011
1011111111101000000001010
11
0011
0110000
1000000001
0100000100
000101
11
101
11
010001000000000
11
0000
11001
11
0000100001
1000010
010000000001
11
0000000011
11
11
0000100001
100010000
11
1000000001
11
0100000001
0
00
1100
100000000100000
0001100001000100000000011000000000
1000000001
0000100001
1000000001
11
110
11
10000000001000
101010
1000000000000000010
100001000
111001
011
00011
