0
0
0
1
1
1
1
1
1
00
1
1
0
1
1
0
0
0
0
0
0
0
0
0
0
0
1
0
1
1
1
0
1
1
01
0
1
0
0
001
0
1
0
0
1
1
1
0
1
0000
1
1
0
1
001
0
1
1
00
1
0
0
0
0
0
1
0
0
001
1
1
1
0
1
0
00
0
0
0
0
1
01
01
1
1
0
001
1000
1
0
0
1
0
001
0
0
1
1
1
1
1
1
1
1
1
1
1
1
1
01
0
0
0
1
1
01
00
0
1
0
0
0
0
1
01
1
0
1
1
1
11
1
01
1
0
0
100000001
0
1
1
01
1
0
0
1
0
01
0
1
00
1
00
1
11
1
10000
1
1
1
1
1
0
1
0
1
1
1
01
1
1
1
1
00
0
00
0
0
1
1
0
0
1
10000
0
1
1
0
0
1
1
0
1
0
1
1
0
1
1
1
01
100
00
1
0
1
1
1
0
1
10000
0
00
0
0
0
000000
1
0
0
10
1
1
0
0
1
0
0
1
1
1
1
0001
1
0
0
01
1
1
1
01
1
0
0
1
1
0
0
01
0
0
1
0
1
1000
0
01
1
1
0
1
0
1
10
1
0
01
0
0
0
0
01000
000001
0
1
1
0
1
0
011
1
001
0
1
1
1
0
001
00100
01
0
00001
1
1100
1
0
1
1
0
01
10
1
01
0
0
1
1
1
1
0
0
11
1
1
1
1
1
0
0
0
1
01
0
10
1
00001
1
0
10000
0
1
1
1
1
01000
1
00001
0
10
1
10
0
0
1
0
0001000
0001
1
0
0
1
0
1
0
100
1
1
1
1
1
10000
0
01
1
1
1
00
0
1
1
1
0
0
0
0
0
0
0
0
1
10
0
001
0
1
1
1
1
0
110
0
0
0
0
01
0
01
10
01
0
0
0
0
0
01
1
0
100
0
0
0
0
00
01
01
1
1
0
01
0
00
1
0
0
10000
0
01
1
0
1
0
0
01
1
0
0
1
1
0
1
0
1
01
0
001
1
0000
10
1
0
0
0
0
1
1
1
0
11
1
1
0
0
000001
00
1
1
1
0
1
1
1
1
0
0
1
0
1
1
1
0
01
0
0
10000
1
0
1
0
1
0
1
1
1
0
1
0
1
0
00001
0
1
0
1
1
0
0
0
0
0
10000
0
1
0
0
01
01
0
0
1
0
00
1
1
00
0
1
1
0
0
1
1
1
1
01
0
0
10
01
0
0
0
1
1
1
1
1
0
0
