00
1
00
00
1
00
1
00
0
000000
01
1
0
0
1
10
0
001
1
1
0
0
00
0
0000
1
0
00
0
1
0
1
0000
1
0
0
00
000
01
0
0
00
1
0000
1
0
0
0
0000
000
0
1
0
0
1
1
000
00
10
0
0
0
0
0
00
1
000000
1
000
1
0
01
000
10
0
0
1
0
000
0
0
010
0
0
1
0
0
0
1
01000
0
0001
00
00
0
0
000
0
0
00
0
0
1
000
00
0
1
0
00
0
1
000
00
0
0
0
0
01
0
10000
0
0
1
1
000
1000
0
1
00
0
1000
1
1
1
0
00001
0
000
0
0
1
0
0
00
1
0
1000000
0
0
0
00
0
1
000000
0
0
001
1
00
1
0
0
00
10000
0
1
0
01
0
0
000
10001
1
001
0
0
00
00
01
0111
00
1
0
0000
001
0
0
0
1
0
00001
0
00
1
000
000
00
10
0
01
0
00
00100
0
0000
1
0
111
0
1
01
0
0000
1
1
01
00
00000
0
1
0
0
00
00
00
00
0
1
00
0
0
00
0
0
0
00
0
0100000
0
00000
000000
00
1
0
0
000
001
000
11
0100
0
10
1
0
001
0
0
0
0
0
0
00
0
00
0
0
0100
1
1
0
01
000000
0001
00
0
000
0
0
000
0
0
0010
0
1
1
0
1
1
00
0
00
0
0
000
0
000000001
001
0
1
000
1
0
1
0
1
0
00
0
00
0
00
01
0000
00
0
000
00
0
01
0
00
0
1
0
1
0001
1
000
0
1
00001
000000
0
0
0
1
0
001
0
0
1
00
0
00
0
00
1
0100010
00
0
1
1
10000
00001
1
000
0
0
00
0
00
000
0
0
0
0
0
000
0
0
0000
001
1
1
11
0
0
1
0
1
00
00
0
000
000
001
0
01
0
1
0
1
00
01
0
0
0
0
000000000000000
1
0
00
11
00
00
00
00
0
00
00
0000
0
0
0
0
0
0
0
0000
001
10000000
1
0
100
01
0
00
0
000001
000
1000
01
00
0
0
0
0
0
1
00
0
0
0
0
000
0
00
00
01
0
0
0
1
0
0000
0
0
1
1
0000
0
1
000
001
0
0
00
0000
01
1
0
0
0
1
1
0
1
00
0
0100
10000
1
00
0
1
0
0001
00
0
00
00
000
1
0
00
0
0010011010010000
1
100
00
1
1
001
0
0
0010
00
010
0
00000
1
0
00001
0
00
0
0
0
0
0
01
0
00001
01
0000
0
000
0
10000000
1
1
0
010
0
1
0
0
0
1
0
1
0
1
000000
0010010
00
0
1
0
00
0
000000
0
00
00
0
0
0
0
1
0
0
0
1
0
0
0001
0
00
000
1
000
0
000
0
10
0
1
0010
00
0000
0
1000000
0
00
1
0
0
0
1
011
0
0
0
1
00100
010
0
0
000
00
0
01100
0
0
0
0
00
00
00
001
1
01
0
0
1101
0
0
0
1
0
0
1
0
1
1
1
000
0
0
10000
0
0001
0
0
000
0
00
0
10000
0000
1
1
00
00
00001
1
0
00
0
1
010001
00
1
000
00
00000
0
1
00
0
0
000000
0
000
0
00
1
0
00
0
01
10
0
00000
000
1
00000000
