0101
01
0001
10001000
00101
100000001
1000000001
01
01
01
11
10001000000000
0001
0100100100
1001100
00101
10
1
0001000000001
100100000
0001
001010000000000
0001
100100100
01
01
10
111
0010110010000
10000001
0000100
0100010
001001
10001000000000
10011000
0101
01
00000110000
10000001
011
01
101
00100
101
100010000000
1000
100010000000000
10000
001
100001
001
100000
01
00001
01000001
10001000000
11000000000
00000100000010
001
010000100
00010001
101000001000000
1
0001
010
01
1
100001
01
001000
100000001
10010000
0110100100
100100000
01
101
0010000
0000001
110000
01
001001
0101
01
101000100
011
1
01000010
011
010
0001
100000000001
100010000
100000
010100000
00101
000000011
01010000
01
1
01
10
000110000
1
0100000
100000100000
100010
010
01
110000
01
101010010010
100
01
1001000
10100
01
1
0010000100
01
110
1
101010
00100100
10000001
0001
0100110100
01
01
0000111
01
00110000
10
0000101001
100000
1
1010
0100
001
100001
1000
00100001
01000100
101100100000
00101
10
100
0111
1
100
00110000
00100000100
100000000000000001000
100001000000
0001
01
100100
100000010100
00010000001
0000001010000
01
011000
0101
1000001
0100
01
001000001
100011000100
0001
01
00000000000000000000000000100010000001010100001000000000000001
100000000000000100000
11001001000
100010000
011000000000
100010
0100010100100
10
00100100
1
1010001
010
01
01
01
01000000000000001
01
11001000
0
01
001
10000010
101
10
1001
01
01
100
01
111
001000100000
001
1
10010011
10
1000
110100010001010
0100000000001
100000001
1
1
1000001
001001000
01
0001
1010
10000100
100
01
01
000010001
0100100000
11010001
01
00001
0110000
10010
01010110100
010000010000000
1
1010
0001
10
10
000000110000000000
001
0010101
100100
100000001
01
10001000
001
0100
1
1
00101
101000
0000000001000
0100
0100
0100
0101
0001
001
1010000
0100000001010
10100000
01
0100000001
100001
000010000100010000000000
0101
01100000
00010001
0001001
1
010100000
011
101000
0001
01100
01
1010000000
01
0001
010000
100000001
1
001
1
000101
100010
1
01
01
10010000
010101
1
0101000
00001
100001
0
11000000000000
100100000
10000100
100001000000
1
10100
010
01
0001
0100001
01
001100000
00011
00000000011
1000100000000
0110100
01
111001
1000
01
000000010000001
10110100010
1001
000101
10011000000
001
101000000
00001
10
0101
100001
00010000000001
001
001011001000
101
1
01
1
1
0010110
001
0010000
001
010
100010100000000000
100100000
0000
01
11
1
01
1
100
000000001000000010000000000100000000000000
10
10
010101
00000
10000100
110000000
0001001
100100000
01
01
01
1
001
01
01
10
01
010001000000
01000100
0111
01
001
00010100
01
10000000
0110000000000010001
1001000
00101
011000000
00001001
000000000
01000001
100
01
100000000100000
1001000
0001
01
1000
100000100000000000
10000
010
01
0000010000100001000100
01100000000
0011
1
1000000001
11000010100
0101
1
1
00100000001
1
1
1000010000000000000
01010000
0001
00101
101
0100000100000000
1
1010000100
110000
01
01
01
10000100
01
1
1
01
01
1
1
001
01
01
01
1000001000
10
000
001
1000000001
10001
01001000
101
1000010001
0001
10001
1100000000000
01
10
0101
101
0
11
010
10
0001
010000100000
01
0101
10
010101
0110
100
100001
011
1
01
01
01
011
100001
001
010000000
1
00000110000000001
10
1001
1100000
1000000001
0000101
101010
01
100100000
01
0101
010001000
001
1000
01
010000100000000
11
0101
01
10100000
1
000001
1000011
1000
010001000
000001
100
100001
10100000
1
100000010000
100010
01
1001
100000100
10000001
01
1000001000000
01
01010
100000000000000100000
100100000
001
0100001000000
0
010010000000
0100010000
1
001001
101
010000001000000000
01011
