01011
1
10010001
111
1101
101010
100
10101
0001
1011
111
001
01
001
01
11111
001
1011010
1000
100
01
01011
1101
101100
01
10101
1
10000000
010101
1110
1110
01101
10101
111
1
0001
1111
11101
10110
1101
010
00001
1
1101
1011
111
1
111
011010
111
1
10101
01
1
0010001
010101
010
001
1
1
0
000111
1110
111
001
1000
00100000
001
001
1011
111
10101
01
1
0111
010
0111
010101
001
111
0001
1
01
01
01
01
1
100
1
1101
01
1101
100101000
111
1101
1
10
1
1
01011
010101
1
001
1
10101
01
01
1110
00000001
001
100
001
01101
01
01
1000
10101
001
01000
01011
01
001
1
1101
11010
111
01
111
1000
1
111
001
1101
011
1
1101
11000010000
1
1
1011
10011
01
0100000
1010101
110001000
1011
001
001
111
001
001
001
1001001100000
1011
111
111
001
0001
1
001
100
1101
01
000001
10
100101
01
1
1011
1001010000
1
01
001
10101
111
1
0
001
1
0100
01
101000100
111
100
000001
1
01
01011
10
000100101
001
1
111
111
111
1101
001
111
0111
1
001
1
0001
111
111
0001
001
100
1
111
0001
1
0001
01101
111
1101
001
001
10
001011
100011
1
10101
001
001
001
001
111
0001
1
1111011
101001
1011
000100101
1
0101011
1011
01
1
111
1101
01011
001
1
01
1
0000001
111
110001
001
01
10110000
1
11001
1011
1
01101
1010000001
1101
100
01
1
1000100100
100
1
000010011
1101
10
1101
01
100
010
1100001000
10101
11100
01
1
1110
0111
