1
1
0
0
01
0
100001000000
11000000
0
10001
110
00011
1
0
11
10
10
1
1
1
0000000010010000000000000000000000000
00
1
1
1
0
1100000000010000
0
1
1
1
010000000000000
0
00
1
110000
00
1010000000000
011000
0110100
0
11
01
0
0
0100
1
0
1
001
110
0
0000001001
0
0
1
1
1
00
1001000000000000000
1
110010
1
001
0100000000
1
00
01
0011
01
10
1
11
0001
011001
0101000000
0011
0010
0
0
1
1
1
11
1
0
0011000
000011
1
0
1100
0
000000011
1
011
10001000000000000000
11
0110000000
1
000000011
0
0
0
011
0
1
1
00010000100000000000000
11
00
000000000000000000000000
11
1000
1
0
1
10010000000000
110
00011
000001001
1
00000000
1
1
1
11
10
010001
11
1
1
1
1
11
100100000000
1100000
1
0011
0
10001000000
1
1
0000000000100000000000000000
1
1
110000000000
1
1010
1
011
10000000001
1
0
011
0
1
1100000000
01100
00
101010
1
0
1
1
0
00
1
0001
1001000000000
0000000000
1
1
110
011
1
011
0000110001000000000000000
1
1
1
1000
1
011
01000100000000
10010
110
1
110000
1
010000000001
1
0
1
10100
11
00000000000100010000000000000000000000
0000000001000000000000000
1
00110000000000000
0
011
11
1
0
1
01
0
0000010001
1
101
1
1
1
1
1
01101010
11
0100
1
01
1
000000000
1
1
1
1
100010000000000
1
1
0011
01
11
1
11
0
0
1
01
1
1100
11
1
0001000000000
1
001
010000001
001
1
1
00101000100000000000000
001
0
1
1
01
1
000000011
1
1
0011
1
00
1
010
101
1
1
1
011000
1
101
1100
0
1100000000
0
101
0
100
01100000000000000000000000
10000001
010
1
1
0100100000
00001001
1
1
01
11000000
0100000010000000
11
1000
1
1
01
0
1000001
0
00000001001
10
00000000000
0011
11
00000
0
000
0001
01
00010100000
0001
0011
0
1
011
1
00000000000000000100000011000000000000000
1
0
1
11
0
001001
001000001000000
01
1
10010000000
01
0000000
1
1
11
100100
0011
0
00011000000000000000
1
1
011
100100
1010000000
01
1
11
10
0
1
1
1000000000000
1
11000
101
1
000000110000000
0
1
1
1
10010
0001
1
1
110
1100
0
10000010000
1100
0
1
0011
011
100
00011000000
1
1
01
00011000000001100001
1
1
001001000000
0
001
1000
001
1010000000000
00000000010000011000000000000
1
1
1
11
01
01
0
1
1
1
1
1
1000000
011
0
11
00001000000001000000000000000000000
1
0
1
1
00000101000000000000000000
10001
10
1
1
0
01
11
1
11
1000
110
11
0
1
1
0000100010
1
10
0001
10
1
1
1
1
1
0
110
0
00
1101000000000000
1
0110100000
01
0000000011
1100
01
011
001
01
1
101000
01
1
01
11
1
011
1
1
0
00100001000000000000
100010000010
11000000000000
1
1
100
100100000000
110000000
0
000001010000
1
0
01001000000
0001
10010000
1101000
1
0100010000000
1
00
10001
0000010010000000000000000
11
01010000
000
11
1
10
0
1
1
011
10100000
1
1100
1
01
0
01
1
010001000000000
1
10
1001
0
1
0001010000000000000
1
0
1
0001
1
1
1
0
1
1000000001000000000
10
1
1
0001
1
11
1
0001
10000000000000010000000
1
00101001
1
001
1
1
11
1
0100
1
000101000000000000
1
11
111
1
01
1
0
0100100000
10001100000
00010000000001
0011
0
10100
00000011
1
0
1
011
1
1
1
1
110000000
1
11
0001001
0
1
1
0
1
01
0
1
1
111000
1
0
101000
00
00
1
1
1
0
0
110000000000000000000
1
0
100010000
0
1
0
100010000000000
10101
01000010
0110
10100
1
1
1010000
01
0
100001000000
1
100010000000000
1
11000000
0
0
0
11
1
1
1
1
0
0
111
1
1
0011
101
1
010010000000000
01
0
0101
1
00110000000
1
0
1100
1
1
0
1
1
00
00000001001
10100000000
01
1
0100
10
01
0001001000000000
101
1
1
1
11
1
00
