11111
1
1
101000011111
0011
111110
0001
111101
00000100000110000010000100
110000100100000
11
1110101000000
1
00000000011100000000010000
000001100000000100001
10000
011111
11111
1100000000110000
000010000100010000010
1
111011
001
11101010000
1
1111101000
1
00
10
011110010100011001
1100000000001
10110
0000111
1
100001000000001100
100000010110001001
111110000
111101
11111110110100
10100
1
1
1
1
1
11000100
1
1
0001
11111
1111
111111111001
0100000000110000100000
1000
01000010111
11000
111100100
1
1
110000100001100000
01001000110011111000001
1
0001
011111
1
100001000001000000001
0000100000100010010000000001100010000
00110000000001000010
011000011101110000110010
10000000000000
10100101000000
11001
0001
1
0111110000
1
1
110110101
1100011100
1100110100000
0001
11010011000000101
000111100011110
11
110010010011000100000010000100011000
1
10011010100010011101000
1
01000110001000
1110101
111000100
01000101000100000
1
000000010
0100
1
11111
00001
000000000
11111
1
1
1
1
1001111
0000000010100011110000001000
11000101
0100100000
1
111110000
1110000000
010010100100100
100011011
111
0010011100
1001111111
1
1
1110000100001
0111100011
00000100001000001
101000000000101001010000
1111
11101
0001000
01000001
1101101110100
111011000
0100000000110100010000000
1001
1
0
1
1
1
00
111111000110000
00110000101000000101100100000010001000
00100
11
111011
111100100
010000000100001000001000000000000010001000100000
1100110101011001111100000
11111
1
000101000000010000010000
10111
10001000000000010000001
00001
1
1001001
1
111
01001000000
1
100001100110111111101
00000110000011000000
1
1111111111
1
1
111
000001001
10
1011100000001010000001000
1
1
1000100000100000000000100000000100000001000000001000
10001000000
1
1011110100111
001
111011111
10101110100100100100001001
11000010110001
011
1111010000
1
11111
1000001111001
1
010010010100100
000000101001000000
1
1
1
11111
11000110000
1
10001000000000010000010
11111
1
111101
1000
111000110000111
111111
000
1001001001001000
1
010
0
101111
1
0000111101001
1
1111000
1
0000
1
111111
00011111
10100
1
10000001010
0100010110010000100000
110000000000010000000
01100000001000000001
110000001010011100000111101
1
1110101
1
11111
0000000000000000000000000000010011101000000000000000
010110001
001
1001
0000000000000000
01101101011110100
111111
00011
10
1
11011110
111
01000101100
11111
1110
000010000100100010000001000
1
100000011010
1
1
01011
10010000000
101
1110000010101
01
1110101
111110
11110001
01001001100000
1000000011111
1
0111010000010000
11110000000100000
10000
1
0000011000011
1
01100100101
011001001110000010
100111110
10000011110110000011001010000101
1
111100000
010101110111
00100000100010001100001000000000
110
1
01110100000000
011
010000
11111
01100101000
001
11110001
10100011001000
1111000100
011001001001000
111111
000010001
0001101011101000
100000
01000000010010000000
110011111
010000100001000100000
1
1
0011
000011100
1
10111100
11110010
1
011011110101
0001
1110000
111100110001010
1111111111
100
000
010100011001000
01
1000
11111000001
1
00110011100101010000000
111100100
100000010000001000000010
100
0100001000000000100010
1
1110111000001
1
11
1
11111
1100100000100010
1
110
0001
10000000010
1
1011
111101
1000111110000110
11111
11011011
11001
1111100001
1101
1
1
01100111110001
100000
1
1001
011111
0001
000000011011000000000000001010
000010000000011101001000
1000000
1
0111011111
0001100000001000100000
1100101
101101
0001
1
11111
00011010000100000
1000001000
111110001
10010010001001000
1
010001000100000
11111
00000010000000000010000000010000000000000000000000000000010000
11
001
010111101110000
1
11110100
0001
111101
1000
0100
100110101001
0100010000001100000
101110
1
1
1000011000100100010000
1
10000
1
1111101011011110
11111
1
110000100001010
011111
1
1101
011100100101001001
101101
00001
1
000000000100011001000000000010000000
000100010000100001000
0010
00011
11000
11111
1
1
110000001100001
00000000
1000011110011000
000000001111010
0000011110000001000
111110000
0000
111101
1111100001
11111
110011000010100
1111001
010000000000000000000
110100110
000010100001100
11101001
11101100
1
1
1
011
11000000
1
111111
1100001101100
00000011100110
1
1
11111
100
0110000100000000100000110
1
0110000000
11111
1
1
00010010000001100000000001000000100
10010011100001
11011100
0110001100
10001
111100001
11010101
1
1110000011101110011
1
1101
11111
0100
1
0101111
1
1
111010
11111000000001001010011100
01
000010010111001000
1111101011
101000000
0001
10001000001100
01
11
1
1
0100101000100100
11111
010101
0001
1
111101
1
1
1
001000011
0000
111
001011
000000
101010101
00000000101100000000000001
11111
10000
001111101
10
0000000110100000110100
11111
1110010100001000001
1000001
00001100001000000001
01000100001000001000
1
11111
111101
0010010010
11100110
11111
11011001110000001000000100101000000
0111
11100110
1
00
10000000
0111
11111
1000000010111111
11
101001
001
1
00
0100100001111101001
111110000000
01100100000010001
1
100000000000
11010110011110010
1
1011110
111110111
10010111
1
1
000010000110010000000
1
11
1
01
00011
11111
100001000010000100
1
01001000000
1
1
11011111111
11001
0000001
0101001001000000
111110000
011111
10000000110111
10111
1
1
111
1001101
110100000100000000101
1
1
0100000
10000011001001001001000
1111001
110111
11100000101
1
0000011111
1
1111000100
1111101
00001
1110101
00010001100000110000100
1100011001
00000
01
10100011111100
10001000000
1110101
1100000000011000000
01000000
111101
1
01
011010100
00001111010001000000
1
11
0001
0000100000
1
011111
1100111
01000010010000
10000
11110110100100
010
1
11111
11100101
101000000001010011111000
001111001
10010000010000000001000
10100100000010000011000100000110110010010
1
10111
00110001011
10
011
1110111001110001101000
11111
010000010000000010100
001
11001000110001000001011101
11111
001001001010000010101101
10
1100001011000
111100100
001000010010000000000000001000
00000001111001
11111
11100011111100010
1
11001011110100
11111
1
011111
11110001
011111
10100
000
111111
1
011001110
111
1110010001000
11011
11
111000101
1
110001000000
11111
1110011111
100000100000100010000
1
0100
01011100001
1
101100001
111
011111
1
0111101
11111011111101110000000000000000
000000000000111000
1010100011
1
01
11111
1
0
111111
11111
01
110111000001
1
10010011001000
1
11
01
1
001000011
1110101
1
01110111000
1000100000111111
11111
111100010000
10000011001000
111000001100
00000111000000001100000
1
11111
1
1
1
110000100000100000
1
00001000000111110000000
1111001
1
1
1
01000010000001001000010001000000
00011
111100100
11
1
011
101100
100000000010101100101
10100
1
10111
11111
111100100
1
1
111111
011
01110010000000
0011111
111011001100001
0000100100110010000100000001000011000001000000
1111000000001
110000101111111111
11100001001
1
1
1111000001
1111001
11
11111
1100
0101000000010001000010
11100010000
11111
01111000010
1
1101101
111100001100
1111001
10111101101
1
1
00010000100001010101000
11
100000000
1
1
11010001
1
01
1
0111010101101
10000011111
100000111010001
1
0100111001001000
1111101111000
1
10100111
1
1
000011110000011
