1
01
1
0
1
01
1000000
1
10
1
0001
1
1
100000000100000000
0100000001000000001000000000
001
10
10
000101
1
1
10
1
1
1
10000000100
001
1
001
1
1
10
01
1
01
1
1
1
000000100000
01
1
1
001
1
1
1
100
1
1
01
1
001
1
01
1
1
10
00000000000100000
01
10
001
1
1
1
01
001
1
0000010100
01000000000000100000
1
100
01
00001000000
1000
0001
0000000000000000100000
0000000000001100000
010
001
1
11
000000000001000
1
1
1
1
1
1
01
001
1
001
1
1
001
1
10
1
100000000010000
101
1
1
1
01
1
1
0000100001
100
1
1
00001
1
001
1
1
110
001
1
1
010
000000000000010000
1
1
100000010000
1
001
1
1
01
111
01
1
1
1
001
001
10
10000000010000
1
1
1
01100
1
1
1
01
1
1
1
1
000000001001000000000001000
1
00001
