001
1
1
001
1
1000000
001
1
1
1
001
1
1
001000
01
0001
1000
01
1
1
1000
1
00001
000001
10000
0001
1
0001
1
1
01
1
1
1
1
1
01
0100
001
01
010000
1
1
1000000000
01000010000
1
0001
10
0000
0001
000001
01
001
10
00001
0001
0001
1
10
1
001
0001
000001
10
100
001
1
01
1
1
1
1
01
1000000
01
1
1
1
0000101
10
0000001
0000
01
01
10
1
00000001
1
1
1
01
1
1
00010000000
101
1
10
0100
0000001
1000
000001
1
0001
100000
0011
010000
0001
0001
1
0100
000001
00001
11000000
1
1
0001
001
1
1000
1
0001
10
001
001
1
1000
1
001
01
1
10000000
10
00000001
1
000
1
01000000
0001
1
000001
10000
1000
000001
1000
10
1000
0001
000001
1
1
1
10
0001
01
1
0001000
10
001
00001
1
000000
1
0001
00001
0001
1
0100
0000001
0000001
10
000001
0001
1
1
1
00001
