000000000
00100
1
0101
001
01010000001
1101110000
1
101000000011000011000000000
1
1
111000000000000
10
01
11
01110000001
01
1
1100000000
111
010
010
01000100000000
001
111000
10000010
11
11100000010
11
11
1
1
110010101000001
101000
1
1
100
011011
100000100
00101000
100010000011000
1
10010000001000
0001
0000001000001
1001000000
110100000
0001001010001000100001
10010000
11
1
0101100110
100001
1
1
0001
10100
10000111
1000000001
001
00100000
1
00000100010000010
1
10000
11
011
1
110010000
111
011010100000000001
00101100000000010000
1
100
000000111010000010000
0000100001
0100
011
001
01
1
00000000000001
1000
1
000
0001
110
1
0011000110001010
1001
1
00111
0011
1
1
1
001
110010000
001
01
000000010000000
01
110000010
0111
1
011100010000001
111
1000010000
0100100000
001
010100000
11
1
100100011
11
0000001000010101
1
010010000000
10011
11
001
11
01
001001
1
11
100
0001
11
0010000100
1
100000000001
0100100001
1010000000
11000000
1
0001
1110100000
000100001
1
10000010000
0110010000000001
10100001100100100010000
100110000
1
001
11
10000
01001001000000100010
000001010100000
001
1110000000
1
1
1
11
01
1
1
1000000
0001
1
00100011000000100001
0100
111
0001001000101000000000
1
11100000000
1
000
0001
01101000001
101010000
00000101110000000
11
1
0
1000110
00110001000
1000010000
101000000
1
001001
0
100100000100000100001
11
11100000
011
1
1
010100000
1110000
1100001010000
001
10000010110000000011100
0001
1
100
1
01
001
01
1
1000011
1
0001
1
10
01110000000
1000011
0001100000
10100100000000
11
1
11
1
0101
1
110010000000
1
1
1
111
11
0
1000
0000100001
0010010000010100000
1
1
1
1
01
0010000001
100010010010000001000
001
01
1000
1
001
1
1
1
001
0001100
0011000000
100110111
11
1
00101
00010001001000001001
01001000010000
001
1
1
1110000
000
1
110
11
1
1
01
1
110000001
1
01000100001
1100001
1
1000000001
110000000001
0100000001
1
001
11
1
010010100001000
110000000
001
10000
100010100100100000
001
1
010
0001
00001
1
1110000
1
11
001
01001000
111001000000
01
1
001
1000
10111
1
1
1
1
11110000
1
0000001000000000001
1
100001
1
010010
100000011
11100000000
01000100
01001
0101
11110010
10010010
00000111
001000001000010000110010000010
0000
010
1
1
0001
1
001
110000
001
010000
001
0001
001
0100100100010100
110
00100001001
1
000110100000
01
1
0011
11
1
1
11
1
000011
0101000000001
1
1
110100000000101
110010010000100000
00000
01100000001
1
1
1110
00001
1
1101
000000011
010010000001
111001
100110000
1
001
110000000
111
010001000
1
1
1100000
001
11
0100100000
1
1
01011011
0011
11100
111000000
1
0001
100
010100100001000000001
001
0011
10000
1
0001
000110010001000100000
0100000000000010
1
0010
1011
1
000000
011
1
1
11100000
11100100000
0001
00
011
111
001
1
01010001100
0001
0001000001
10101
100101
00000001111000010000000
1000
1
1
00001
001
1
1
1101
001101000000
1000000001
011001000
11
111
1000100000
1
1000
100010000000
00001001
1000
0111
0100100001
1
010
0111101000
1
1100100000
00001
0001
1
1000
1
1
000001
1
1
100000
000001001011100000
110100101
1
000100000100
111
00000110
111
1111
1
1000000000
110011
1
01000000001
001
10000000
1100001
011
001
01100010110011
11
00000
0100000000101
10011010000000
111000000
0101
001011
001
1001010010100000001
010000
1
00000001001
00110000000000
1
1
010
111
001
1
1000
011000000
0101
1
1001000000
111
0
1
1011000000000000
11
11000
0000011000110000000001
0010000010001
1
1
01
01
0001
010
1
101
0101010100100
1
1001001000100100000
010100000001
110100000
01000100000000000
000010
001
1
10
100
01010000010
00001
1
0010001000
100001000001
1000000
110
1000100001000000
0100001000110100
011
110110
1
0100000001
10111
100
1
1
00101001100001000
11100000001000000
10000101
111001000000
1
1
0010101000000
1011
0000100010
010000
00010000100
10001000000001
1000000
10000
110
001
1
1
10000100
101011010000000
10010101000000001
10010010000
1
110100001001000
00001100000
0001
