000010001
0
1
1
0
1
1
11
0
00011
1
1
1
1
10
1
001000010
1000100000
1
1
01
11100
1
1
1
1
1
0
0
0
0000001000000
100010000
01100000000000
1
0
0
1
1
1
011011
1
01000011
0011010000
1
1
1001000000
1
1
1
1101
0
1
01
0
1101000
000000000000000000000000000
1000100000
1
1
01
0
11
1111
1
000001011
1
1
110010
1
0101
01
1001000000
0
11
01000010
1
1
1
1
1
1
1
1
1
1
100100000
00
1
1010000
1
010010000
1
0111
1001000
1
11
0
00010000
01101010
0
00
100100000
11
0000000101
1110
1
0
100000100
1
010000001
1
1
1
00011000000000
1110
1
1
110000000
1
0
010100000000001
111
0
100100000
0
1
1
1
100000001
01100000
1
1
0011
111
0000100001000000
0111000
1
1
00100111000
001
0000
1
11001
11
111
1
1
100010000
1
011
1
1
00000100000010001010000010000010000001000
0
010100000
1
1
1
0
1
1
011000000
010101
0
000110000
1
0
1
1
100011000
1
1000100010
0
1111
0100011
01000010010000
0
000110000
1
011
1
10011
101001000
1
1
1
1
111
0100001000000
01000010000
1
1110
1
00010100100
10000100000
0
1
1
1
1
11100
0
1111
0
1
1111
00
10
1011000
00
111
01000000000100
010001000000
10000010000000
11
1
1
1
01000000001
11000000000000
1
01001010
0
1
0000101
00111
1
1
1
1
1
0000001
1
100100000
1
1
1
1
1
1
1
1
1
1
0
1101110
0
1
111
010000001
0
000011
0
101
1111
1
0
0
1
0
0
1
001100000
1011
0
1
1
1
1
1
11001
1
011
1
0011
010000100
111
0
000011
0
1
1
011
000010001
0000000100000
0
1
0
1
1011
0
0110000010100000
1001000100
000101
10100100000
01010010
00010000
1
000110000
1
1
0
1
110001
1000100
0
1
1
0
1
11
1
1
0
1
11000001000
11
10110
11000000
1
10111
1011
1
0
000011
00
11100000
1
1000000010000000000
0
1
1
0000000001
1
1
1
1100000
1
10111
1
1
1
1
111
1
1
110000
1
0
1110
0
1
1
1110
000010001
1
101111000000
0011
1100000011
11011
001
0111010
100100000
011
1
1
1000011
1
1
0011
1
1
110000100
1
0
1
1
1011
111
1
1
0
1
1
1
0
001011
1
100000001
1
1
011
1000000000000010
1
1
0000011
1
1
1
1
1100100
1
1
111
1
1
1
1100000
00
0
1
0101
100000001
0
0
1
1
1
1
0
0
000000
1
100010000
00
1111
011
1
100111
1
1
01
0
1
1
1
1100000000000000
1000000001
1
011000
0
1011
1
1
1
1
1
1
1
0
1
1
01
0
0
1
0
000010001
1
0101000000000
010000001
00111
1
01101000
1
111
10100
1
01100100
01101
1
00010000000
1
1
1
101000
1
0111
1
1
1
0
0
1
1010000000
1000100000000
110000
1
0
0100010
0
00000011
0101
1
1
10
1
1
0
00011
1
0
1100000
0
1011
0
011
1
10101
0
0
100100100
011
1100000
1
110011
1
111
1
1
1
0
000010001
1
100100000
1
111
0
11000000001
0000011
011000000
1
00
0
1
1
1
1
1
1
0
111
1
1
011
0101
1
0
0010110000
1
111
1
0
0
1
011
11
1
00001000111
1100
1
001011
1
01000000
0010011
0
1
1101000
1
1
0
0
1
1
1
0
111
1
110000010
111
000
00010100010000100000000000
0
011
100000001
01
1
10011
1
111000
011
0001000100000000000100000
10010
0
0010110
