1001
0001
00001
00000
11
01
01
1
010000
000001
01
1
1000000000
1000000000
10001
0001
100
00001
10000
10
0001
100011000000000
10000
1
1
0100010010000100000
001
00100
0000001
1
111
100010
1
001
1
0
0001
1
00000000001
1000
01
010000000000001
01
01
0100
11
0001
10
1
0001
10001
001
001
01
1000000000
10
1
10
0001
0001
0100
0001
1
1
1
000010100000
101000
1
000001
0001
1
1
0000001
100000000
1
000001100000000000000
1
1
100000
000
01
100000
00001
01
10000000
01
1000000000000000000000
1
1
10000000
0001
0001
100100000000
00001
1000
01
100
01001
001
10
01
11
0001
0100000000
1
0001
111000
01
0001
001
1111
1
1
1
00001
1
1000000001100
0001
1
1000
0001
001
0100000000
01
100000001
00011000000001
1001
10000
1
010000000000
0001
10000
0001
1
01
1
000010001
00000100000
0001
1
1001
11
1
0100000
0001
0001
0000
0001
1
0000000000110000000000010010
01
1100000
0001
1
010001000
110001
1
10000
000001
1
1
1000
0001
0000001
1000
0001
10
1
0100000
1
1
1
1
001
01000000
1
0001
10000100101000001
1
01
100
001
1
1
11
01000001
1
0001
001
010
00001
0011
1
01000000
0101000000
00001
011
100
000001
1000
1000
000001
01
100000
101
1001000000
1
01
000100
0100
0001
1
10000001
00000001
0000
1
000
0000000011
000
0001
01
1
01000100000
1
1
100
1
0000000000011
1000
0000001
001000
100
00110
001
1000100
00
00001
1
1000000
00
1
0001
1100
00000011
1
10000
1
1000011
01
1
10
1
01
001
0001
10000
1
1
0001
10
1
100000
0
01
0001
0000000000100
1000
0000
1000000
000001
000000000000001
0001
0100
10001
10000
001
10000
0001
11
0001
100000
01000100000000000
0
1
100010000
10000
0100
000001
0001
100001000
1
1
1
1000
0100
1
1
11
01
1
1
001000
00001
000010
1
0100
1
001
1
000001
01
1000
0001
0
101000000000
1
100001
010
000001
11
1
001
10
00001
1
01
001
0100
1
0001
01
01
10000
1
001
01
1
0100
000100011
11
100
001
0001
0100
00010000
1
000010000
1001010
01
0001
1
1
110000000010
1
1
1
0001
0001
01
100000
1
0001
1
10000
1
01
1
11
101
1000000
1
00001
001
1000
001
000001
0100
0001
100
0100
100
1
00000000011
10000
00000001
1
1000
1
1
101
0001
10
1
1
001
01
001
0010000
0001
1000000000
0001
010010000
01
001
1
10000000
1
01
100000100000000000
0001
00000
000
100010000000000000
0001
10
0001
00001
1000
01
1
1
00010000
1
0100
001
0001
10
1
01
01
01
1
010
01
000010001
01
01
