1
111
110000
001
011
10000
1
00000
10100
000011
11
010101
11000
1
00010
000
001
011
1110
011
0011
110000
111
11
0001001
1101
0001
110000
000101
0111000
000001
111
000101
0011000
0001
110001
001001
011000
000001
1000001
101
0001
10010001
0111
111
11000
111
110000
011001
011000
000101
00001001
110
1
011
01
111
001
111
000
10
1101
1000100
000101
11000
011
00011
001
101001
1
011000
10010010
01101000
111
1010001
111
111000
111
1100000
00011
10000
00101
11
0111
01
110
01
011
0001001
10100000000
11001010000
1001
111
1
111
01
1000
1
100010
111
000101
1001001
011
01100
000101001
0
00001
11000
1000100000
101
011000
111
1101
11
11
000101
011000
01001
00110001
111
001101
000000101
110001
11
0000001011
1
111
011000
00
1000001
111
101000
011
00001
111
101000
11
0000100011
111
1000011
