0
0
0
00001
1
0
0
0
1
0
1
01
1
10
0001
0
1
1
0
1
0
1
1
00
0
0
1
1
0
0
1
1
0
1
1
1
1
0
1
1
0
1
0
0000
1
10000
0000001
1
1
0
1
1
0
1
0
0
1000
0
0
1
0
001
0
1
1
0
1
1
0
0
01
10000
1000000
1
1
0
0001
0
0
1
1
0
0
1
1
1
1
10
1
1
0
1
0
0
100000
1
1
0
0
1
00000
1
1
1
0
1
0
1
0000
1
00001
000000000
0
1
1
1
1
0
1
0
0001
1
0
1
1
1
0
0
1
0
1
10000
1
0
1
1
0
01
0
0
1
1
1
0
0
1
1
0
0
1
1
0
0
0001
1
1
1
0
0001
0
0
0
0
1
0
0
1
0
0
0
1
0
1
0
100000000
0
1
1
1
0
1
00
1
0
1
1
0
1
0
1
0
0
1
0
1
1000000000
1
0
0
1
0
0
0
0
0
0
0
1
0
1
0
1
00001
0
0
1
1
1
0
0
1
1
1
1
