010001
0011
110
000100
11
110
001001
0100001
11
0010010000
01000001
0011000
011
101
110
101000000
0101
000
1010000
00011
0100100
001001
100010000
011
100100
0001100000
101
011
11
101
10001
001001
11
00100000100
10000001
11
001000
1000100
100001
00001001000
11
11
01000000001
10010010
0101
10000100
011
101
110
11
1001
001001
011
00110001
0101
110
11000000
101
0100100
0001001
011
100001
11
11
110
0010001
0001100
11
00011
0000000100101
0101
11
11
00011
11
0011
101
10010000
00110000
0000011
00110000
0001001
10001
110
00
101
0011
10010
011
0100000
0101
1100
0100000000010
00000001
0001001
11
1001
0100100000
1001
11
00101
0000011000
1001
0101
1000
100001
11
00001001
1010
00101
00101
011
011
1000000001
11
0110
00010001
10100
1001
100100
11
0101
1100
10000100
101
00000101000
001001
100010
0011
10001
011
0011
100001
0011
000001
