010001000000001111101100100010000
11000100
11111100
1001111101001011000111010001
110000101001010100
01010000001100001100110011101110111110001010101100010100010
1
0101001000100000100010001010000010001100100000000
1100
11
1
010001
111111101110
0100001111
111100
110000001100000100
1
110
1
101011
1000110000001000001000110
011000001010000100010000001001
1000100000100010000010000010001000000000100100
1
10101010111
1
0001
10110010010010
100010110001001
100111101
1011111
1100010100001101011000001
11
01010001000010000100010010000010001000001000100010
00011100010011
11100011100000010110000
111
0110010100010010
1000100001000000
1
00100010011010001001000000100000100000100000
0100000000000000
11111011
100100010000100010100
111011
1
11111100
1001
0001010000000
01000010010111011000
0001000001100000000010010
011000010101100000010000011100010010
1
010
00001000101001000000000101
00100001000001001000101000100001000000
10
1
11
00110010000000110000100010000
0110011000110
1
11111
1
1
0001001011110001100111111110101
1000011001010100110100001001000010001000010
000010100
11110000000011010
001000010100011001110010001
1
1
11001000100
0
1111100110011000110
10000101011100
11001100001100100010000001000100010000010100100000
11
110000000001000001000000001100010011000000
00010001000010001010000101
100111
01000010010101001001011000100000001000010000
010000100110110001100111110
11101110
101011111
11
1
1
1
000111
1
0101110100001100010000000000
1
1000
0000010101001000001010010000001000100000000000100000100000001
11
10010001
1001101001110010010000
0111101100110000011
01000
11011011111111010
10011010001000000100
100010000000000000000000111000100000001000001000010010001000100010001001010000001000000100100010100
11111001
0111
010000100001110110
1
101
1
11111
00110110010000101000
11010
0
1100011101001010000
111
1
01100000100001000000010000010010000
11
1
0010001010000000100110000
10100100010111111001111000
010
111
1110100001010101111100
111111100110
0001
01110000100
00100010000100000101111110010000000001000010000100100010101100001000
0110100000100000101
00100100101000001000100
11000000100110000110100000101110010100010001000100000100100010010
1
1111011000100
1
1111100111100101111
110010
11011110110
110001011011101111100
000100011010000000001010010
0001100100000100010001000000011100010001001001000
111101101
0011
1
11111011
0111
010000111110000010100001000
00000011010000010011000
11
11111110000
1100011000001001
10001000111000001000000010
01
000010010100001111010
110111111010001001000000
1
000100001100000010
100111
11
00100101100000
1100000001000
1111100000000010001
1
000010011001001001000010100010001001100100
1
00001
0001100010010000000000
0111101011010
10001000100100100010000101000110010000100100
0100111100010000000
1
0
1
00000010000
111111011000101
111
01000110000100100001000
1000010000100
001100000000000010101101001
010111000011000000
0000110010010110011001011110000101000
00110000000100000010000000101100101
0010001010010000001000100
010001000111101111001011
1000
00010010000000001010101
1
10
1
0011
1
00001000001001101001011000000000000
01000100
11110000010100001100
0000100
11111
000010011111011111010
1100010001000001010101
01
111000
110111000100
001000010001000011100011000100000000100000100
0000100000110001000001000010001
1
0101
1000100000
111
1001110110101001
11001000001110011010
01011
01010001010010101100010001000000010
00000101001100010001000
0001
0110000100
0100000000011110100000
1111100100
11000101110010
1000010
00
000001010000110100000001000110000010000
0110001001001001000000100000001000100011
11001
0100010000101
111
000000000001010011000000011111100010000
11000010100011
001101
11
11
111100001001
1
0110000100
100001000100000000011010000101010
0000000010
000011000110001010
11
0100000001010001000010010000000001100010001000
1
01000100
110010001100010101000100010000000000100010001000010010100
01111011000100100
111000011001010000100010000000
00001000001110001101011000010001001000101111
100
01
0100000100110000100010101000100
1000010
00000111
0000010001010000000001100
0
01101111
0100011001000000100010110
1
11011100000110000000100100
110000
010000010000010000001000000101
0000010010000010001000100101000100010000110000
11
101100011100010
111
010000001001010010001000
01000001
10001001010001110011
0
00100000011000000100100110100010000010000000001
00101110111101101
1
011100110011000010000
11
001
1
110
0
011000001000010000100000100
11
01
10100
1
0000101010111101101010101
1101101100101110101
011110010011110111
0001011000010000000101000011000111000
1
1
100000000000
1101010000000010100000101011100001
1
0
10
11111111111100
1
11110011101
0101000000
01000111010000001
0101000100001001110000
01001110000100110110
1
101001110001011000
11100
00101100001100011
1
0100001100
110010010100111111110
11110
1100000101110100001001111101
1
00000111100011010100100
100000000
00
11
110010100000001100001000000000100100
101111010011
11110
10010000011
1
1101
1
1
01000010010001010000000001
01000000
0110001100100000010000
1110000010000110
11
111
11
0
11
011001100100000001000000101
110110
0000001000001000001111000110000001001000000100001
10
1111001001000
0
1
11111011111001010100
011111
101000110000010000000010001001100000010000000001001001000100001
00001000000111101
10
111000010110000100
00101110
1000000000
0001001101101100110001000000001000010
0010010000
1000111111001000100010
101100100
0000001
010
010001000101001010010100000
011000100
10
01
10010001001000010100100000001
01110000100010100010000100000
1
00000001
1
110111011010000000010
010010
1110011000100
1111
111100000111111011101
1
101
0
1
10
110000000000011100001000000000101
001001000100100101000000000100
00100011000011000000001000100110001000100000000000010001000
0111100100100
011010000011000010110010000010001000000
010001000100100000001000010
01100001000
0000010000000110010010000001000000
000001000000000100001000
00010000110010000100001000
10000
001001000111000100001000100001000
1111110
010010010010000001000100
10101011101010000100100010
0110001100000001110
11111111
101
10010001000
11011111011101
1000010010001000100
10010
0111
001100
1
101011010111110001110
0000100100100000010111001000100001000001000100
11
1
1
1110111
01101
010000000
10111001100100010000000000
011110010010010
100010010111010
0
01000000000
1000000
0
1
0100110000
01
01000000010010000001000001
111
1
100
00011101110111011000000100000100
10000101010010000000100
100
01011
0
1111010001
11
00110101000010100100010000
1
001011001000000100010001
111
11
1
011001101001000000000010
11
110
11
11
1
11001000010100000101010100000001001000010010100000
1
11
00101000001000100100010001001000010001000001000001001000
11
11111100011
1
11
01000101010000000100010001000110000100001010011011000110000000
111000
0
000100001011011000010101010001
001
111100111
1
1
0010001000010001010
100100001100000010010000110010001000010001000
011
1011
1
1100001000000110000111111
1
1111110100000011111111101010111111111010
01100000000000010100
100100
01100010000110001000000000
00000010111000001010000000000
010101100001001001110010100001110101
111001010001010
10000000011
01010100011110000001000001000100010001000
11110101
11
0010010000110000110000
000010000000001110001000000000001
01010000010000001000010001
10010
1
0
1000100100011100000011
00
10011001000100010000
11
1
11100000010000010101000
111011100
1
11
1
111010001000010000001000101
11110011
11110001000100
101011101100010100001100001000100
0110111
111111000000000011011
0
00000100000000110010000000000010001001001000010100
01
11010001000
011
00100001000010000001000000101
01
1
111
01
11000101001000010000100
001000110010000000011001110000010010010000001011000000100000
1
01
0110001000100
111
1101110111111101
10101000111011111101000001110110000000100001
011000100001
1101
111
001
110001001101111000010000000100100000
011111101
00100100010011100010000000000000010010000100010000100010
11111001
01010
1110
1101
0110101000001000101011000000
11010100010111100000010000010001100
00001010100110010000100000000000
0100010010100000010001110000000000001001001
1
11
1
1
1
111111111111001101
11
111111000100
0100000000
10000000000101100011100001100011010000000100010001110001000010111010
0011001000010000001001000
00011000100
00001
00010001001010000000101000
0110010111011
010110010
0100000011000100010001000001000
0111000001010001000
1
0110000010100101
0000000011000001000
000000011010101111100010001
10
1000010010110001100011101
0001000010010000000100100
1
101110000010000100
100000001100101001000110000001000010010000100000100
11110000010011011
1
11101111100000011
11100111
111
1
111011
00000010
1
01110100110100
1000000000010111001111110110
1111
00001010111000000101010010010000000100000
111
10000110010001001001000100010010000001000100010010000
1
0000100000010011000110011011000000000
1000
11000011000000001000100000100
1
1
1010
1110100000000010
01000100010000001011
1
100010001000110000001000101
0100110000010000010000100011000100010001000000000100
0010000101000001000010010001
10010000100010001000000100
10001001000
1
11111000000000010111
00100100100100100000001000100
11111011100
000
110001000001000010110001001111001000
1100100100000101
1
101000100100001010001
11
010001000100100010010000100100010001000000010
1
11
101000000100000010110100010001000001
1
000001
1100101001001001
1
11001000000000000
1111100101001
1
001101101001010110
1
1
10010111011000100001001100001000000010000010
1
00100010001000000110000011110000001000000100010000101010111011100010001000100010110001000100110000000000000010
1100101100000010000101
1011111
10
100101000111011
00001000111101001010000000
11100011101001110
0010011100001000100
1
1
100
0000001
111101
1
110010110110011010001000001
10011
10101101100000000010
111110101
010001000010011
0
00010101110010101
1
0110101001001010000100000100100
10111000010001101010100010100010000
100001010110
1110101011
101100
1
00001110000000001000001001000
1
001010001000010000011011000111000
1
0101001010
1100010010001000100000
00010100011000010010000100
01
1010111101100
1
1
00010110100100110000
000000110000101000100000000001010000
1111000000100010
1
10111
10100100
111110001000010000001000010
11001
1001000001100000100000010
111110110111101001111
1
0001010001111000100000010000010
1000001010000100001011100000000001
1000000100000
10100001101001000001100001000100000100011
1
10001000110010001010
1011111000011
11
0100000110010000100001011000110
1
1011
11101011010011010000101
0111111
1111101
001000101100011010000100001001000010
11111101111100011
01000011101
000010000001001100000101100100
11100000101000010000001011000001000010
11011
100110101000000001101
10
100111100000000101011
1
00011000001110111
100000011001100100000000
0111011100
11111110111000010010000
010011000110100
0010101000
0001001000111000100000101010
1100000
01101000000010101
0001001001000
0
1111111000
111010001111100100010010000010
0011
100100101101000000000001000001000000000001
00101011000000101010000
11
101100001101010
010001110000101000100001000010
1
1
01001000101110
1110101101
11
001000101010100010000001
101101
0110001111010
10000110111010100
1001100010000010
11
1
110000001
0
1
10001000001000100110010001000100011000100100001000000001101000001000100
1000000
1
001000
111
1111101
01110010011111100001010
0000010111000001000100
111111
001
0001010101001000000100
1111110101000
0000101000000100100001000000010011
1000101100000000000010100010
11001000001010000001
11
101011011000110010010110100101
1100111000001000100100010010000100000
01000001100
100010100001000100000100001000
10111
01111001100
00100010100001000000100
10110110111
0111010000001100110
1111
01000110100010
00100011101011001
1
0111101000010
11110000000000001101
111
11
01110001000101
01
10100
010000110000010100000010
010001001000100000110
1
100100
010000000100
11
10000000
001000
1110
11
1
01
01110
0110001010001000000100
110001101000000000001000001000001000000100000001100000101
010001000000001001000110000000001000011001000100100
1
10010000100000010001000110001000010001000100010010000
1
0000000100000000000000010000000001000100000000000000000
01011101100
0111111100001000000110
1100000000
101
1100
001000101000001000010001000000101000000100
001001010010000010000100
11000000010010
010000001000001010001
