0011
1
001
1
1
010
001
1
001
01
010000
1
1
1
01
01
01
100
01
1
1
001
11000000
1
1
1
1
10000
00001
001
1
001100
1
1
1
001
00001
10
1
01
0101
1
1
0001
1
1
1
01
001
01
1
1
011
01
1
001
1
01100100001
001
01
010
01
1
1
0001
1
10
0111
1
1001
1
01
010
001
00001
01
1
11
10
00001
001
1
0101001
1
010001
010
100
1
1
00011
1
01
1
1
1
01
01
001
01
1
100
001
10
01000000000
10
1
0001000
00001001
1
1
10
1
00011
1
001
01
100
01
001
1
001
1
1
01000
01
1
1000
1
1
110
1
011
0001
1
100
1
1
1
1
1
01
00100
1
0001
1
00001
10
01
01
1
01
1
001
10
1
01001
11
01
01
1000
0000001
1
10000
100001
1010
000001
0001
0001000101100
1
1
01
01
001
110
0001
1
01
00100
1
001
11
11
001
100
1
01
1
1
0001
00100
011
11
001
1
1
10000
1
0010011
01
1
00011
0001
0001
100
0001
10001
1
10
1
1
1
0001
10110010
1
1
1
001
10
100
1
01
11
0001
1
11010
1
001
1000
0100
01
01
1
01
1
1
100
001
0000001
11
1
01
1
0001
001
001
1000001
1
001
11
100
1
01
1
001
01
01
10
1
1
000101
11
1
100
1
1
01
0001
01000
1
1
1
01
1
1
1111
1
1001
1
1
1
001
10
1
111001
1
1
0111101
0001
1
11
01
10
1
1
0001
1
1
10010
100
00101
01
001
010
01
01
0001
1
1
1
10000
1
1
0001
1
11
01
1
11
001
01
011
100000
010011
1
0100
1
01
001
1
10000
10
01
01
1
1
11100
1
01
1
1
00001
11
1
1
100
001
1
1
001
0100
11
0000
1
10001
10
00000001
1
1
1
1000
1
0001
1
1
1
11
10
1
1
1
1
1
01
10011
100
01
1
001
1
1
1
111
000001
1
001
11
1
0011
0
10000
1
1
100
1
01
001
1
001
1
1
1
1
00001001
1
10010
0000001
01
101
0001
1
0100
0100
001
1
1
1
1
10001000
001
01
001
1
100000
1
00011
100001
1
00001
01100000000
1
11
1000100
011
001
1
10000
1
01
1
0001
1
0100
01
01
1
110
1001
1
1
00001
01
001
11000
1
1
1
01
1
1
1
01
100
1
001
1
1
0001
1
1101
1
001
10
1
100010
01
1
0001
01
1
1
1
1
01
0001
1
1
1000000110
0001
10000
0011
1
1
1
10
100
001
1000000000
11
1
1
0011
10111
1
1
1
001
1
1
1
100
011
111
1
1
00011
10
10
1
00001
10000010
1
01
00001
1
0010
001
01
100000
1
0001
1
001
1
01
11
1
0000001
011
1
10000
1
1
011
001
01
11000
1
11
01
1
1
1
11
0011
01
1
1
1
1
01
1
00000001
0001
110
1
0001
1
1
0001
1
100
10001
01
001
1
1
1
001
1
001
001
111001
1
001
1
1
111
1
01
1
1
1
1
1
01
1
1
10
00001
01000001000
00001
010
010
1
1
01
00001
1
1
1
001
1
1
001
001000
11
1
1
1
001
1
010
001
01
0000001
1
1
1
001
1
01
1
1
100000
1
0001
01
01
1
01
1
1
001
001
0001
1000
1
01
1
001
1
01
1
0
0010001
001
10000
01
001
01
1
01
100
1
111
0001
10
1
1
001
1
1001
010
1
1
1
1
1
1
00101
11
010
000001
01
001
10000
1
0000001
10
1
1
0001
11
1
1
1
0001
