0001000
0011
101
110
000100000001
1100
11
10000001
1100
000001000100
011
00101
11
101000
00000000000001000000000001000000100100000000000110010000000000000000001000100000000000000000000000
101
11
011
101
00000011
0010001000
00011
000000010000000000001000000000000
0100000000100000001000000000
101
0100
01001
0101
100000000
011
100000100
00010001
0100000000001000100000000
10000000000100
1100000
10001000
1001
000100000001
0000001000000100
011
11
000000
011
1000
00000000000000000000000
00101
0000010000001000
011
1100
100100000100001
0000010000100000001000
011
0110000100
00100001
1
1010000
01000000010000
0100000010
000000010000001000000
1000000100
0000000100
01000010
011
110
00010100000000010000000100000000000000000
100010
110
000011
11
0100000001000000000100001
010001
101
10001
00001001
00001000
00000100000100110
0010000001000000010000000
0011
10000000000000000010000
11000
011
011
0000000010000000000011000
11000001000
0000100000000001000010000000000000100
10
0000
0000
01000000001000000010000000
11
000010000000100000
100100
0000100000100
100000000001000000
1000000000001
0001001000100010000010000000000000001001000000000100000000000001101000100
00000001000000000000100
110000
0100000000001000
0100
011
00010000000100
101
100000
011
10100100001000
000000010000010000000000
0011
0000000100000010
1100
101
00000010001000
101000
10001
01000000010000000
00
000000000000000000000000010100000100000000010000000000000
011
1100000000010
101
110
110
011
1010000
00000000000100
0000001000010
1001000
0001000001000
10010000
01000000000000010000
1000001000
010000
00010000
10100101
00010000100000100
0011
1000001000
010000
1000001
01000001000
11
1000001
100
011
000001000010
11
10010
010001000
1000000001
0101000
011
001000100001
0110000
01000000000000000100000000
101
100100000000
10000001000
10100
100001
011
110001010
0000001000000010000
010000000000000101110
011
0001
01000010
000001000000000001000000000000000001
0101000
100000000000000000100000000
000011
01000010
010010010000
10001
11
0001010000
000000001010000000000
0
1010000
0000
000000000000000000000100
1000010
000000100
01000
0101
1100000
011
00000
100001000
011000
1000000000000000100000
1001
1100000000
10100000
011
110
0010010000
011
1000000000000000
1000000001
0011
000000000001000
000100000000000000100110
11
01001000
11
000000010000010000
011
010000000100
0000000000000000000100101000000000010000
00000000001
000101
1000010000
011
11
00000000010000001000
001000000
0010000
1010
00001001
011011
00000000101100000000000
10100
0011
00000010010100000000001
01
0110001010000
10000001
11
00100000000011
10000010000
101
010000000100
0110000000110000000000
110
0101
010000000001
10000000000100000
1001
011
000000000001110100000001001001000000000000000000000010000000000000000000000
011110
00000000010010000000
011
010000001
011
01001000000010000
110000
000000000000000000000010000000000000
000000101000001000000
000000000010000010000001000
000010000001000
011
1001
0000000100000000000001000
010010
011
100001000
011
01000000010
010010010000000100
1010100000000000100
110
011
0000000000010000
010001000000101001000000100000
1000100
1000000000000010000
01000000010
0100010
100000000000000001000000000
000
0010
001001000000000
101
1000010
011
00010000
01000001
0010001000
0100001
10000100000
011011
011
00010000001000
1001000
010001
000001
011
000000000000100000000010000000
00000000000000001000
0011000
10000000001000
0001100000
1000000000100
00000010000000000001000000
01000100100100100000100000000000000100000000011
01000000000000001000000
10000000
1000010
110000110100010000
0100000100
1010000
01000000010000
0011
00010001000
100000001
00000010000010000
01001000010001000
1010000
00000001000100000100000
1010
01001000000100010
0001010010
011
011
101
110
11
11
100000101000010
1010000
0010001
11
0101000000
0010000000000000000010000000000000000
101
101000000
10000
10
011
00001000
001001
00100001000
00000000110000
101
100100000
0000010
10100
000011
0101
110
100000000000000000000010
000001000100000001000000000
0100000000000010000000000001000000000
00101
0011000
0011
011
1010000
0000000001
10101100
011
000000100
00011
0011
10000001
00011
1100000000000001000
1000001
11
001001010
10000000000000000010
000000000100
0010010
0101000
00011
01000010000
011
00011
100
11000
011
00000001000000
0100000000000010
010000010
1001
101
0000110000
100001
1000001
0101
1000100
10001
1001
000100000000100
11
11
10010000
0001001000
1000010
011
01000010
011
10010
1000000000010
01000001000
110
1000000000101000000
1001
01100010000000001000000
000011
1001
010000
01000010100100000
110
11000000
00000000001000000001000
100000010000
100000000001000
011
01000010
0101
11
000010000100000001000000000000000000000000000000001000001000000000000000000000
011
0100100
1000001
100001000
000000000100000000000001
100010
10000000000000000100
01111000
110000000010000
1010
011
100010010000
1000010
011
110
01011
1010000
10100000
1000001
00000
011
0100
10
000000000010000000000
11
010000010000
10000000010000100
00101
0101
00000000000000000001000000010000000000000010000
11000
000000001000000010
101
0000000000000100000001000000000000
0000001
00000000000010
110
1000
10000000
0001000100010000000
1100
0101000000000000001000
100000100000
1001000
0100010000
100100
000000000000100
110
011
010000100001
1000010100000000100
1000010000
0100000000000100000000
00011000
00010000
0000
01000000100000
00000010000000001000
1000000100
0001001
00110000
0011
010000000000000000000001
01100
00100100
01000001
100100010
0011000
00001001
11
1100
01000001000
0110100000010
1100000
101
0101
0011
001000100000
110
0010001
00000110
00100000001
000001
0000001000000
010010000
0101
00000000000000001
0000001100
110
11
001001
000010001
1100
0100001
0100000000010
00000
1000000000000000000100
0100010
000
00110
100000001000000
0000000000000000100000000000001000100010
11
10000000000100000
001001
11000
011
000100
0100000
