1
1
1
1
11
1
1
1
1
10000
1
1
1
001
1
100000
1
1
101
1
1
0100
11
1
1
1
01
1
1
1
1
1
1
1
1
1
001
0001
1
1
1
101
1
1
1
01
1
001
100
1
1
1
1000001
1
11
1
1
01
1
01
1
1
111
1
01
001
1
10000
1
1
1
1
1
1
1
1
1
0100
1
1
00000000
1
1
1
1
11
1
1
1
1
1
1
01
1
1
1
1
11
01
1
1
1
1
1
1
1
1
01
1
1
1
1
00001
1
1
1
1
1
11
11
101000
1
1
1
000001
1
1
11
1
1
00001
1
1
1
000000000000000000000
11
1
11
1
00001
001
1
00001
1
1
1
1
1
1
01
1
1
1
1
1
1
011
01
1
1
1
1
0100
1
1
1
1
0000001
1
1
01
1
1
0001
1
1
00100
1
1
000011000
1
1
1
11
1
1000
1
101
1
1001
00001
1
1
01
1
1
11
1
1
1
1
1
1
110
1
1
1
00001
1
1
1
1
1
1
11
1
001
0100000
011
00001
10
1
11
1
000001
1
1
1
1
1
