001
00001
10
00001
1000
0100
00001
1
1
1
00
000
0
0001
0001
1
1
0001
1
0
1
00
1
00001
0
0
1
1000000
000
0
01
1
0
1
1
000001
0
0
1000
1
1
1
0
0
0
1
1
1
1
1
1
0000001
000000
1
0
0
0
01
000001
0
1
1
1
100000
0
1
01
0001
0
000001
1
000
10
0
0001
0
1
1
10
1
1
000001
1
0
1
1000
0001
1
00100
1
01
1
1
00001
1000
1
0001
0
1
00000110
1
01000000
1
000
0
100000
1
1
0
1
1
0
1000
1
0001
00
0
1
1
1
0
1
01
1
00001
000
1
0
1
0001
10000
01
0
1
10000000
0
01
00001
1
0
0
00
00
000
1
100000
1
0001
001
1
0
0
1
001100000
1
1
0001
1000
1
11
1
0
1
1
0
1
1
1
1
