0000011
110000
01000000001
100001010000
00010001
100001
0011
10000000000100000
100100
10001000000
010000000000000100000
001
010000100000
1000001
0100001
11
000110000
00011
011
1100
10001
1000000001
00001100000
1010000000
11
111
0101000000
0011
11000
11
100000
00100001
10001000
000100010
11
000010010000
11
1
001000001000000100000
11
000011
0011
11
0000
11
0101000
0000011
1010000
11
1010000
100001000
11
010001000010000
00000000001000
11
0000000
11000000000
1100000
000011
0110000
1001
11000
11
0010100000000
100010000
10000001
11
10000
000011
011
11000
11
10001000010000
11
0
0001001
000100010
01000000000000
01000
100100000
11
11
0000000100000100
11
10000
11
11
001100000
0100010000000
0001001
101000
0011
1001000
0000110
1001
101
0000101
00
11
1000010
01000001
000011011
000010001
11000
1000000000010
00000101
11
0000010001
000100000000001
100100000
0001001
00100100000100000
0
0011000
1101001
0110000000000000
00010000
0110000
11
11
11
11
11
000001100000000
1010000
000011
110000
000110000
0001
01000000100000
00
011000
1000001
1100
0001
100000001
1001
000010000001000
0001000001
101000
00001
1000001
0
0110000
11
11
1101
10010000
0010000001
011
11
01010000000100001
11
1000001
00001
1000001
101000
11
1100000
101
1001
10100
00001
0101000
0011
101
0011000
11
0
00011
0101
000010001
01000
1001
00011
11
000010001
0011000
1000000010
11
11
0101000
100001
0010010
0011000000
101
11
0000101
1100
011000
00000100100000
1
11000
010100000
100000
101000000
0100010000000
11
11
11
000000
11
11
00110000
100100000
000010010100000
11
11
1000001
1000100
1010
0000011
100000001
0000000010
11
11
000000000001
0001001
11000
100100000
0100000010000
01000010000
1000000
00100000000010000
11
110000
00011
11
000000
11
011
100010000
01000000100000100
11
0000000010001000100000
000011
