000001
0000000010
1
1
01001000000
1
1
010
0000
1
1001
1
1
1
1
0001
001000
01
00001
1
1
1
10
000001
01
10000
1
1
1
000101000000
00001
1
1
100001
000100000
000001
1
1
1
1
1000
0000000010000000000
1
10
1
00000110000001000000
1
0
1
1
011
001
1
001
01
1000
1
000001
0000
100000
01
1
010000000
0001
1
10000
11
1
100000
1
000001
1
000001
1
1
001000
1
1
1
1
1
01
10000
01
1
00001
1
1
1000
1
1
100000
1
0000001
100000
01
1
11
1000
1
01
0000000001
1
1
001
1
1
1
001
10
0000
0001
10
1
1
01
01
01
1
1
1
1
01
1
1
1
1
00100
1
1000
1
001
001000
000001
1
1
1
1
1
11
111
1
01
010000
0000001
1
1
10000
001
1
1
1
0000
1
1
1
1
01
1
1
10
100000
0001
1
10
1
100000
1
100000
01
00001
10000
000001
1
1
11
1
1
1
00001
1
1
1
100000
01
11
100000
01
01
1
1
1
1
000001
1
1
001000
1
11
111
100000
0
00000001
01
1
00000
100000
011
1
1
1
1
001000
01
01
1
001000
1
000001
1
1
1
1
10000
1
1
01
1000
1
11
1
1
01
1
1
1
001
1
1
1
1
1
1
10000000
1
1
1
1
1
1
1
010000
1
1
1
1
001
1
1
1
1
1
1
1
001
11
001
1
1
1
00001
1
01
1
1
1
1
1
1
1
1
1000000000000000000
1
1
1
0000001
010000
1
1
0
1
1
100000
00001
