0111
1
0111
1111
1001000000001100
00111
0001000001010
110
1
00111
1110
1
1110001001
0111000
1001000
010
0101000000000010001000000
1
1100000000000000
1
10111
00000000000010010000
0111
1
0000001100100000
0100010000000000110
01000000100000011000000
00000000001100
110110001010000110011110100010000000000000000000100101000000011000000000000
1011
1100001010
1
11
010110100
01011
111011
10
01
1001011
1
1
1
01
101011100001
0001
11011
1
0101
1
11001
1
10
1
1
1
1
10110
1
1
1
011
011100
00110000101100
11001
01011
0011
0010000100001
111000001111100100100100110010
0111
000010
11100000
010001000000000000001010
1
1
10
1100110
0110000000000000011010010110100000000
1
00110
1
1
10010000000000000010
000010000001101
1
1
1
10000001100
1
11001101
1
01000000100010001000
11011
1
1010001100
1
110000100010
1101100110100
110
0001101
11010111101
1
1100100
11
0000000000100100
000000000000000000000000100001100000100000110000000000
00000111
1110000
1
011
1101
1111
000100000101
11000000000001100
1001001
0101000000
10000001100
1010000000010000
1
100010001000
1
10
11100001
1
0111
1111100000
1
01
110
1000011100001
01
10101
1100101
1111
1110
01
0
110000000100000110
01001010
1
1
111110
0100110000111
1111
10
01111
01100110
100010001000
110010100
1
1
1111101
11010
1
1
1
100110001000000110
1
100
0011000001
00
0111
1
1
1
00111
10111
1
1111
101
11001011111101010111110110
110100
01111
11011101100000
11
1000010010
1101
1
1
000101000001
010100001100000011
000111001
1000101100
1
010010000100
01
00000110010100
1
11000000001110
1110101001001100
1
1
011000100
1
11101
111001101101110010010
1100000001000000
00000100010010
101010001
1100111
11
1
11
1
1101
11011
00110001
1
1110
010111
1
011001
111000
01011
1
10111
1100000000000000110
1000010000100
1111
100001110
1
010000100110
1
000000001
10
010110
1
101110000100000
1
1
110000000010
1
1
1
1111
1
100010001
11111
1
11011
1000000001110
1101
00000110
111000
0111
010000011000
1
01110000000
1
1
00111
1
1
1
100100011
101001
1
01011
1
10001000000000001
000000000011000011000000000000
0110000000010100
1
1100011110000001111
01
1
11
11
001011
1101
110100010
1
011000101
1
1011000
1
10
1
101011
000100000000010010000
1
0110011
1
01101010
011
11010100
01011
0101011
10101
000011
1
1111
11011
1100
10000001100
1000000100100
1
010011
1
1000010000100
1
1001110
1111
0011100000000011101100011001000000111000
1111
1111
000001100010000
110011
1111
101
000011000110001100
111
0111
000110
1
1
01111
1
001111
1
0000100000100
1100100000
1
1
001000000010000001
11011
00000100000000000000011001
11100
1
1111
1
1001110
1
1001000010001100
1
000000101
1111
1111
1100
1
1010000
1
11100000
1
1100000000010000
0000000110000001000000
0101001
1
000000001000000
1
1
1101000
11101
00010010001
1
11001010
11000000000100000
01
110010000
111001011000110010001101
000001
1
01011
01000000110
0111
1
1100
0100010000111
1
01
1
10110000
1
1
1000000010000101
1111
010000010
1
1
1
