1
1
1
001
1
0001
1
1
1
1
001
00001
001
1000
01
1
0001
01
01000
001
1
1
1
01
001
10
010
001
1
1
1
1
1
1
1
1
1
10000
1
01
1
1
1
1
001
1000
1
0001
1
01
01000000
001
1
01
10
010
100
1
0001
1
001
11
1
11
1
1
00
01
001
00001
1
01
1
01
00001
1
001
10
1
001
00
1
1
01
1
1
1
1
1
1
1001
01
001
1
1
1
1
001
11
11
1
01
1
01
1
1
1
01
0001
1
001
1
1
1001
1
0001
1
11
0001
10
1
1
0001
1
1
1
1
01
1000
1
01
00001
1
1
1000
0001
0001
1
1
100
1
1
1
0001
1
1
1
1
010
1000
1
01
001
01
00001
1
1
0001
0001
1
1
1
101000
001001
001
1
100
01
1
1
0000001
10
110
00000000011
100
01
1
01
1
1
1
1
1
1
100
001000011
1
010
0001
1
1
1
001
100
1000
1
01
1
01
1
1
1
1
1
1000
1
01
01
1
01
001
100
001
1
1
1
1
101
010
0001
001
1
1
1
1
001
1
0001
