0001
1
1
0001
010
0001
1
01
0001
10000
01
01
01
1000000000000
01
0100010
1
001
01
1
1
01
01000000000000
001
1
1
01
10
0001
1
1
1
10000000000000
11
01
000000000000000
100
001
001
00001
1
001
1
0001
100000000
1
001
1
001
011
10
1
01
01
1
1
1
000000010000000000
1
01
1
1
01
01
0001
1
10
001
001
01
0100
1
1
1
001
1
001
1
1000
001
01
1
001
100
1
000001
000001
10
0001
001
1
01
1
1
00010
001
001
100
1
01
001
1
1
01
10
001
00001
1
10
010
10
1
1
0001
001
100
100000
010
1
001
001
0001
000000000110000000000
001
1
1000000
1
100000000
100
1
1
0001
10000000
1
01
001
001
001
10
010
00001
001
01
11000
00000001
100
1
1
1
0001
01
1
100
1
0001
1
10
1
011
1
001
001
1000
10000
0
001
0001
1
001
1
1
01
01
1
100
01
01
1
1
00100000
1
100
0001
1
1
1
1000000000
101
100
1
00001
01
100
1
1
0001
10
10000
0001
1
0001
1
001
1
1
010000000000
1
0001
000000000000000000000100100000000001000000000000000
1
1
0000
001
001
1
100
1
010000000000000
1000000001000
0001
001
1
1
10
1
0001
01
1
1
01
010010
001
001
1
0001000000000
001
1
1001
1
1
1
1
0100000000
001
10000000
00001
1
001
1
100
1
1
01
001
001
10000
01
01
1
1
100
001
1
01
01
010
01
001
10000
1
01
00010001
1
