1
0
00
00
1
0
1
0
1
100000
1
0
1
1
00
01
0
11
0
01
1
00
00
0
0
0
001
0
01
0
0
1
1
01
1
1
1
0
1000
0
0
1
0
0
1
0001
0
1
10
0
0
1
1
00
1
0100000000110000
1
0001
1
1
0
00000001
00
0
00
1
0
1
0
0
001
000
1
1
001
1
0
0
0
0
0
0
1
1
0
0
0
1
0
1
0
000
1
0100
0
0
1
1
0001
0
1
01
0
1
1
1
0
0
0001
0
1
00100
1
01
0
1
0
1
01
1
1
0
0
0
1
1
1
1
0
1
1
0
0010
0
0
1
1
0
01
1
1
0
01
1
001
010
0
001
01
01
1
0
0
010
1
1
0
0
000
1
0001
0
0
0
1
1
1
001100001
00
10
0
1
1
1
0
0001
0
0
1
0
000
000001001
0000
0
0
000001
0
00
0
1
1
0
01
1
0
1
1
1
10000
0
1
0001
00
1
1
1
1
0
01101000
1
00
001
1
1
010
1
01
0001
1
001
1
100
0
001
1
1
0
1
010000
0
0
1
1
1
0
0
1
00
0
1
00001
0
0
1
0
0
0
1
1
0
001
01
1
0001
01
1
10
1
001
1
0001
001
0
0
0
101
1
001
0
1
0
1
01
10
000001
0
1
1
1
1
1
1
1
0
01
010
1
0
1
0
1
0
1
0
1
0
1
1
0
1
00
0
0
01
1
10
00
1
000
0
0
0001
1
10
0
1
001
1
0
00001
0
0
1
01
1
1
01
1
0
1
00
0
00000
0
0
1
0
0
01
0
0
0
1
1
1
1
1
1
0
1
1
01
1
0
1
1
0
0001
1
1
0
001
11
0
1
0
1
1
0001
1
1
01
100000
1
01
0
0
1
0
0
00
0
00
1
1
0
110
00001
0
1
1
1
0
1
1
000001
11000
0
001
0
1
0001
1
00
00010
0
1
0
1
1
0
0100
01
1
1
01
1
01
1
1
1
0
0
01
0
1
1
01
0
0
0100
000001
1
1
0
1
1100000
01
1
0001
1
0
0
00
1
01
0001
1
1
001
00
1
01
1000000000001
0
1000
1
1
1
1
0
1
1
10
0
00
0001
1
1
1
0
0
1
10
0
1
1
1
00010101
100
00
1
01
1
1
1
0
00
00
00
1
1
0
1
0
01
0
1
0
0
1
10
01
0
0
0
001
1
01
1
0
1
1
001
01
01
1
001
0
100
0000010
1
1
1100000
001
01
1
10000000
0
1
1
01
00
1
0
00
0
01
1
0
1
1
0
0
1
000
1
1
1
