1
0010001
11
10000001
0111
01
1
11
1
1100
1
1
00001
000000100
0001
11
000000101
1
01
1
101
0000000001
1
001
11
11
1
0011
1
0100
001
1001
0100000001
11000000
1
001
1010
1111
1000
1
0001
100000
101
1
01
11
00010110000
1
01
1
1111
1
1
011
1
01
0000101000
1
001
110000
010000000000010000000000
11
1
1
001
1
1
1
11
1
111
11
1000
11
0001
10000
1
100000000100000000
11
000010001
100
0001
01
1
11
1001
1
1
1010000000001001001
1
1
1
00000101
0010001000
1
011
1
1000000
11
011011
0001
1
1
1
1
00001
101
1
11
100001
10010000000
1
110
101
1
01
1
01000001
11
10
1
1
0110000001
1001000000000
0001010
1
1
01
1
1
01
0100000010
01
0000011
011
11
11
11
1
001000
101
001
10
1
1000
100
1
00100
11
1
11
1
10
010
1
00011
10
1111
1
1
1
1
1
010100
0001
1
1
1
1
01
1100000
1
1111
10
011
1
10100
1
001001
0001
1
11
11
11
1100000
11
01
1
00010010
0100100000
1
1
1001
110000
11
1
1
1
1
1
011
1101
1
1
01
1
1
0001
11
1
11
1
0010010000
10001
110
10111
1
1
11
01
1
1
0001
10010000
10
0100
01
110001
11
011
1
11
1
1
1
00001
1
1
11110
01
11
101
00100000001
01
01
1
1
1
1
1
100001
1000
00011
01
1
101
1
1
000110000
0001
1
1
11
1
01
1
1
11
0101
01
1
11
01
0001
11
01
10000
11
000001
1
0001100010
0101
1
11
10
01
11
1
1
1111
1
1
01
0000101
1
1
0001100000
1
11
1
1
1
1
11
1
01
1
101
100100000
00
1
0001
11
00000000
1
1
10
1
01
01001
1
1
101
011
01
10
1
1
11
1
10001
110
1
001
1
1
1100
1
01
10001
1
1
111111
1
1
001000000
11
1
1
11
1
1
1
1
1
1
0101
1
11
011
1
1
11
1000
1
1
1
1
1
11
10
01
1
1
0000101
11
11
1100000
1
1
1
1
1000000001
10
1
11
1
10
1
1
0101
01
1
1
101
1
11
001
1000
1
1
00101
100000
1
1
10
0101
1
0001
1000000001
1
11
1
11
11
01
11
1
1
0001
0010100
11
11
1
1
001
01
11
1000000001
100100000
1
011
01
11
11001
01
100000001
11
0001
1000
1
01
1000000001
01
1
1
011000
1
11
1
1
11
10
0110
001
1
1100
010111
0000101
11100100000
101
11
1001
1
1100010
01
10000
001001
0100000
1
1
