01
1
01
01
000001
10
1
01
01
001
01
110001000
01
001
01
0110010000001
01
101000
01
10000
000000011
1
01
1000
1
1
00000001
1
001
10
1000
0001
000001
1
1
10000
1000100
00001
10000
1
1
01
00001
1001
1
00000000011
001
01
10
001
001
100001
1
1
1
1
10000001000010
1
10
1
1
1
01
1
01
0000100001
1
1
001
000
01
11
01
01
10
01
001
0001
01
1
01
100
1
1
01
1
001
01
100
010
10
1
0001
1
000000001
10
1
000011
1
1
1000
10
1010
1
1
1
01
00100011
10
1000
01
01
1
1
0001
01
10000
00001
0001
001
100
1001
1
11000
001
1
110
00001
0001
01101010
001
01
1
10100
1
01
1
00001
01
100
1
01
01
1
11
11
1
01
0000001
001
11
00001
01
10000
01000100000
0110000000000000000
01
100100
10001100
1
10000
010
0011
0
01
100
0101
01
10
1
000001
01
00001
1
0101
01
001
00
01
1
001
110000
00001
01
00001
1
0001
0001
1
01
1
1
001
10
01
0010001
000001
110
0001
001
100
1
0
1
1
1
1
1
0011011
1000001
01000000
11
1
01
0001
01
1
10
1
1
11
0001
0001
1
001010000
00001
100
01
1
1
010000
1
000101
1
010000
000000001
1
101
001
0001
0
000001
100000
00001
1
1000
10010000000100100
010000
1
0010001
10100001
1
001
100
0001
01
111000010000100
0001
1
001
001
11
10
001
1
1
001
001
1000
1
1000000001
01
010000000
011
10
11000
000010000010
11
100
01
1
01
1
001
0001
10000
1
001
0000
10000100
001101
1
1
00001
1001
0001
1
1
00001
1
110
01
1
0001
001
1
1001
10
1
0001
00001
1
1
0101
001
01
01
10000
001
100000
00011
1000
01
1
0101000010000
0001
0
11
001
01
001
1
1
001
10
1000000
01
101000
00100011
0001
1
1000001
1
1001
001
000001
1
00
01
100
01
1
0010001
0000000
1
01
1
100000
00001
1000
01
0001
100
01
01
1
1000
1
01
00001
1
0001000
1
0100000000000
0100
00011
1
1
01
1
1
0010000110
1
01
0000001
1000
01
001
01
01
1
01
11
0001
1
00101
01
1
10
0001
1
001
001
1
1
1
00110
0001
0001
001000
0001
110
0011
01
101000
00001
10
001
011
1
101
01
01
01
001
001
10
100
01
01
001
1000
01000000000
1
1
001
0001
1000
001
1
1
00001
1
010100
101
1
1
1
11
1
010
1
10
101
01
1
01
01
0001
010
0011
00000101
01
010000
001
001
1000000000000
1
01
01
1
1
1
1
1
1
100
000001
1
01001
100
00001
1
1
1
0001
0110
01
001
01
01
1
001
1
11
01
01
010101
01
01
1000
0001
01
1
01
1
01000
1
001
01
1
1
01
0
1000
00000101
0100000
001
001
1
0001000
0110
0100
0100
00001
001
0101
1
1
1100
01
1
01
1
000001
1
1
100
001
00000001
01010
0011
1
01
000010
1000
1
1
1
1100
1
00000
1
100
0
1
1
001
1
01
001
1001
01
1001
001
1
100100
1
1000010000
1
01
10
1000
001
01
001
01
0001
1
0001
1
11
000000001
1
001
1
00101
10
1
1
10010
1
01
1
1
101
1
001000
100
111
1
1
000101010100
01
0101
1
000001
01
1000
1
01
01
00001001
1
1
001
001
0001
1
01
10
100
1
01
01
10000
00001
10000
11
1
1
0001
01
10
100
01
00001
1
01
1
1
1000
01
001
0001
01
01
000000
1
001
1
001
1
1
0100
000001
100
0001
1
1
1000
00001
01
0011
0001000000000
0001
01
1
1
1
0000000101
101000
001
01
10000
1000
010
000001
00000000
1
1
01
1
1
1
0001
01
000001
1
1
01
1
01
01
1
1
01
1
1
1
100
1
1
00001
10
1
1
01
1
1000
000011
01
00001
100
1
01
0001
1
11
0001
0001
