11
1111
11
11
11
11
11
11
001001
1111
11
11
00100001
001001
1111
0010
11
11
11
11
11
00101
00101
100100
11
0000000
11
11
000011
101
11
11
100001
0011
010000010000
11
11
11
100100
11
11
11
1111
1111
011
11
11
11
00100
001001
110011
00011
0011
11
101
011
11
11
11
110
11
001001
1001
100001
000101
11
110
001001
010100000
000101
11
010100
0011
111111
11
11
11
000110000000000
100000
000000000000000000
0000110
100100
11
11
100100
000101
1111
0010001
1111
11
00001
111111110001000100
11
11
100100000
11
11
1111
11
1100000001001
000101
0100001
00011
11
11
11
11
000100000001
01001000000000000
11
100001
11
11
101
101
11
11
001001
0
11
0
1
11
1110001
11
11
11
11
11
11
001
11
1000100
0000000011
11
111111
0101
110
00001001
100001
11
11
11
11
11
100001
001001
11
001001
101
001001
110000
11
11
11
11
00
010100
11
0010111110
11
1010
1001000
11
001001
001001
100001
00011
001
00100
11
001001001
10010
11
001001
111111
001001
010100
00101
01100
000
11
01001
110000
010001
001001
11000
00010001
1
11
11
00
001001
11
0100100000
11
0
100100000
000000001
11
11
11
00101
0010
101000
1111
11
11
11
11
11
001001
001001
11
110000
001001
11
10001
11
11
100001
11
11
11
11
11
11
11
