00010000001
10000
000000001
1
1
0100
00001
000010000
01
1
1
1000
000001
1000
0001
1
00001
1000
0001
00001
0100
1000
000
0001
1
1
0100
001
1000
0001
10000
1
1
0001
1
1
0001
1000
100001
01
0001
1000
0001
0001
1
00000
0001
0000001
1000
00011
01
0001
10000
1
0000001
1
1
010
1
00
0000001
1000
01
1
0001
001
0100
0100
0001
001
00001
10000
1
00
001
001
1
1
1000
01
1
1
001
0001
1000
01
00001
0001
10000
1
0001
00010001
00001
100
0001
1
1000
001
0001
1
1
0001
1000
00001
0001
10000
0001001
00011
1000
1000000000
0100
01
0010
100000100000
10000000000
1000
0001
0001
1000000
0001
1
01
0
1
01
1000
0001
1
000001
1000
1
1000
00001
0100000
100000000
1
1
1
0100
0000001
1
1
0001
100
000011
10
00100001
100000
0100010000001001
0001
10000
0001
1
1000000
1
1
01
1000
0001
000
0010000000000
1
0001
1
0100
1
00001
1000
001
1
1000
0000
00001
01
1
10000
00001
010000000000000000
0001
1000
0010
1
0000111
0100
001
00001
0100000
0001
0001
0100
1
1000
0001
000001
01
0100
0001
1000
000001
1000
0001
1
00001
0100000
0000
0001
1
1
1000
1
001
1
001
0100010001000
1
1
1000000
000
0100000001
1
1
0001
001000
0010100000
1
0001
0001
1
0000000
1
1
1000
100
00100001
0001
100000
1
1
0001
01
0100
01
00001
0001
1000000
01
000
1
1000
0001
00001
1
01000
0001
1
0001
00
1
00001
