000101
111001
0011
0011
010001
11
001
11
1100
10001
110000
001001
100000
00000011
111
00100
00000000
011
1
1001
011000
11
1000100000
011
1
11
100001
101
11
0010000000000001
00000
0101
1010000
000
00
1000
110
11
011
0101
0100000000
11
110000
011
0100001
11
0010001
0100010
0011
00000000
011
000001
000011
011
101
0101
101
11
1010
11
0101
01100000
110
00110000000
0000000001100000000000000
10100000000
0
11
101
110
11
0001001
100001
11
0011
1000
000
111110000000
0000000100010000
000
1100
01001
010001
11
000000001010000000000000000000
011
1
0000011
10100
001001
011
1000001
001001
011
0000000
11
10010000
11
11
0000000
10000
011
11
11
100100
0000001100000100
011
011
01011
11
1000
0010001
1100
000011
0001000000
11
00
11
11
11
01000001
10000
0010001
11
11
11
0011
11
10001
0101
0110000
0001001
010100
001001
100100
0100001000000000
11
11
011
11
11
11
10100
10
0011
0011
11
000
0
0010001
0001000
0010001
011
11
010001
1001
011
1100
00011
010000100
11
0011
101
10
