0
1
00001
001
1
1000
00
001001
001
1
0
1
01
1
0
1
1
0
01
00
01
10
1
01
001
1
00
01
10000
00
0
01
1
00
0100
0
001
00
0
1
01
10000
00
0
00
001
0
1
1
01
1
001
0001
1
01
0110000
1
101
1
001
000
1
1
11
001
1
0
01
00
00
1
0
0
0
01
1
1
00
100
00100001
0
010
10
0
100
0
001
1
0
10100000
0001
01
0
0
001
10
0
000
011
110000
1
00
001
000
1
000010000000000
0
01
01
0
1
1
1
001
01
01
1
001
0
100
001
1
0
01
001
100
00
001
01
00
001000000
001
0
00001
0
1
0
0
1
001
00
0
1
1
1000
01
1
001
1
01
001
1
000101
000
01
001
1
0
10
0001
01
0
01
01
10
0
001
001
0001
00
1
01
0
001
1
101
1
1
1
1
0
10
01
1
0
01
01
0
100
0
01100
001
001
1
1
0
00
1100
1
0
10100
100010
01
001
001
0100000
1
0
0
0
10
0
0
0001
00100
1
01
0000
0
01
010
000001
001
001
0
10
000001
01
00001
10
1
1
00
0
01
0
1
01
1
10
1
01
001
0001
1
01
1000
00
0
001
01
0
01
0
0
01
0
00010
0
01
10
0
00
001
1
1
01
101
0
1
000
001
01
01
001
1
0
0
0
001
01
0
001
001
1000
0
00
001
1
01
1
1
00
01
0
1
0001
0
1
1
0100
001
0
0000101
00
010
1
0
01
0
0001
0
1000
0
0
1
001
0001
1
1
100
00001
001
01
001
10
00
01
1
01
1
1
001
1
1
01
0001
01
1
01
1
10000
0
0
001
01
1
0100
00
00
001
0001
00
0
0
1
0001
1
1
1
01
1
10000
0
0011
01
100010100
1
000001
0
1
1
10
1
1
01
0
01
1
0
0
0
0
1
10
001
01
1
0
0001
1
1
10
00
001
01
10
010
0
1000
1
1
0
1
01
1
0
1
1
00
01
01
1
00100
000
1000
0001
011
00
0
100
1
01
0
0
00
001
00100000
0001
0
0
1
1
1001
00
000
01
10
1
000
01
