0001
10000000
0001
0001
10000
1
0001
1
1000000
00001
10000
0000001
1000000
01
10000
00001
100000
00001
00100
00001
100000000
01
10000
00001
1000000
1
001000000000
0001000
10000
00001
01000
1
0000001
10000
0001
00000000000
00001
100000
0001
01
100000
001
00100
00001
1
1
010000
00001
1000000
10000
10
0001
0001
1000000
01
000001
1
0000001
100000
1
00001
0100000
00001
001
00000010
00000000000
000000010000100
000001
10
0000001
00001
010000
00001
1000
0001
010000000
0001
1000000
00000001
1
00001
0001
1000
000001
1
01000000
001000
0001
1
010000000
0001
01
1000
0100000000010000
10000
00000100000001000
1000000
1000000000000000
10000
0001
00001
10000
000110000
1
0001
0001
10000
00000000001
00100
10000
1
1000000010
0001
01000
0001
10000
00001
001000
010
000001
0001
1
01000000
000
00001
00001
0010000000
100000000
00001
01000
00001
10000
00001
00001
001000
00001
