00010011
000111
01100
1
10010100
0001001
1
10100
0001001
1
1
011
010100000
1
000101000001
00010010
1
110000001
0011
1
1
101000
0011
100010010000
100000
0000101
101
1
0011
1
0110000
10100000001
01010010000
10010001000
10010010000
011000001
0011
1
1
001001000
10100100000
1
111
00110000100
1
01001
101
0001001000
1
1
11101010010000
1
1100
00101
0001001
1
11000100000
00011
1
1
100100000
0011
110001000
0101001000
011
000110000
00001110
1000101000000000000000
100010001
1100
1
00011
1
1
110001000
10010
110
000011
10010100000
0110000
011
1000001
1
01100000
010000000100001
1
1
0011
1
1
1100
0011
111
1110000000
1
1
0101
1010001000
0100100100000
100011
1
0101000
0100001
1100
011
011
1
111
1
011
10010100000
00100010
1
011
0000010000
11000
1
1
0011
100000001
1110000
0101
1
100100010
1001
1
11010000
0011
1
011
100100
1
011
1
1010001000
011000
000101
10
0011
11000010000
01000001000001
1
0010100000001
1000001
011000
10010010000
1
1
1
111
00011
1000001001
10001000
0011
00
1
01100
1
100001
1
1
10010010000
1
0010010000
011
1
1
1010001000
11010
001001
10000000101
110
1
00000001
10000001
011001000
10010010000
101
1100
1
110100000000000000000000000
1
1010000
00011010000
01
10100000
10000101000
1
10011
0100010001
01100
011
0011
1
100100000000
0000000111001000001001000
10000100000
1
0101
1100000
1
0000011
110001000
0001001
1
0101
100010010000
1
1001000000
1
1100
011
10010
111000
1
0010010000
100001000
010010010000
00101
100100000
0011
1
1
0011
0110000000000
10000001
1
1
10010010000
1110000000
0
111
1
1001000
0000000101
11000000001
1
01001
0000000
00011010000
1
1
1
1010010000
10010001000
10010100000
1
10001
