1
1
1
1
0
1
00
1
0
101
11000
1
0
1
0
11
01
1
10
001
1
1
0
1
1
1
01
0
1
0
1
1
0
0
0
1
1
0
1
01
1
1
1
0
0
0
1
0
1
1
1
1101
1
10
1
1
1
0111
00
1111
0
1
1
01
0
1
1
0
0
1
111
1
0
1
1
1
1
0
1
0
0
1
1
01
1
0
1
1
01
000
1
1010001
1100
1
1
00
0
1
1
00000
0
00
1
1
1
1
1
1
1
1
1
0
0
11
1
011
1
0111
1
1
1
1
1
0
1
01
1
00
1
11
11
1
1
0
1
001
1
00
01
100
1
11
000011
0
000
11
1
1
1
0
0
0
1
1
001
1
0
1
00
1
1
1
0
0
1
0
0
0
1
11
1
0
11
1
0
1
1
0100
1
1
01
1
1
1
1
1
11
1
1
1
1
00
1
0
1
1
1
001
1
1
1
1
0
0
1
11111
00
1
1
0
1000
00001
1
01
1
1
1
1
01
1
0
1
01
01
11
1
1
1
1
1
11
1
1
11101
0
1
1
1
101
1
01
0011
1
1
1000
0
11
011
0
1
1
0
00
00
1
001
1
1
1
01
1
0
1
1
0
1
0
1
1
0
1
1
00
0111
1
1
1
0
1011
1
11
1
1
1
1
1
0
1
1
0
110
1
111
0
1
0
000000
1
1
1
1
1
1
1
1
1
1
0
0
0
1
1
10001
0
1
00
1
0
0
0
1
1
0
1
1
01
100010
1
1
1
1
0111
1
1
00
1
1
1
1
1
0
11
0
0
10000
0
0
1
0
1
1
1
1
1
11
110
1
0
0
1
1
11
1
1
1
11
1
1
1
1
1
0
01
1
1
1
1
1
11
0
1
01
01
1
1
1
111
1
1
0
1
1
1
1
0001
01
1
01
1
1
1
0
11
1
1
1
1
0
1
1
1000
1
1
1
0001
00
1
1
00
001
1
1
1
1
1
01
0
011
0
1
1
0
11
0
1
1
1
1
1
1
0
1
1
0001
0
1
1
0
1
0
0
0
00000000001
1
1
1
1
0
1
1
1
11
0
0
1
0
1
1
1
1
0
1
1
000000000001000000000000000000
1
01
0
11
1
1
1
1
1
0
1
1
101
0001
1
1
1
01
1000
1
1
11
11
0
11
11
1
1
0001
1
1
0
1
1
01
100
01
0
0
1
1
0
11
0
010
1
1
11
0
1
1
1
1
100
00
1
0
1
1
1
0
1
1
0
1
1
101
1
1
1
111
1
1
1
01
1
1
1
1
1
01
0
1
1
1
0
1
0
01
1
1
0
0
1
01
1
1
001
1
01
0
1
11
01101
01
0
1
0
1
1
1
01
0
1
1
11
11
1
1
1
100
01
0
0
1
1
1
0
0
1
0
1
1
1
1000001000000
11
1
1
1
1
0
0
01
11
1
1
1
