101
101
00001
1
100000
001
1
0
0100
001
1
0001
1000000
1
1
00001
0100000000
1
1
1001
1
100000000
0001
1
1
11
110001
01
1
0101
110
1
1
1
0001
00110000010001
1001
1000
0001
000001
101
00000100001
11
0001
0001
11
01001010
10001
01000
0001
0001
01
1000
1
0001
0001
10000
100001
001
0100
00001
11
000
01
1
000
1
0100
00001
101
00
1000
100
1
101
110001
10
10
0001
01
00001
1000
101
001
1
10001
1000
000
010001
1
1000
01
0001
010000
001
0100001
1
0001
1
01
11
001
1
1
100010
0001
11
001
1
1000
1
0001
110001001010
10001000000010
01000
000010011000001100
1
001
1
0000000
1
1
101
11
0001
001
01000001
0001
11
1
1
000
110001
00010010
1
1
11
11
0001
1
10000
11
10001
0001
1000
01
001
11
1
10110
00001
11
001
001
1
1000101
1
0001
100
0100001
011
10000
01
1
0001
11
1
1000
00001
0001
1
1000
0001
1
1
0100010
001
1
000001
0100
10001
10010011
0100000
101
0001
011000100000
0001
1
10000
101
1000
0100
1
00000001
1
1
1000
11
101
01
1001
010000
1
11
00011
111
10
000001
010001000000000000
1
00100
01
1
1
000011
010100
1
00001
10010
001
101
1
001001
01
1001
0001
010000
10000001
1
1000
0000001000001
10
01
1
0001
00001
10000
001
0001
1000000
1
01
0001
001010
1
11
1
11000
001
1000
001
1
11
1
1001
1
0100
01
00100100010
0100
010100000010100001
001000
001
10000
1
1
111
11000
1
01
1
100001
10000000011
01
10000
1
01
00001
1
100001
11
1
01
10001
1000
0001
0001
1000
001001
1
0100000001
0001
01
0001
1
101
0001
001
00
100010
1
110011
1
01010
11
0001
0100100
1
001
100010010
1
1
001
000
0100
010
1
1
001
01
01
1001
1
1000
10001
1
11
001
100
1
1
1
1001
1000
10000
1
01001
10
1001
001
10000001
1
1
00001
0001
110
1000
1
0001
10000
1
1
0001
0000100000
1010
001
00001
001
10
1
00001
100000
1000
1
100000000
010000001
11
1000000
101
1
0001
1
11
0000101
01
00001
10
0001
11
110001
1
100
1
11
0001
01
1
1
1
1
1
100
0000001
1
00001
1000
1
100000000
101
0001
10001
1000
000001
00001
1
000
01
0000
1000
11
1
010000001000
11
11
0001
1000001
1
11010
1000001
001
1
00001
001
1
101
10000
00001
000000100000001
11
1
01
1
1
1
1
001001
1000000
0001
00010001
1
10000
001
001
1
1
1
01
11
01
0001
1
0100
1
000
1
10010
0001
10
0001
0001
0001
1000
001
0001
1
1
10000
001
11
1
1
11
1
1000
01
0001
0001
100
0001
00001
100000
0
00000001
010001
1000001
1
1000
1
00001
001
11
0100
1
1
000001
0001
100
10000001
10001
1000
0000001
000001
10000
1
01
00000100010100
001
00110
010
1
0001
101
01000
1
0001
1
0001
10
0000000001
0001
