00001
011
011
110
01000001
101110
1
10000101
01
1010
1
101
11
1
01
011
0010000010011011
010100
1
10001
1000100
1
100
1
00110100
011
1
101
1000000
1
011
01000000010
011
11010
100001000101
00001
100010
001
1
1
1
1
0001
010000
00001
0001010
1
00000001
1
1
1000
1
1
00000000001000
1
0001
0100010
01
01000101000100
011
1
01100001
0000011
0100
1
10001
10000000
1
1
0001001
011
00001
000010
0010001
1
11
100001100
0011
010100
0001
10001
10100
0001
0101000
10010000000
010001
1
110
1
1
001
001
1
10
10001
101100
101
100001000001001000
1
01001000
1001000
100010
101
0101
110
1
1
0001100000
111000101
1
01001
1
1
1
1
01000100000
011
000100001000
0101
1000001
0100
000000100000000010000
1000
1
1
10010
0000001
11
10100
01
01
010010
001
10001000
1
0001100000
101
00001
011
1
010001
1000000011
10011
1
1
10010
1001
011
110
010001
1
1
00100010
1010
0000
00001001
1000
0000010100001000
100010000
0001
1
1
1000100
1
0100000000
1
00101
1
1010
0011
0000100000001
1
0010
10001
1
10
1000
0001
001100
0000101
0001
010001
1
000010010
01
0
010001000000
010100
01000000
1
1000
001
101
11
110
0010001
1000
0000000000001
1
0010001
1
100010
0010001
0100000100
0001
1
100010100000
01
01001100
11
01000010
0
1000
0100
100
11
101
10000
101
01100
001
1
10001
01
1
110000110100000
1
10001
011
010001
00010010
011
010100
01
00011
1001000
10001
0100010
1001001
1
1
1
100000
100100000
0011
0101000000
0001000
1
1
0001
010001
10000
0001
0111000
0000
1
110
1
001001001000
0100100
0001
1
001
1000
100001
0001
1
1
1001
1001
011
101
0101
011
010010
011
011000
100010
0001
10001
1
000110000
1
1
0001
01000100000
01001
010000100
00100
000000
1001000000
101000
1
0100110
1
1
1
011
11
001
011011
10010
1
011
1
0100000
01000001
0000100
00100001
10010001
100000000010
11
00011
100
01001
011
0001
11
100001
0001
101000100
01000010000
1001
0100
0001
0001
10010
0000011
01110010000
0001
01010
00101
0010001
00000000
1000
1
011
1
1000000000001
0101001011000100000
1000
010001
1000
1
00100001
100100000
010000001
00100
01000100
00001001
10001
100010000000000000
0100010
100001
11
1000
010001
101010
0000001
1
100
011
0001
1
1
11000
001
100001
10000
100001
001
10
100
001001
011
01000000100000
1000000010
1
00001
101
0100100
11
011
00000010001
1
1100
1
111
01
00001
010010100000101
110000
000100001
1
01
1
0001
1101
101
1
010001000000000
01
1
00110
10001
0011
100000100
1
01
1
001001000
100100100
0001
10001
100
11
1001
100010
0100001
01001000
10000000000
1
0001
001
11
011
010001
10001000
010001001001000
100010
1
011
1
1
001
0001100
01
1
000110001
1
11
01
00010001
10100
01000000000100000
000001
1000
00001
01
001
100100001
1
1
010010
0001
1100000101
00101000001000
10001000
1
01101
1100
011
1
001010
011
101000
1
10000
011
011
11
1000010
1000
1000
000000001
1
1
10001001
110
110
1
1
00010001
1
1
01
10001
0001
1
01010000
1
00001
10000010
100011
01
1011
0001
1
100001
01
1
1
0000001
00100001
1
00010001
1
00110
1
1
00001
110
0010001
1000
0100
0
0101
0001
110000
1
1
01
00001
00100
010001
1000100
10001
010000010
00110000
0011
011
1010
000
1
10000001
0001
0100
011
0100010001
01
01100
1
001
00100
010001
1
001
00100100
1
00010001
10100
01
000010000000000
101
100100
1
000010
0001
10100000
1
010001
0100
1
1
0001
100
101
1
1
1
1001
100000
1
1
1000000001000
0101000
0001100
11
1
010001000100
01000011
01
1
1000000010
1000000100010100
1
1
110000
1011
1
011
1
11000000
01
00001
000
0100000011
100
1
1
01
011
010010
1
1
0100
00101001010
1
001011
1
100000010
1
100000
0010001
111
001
10001
101
001001
1000100
00001
011
11
010100000000
1
01001
11
1000100
0100001
010
0100001
0101000
1
1
1
10000
00001000001011
1000
011
011
1
101000
011
100100
100000000010
01
00010110000
110
1
10001
1000000
10001
1000
0100
1
10000000001000011
10010
010001001
01
100100
1
10001
1000001
1
1
01
100000011
10001
001001
010000
1
1
01
10001
0001
100000000000
1
1000100
1
100000010000010010
10000001
1110000000100010
00110
011
1
1
0001
10010000
001
0001
010001010
00000100100000000
10000001
10011
101
0001
0011
1010
0010001
1
1000
1
00010001
1000100
10001
1
00101
