01
11
01
01
1
1
001
000010001
1
1
1
01
10001000
1
0000
1
1
1
10
1
00011
1
1
11
1
1
0001
00011
1
1
1
1
001
001
1
1
0001
01
1
01
100
1
001
0001
1
10
1
1
01
1
1
001
100
001
1
1
01
1
10
01
1
01
1
1
11
100
00101
1
1
1
1
10
1
1
1
100000
11000
1
1
001
01
001
11
1
1
00010010
1
1
0001
01
000101
001
1
1
10
1
1
1
01
01
10
1
1
01
1
11
1
0001
1
1
01
1
0001
1
100
11
1
01
1
1
1
100
1
1
01
01
1
1
1
100
1
01
001
1
1
1000
0001
1
01
010
0101
1
1
1
01
1
100
1
0001
01
0100
1
1
1
1
01
1
1
1
1
1
01
001
1
0001
1
1
1
00001
0001
1
01
1
000
00001
1
1
1
01
11
01
1
11
