010000000000000010
1001000
1
1
00010100
1
000000010100
1
1
0101
1
1000000010
100100000
000010000001
0001000000001
1
000010100000
011
10000000100
1000001
0011
1
0100100000
1
0
01000
1
011
1
01
01000001
1
1
10000100
00101
1
0101
011
010100
1
1
1
01010000000000000000000
101
00101
00000100000100
1
1
1001
1
1
100001000
1010
00011
1
1
00010001000
1
0000001
1
1
1
0
10000000000100
1000100
010000001
1
0101
1
1000000100
1000000001
00
1
1
01
010000001
1
101
1
1
01000000000000001
10100
1
0101
1010
00000001000000100000000000000010000000010000000
00000010000010
100001000
1
100000100
1
1
1
1
1
1000010000
0100010
10100000
1
1
1
1
010000010
0101
11000000
1
0101
100010000000
10000001000
110000000
100001000000
1
1001
1000000100000
101
1
1
1
100001000
1
1
000010010000
100
1
10001
010000001000000
0110000000000
1
1
00100010
1
011
1
1
1000100
1
000100001
1
1
1
110
00000010001
1
1100
00000001000000000000010
1
1
0
1
1
1
01001
1
011
1
1
1
0
001000100010010000
100010
10101001000000
1100000
1
1
000000101
0000000001000001
001000000000001000
00000100001
1
100000001
01000000001
1
1
001
1
000100
000001
1
000001010000
10001000
1
00101
0011
11
000000001
0000100010000
1
0100001
1
100001000
1
0100001
1
01001
1
1000000001
1
1
01000010000
01
000010100
0100001
01
0000001
0
100000100000000
10000100
0100000001
1
11000
00001000
00010000100
000100001
0101
00100000
1
1
1
1
1
1
1
10
1
