0000001
1
10
001
001
1
01000000
1000000000000000
1
0100000
1
10000000
001000000000000
000000000
100000000
0100000000
100000000000000
01
100000
01
000000000
10000000000000
100000010000000
01
1000000000000
0100000000000
1
1000000000
01
0100100000
001
00000000
0010000000000
1000000
0001
0000100000000
001
100000000
0000000010000000000
00000000100000000000000
10
0000000000
10000
1000000000
0000001000000
01
0000001000000000000
0000100
100000000000
001
0100000000
000001
01
1
1
0100
0001
1000000
001
01
1
0100000
01
0000000000110000000000000000000
1000000000000000000000000000
1
01
1000000
0000001
100000
001
1
0000001000000000
0001
00010000000000000000000000
100000
000000000000000000000000000000000000000000000000000000000000
00001
000000001
001000
0000000000
1
0100000
010000000000000000000000000
1
001000000
000001
00001
1
00001
1
010000000000000000
01
010000000000
100000
001
010000100
1000000000000000000
00000
100000000000000000000000
01
01000000000000000
0001000
000
000000000000000000000000000000
1000
100000
0100
1
1
10000000000
1
0000000010000000000000
10000
01
0100000000000
1000000000
1
10000000
00000000000010000000000000000000
000000000000000
00010000000000
01
1000000000
010000000000000000000
000001
01000000
0000100000000000000000000
10
00001
0000000100000000000
1
00000100000000000000000000
000001
01
1
0000001
010
0000000000000000000000
100000
01
1
000
100
1
1000001
1
10
00000000000
10
1
1100000011
0001000000000000
1
10000000000
00000100000000000
01
00000
0001000000000
00000010000000
010
0001
000000
001
00000000000
00001
1
10000
1000000011
00
00000001
1000000
1
0100000
100000
1000000
00100
0010000000
001
100000000000000000
01
1000000
1
0000000001000000000000000
1000000
10
00000001
1000000
001
0100000
01
10000000000000000
10000000000000
000000000000000000000100000000000000000000000000
000001
01
100000
0000001
0100000
01
001
00010000000000
100000000
1
0000001000000000000
100000
1
000100000000
01
01
0001
01
10000
1
0001000
1
010000000000000000
100000
01
1
100000
100
1
10000000000
000000
010000
0000001
0001
000001000000000
100000000000000
001
00100
1
1
01
100000
1
1
100000
0100000000000000000000000
000001
0010000000000
010000000000
1000000000000000000000000000000
001
10
0001
100000000
1000000000
1
1
000010000000
1
00000000
000000100000000000000
00100
00000000000000000000000000001000000000000000000000000000000000
00000000010
10
000000000000000000010
01
1000000000
1000000000
0000001
001000
1000000000
0000010000000000
1
10000000000
01
000000000
1
100000000000000000000000
1
0000001
001000
100000000
001
0000001
1
0
0000001
10000000000
00001000000000000
0100000000000000000
0100000
000000000001
00100000000
1
1000000000
1
00000000100000000000
00000000010000000000000000
01000000000000000000000000
0000000000100000000000
00001
00010000
1
0001
0100000
0001000000
1
1000000000
01
00010000000000
100000000
01
1
01
0100000
01
0001
1
010000000000
010000100000
0001
01
0000100000000
001000
001
010000000000000
000000000000000000000
0000000000001
1
00001
1
0000000001000000
00001000000
1
0001
1000000000
1
01
001000
0001
000010000
000000
0110000000000000000
100000
001
000100000000000000
01
0001000
1000000000000000000000000
1
010000000000
001
0100000
00000000000000100000000000000000000
100
00000000000000000000000000000000
010000000
0100000000000000
1000000
1
10000
00000000000000001
100000
0000000001
00000000011000000000000000000
001
10
00000000000001000000000000000000000000
1000
0000001
1
01
1
0000000001
