1
0000001
10
00000
1
01
10000
01
01
1
0001
1
10100001
001000
1
1
00001
1100
1
00001
011
1
1
1
1
1
1
1
0
00001
10
1
00001
1
011
10000
1
01
1
000
10000000
00001
1
100000
1
01
001
1
1
1
000001
010000001
001
1
1
1
1
1
01
1
001000
0001
100000
1
1
1
1
0100000000000000
1
1
1000000
010000000000
1
1
0000
01
1
1
1
00001
1
010
0001
1
0001
10
100
0000
1
10
1
1
10000
0
1
1
00001
10
1
01
001
01
1
1
1
10
1
11
1
1
01
1
100000
001
0001000
1
1
1
00001
01
1
01
0100010001
1
100
000001
01
1
01000
01
1
1
1
1
1
10000
01010000
01
1
10000
1
1
001000000
001
01
101
10000
1
01
01
1
10000
1
00001
01
1
1
1
1
01
10001000000
01
1
1
1
10
10000
01
1
1
1
1
01000
1
00001
01000
00001
1
1
1
1
1
1
1
0
0000
001
1
10000000000
01
1
010000
1
1
1
1
1
1
1
1000
1
1
010010000000100000
10000001000
01
1
01000
1
1
1
1
001
1000000
10
1
0100000
0001
00100
1
000000011
10000
00001
1
1
1
0
1
01
1
1
00001
10
01
1
1
00101
10
1
00001
001
1
1
0
1
1
01
1
10000000000
00001
1
1
01
1
1
0
1
01
1
1
1
1
10
0
010
1
1
1
1
1
01
10
1
1
1
1
000000
1
1
1
00001
1
1
01
10000
001
1
0
00000
1
1
1
1
001
010000
0000001
01
001
1
1
00001001
