00001
1
1
0001
00111
01
01
111
1
1
11
01
11
1
10
1
01
1
1
11
1
1
0001
1
1
1
1
11
1
001
1
1
1
0001
001
1
1
0001
1
1
1
1
1
1
1
10001
1
1
11
11
1
0001
1
1
0100
1
1
00011
01
11
1
0100
1
00001
1
11
1
1
1
01
1
1
10000
1
1
1
001
1
11
1
01
1
000
1
1
1
1
1
1
1
1
01
1
01
1
1
10
1
1
1
1
1
1
00001
1
0100
01
1
1
010
1
1
1
1
1
1
1
1000
1
0010101
01
1
1
01
1
1
1
1
11
1
1
1
1
1
1
01
0010
1
111
1
11
01
1
10000
01
10101
01
11
101
1000
1
1
1
1
1
1
1000
1
1
1
11
111
001
1
0
01
1
1
0100
1000
001
1
1
0001
1
1
11
10000
1
1000
00001
1
1
1
001
1
01
1
11
011
1
1
1
1
1
1
1
0001
1
1
1
11
1
1
10
1
11
01
1
1
0001
01
10
1
0001
01
1
001
11
1
1
10
1
1000
001
111
1
1
001
1
1
1
1
1
01
1
01
001
1
1
010
10000
1
01
01
01
1
1
1
1000
0001
0001
1
1
1
1000
1
1
01
1
1
01
01
1
111
1
0101
01
00001
1
1
11
1
001
0001
1000
1
1
1
01
1
01
1
11
001000
010
0001
