1
01
000
01
011
01
1
10
01
001
01
1
01
01
1
10
01
01
0101
01
1
100
1
01
01
01
01
01
01
00100000
01
01
1
1
01
01
1
1
1
01
11
1
01
01
01
10
01
01
01
001
1
0101
1
0100001
01
001
10
01
01
0
1
010101
10
01
01
01
1
01
0001
10
01
001
1
001
1
1
10
1
01
01
01
01
01
110
01
10
1
01
01
01
1
01
01
10
1
0101
10
01
1
01
10
01
01
01
01
01
01
1
01
01
0000001
01
001
10
10
1
11
0101
0101
1
10
1
1
1
01
1
0001
0001
10
01
01
0101
1
11
1
11
01
01
01
001
1
1
01
1
10
1
01
01
1
1
1
1
0101
10
01
01
1
0
01
1
01
010
001
1
001
1
01
10
1
1
001
01
01
01
01
10
0101
01
01
01
01
1
01
1
1001
01
01
000001
01
10
01
01
1
0101
01
01
10
01
01
01
01
00101
100
1
01
1
01
01
1
01
01
010
0101
1
1
10
0101
10000000
01
01
0101
1
0000001
1
1
1
1
01
