0001
0
1000000
1
1
0
0
0
1
1
10
0
0
001
1
010
0
0
1
001
010000
0
0000001
0
00000
1
0
100000
00001
0
0
0
01
0100000
000001
0
1
1
1
000001
1
1
1
000001
10000
0
001
100000000
0
0000
1
00
0
100
1
0
000001
1
100000000
10000
001
1
100000000
00001
0
1
1
1
0
0
1
0001
1
01
00001
100000
000
00001
1
0
001000
1
000001
1
0
1
001
0100000000
10000000
1
1
0
001
1
001
0001000
001
0
1
0
010000
1
1
00000001
0
0100
0
001
1
0
0
000001
10000000
1
0
100000
001
1
010
0
001
1
01
0
10
000001
010000
0
1
1
1
01
1
0
0000001
10
10000000
1
1
1
0
1
1
1
0
1
0
1
00
000001
000001
1
0100
00001
0000
00
1
0001
00000
1
01
1
1
100000
000001
100
00000001
100001
1
100000
1
1
1
1
0011
1
1
0100000000
1
0
1000000
001
1
1
0
0
100
0001
0
1
1
10
1
000001
100
1
0
100000
0001000
0
1000000
0
00
000001
10000000
100000000000
0
001000
001000
00001
0
001000
000001
100000
1000000
10
1
0
1
0
100000000
000001
0
0
1
00001
01
100
1
001
0
010000
1
1000000
01
0
0
010000000
1
1
1
1
0
10
000001
010000
00001
001
10
1
0000
10000000
0
1
00001
00
0
01000
0000001
0
000001
010
1
000001
0
0
1
1
00
0001
10000
001
01
1
1
100000
1
1
0
1
1
001
1
0
00100
000001
1
1
100
0001
0000001
010000
0
01
01
1
0
000000001
100000
0
000000
0000001
100000
0
1
0100000
000001
1000
1
00000
0
0
1
0
0001
100
0
1
001
01
0
0001
0
0
0
1
00001000000000
1
00000001
100000000
1
1
1
00000000001
1
000001
001
01
1
1000000
001
1
1
0
1
001
001
0
1
0
0
0
10000
1
001
00001
1
00
0
1
1
0
0000001
0000001
1
1
010000000
1
0000001
10
0
1
1
0
1
01
1000000
01
100000
0
1
0
01
0
00
1
100000
0
00
010100000
100000
1
1
01
0100000
1
10000000000000
1000
0
00000001
1
0100000000
1
0
0001
10000000
1
1000000
01
0
0
100000000
001
0
1
0
001
00100
1
1
1
1000000000000
00
