0001
1
1001001
1000101001
01110110000101
11
011001000000
1011
1
101001000
01110000001001
01
111
10111100
1001011
11010
001100011000100000000000000010
111
1011
1
010100000010
11
101000
0
011000010100000000000110
1011111100
01000
00011
11
1110000110001
1000
0000100001
1
1
0111
1000011010001100000
11011011100111
1
111
110101
110101100001
1100100
11100010010000
0000111
01000000
101001110000
11
100000001110111
1100001
11010001000
00001
10101
0010001
1101001010
010001
1000
111
0111
0110110
10011
11100110001110001
1
10001100000
0
01110011100
111000
1000110010001
11000110100001
000110000110
1000100011000
1
10001000010000
100001100000
11000100001000
1000100100001
0101001101
10000111
0011100000
11011100001
010001100001001000010000000000
1
1110
1
0110111
000100001100000
001110
11
001
1101011000
11111
1100000
11
01100011100001
1
1
0110000000011000
1
0
1
1111010001001
101000000100010001
1
001010
1
110111011
11100000011011000000110
0000000111001010001000
011011000000000000
0011010011100000101
0000110000111110010000100110000010
11
11101000000100000001001
01000000101101100
11
1110000
001
01
1
111
10101
000001011
01
1
1100
1001011
110000101000
110010001
000001
10
010
0
1111
11110110000000
1111100100100000
110011
11111110
10100000100110010100100001011
00001011111000000000101000
10000
11
011001
0110011100001
11
11
100000
001
110000100110001
1
11110000
01111
11
1
0011
1
1001101
11001
11
01011000100
0101011
10111001
11
1
100101
01
1
01000100011001
0001100100
0001
111
0110101001
00111000
10001000100000111
1101000
1001101
01001000110010111100010000100001010000000
1110000
1
1
11001001100
1
111
11000100110
1010000110
0111
01000110100000
11
11
01011
11
111
111
1
010111
1110101000
1001101000100000
1010010100
111
1
1
11
1111
0001010011000001100000000
00001110101100100
110101
11
011111100
111
1000001
11
1000010001100110000000
1
11
1011
111
11111
100
1
01001010000001001
1000110000
1101
0001000000111010
101010000
11001000000
000110011100001
1000101000100000001
000111
1
1
11010100000
10111
1100001101
100011100100000100010
101001000
1011
0100
1
110010000
00000010000011000010010010010000000
11011110
010000101
1001011
11001010000
111
01010001
111111000101000001000
000001111010001100000
1
1
111
1000010001010000100100
11
0110010011011
111
11
1100011
011001
00000101001100000000000010000010
100000
111110000010000
11
0100010000000001100
1
11
111101
11
0111010100101
110001
10001000
11
01111
0111101111
11
111
1010
110001011110000
1101101
00001001100010010010000
11100
00111
01111
1
0111
1001100000
110100
0111
0100111
010100110010000
0100
1011
1100010101000
0100000100101101001
1100
100010101
1
100110100011100
01101001000001000000
111
01111110
11
0100100011
11000001
101
011
111100
11
11100011100
111111
1110
00001
11010
1
00100011010000
1001000010000
10001001100
1
110
00111
0110001100110001000000000100
1100000001000
1111000000
100010110101
111
111000001
11011
1
11
1
100011000001010000
00011100000110010
1101
0100001
1
1111
00000101
1000101011010000000001
01001100001000
0010011001001000
0000111
00011001111001
0001010
111
1
11100
1
0010010001100000010000011100111100010000
1
1
11000101
11
1111011100
1
011100010001
1110000
11110001
10001101
111
111
01010101
100010
11
11
0100000001001
10000001
000000
11110000
1
1111111
100010001000000
10000
001111
1010
1100000010100011
111
11
1
11
111010000
01110000000000011000010
11110000
11011
1001010011100
0011
1010000001100
0
00
0100111
01
1
11
000000000011
100100
1000111
1010001
111
110011101
01101111100001110000000010
111000
1
11
110001
10001010111
11
0011
01001110000010011001000001
1000000
0010001
11101
010000000100100010
11001000001011100001
11
001010100100100
100000111000
011011
000
11
0111110100000101000000
011000110010
1010011
0111000000010110110
0111000011010000000001000000001001001000
11101100011
11110000
011100011001
110001000001001
0101010
00001
01
100111
00011
1
11010100
0010001010001
11011110100100
100100100001
0001010001000010001000000
1000101
100001
000100110100010100000
1100
00000001000010100011
111
11
1
1011
1000000000110101000000100011101110000000111
10011
111
00001
10000
00001
0100100
10001000100000
011100011101111
111
110000
0011
1101
1
01000110
111011000010101000
01
01101001
1111
10001100000000001010000
1101000
011000101
1011001101
10101100000000000
11
011
1111011110000
1001111000011
111
00001001100010000000
1100
011
10111
1011100
1
111
10010001111000
111
110001011
111001100001
011101010110000
11
01100100000101110000000
0100
011100001
11101
1
1
1
111
1110100000
1
1
110000000010000001000
10010010010000
10001
1001100
1000110000000010100
110000100010001
011000
1011
11
1
111
110101
000101011
100
0001110111
101
00010001
0100
0100100101001000000010000
1001000011100100011010011100
010
1
0011011000001
1110
11111111
1111000
011011
101001000000000010010
11
100101
1111
010011
1111100100
10000001110111000001011
01011101111111001
1000011
0
111001001010001
1
11111
111
011
111010100010000000000
0000100001010001110011
1
110101
011001001
11110000
1000110110101011000000
1110
00001
1101000
1
1
101010
111
1
1
010110000
1101
111111
000011000111011
11
1010100000
1101000
01110011100000
00100000110000010001000
01101101100001
11010100100000001
001
0010101000010100
1101
10001001
101110
0100011
110101000
101100000110010000000100001
011
111
11011000000
11111
1011010
0010001
10000000
1
111
11111001
1
111
1101
0010010001101000
11
000100100110
1000
111
1010000
00111
1010100100010000
110001
10010
10111
1
00010101110000
00100
010100011000100000100010
111
0011
1
100000000111101011001001
1101100000
0110010
000001
0000000100010011
1000
0
11100011101010
1
1101010
11000001
01100001
1101110
0111
1100101
110000001011
11001011
01011
01001010011
100011100111000
11
011111011
11000001
01101010001
1110110
110001101000
11
11000010010
10100001010000
000001
0001010
111100011100
1110110
000010011000011101
1
000111010100010
1
1
00010011
101110000010100001000
1
1010010000100001
1
1111
100001100111
110001000
1001011010101
1111
100010011001000010000010
1111000000000
100000
1
1
11
01010000000100001
1101100101000
10110100001
10011000001100
11
100010010011100
100011011
01100001000000
1001101001
00110010001000
01101001000
10110
10001010
1001000100
011011
00000
011011
10000011001
1
00100
01011100001
1110
100100000011010001000
11
0110001000100010
11
01000110010000100000
1101011
1
11
1
01
01100001110110100001110011
001
000011110010000
1000000100011000100
0111110101
1100010100001110
1
000010000100101010000000000000000000
1110
11110000
1
0001
011000
10001101010000
111
110
1
11010
1100011
100
011011
0001110
110101
1
10001001001000001001000
0110001000110010000
11
11
00000101000000101000
01
100000001
01001110
0111
00010100101
11111000
10000101101
11111
00000001000000000111000
001000001001100010000100
1110001
01
1
100011110001110
101100010
011
11
1
11
1001010000
10001101100000110
11
01
00010110
10111
10001111
011
10001001
00100
00001010011
11
1
00010001
100000
10000101
11101
000001
1
1111000
1001100010100011101
01000110010001
1000100111100
0000100100
11
1111
0111
1101101
111
1100111000101
011
1
10111001
11
1011
1101
0001000011
1000110111
101011101100001
110000000000000
1
11
11
0010100
11100001
1100
000100011
10000
11
010000011100
101101
0010110110
00111
1100010101010
11
00001
1
1
1010000010
111
00001010000101000
1
111
1
10010000
00011
10000000000011000
01101000010
011001110000000000110010000
011011
11
1101
110001011010001000010
110
1110001
1011000
1
1
1
1110001
1101111
0001
10011000001
1
110000
010001000000000001
100
0101101010000100101
110101
111
00001
110110
101111
1000111000011100000
1
000
10010000010010010
000111100
11
111
110111101
000101
1
1110000
1010000101000
1
000001001010100000101000010
100011111
00011
110
11
00100110
011000000001
1000
101
10001
110110000
1110000001
1110011
00011
001
01000101000001
11101
1000001
110010
1
0111
01000100010
010
000001
1111
011
111
0001100011010
100000000
000011100100010110
11
111100
001011
1
11
11
11010
10011
1001000
1110000100
0100010000
01
100001
000
0
111
1000
110110
000101
11000101101
0100000111
11111
000010110100010000
111100
11
110000000010
1
1
0000001
11000001
100111011
110000
111
1000000100010011001
1100111
10111
1111
11
000010010
1110001
100001
