1
01
011100
01100010001000000
11101
00001111
1
10110001
101000
01010010000001
101100001
0100100000010001
11001010000
111000010000
000000100010001000001000000
1
1
010001010100000
110000100000
001
10000100010000
100100000010001
00100000101100100000001000
1100100001
1
01001010010000
1
1100100100
1
11100
1111
10100010010000
1000101000
10100010010000
1
1
100100000100001
1000
1100010010000
11100000010000
000010111000000000000000
1110000
001011
0100
11000100010000
001111
1
001100010
110010010000
1100000010000
1
100011000000
1
1111
0111
0001000000
1100010001000000
001110100000000000
0111
1
10
1110
010000001
0101000010010
0101010000001
11001010000
1
00011100000010
010100000
1
100101010000
1010010100000
00000010000010001
1111
001011
0110001100000
1111000
10000000
0101010000011000
1000
0011010001000
1
1
111001
1010001000010000000
1
1
1
0101001000010000
101001000
1111
100
10100100010000
111011100010000
110010000
110100001000000
10010010000001000000
011100000001000
00001000100100000001
1
0000100001000
110
00010111
1
111000
000
1
0000
1
011001100000
11100000010000
0100
1
0110100000010000
1000
01100100100010000
10000100100100000000000
11001001000
1
1011000
110110000
000101000010001
11100000010000
1
10100010010000
1
01101000
110110000
100010001
1
1100
1111
1001001
00111
1010011
010
00100011
010100100001
00000
111010
0
0001001011
10001000000100001
1
01011
1
0
0001000100011
1111000
11000100010000
1
1
0100100010000000001
1100101000
10100010000010
1
1000001000100000
1
1100001000
11000010000000100010000
11010
1
001001001
0
1101
1111
1
101001
100100100
1
1010010010000000000
00001111
111010000
01010001000000000001
110100010
1
01
1010001010000
0111
1
1111
0010111
111001000000
0011010010000
111000000001
1
1100000100100
1100010010000
1111
1110
10111
1100000001100000000000
1111
100100000000
0000000000000
110001100000
0101000101000000000
1
111001
01001101000
10010010010000
0011010010000
1
110100100000
1
000000100101
