011
11
100101001000
11
11
011
1010000000
11
1001
110000
101000100010010000001100010
11
11000100010000
0011101000001
100000010010100100010
100
0010011001
1100
0100111101
11
1001
0101
010101
010100
10101010
110
1100
0100000101
001001
010001
1101100
01000010000
11
11
11
1001010000
010000000001
011
100010
0
0000010001
0101
011
001001
110
00001
011
001010000000
100010000000011
110010
1111010
01011001
10011001001000010010001000
0011
11000000
011
011101
111100
01000000010000
10001
1010010
0110111010
1001
100001
1100100111000
000110000000
101
111000001
101
01001
11
100100
100000000
1000000010
011
11
10001111011111101
00100101101100000100110000001
100001000000
101
11
0111111
1100010
01001
1001
1011000000100
11
0011
0101
100001000
0011
11101
1000001
100001111011111101011
010001
10
001000001
110
001001
0011
010100
0100001
10011001
00101
00011
11
110
011110
011
110100010000
111000110000110010
000000011
110
01000010000010
000100010000
010000001
0001
00010100011
1
01101111
10010
01001000
0010011000010000
00011
1010010001
1001
101011101000101010010
100010
0101
10000100011101
10001
01101101111
0010111111111111001000110
100110010000
100010
011
0100000000001
1100011000
110000000
100100000101
101101
1110100100
000011
1001000
01001
0100000100100101
0001100
1000010000
010100000
11
11010100
10100000
01010101
1001010111000000
100101010
00001000001
11
1000100000
1001
0111100000
1001
1010000
0110000000
1
11101001000100
11
00
0101
0001000001
0101000
10110011110100010001
101
01001011
10101
1100100100
0001001
111
110
10001
011
010001000
0010000000011
1001
11
100000100000000000
01010010100
1101100
010011000110010010111
110000100001000000
1000101010010000001
0101
1001
1001
111111011
10001100000101
11
001001
000001001
11001010
011001001
01000
001001
00010010
0011
0010001
11110
11
101
101
000100001
11
01001
100110100
11111111
001010
10000111010001
100001
0101011001011000
1001
11
10010
101
0101
101
110
01010101
1111100
101
111010
0110010100
01101
011
1100100001
011
11
100001100
11100010
011
01000010000
010001
0110000
00001
11
0101
10100
011
11000101101101000
10011010
101
11
101
010
011011
00101
011
0100010101
1100000
01001
011
011
00010101000001000
0100001110
0100
1100100
0101
1100
1101
000011
00101
10001000
10111000
000100101000001001
111100101
1000001
11
00010001
011
1100
11
011
1001
1100000
011
01001
01001
001000001
1000001
0011
101
1001
111100010
0101000100000
10100
10001001
111011111010001010
100100
011
000011010100
10110100001100000
100
10101111011100100000
1111
011
010
100
01000000100
011
00101
11111100
111001
101
00000010001000
10100
11
000001001
10001
000100001
10001010001
000110000
1000010011
010000100
100111101110011100
11
110000000
1000100
00001000100010000100
101
0000
101
010
1000001000
0110101010001
1000001
011
011
1011110010101001
1000000000
011
1000100011000100001
1011110000011
10100101
1101
0011
110
00101
0101
101
1100
01
010
1000000001
0000
000010001
10001101000
1000010000110001000001
01000
11110011001010000011110
1001101
0
011
010000010
1000000000101000000
10001
11
1101000100
001100100
10000010
11
010010
101
11010001
1
11
0101001001
110000
01001
0011
0011000100100
1010011000
1011101111111011000101111110
100000001000001000000
1101010011
00001001
1001
01000001
10000000001
1000001
110010000
00000000011000011011101
1110101010011
1100000101
100101101000001
1000010
011
010100001
11101101110000
10001000
0011010000111
1001
100001
01001
1010
00010001110000000100100
10001
010
00000111
11
10000010000
1010111111001001
0111001100000001001
10000100000
01001
1110000001
0010001
1001
000100
0100000010
00000100001
100010000
0011
1100
01001
11000101
0010000001
000101001010
1001
101000
11
1001000
0010100101
1000000110010100
011001100000011
1100101110010100110
01100100000101000
0101
000010001
01111110
11
01001
001001
100000100
10
11
11
1000000001
0011
111001001010
011100100100000
10100
01010010001
11
11
11
101
0101000000100
0010001
10001010000000
01010000
0000000000011
0110
1000111
00111001
0011
11
100001
1010110000
1111
11
1010
0110010001
10100000
11
1001
1001000
001100
001001
111001
11
01001
001
10010001001
0101
101000
0101011
0011
01000100
111111111011111
0101
100010
11
11
11
01001
1001
11001010000
11
100100000
100100000
00101
111
01010110
011
11
11
10111000
1001
100001
00101000
00001001
11000
0100001
0011
011
10011
110010000010100010000
000001
101
00101
01011100
11
011
101001010
1111101000011
100000100
11
11100010000
0010001
1001
011101
11
110
01010011
00110011
11
0011
0011
11000
1000111
11
1111010101
0101
11
100101000
11
1101010000
010010
100101001
100000001
11
1010101
101
