101
100100000
00101
101
101
0011
0101
1
0
01000100000000000
1
1000001
1
1
0010000001
10001000000
011
01010000000000000000
0110000000000
00001
1000100000
1
101
100100
011
00101
11
000010001
100001
1000111
1010
1
001
101
1
110
110
0000101
1
1000100000000
1
1001
100000100100000
0101
1110
01
1000000001
11
110
110
00010000
1000001000
1001
11
10001
00000011
1100000
1
0011
10001
001001
01000000
100001000000
101000000
01001000011000
100100000
00011
01100
01100101
1001000000000100000
01
101000000000
0110000100010
100000000
1010000
110
0001000001
101
1
010001
11000
00000100001
110000
1001
1000000000000010000
10000000001
10000001000000000
1000100000
1100100
0101
0010100
0100001
000110000
00011
100100
010000110001000
001001
011
00111
11000000
1000000000100
01001000000100000
100000001
00000010010000
00011
1001
00010001
1
10100000
100000100000000
0101
001000001
1001000000
011
101
110
000010001
110
01101
01000100
01000100000000
1
1
0010001000
0000010100000
0010100000
0100100
10010
1
0001100
110
000010001
00001000010
1100
000010001
10
0000100001
010100
1
01001
1000100000
01100000
10000000100000000
010000001
011
0011
1
01001
1
1011
110
000010001
00000000011
010000001
011
1000100000
1
1000011100000
1000100000
10000100
1
0101000
0100000100000010000000
0000101000000
0001
100100000000
010000001
0000011
10010
101
010010000
101000000010000
100001
010000001
00101
10000001
0100100000
100000100000
0111
1
000010001
1000
100000010000000
110010
00011
010000100
1
110101000010000000
111
000010001
0010100000
01100
011
00001001
0101000
11
001001
10100000
1
01001
1
10100
000010001
000000001
010000010
10100101
01001000000010000000000
00010001
1101
1000000001
01001
01000000
1
010001
10100000
011
1001
01001
0
0
0001001
11000
0001001
1
0000101001
100000010100000
1
