1
01000001
011
0101
0010000
10001011
1
0100001
00100001
101
0001
000000
1
0000100
1
011
110
00001
11000
011
01
0101
1
101
01
01
01
01000001
01
1
1
01
1
1
001100
101
1
0101
01
01
01
1001
0011
011
01
100
1
10
0101
011
01001000
1
0111
0100001
101
10
1
001
01
0001
1100
11
1
00010001
1000
01
0011
10010
100001
1
10
01
01
00010001
010
1
010011
011
1
01
1000
0101
0
101000
110
1
00000010000100
10001000
1
1
001
110
0001001
10
0001
01000001
011
1
0001000
1
01
0100
01
01
101
001
011
011
101
01000010
1
001
011
100000001
01
01
1000100
000
011
1000100
01
01
0100010
1
1
011
10
110
0101
0001
01
1
10
11100
1
00101
101
101
1
1
011
1
01
01
0011
10
00101
000001
001001
0100100
011
11
1
100
0000100000010000011
1
0101
011
0010001
1
11
1
00101
0011
1
011
101
01
01001
10000100
01
101000
10001
01
1
1
011
01
1
011
10101
0011
1
0111
100
00101000
00001
01
1
101010
0101
01
01
1
1
1100
01
011
110
01
1
011
1000
0001
0011
011
01
1
1
1
0001
01
0001
011
1
0011
0011
011
0101
10
01001
011
01
01
1001
1
1
1
1
001
01
1000
010
1
001
011
1
01000001
1
01
011
00001
0101
01
1001
001001
1
01
10
10
1
01
0100001
1
1
1
00011100100
011
1
01011
110
01
01
0001001
10000010
011
00011
1
0101001
01010
1010000
0011
110
1
0010001
1
1
01
011
110
1
01000010001000
000010001
10000001
01
01000010
1
1
011
1
01
11000000
011
1
1
01101000
01
0011
01
0
11
011
00011
1
0001
01
1
0
