1
1
00001
01
01
10
01
001
1
1
10000000
1
100000
111111
10
01
01
11
01
1
00000000101
100
1
001001
1
00
1
1
01
1
0100000
11
01
11
1
1
0001
00
01
1
01
11
000
01
1
11
1111
01
01
10
01
1
01
100100
1
1
1
001000
1000
001001
1
11
1
11
1
11
1
1
100
1
01
1
11
1000000
01
01
10001
00000
01
1
01
0001
10
100
01
01
1
01
101
00001
1
1
1
001
1
01
1000
00001
01
1
00001
1
01100000000
00001
111000
0100000000
001
01
10010
1
00001
10
11
0001
10
10000
0001
000001
1
01
011000
0100
001001
1
10
001
1
0001
1
1
111
0001
110
01
11
00110110
11111111
1
01
1
10011
10
01
1
1
0001
1
10
1
11
1
1
010001
10
1111
1
1
0100
01
0
1
0001
1
10000
11
1
1
111
1
001
1
11
01
1
10
01
001
001
1
10
00100
001
1000
11
1
1
1
1
1000
0001
100
100
1
11
1
01
01
1
100
1
11
1
1
10
100
001
11
000001
00000001
1
01
1111
1
1
10000
00001
11
1
01
10000
1
11
1
1
11
1
1
10
11
10000
1
00001
11
1
1
00001
1
1
1
001
001
1
00
10
1
1
1
00001
1
01
00001
1
1
1
01
1
1
01
01
1
1
001
1
00001011001000
00001
