0011
1000000001
00011
11
110
00011
0000101000
0010100000
1000001
000110000000000
011
0001
0011000
0101
1000001000000
0011
1100000
100010000100001
1000
110000000
11
10000001
01100000
100010000
100001000
101
0101
0101
1100000
1100001
100010000
000011
11
0100100
0000101
100100000
10000001
0
00011
11
00011
11000000000000
1000100000000
1001000000
00100110010000
11
0000
1000000
011
00100001
011
11110000
101011
11000
11
00010001
011
0101
011000000
101
110
11
10001
1100
101
010000100000000
1001
00000011
0000
001010000
0011001
011000000
0100100000101000
1
1100
1100100000
100001000
100010000
1001000000
1110010000
110000
011
110000
11
1001
110
000011
1100
00101
01100000000
0101
0101
00010000
10001
101
101
00011
10001
11000
00001011
101
000011
1100
00100
1000100011
10100
101
1000000001
0101
1100
00101
1000100101
11
10010010
001010000
000101
0101
000000011
01010000
1001000
011
01000100100010
01111
0101
110000
11011
1010
00011
00110
000000000
0011
0011
11
110
011
011
010100
1000010
101100010
0101
110
1000001
1100
00101
10100
101
100001
101
11011
00010001
001100000
100001
11
11
101
110
0010000100
00011
0101
011
1100
1000001
10000000
0011000000
0011
110
0100000000000
0011
110
101
011
1001
01
101
1011011
011
11
10100
000101
1001
00010001
000000
0010010000
0011
11
00001001
1100
0
011
100100010011
11
110011
011
011
10001
11
0001100000
010001
1001
10000100
10100000
011
110000000000
101
101
11
11
010000010
11
0101
0110101010
0110000
1111
000000000000101
01000100
0011
01100
00011
011100100001101
10100
011
01000010
00000010001
1100000
011
1001
011
101000
011
1100
11
011
100000100
10010
11
10011
101000
0011
1001
1100
110000101
101000000
100010000
11001100
00011
011
11
0001100000101
00011
110
0101
11000000000000
110001100
011
11
01100000010000010
11000
01001111000001
10000100
11
011
1001000
0000011
101
11
00010001
110
00010001
1000
110001010011000
101
11
0011
0110001000
11
0101
110000
011011
110000
100001
10001001
00001100011
100001000000000000
11000
0101
1000100000
011
10001
0111000100
011
11
001
01001000000
01010000
0101
11000
00100000000001
00010001
0101
11
11
1100000000
101
110
00110000
11000101
11
11
110010000
000101
1010000
000011
1100000000
0011
11000000000000
101
11
11
00001001
1100
0101
110000
00011
11
1100
0101
11
1001
011
011
11110
0110000000100000000
1100
00101
101
110101
1001100000001
011
00011
011
101
011
011
1000001000000
11
101
0100000010
00010001000000
110
011
10010
110
11000
011
110
101
00011
100001000
0001
110000000000
1100000
1100000000
0
0000
100000010
10010000
11001100
0011
11
110
110
00000100
1000001000000
011
011
11
000101
0011
01000001
10001
11
101000
00101000
011
1001000000
101
0110
1100
100011100
011000000000000
11
0101
000010001
0101000
0000001
11
0001
0101
10100
1000001000000
11000
01001000000000
1000000000
01010000
011000111
11000
11110000
00011
11
0011
01110001
001001
11
0010100000010001
10000001
11
1001
1100101
011
00110
00011
011
11000
000011
00
10010
101
11
10001
00001001
11000
0011
11101
11
00011
00
110
0000011
10010000
0101
010
0011
011
11000
101
100100000
0101
01000001
011
011
00011
101000
110
101
01100
00101
1100000000
011
101000
11
011
11
10100
1110010001
00100010
01001000
000000
10000001
0011000000
011
101
01001
101
00110000
1010000
011
1010
1100
101000
0101
00110
011
0011
1100000
00001001
1001
110
11
11
0101
0101000
11
0010010
0000101
0000001
1010
00011
101000
00101
011000
101
1001000
0101
11
1100
01001
