00001
0
0
0
1
1
0
0001
1000
0
1
0
01
0
0
0001
0
0010000000
1
01
1
0
0
1
00
1000
0001
0
000001
1
0100
00000001
000
1
1000
10000000
00
1000000000000
0100
00000001
1000
00001
0
0
1
0
0
00000000000
000000001
0
1
1
0
01
0001
0
1000
00001
0
0001
0001
0001
0
10000000
1
001
00001
0100000000
0001
0
0001
1
1
1
0001
000001000000000000
0
1
10000
1000
0
0001
10000000
01000001
1000000000
000000000
1
0001000000000000
0
00
00001
0
1
00001
0
10000
1
0001
000100000000
0001
0
10000000
0
1
1
0
10000000
1000
0
001
100000000
0
001
1
00001
0
1
1
1
1
1
00000000000
1
0001
1
10000
0010
1
1
01
10000
1000
0000
1
10
0
1
0
0
0
0
1000
0
0
0001
00000
10000
0
001
010000000000
0000
1
0001
0001
1
1000
1
0
0001
0001
00
00
0
0001
0001
0001
0
0100
0100
1
0000001
00
1
000
1
1000000000000
1
0
0
0
1
0001
0
0
10000000
0
1
1000000
1
1
0001000
0
1
000
1
0
0
0
0
0
0
1000
0000001
1
0
0
10
0000
00001
100000000000000
1000000
0001
00010000
1
0001
1000000
0
1
0
100000
1
0100000000
0000000000
0
0
00100000
1
0001
0000
0
1
0100
0
0
01
1
0100
00
1
1
0
1
0100
0
0
0
0
0
1
0001
1
0
01
1
1000
0001
1
0000000001
1
1
0001
1
0001
1
1
00000000000
0
1
0
0
1
0000
00100
0
0
0
0
0000
0001
1
0
1
10
1
1
0
000
1
10000001
1000
0
0
0001
10000
010
0
0
1
111
0
0
000001
0
0
0
1
0
0
0000
0
0
000000
01000
00000001
0
001000
0001
100000
0001
0
0
0000
0
0001
0000
00001
0
1000
0
0
1
00000001
0
1000
0
1
001
0
1
00001
00000
00
1
0
1
0000001
0001
0
0000000
00001
1
10000000
0001
00000
1
1
0100000
1
00001
1
0
001
1
001000001
1
1
0
001000
1
