1
1
1
0001
1
1
00001
1
1
0001
0101
0001
1
01
1
1
1
1
1
0001
1
1
1
01
001
1000
1
1
0001
0001
01
01
1
1
00101
010
1
1
1
1
01
0
100
1
1
1
001
0001
01
1
10
1
01
1
1
1
01
1
1
00001
1
1
01
1
001
01
01
0001
1
1
1
1
00001
1
1
01
01
1000
00
01
1
00001
1
1
1
1
10
1
0000
01
001
1
1
1
10
1
01
1
1
1
1
0001
1
1
01
1
1
1
1
01
1
1
0001
001
001
1000
1
0001
10
1
0001
010
10
01
1
1
01
01
1
1
001
1
100
001
1
1
01
001
01
1
1
10
1
1
01
001
000001
1
1
1
1
1
11
1
1
01
01
1
1
1
1
01
1
1
01
1
1
1
1
001
1
01
1
0100
1
01
1
1
1
1000
0011
0110000
001
101
01
11
1
1
1
1
1
01
1
0001
00001
100000
1
1
1
01
1
1
1
01
1
1
1
10
1
1
1
1
1
0001
001
1
100
01
1
1
1
0
1
1000
01
01000000
01
1
0001
001
1
01
01
011
01
1
1
1
1
01
1
001
01
1
01
001
01
01
1
1
1
1
1
1
001
01
1
01
1
1
10
1
01
1
001
1
1
001
01
10000
1
01
01
01
0001
0100
0001
1
011
001
01
10
1
