000011
0100000
010001
110
11
0000010001
101
00110
1
1001
10000100000010
010000010
100100
11
01000100000
10001
10000100000000
100010
100
0100001
11
011
0111
0
1000010
100010
11
00000011
00110
00100001
1
00
1100000
11
001
1
11
10
1
10001000
101
001111
11
10
11
00100000
010000000
11
100100
0000001
010001
11
000000010000001
0
10100001
101
0001001000000011
11
101
100000000
00110
1
01001
1
00101000010000
1
000100001
00010111
0101001
11
1001
1001010000001
0100110001
1
1
100001
1
10111
0000100
10000100
1
0000
10000100
0100000010000
1
11
100100
101
11
00011
0
110100010
001010
100001
0010100
1
0001
11
11
1
0110000
1
101
00000100000000000010
101
010001
11
000110
11011100100
11
110
100
01111
001010
010001
110000000110
010001
0010100001101000
000000000
110000000
11
1001
0100001
1111
0000010
001010
1
011
1000000000010
011
11
11
0
010001
0001
000000
10100
11
01000001
0
000101100000
10000001
101
11
00110
0001000000001
010100
0100001
00010100
10001
1
010001
10000010
1100000
1
1001
100100
1
000100001
1
1
001000100
10000100
11
10000000000
011
11
10
1001
11
100001
010001
0000100101
0101
1
1000001000
1
010100
1
01111
0011000
11
100001000
100000001000001000100000
000010100
101
010001
1
11
10001000
0
010100
10000011000101
10010
010001
1
100010
101
100100
0100001
1001
1
010001
1
1
1
1
1001
011
11
0101
00001000101100
10
1
000011
10000010
001001
1001
100000010
11
1001
0
10001
1
100000100
11
1
1001
100100
01000000000010000
100100
100101000010
0101101
11
011
11
11
010010
00
1
000100010
10000001
11
0011
11
10000
0100001
0111
10000100
100001
1
0110100100
1
