1
11
11000100100
111000100
111001
11
1
1
10100
010100000100000010
100010011000000
11
110100000001
0100100100010000
111000010
1
11
1
1000001
1
1
1
11
11000
1
01111000000
1000000001000100001
11101010000
11110
101010010000001000101
11101
0001001
01001110100000
1
1
11000
01100011000000
100001111010
1111000
010001001000010000
1
110
1
0100100010000
011000
1
001111
11101000
100010000000100001
1010000
0110000000010100000
01000101000100000
1
1
11
011010000000010
1
01111
1
1
100010001001
111000000001
01
1
11100
1
110000000010001
1
1
1
1
00010001
0100001010000010000
1
000110
1
110100100
11000100100
11010000100000
10001001000010000
1
1
1
1
1
11001000000000001
1
11001100
010111
0000000001
1
1
100000
010111
1000001
1
10101110000000100001
10000
11000010100000
011
11000
1000100
111
0100101001000000
0010010100100000
1
001100001000100000
1100
01111
01111
1
1
1
10001000001000001000000
1
1
1000010100010000
110000
1
111
11
1
1
0
111000100010
01000100000100001
010101000100000000
1100000
011000110000000
00100000000010000110000000010001000001000000
111010
1
1101000100
1111000
1
1
1
1101111
1
1
1000000000101110000000100010000
011101
1
1
01000100110000000000000
1
101100001000000
11101100
1
000
101000
11001000001000000
11000110000
1
1
0110101110110101000100100
1
01
011
1
0001101000000
1
11100000000
000010000
11100100001000
1
111010
0111001
111100
0111000100000
0111
100100001001
1
1
011
1
1
011101
1
1
1
011000110000000
010010001000000010
1
1
10010000001000
000001000
1
110111100000
1010000
1
111010000
1
1
1
0100101000010000
1
000101
1
01010100001000
0111001
010
11
010001000001001
1
1000000010001000001
