1
000000001001
1010000
0100001
1100
0010001
010100
1
0111
0001000000010
0101
01000010000
10010000
1
011
1
0101
1
00011
1
010010000
11
011
10100
011
1
011
011
1
1100000
010001
10000010000
01000010
011
001001
011
0101
1
101
1001
01000001
0110
011
011
011
101
1100101
100100000000
1
01101
1
110
100000001
1
1010000
1
0011
10100
110
1
1000010
10100001
10001000
00111
100001
00011
011
1
0101
1001
1
10001
001001
011
110
0011
0101
00000000
011
1
10001000
0100000010
1
0011
1010000
00001
0
1
1
101
1
00001001
01
1
1
01
011
010001
101000
110
1
0011001
1
1
0100000001
00110000
011
10010000
1
1
000010100
10010000
011
1
011
1110
0011
011
1
1100
0000101
10001
001001
0010100000
011
011
10010000
011100000
1
011
0001100
100100000
00101
1
0001001
1
011
1
011
1
01001
00101
00001000001
1
1
0111
00001001
1
1
010010
1
0000101
10100
011
011
0100100
0111
1000100
00100001
100100
0011
1
10000
0110
1
011
1
1
0101
011
0101
0101
110
100000000001
110
01
1
011
1
10100000
00001001
1
10100
011011011
010010
001001
110010
1
1
00010001
110
00010001
010000001
1
101000
0011
010101
001000001
