1
0001
1
1
1
00
01
00
0
0
1
0
0
1
0001
0
0
0
0
10
0
0001
1
01
0
01
001
1
1
0
1
0
1
1
0
1
1
01
0
0
0
1
0
0
0
001
1
1
0
0
0
01
0
0
1
0
0
0
1
1
0
001
0
1
001
0
1
1
0
0
1
1
00
1
1
0
1
0
0
1
0
1
0
0
1
1
1
1
00
0
1
1
0
1
000
1
00
00
1
1
1
1
0
0
1
0
0
0
1
0
01
0
1
1
1
0
01
1
0
1
1
1
0
1
0
0001
00
0
1
1
0
0
1
0
1
0
00
0
0
0
00
001
0
1000
01
1
1
1
1
100
1
1
01
001
00
0
0
0
0
1
0
00
1
0
01
1
1
1
0
0
100
0
1
0
01
0
00
0
1
0
0
1
01
01
1
001
0001
1000
0
0001
100
0
01
0
1
1
1
1
0
100
0
0
1
0
1
0
0
0
10
0
1
0
0
0
0
1
0
0
0
0
0
1
1
1
0
1
0
0
0
1
0
0
0
1
1
1
0
