11
1110000000000
1
1
110000001000
1
01000000100001000000
111000000
0101010
1
10000100001000000
100011000
1000000100100000000000
1
1
011000110
11000001
01000100000001
010101
1
1
001
0000001010010
011111001
10001001000000000
0000010110000000
110000000000100
1
1
1000000001000000010
1100000010000000000
10000
00111
1110000000
0011000101
1
10010001
100001100000
0100000001000
11000
1
1
00101000001
1
01
111000000000
0000100100001
00001000110
1
111
1
01000101000000000
10
00111
1
11000100000
1100
1010000
1
100000011
1
100010
1000100
1
0111
11011
0111
1
010100001000
100010010000
1
1
1
1
1000100010100100100
1
100
1
1
01000100100000
0001
110010000010000100
1000100000001
011
0000000100001010000000
1101000000
01
100011
1
100100
10000101
1
1
0100100
001
11
01000001000001000000
1011101
0011000000
01
00000000000101000000000000000001010000000
1
10000000
01000000
1
1
0000010
0110001
1111
11
1011000000
1
1101
1
1
110000010001000
1
00010
1111
1
100001000001
00111
01
10010001
1100001000111000010100
001
1
1
00
0100010001000000
1111
1
1
111
100010100000
11
001
1000
0111
100010000000010
1
1
100000100001000000
1
1
100000100001000000
1000000
1
1110000000000000000
111
011000001000001000
10
1
1
1
001001000000100
10000
01
01
01
1101110
00000001000010001100000000
0110100000000
11
110000000000
1
1
1
1
10001010000
01
00100100001
1000000100000000000
11
1001010000
100010010000
001000100000001
11000100000
110010000
00000000
0100001001
01110000101
001001000100000000
001000010100000000000
100000001
10000100001
1100000000001
1110000
1100100000
010000100000100
110001000
11
101
1101
01
101001
1
1
00000000010000000
1
10001000110000
000100100001
1
111
1000000010
10
1
10011000
11001
111
0000111
100101
1
1
1
1000000101000000
01
0100
01001010
01
100001000
11
1
100100000000000
1
1
01000010100000000000000001000100
1
1
01
1111
1000110
1
000000
1
1001000010000000
10001000
00000100100000
000111
10001001000
1
111
10
110
011100001000000000000101
111
10001000000000
100101011
10100000100
1101
001
100010100
00101011
111
11
001
1000
01111
1100
1100001000000000
011100000000100
00001000
000000
01101000
1
1
1
1
001
00001001001
010110001
00010001
1000001
100100010000
111
1010001001
11
101000000000010
1
000111
01
1
0000000100010001
1
1
001010001000000
01
111
010001001000000
00111
111
100010
00011
1101
11
1
1
1
111
1
11100000000
0000111
11100000
01
00110000000000000000000001000
0101
011001000000
10001000000000001
1
1
1
111000000
100100000
0001
110001010110
1
0100000000111000001001000
11
01001000100
11001000100001000
01001
01
111
1
1
100110000
1
010000101000000
1
000000100100100000000000100
0000101100000000000000
001000010001000000
1100000000100
10010100000001
1100010000
01001001100000
1
1110
1
100010100000000
1
1
10
01
1
0100001001000000
1
0001
00001
0000111
001010100000000
100111
0010110000000
11
011000000001000000000000000000
1
10000001010000000000000000000001100
1
11
0000111
1
010001
10010000100
1
0111
1
1
001011000
10
1
1100000010000000
1000100010000000
110000010111000
001000001100000000000010000000000000000010
010100000000000001
01000010010000000
01
1011
0110000101001010
1100010000
10
11
0101110
110000000000000001
111010000000
0100001010000000
1
1
1
1
110000010
001000011
1110000
1
1
1
1
1
0011000000000000010
0100001001000000
010
0111
00110100000
11
1
1
100001010000000
0
100001000000000
11001000000
11
1
000100001000000
1
100011
1
000001
0100
1
0010010001
1
01
1
1
10000001000000000100
1
1
011110000000
0100001
1
001
1
1000100001000000
1
11
1010000100010000000
011
010100010010
1
11
01100000100
1
01
1111
011001001
1011
1
0101010000
01110
1
11
0111000000
01011
11100000
1
1
0011
00000100000011
1
1
00110001
10011000
00010100
1
00100001
1
1
10000000110000000000010100
100000000000000000011
1
1
1
1010001001
10100
0110001
10110100
10101
00001101001
1
01
0001
0010100001000000
1000100000001
1
1
0001100100000000000
1
11100000
0110100000
01100001
111
1
0001000010001
0000110000001
1
11010000
1
00000100000100000010000000000000000001100010
111
001001010
11010000
0000100110000000
0001001000000
101010000000000
1011
1
1
10000101
011111
011
1000010
1
000010000000001
011001
01100000010000
01011
1
0111
0100001100001000
01
1
01001
1
1001100000
1110000000011100
0000000000000011000100000000000010000100000000
1
0001001000010000000
10
00
001
10101010
1
100001000000000000000100000001
1
010001100000
01000010000000001
11000001010
1
01
10110010100
011
010101000
0001001010000
11001000000
01010001000
1
111010
10100100000
1
