01
1
01
001
1
10
001
01
1
10001
1
0001
1
0001
0001
1
1
1
1
1
1
0001
01
1
1
1
1
0100
100000000
00
0001
1
1000
0001
001
1
0001
01
1
10
0001
001
1
001
01000
001
1
1
01
1
01
1
0
1
1
000
01
1
0001
1
01
001
01100
10
11
0001
010
1
1
0001
1
1000
1
00
00
1
0
100010
010
0001
01
100
1
01
001
100
1
1
01
01
00011
000001
1
0001
1
1
1
10
000
1
1
100
100
1
001
1
1
1
01
1
1
1
1
010000
0001
0
1
001
1
1
10001
001
1
00010001
010
0
1
1
001
0001
1
00
1
01
0
000
1
01
01
1
1
01000
1
1
1
1
10
1
001
0100
1
1
0001
01
1
011
0001
1
1
0001
1
1
1
1
100
11
000010001
0
1
1
1
1
1
011
001
1
0001
1
01
0100
001
001
1
1
0
1
000000
1
1
0001
01
1
1
1000
1
01
10
100
001
0001
10
1
1
1
001
101
0001
1
1
00
001
1
1
1
1
10
0001
1
01
0
0001
1
01
1
000
0001
1
001
1
1
01
1
0
1
010
1
101
001
1
1
0001
1
1
1
0000001
001
1
1
0001
1000
01
01
001
1
1
1
01
1
010
0101
00001
1
1
1
1
10
01001
