001
001
1
1001
10000
00000001
001
001000
001
0100
1
000001
1000
1
00000001
10000
100
00001
0001
0000
1
100
001
0000
01
1
0100000
10000000
1
1000
100
00001
001
10
0100
010
1
000
01
1000010
10
10
1
01
0
0001
001
001
100
001
10000000
001
1000
001
001
0001
0010
10
1
01
0001
01
1
1
0001
100
001
1
001
0001
1
100
001
01
001
1
0001
1100
01
00001
001
01
10100000
01001
100
01
1000
100
1
1
1
00001
1
01
1
1
0100
1
0001
1
001
10
1000
01
1
1
0001
001000
1
1000
001
001
01
1000000
01
1
0001
000
1
01
10
01
1
001
1
01
01000
001
10000
010
0100
0001000000
01
10000
0001
1000
001
00001
1
01
10000
001
01
0001
1
100
01
001
001
1000
010
1
01
00001
001
1
010
01
000001
1
1
1
0001
1
001
01
0000001
1
10
001
001
0001
000
010
1
001
