1
000011
01
01
01
100000
000001
1
1
101
1
10
01
000001
10000001000
01
10
01
1
01
1
01
10
001
01
01
1
01
1
001
10
1
0001
001
01
01
01
10
1
01
01
0010100000
01
01
100000
1
01
11
10
1
10
001
01
0
10
01
1
01
10
1
1
1
01
01
01
1
001
1
01
1
10100010
100000000000
01
10
1
01
1
01
1
1
1
1000
1
01
1
1
1100
1
01
1
010000
00000001
1010
1
1
01
1
1
1
00001
1
1000
1
01
01
01
01
01
01
10000
01
0001
10
01
0100000000000100
1
01
1
10000
1
01
01
1
1
01
01110
100
1
1
1
01
0001
01
0100000
01
1
01
00001
10
01
01
01
1
01
01
10
0100
0000000010001
10
0000001
1
1
01
0001
1000
0001
1
1
10
0001
1
10
10
000101
1
01
01
01
1
10
0001
01
1
1
01
1
1
001
10
01
01
01
1
0001
01
10
01
1
1
0000000001
1
01
01
01
1
01
1
01
1
1000
1
0000000001
01000
1
1
01
01
1
001000
1
01
001
