1
01
11
001
1
10100
1
1
1
011100000
1
1
01
0
1
1
110
01010000100000000010000
10000
011
1
1
0
1
1
011
0000001
11
1
1
0101
0
000011
1
1
0
110
1000010000
11010
1
01
111011000
1
1
00110
0100010100000001000100010
1
01
11
11
001001
110
0101
0
1110000
1
0
1
1
0010
1
0011
1
1
000010001
1001100000
01000011
010001
010000100000
1
0000
01000000010000
100000111
1
11
011100
0
1
011
1000000
00011
1
01001
011
10011
0011
1001
1
1
1
1
0100000100
1
0
111
1100010
0
10
1000
1
0111
1000000101
1
011
1
1
10
10
101
1101
0101
1
1
1
0
1
0001
100000100
011
10001000000100
11
0101001010100
1000000001
1
11010001
1
1000101100101100
1000010100
11
1
000011
1
0110011
1100000000000100
1
1
11
1
10101
1
1111010000100
1
1100001010
1
1000011
110
00000100001
10
1
111
001
11
1
101
1
1
011
10100001
001001101000100000
00100
1011
0010
01110000011
00011
1
10
00110010
1
1
11
10
1
11
0100000001
1
00100001100001000
1
1
00001011
11
011111
11011000000
111
000100011000010000
1100001
100
00111
10001
1001000100100000
011
1000001000
10
00010100010001000
1000101
11
11
1
111001010
1
1
1000100
1000010000
10
1
1
011
0101
0111
0100000
011000010000000100
100100
101
1
1
10011
011
00101011100
110
10000110000
1001
1011
100000010
1100011
010001010010000
1
0100100100
1
100001000
0100001
1
1
110000010000
110
01100011100000000
00000000111
1
000000010000
1000000001
1100
0111
1
00010011000
000110110
0110000000100001010100000000
0010010001000
001010101000100100000
0011
0101
1
11
1
11
00100000000100000000010000000
11
11000
00110010100000
011
10111
0011011
100
111
1101
1
0
1
111000
0110
10001100
1
0110010000
1
1
1
1
110
1111
11
10
1
001
1001000
01001
000001
10
1110001100010000101
01
1101
111
1
1
1
1000100
1
011
01000000100
1
01011
1000
000111
111
1
11110
101
0
0111
1
100000
0
1
10101
110
1
11
00011
11100
0100011
100
001000001
01
11000000
0100010110
0110
1
1000100
01000011
00101
0001
01
10
1101
1
1
1
10001
01000100011010000010001
1
1
10000100000
1
11
011
110100010
1
011000100
01
111
1010
0100000
01010000
1
100000
1
11001000000000100000
1
110001000
1
01100001
10000110000
11
1
01
1
100101
1
11
1
10000100
0111
10010
010000000
1
1
1
1
11
10000100
1
010001100000
1
1
1
1
11
01111
1
001011100
1
01000010110
11
0110
001
01100
11
1011
11000100
01
0011
11
11
101
1
1
10001000010
10010100100
0001
111
001100000001001
111011
0101011
1
1
0100000000000100
010110
11
11
0110
101
011
100
0
001
01110
01001
0100000001
001
001
1
11
010001
100100010110
11
1110
1011
00111
1011
0
011
0
11
011
000100000011
11
11110110100
010001
100
0100000
0110100
0000100001000100000001
11101
001010
110000010
1000000010000000
1
1
11
0
1
001
1
110110110001000
1
111
11
1
1
11
01
100000000100
1
011
1
10000100
110000000000010001
011
100
1
1
11
0101000100
011
1
1101
1
1100000100
000100000100000
00000100100000000010000
1
1010
101
1
000001
100010
1
1101
01111011
001001
01001
1001010000101000000
1100100100
011
1
11
011
001
11111100
1000010
001
011011
1010000
0
010010
01100
00
1
011011
1
11
0000100001000010
100000
01001
01100
00001
111
11000000
01001001
110
1
1
00010001
0101100
1
001000
1
1
1
000001000100000
1
001
1010101100
101
110
1
0111
11100000
0010000
1
110
010000000100000
01
11
1
0001000
1
011
101
110
10110
1000
110000
000100011
00
10100
1010000100
1111
1
00101
100001000
1
011011100001010
1
1
1
00010001
1
1010001
1
10
1
1
11
001001000100
1
1
00001001000101000100
1
11100
0110
00001000010100011000
0011100000
111
1
1
1
01
1
001
11011
111
01
1011
1
1
111
11
100010000001
011
100001000100
110011
10
11000000001
11
1
1
1
000010
111
000100000
11
1
0110111110
011
11000100
0100001
1
01010000
01
10111
100
10
011
01001000
11
10
1
1
1
111
0001
1000
1
0101
1
0100001
11
0000100100
1
10000000001
01
1
1
1
1000000001
1
111011100
1
1000001000011
110
1
00100110000
11
1101101011
1
1
11
1010001010010
100000111010000000100000
01
11000010000100000
0
110
1010000000
10
1
101001
10
01
11010
1101
0
100010000100
11
1
10
010001
10
1
1
011000
110000010
01
100100000
1
01
111010101
001
011
101
001
101
