0011
011
110
1
000101
110
00011
1
1
01100
10001
11010
011
011
11000
011
1
011
101
1
011
111
1
011
101
01100001000
011
10110000
011
110
101
011
011
0011
1
11
1
101
11000100
011
1
00011
1
1
110
0111
011
00101
1
0111100
101
1
0101
1000001
0100001
1
0011
0111
011
011
000110001010
0001001
011
110
011
011
1
011
1
1
10001
1101010
00100001010001
1
1
1
1
011
011
1
1
001001
11000
011
1
1
110
0011
1
1
011101000
0001001
1
101
1000101001
101
0011
011
1001000
0011
1
1000001
1
10010110000
11000
011
10100000
10001
11
011
1
0101
1
011
011
1000001
1
1100000
1
1
011
00011101000
1
00011
101
1
1
1
1101
011
1
011
1
1
1
1
11
111
0100100011
011
1
001001
1000100
0101001
1110
011
011
1
101
0001001
011
1
11000
1
1
10001
01001
011
11
101
1
011
1111101011011100
10101000001
111
0011
1
110
000011
1011
1
011
110000
011
110000
011
1
1
1
11000
011
011
011
011
1100001101000001
