00001
01
01
0001
10
0001
01
001
01
10000
01
001
11
01
01
10
01
1
0001
1
00000
1
10
01
1
01
1
1
1
001
0100
01
1
1
1
10
01
01
01
1000
1
0001
01
01
0100
1
00001
01
0001
10
1
1
1
00001
0001
10
01
01
01
00001
1
100
1
1
000001
1
001
10
1
1
1
01
1
00001
11
1
1
1
1
000001
001
1
1
10
01
001
01
01
01
1
10000
01
1
01
1
01
01
10
001
1
1
0001
01
1
0100
10
001
11
1
00001
010
1
001
01
000001
01
1
01
1
0001
11
01
1
10
1
01
1
1
1
0001
01
1
010
1
001
0001
01
1
10
01
0001
1
1
0001
1
100
1
01
01
1
01
1
0100
001
01
01
001
0001
01
1
1
01
1
0001
1
1
1
1
10000
01
001
001
1
1
01
10
001
0001
1
01
1000000
00001
001
1
010000
001
1
0001
01
10
001
0001
01
01
10
10
10
001
1
0001
01
1000
0001
01
0001
1
1
