0010000001
0
10000
11
001
0
01010000
0001
00010000011100000000000000000
0
0
01000000
01
0
001
10000
100001000
0
0
000001
0001
100000100
1
1
0100100011
0
0001
100100
0001
0
0001
0
10100000
0
1
0001
0100000000
100100000
101
0001
1000
0000001
1
10000001
0
1
010000001000100000
0
0001
010000
0
0000000001
001
0
0100
0001
0
0
1
1000001010000
1
00000
0001
100000
1
0001
1
100100
0
00010001001000101
0
1110
0
000001
100000000
0100010001
100000
0000000001
1
0
01000000
1000010000100
00001
010000000
001000
01
1
0
1000
0100
1
1000
0
0
1
10000001
000001
1000
0001
0000001
0101000
1
1
1
1010
1
1
0
1
0011
1
1000100
100
0
1
00001
000
0
100001
0001
10000
01
00001
1000
000
1
1
100110001
0001
0000000001
000101001000
1000000000
01
1
110000
00001
00
010
0
0
1
00001
0
1
00100
00001
1
0
1
0001
0010000000
1
0
10000
000001
0001
01000010
0001
0
10010001000100000
0001
1
01
0
0001001
00
000001000000
1
10100
0
0010
10000
1000
00001
01
010
000
0
0
00001
1000
00010001
0101
0001100000
0
100000000
0
1100
000001
1000
01000000000
0
01
0
0100
1
0
000011000
11
10000
0100
0100
00
0
100000000
0
00
00000010000000
1000000
0001
0
00000
1
1
000001
11011
0
00001
0110000
0000110000
01
0
1000
1
1
00100000000
0001
011
000000010
1
001
0
00000001
1000
1000
0100
1000
0001
0001
0000000000
0100
00
001
0000001
100001000000
001
0001
100
100010000
000
100000000000000
00010010000001
001
0
0
0001
100
100
01
001
01
001
001000
00101000000
1
01
1
1000
001
100100000000
0
10000
0
1000001000000100000000000000100
0000000000000000
1
0000100001
1000
00001
0001
1000
0100000100000000
00000000001
0100000
0010001
1
0
0
1
01
0
0
0100000
1
00011
10000000
10000
00100100010
00001
0
1000010000
1000
0
001
0
1
1
00
0001
001
101000
00001
100000
000010
000110000110
011
1
1
1
00001
0001
0
0000000001
1
011
0001
0
01
0
01100000000000
0
111
0001
0
000001
11000001
0001
00100
001
0
00001
11000
0001
0001
0
001001000
01
0001000
1
01000000000000001000
1
1
0
000010
011
1
0100
1
0
0
0
0
0001
100
001
001001
10
11
0100000000000
001
10
00100000
1
1
01
1
00010010
100
0001
00001000011000000000001000
010
0
0
01
01
0
01000
0
000000
100100
0000001
0110000
1000100
000000000
1
0001
1
0
000000
0
0010000001
10
0000001
0001
01
0100000
1
00001100000100000100000000001000001
1
0
0001
01010000000
00101
01100
11
1
00100000
000
100000
0000001
001000
001
00001
001
10
0001
00001
001
001000000001
1000000001
00
01
0100000
001
1000000
00001
011100001
100011
1
11
00001
10
1
1
01000000000
0001
1
0
001000010
1
001
0001
1000
1000001
0100
0000101
10000001
0
0001
10000
1
0
1
1
0001
100
001
0110000000
1
0
011000100
0000001
100
0001
1
001
1
1
1
0
0001
00001
1
0
0
00000001
0
1
1000
0
00
0
01100000
000001
10
0000001
1
01
1
1
00010
1000000
0
0001
00100000
001
100000000000
00
1
1000000
1
0
0001
1
10000
1
000000010100000000000
10000001
00
0001
1011100000
0
1
01
0
100
00010001
00001
001000
000001
1000
1
1
1
0
0
011000100000
1
1000100010
0000
1010000
00
1
10000
001
00000000000
001
10000
0
0001
10000000
0
00001001
1000
000001
0
1
10000
0001
00100000000
1
1000000
00010001
000001
0001
1
010
10
000
0
1
10000
1
00001
1
10000
0100000000
001
00010000
0000111
0
10000001
0001
010000000
1
1
10000000
0001
01
1
01000011000000
011
0
0100
000101111
100
000001
0
10
010
0001
0
00000
1
00
1
0
111000
100000000001
0001
0001000
000101000000
001000
0001
1101
010000000
001
1000
001
01100000
001001
10000
0
1000
100
01
1000000000000
1000
1000
1
0
00001
00001
0001000
0
0
0011
00000000010000
1000
0
1
0001
11001
1
01
1111000
0001
1
1000000000
00101
0
110100000100
0
0
1000
100100000000000
0
0
1000
00001001
10000
0
11
11
0
1
00101
0001
01000000000010000000
1
0
1000100000
1
1000
010000000000000
01000100100000
1000
100001
1000
1000000010000
0001
00001
10
0
1
00001
110000
001001
0
00000011000011
