0001
00001
00
0
0
0
1
1
0
1
1
0
1
1000
0
1
0
0
1
0
1
0
1
1
0001
1
1
1
0
1000
0001
0
0001
0
0
00
0
1
0
0100
1000
0
0
1
0
11
1
01
1
0
0
0
01
1
0
001
0
1
0
0001
1
01
0
1
000
1
1
1
0
0
1
1
1
0
01
0
0
1
1
1
0
1
1000
1
1
0
1
0
0001
1
1
1
1
1
1
1
0001
0
0
0001
00001
1
00
01
0
0
1
001
01
1
0
0
0
01
0
0
01
0
1000
0
0
0
0
0001
1
1
0
1
0
0
1
1
0
1
0
0
1
0
0
1
0
0001
1
100
1
1
1
0
0
0
000
1
1
0
001
1
0
0100
0
0001
1
11
1
10
1
1
0
00
0
0
1
1
10
1
1
1
0
0
0
1
0
1
1
1
1000
0
1
1
01
0
0
1
1
1
0
0001
1
1
001
1000
00001
1
10
1
1
1
1
1
00
1
1
1
0
1
0
001
1
0
0
0100
01
1
0
0
0
01
1
0
100
0
1
0
01
1
1
0100
1
0
1
0
0
0
1
1
0
1
0001
