0100010001
10001010
1100000000010100
1100000010
1110
1011
01001000100
1011
10011000
00000000000000000000000000110000001000000000000000000000000000
1011
001001000010
1000100100
1000100100
1100000001
100010001
10010100
01001000100
10100100
11000000100
10011
1000100010
1110
100011
010000011
0001000001100
100110
1101
1100010
11000010
10000000100100
1100000001
00011001000000
100100001
00101000001
11010
100011
110010
1100100
10011
00110000001
1000011
110000010
10010100
100100010
0010001000
111
100100010
10110
00010000001001
00110001000
1001010
01000110
011000000
100010001000
11011
1100001
10011
1000000100
0001010000011
1010010
0100100010
100011
1000010000010
10010000100
100011
10101
0001000001001
1001100
11001000
101000100
11000001000
0000100010
10011
10100010
10000101000
11000000001
001001000
10011000
011000100
10000101000
1011
1100010
11000001
0001011
001010000001
1000011
000010010000001
1000010000010000
11000000000011
00101000010
1000100010
110010
1000000011
010100001
11000010
001011
110000000100
00110010
0000000100100000000010000010
100011
100011
110001
111
010011
1110
1011
0101000010000
00010000101
0110001
1000100100
0110000010
1000100000001
10110
0101001000
100001000001
1010000010
01010000000000000001000000
0100100010
0010000000011
10110
1011
01001000001
0001100100010000010100010000100001
11010
10011
110000100
10000000011
110010
1011
011010
010011
11010
1011
1100010
100100010000000
1001001000
000010010100
001100001
10011
11010
110001
00110000100
000100100
1100010
111
00010100001
10010010
10001000100
00100100010
001011
111
100011
11001
