0100001
1000000
001
1
1
010000000000000
100000
1
010000
1
0001
1000010000000
1
0100000
100000000000
010000
00001
01
10
11001
01
1000
00001
01
10000
0
00001
10000
00001
100010
01
00100
001
1
1000000
0100001000000001
00001
00001
1
10000
001
0000000001
001000000
100000010000
1000
01
00001
0001
1
00100
100
0000100001
1000000
001
00000001
00000000000000
100000000011
1
00001
01
1
10000
100000
0010000000
0
0000
10000
1
00001
1000
00001
1
00001
1
00100100000
1
1
1
1
1
0001
1
1
00010
00001
01
100
0001
0100010000000
00001
1
100000
00110000000100
001
01
01000
010000000000
0001
01000
00001
01
10
00
000001
1
01
000011
10000
0001
110000
000001
1
1
00001
1
010
1
01
10000
10
0000
00010100000010
000001
001
10000
1
0001
00001
1000000001
000001
00001100001
01000
1
11
1
10010000000000
1
1
1000000
1
10000
00001
10000
001
00000000000
010000000
00001000000001
01000
000001
1
11
000010000000000000000001
0010001
0001
10000
11000000000000
1
10000
1
00000000000000000000
001000
00001
10000
00001
00000000
01
001
1
00001
1
10000
1
00000001
01
00010000000
0000000011
000010000000
0000
1
00001
00001
100
000010000
00001
01
010000
0000
0000
00010000
100000
0000
00010
1
00001000011
0000
01
1
01
1
010
0010000000000
00001
0001000001
10
0100001100000
10
1
10000
1
00001
1
001
00001
1
100
001
01110
00001
1
1
10000000
00000000
001
1
00001
10000
00001
100000
100001000000000
1
100
00001
00
1
1
00001
0001
100
00001
10000
100000000
10000
0100
10001000000
0001
1
01
1
0100
1001
1000000
1
01
10000000000
1000000000
001
01000001011
1
1
000001
00100
100000000
00000010000000000
1000000000000000
10000
00000000001
0100000
00001
00
0000100000
1
10000
0000001
001000
01
00100
0001
000001
1
1
00001
1010000
1
00001
10000
00001
10000
00001
10000
1
00001
110001
1
1
001100000000
1
01
010
10000
10
00000001
1
001
1
000000010000001
1
10000
01000000000000
000
1000000
0100000
1
1
1010000000
1
110000
010000100000
01
10
1
0001000
001
1
00001
100
00001
0100010000
00100
1000000
010
11
11
001
1
01000
001
1
1
1
10
10000
01
00001
00001
00011000000000
00
1000000000000
00001
10
11
0001
1
000000
001
00001
00001
1
10
00001
1
00001
11
00000100000
1
100000000000000
0100
00001
10000
001
0000110000
00001
00010
100000000000
01
01
1
0000001
01
01
1
0001
00001
0
0000001
10000
001
01
00001
1
010
010
001
001
00001
001
10000
00001
100
001
01
0001
01000000
001000
001
1
1
1001
1
1
0
00000001
10000
000001
1
001
0001
100001
00001
1000
1000001
1000
1000
1
110000
00001
1
010
000001
0000000000
1000000000
010000000100
1
100000000
10001000
00001
100000
1
10
1
00001
1
10000000
01000000
1
100000000
001
10000
00001
1
100000
0100000000
1000001000000
00000
1
1
00001
010
1
1
0001
1
00
1
00001
000001
0000100001
00100
00001
1
0100100
00001
01
10
0000001
1
0100000010
01
1
1
00000001
1
00100000
000001
00010000
1000
1
00000000000001
00100001
0001
10000
0001
100000
1
0000000001
0100000000
10000000
00000001
01000
11
1
1
10000000
1
10000000000
001
10000
00001
1000
1
00001
10
0000001
100000
01000000
1
00001
001
10
001
1
000001
01
0
10000
000000001
0000101
001000000000
1
000001
100000001
0001
10000
0000101
00100
0000000
100
1
001000
010000
000011
100000000
110000
00001
1
001
000001
10
0001
001
10000
00001
10000
1000000010
1
1
1
001
1
10000
1
0000010
001
0001
