1
10000010000
010000100010000000
111000
1
010001000100000000100001
100100
01111
0000100001
1001000000100010000000000001
0000100000000100100010010000000
1001
01011
1
1
111010
010000001000
1
1101100
1
011000000010000000000000
000000100010001000100000000010001000
1
1000000
1
011000
000010001001
00101
1000010000000
10000100000100
10000
10101
1111
1
00010
0100
01101100000100100100000
0100000000010000010
01000010000000100000
00000011000001000000
10001010000
1
1
0000011000100001000
1000100010000
010000000001
000100110000000100000000101000000
0100000010
1
1000100000010
10000100000000
0100010000000
100000010
1
001000001000
1
10
01
110000000000100
001000000100100001000000
1000000100
1
010
010000100001000
000101000100010000100
001100000010000000
1
000000100001
10000100000
1101010000
1
1
0
01000000100010000
1111
101100000110000000000001
010000001010000000
10001000
01000000
1000110000000001000010000
1
1
1
0100101
010011010001000
1
1
1
1
100111
0010000000001
1
00010001000000001
011
1
1010
010001
100000001
1
10000010100010000000001
0001
01110000100100
1
10000010000000000
1
0100100000010000000
1
1
001010000000000
1100000000100001
10000001100
01000100010
010000100
01001010010000010010
1111000
1
1111101000010
0100000010001000000100100
010000100000010
1
11
0000
1
000011010000
00010000000000000000000110100
1000000
1
1
000010000000000101
100100000
010000110000000
1
000
0101101100
1
10010001
1
011110000000
1001010000
1000010000
0000110001
1101101
11
1
11101
1
11
1
1
000000001
100001000010001000001000000
01001000000100000
101
1
00010001000010000000000010000010
100001100000
1
1
0
11
010
1110000
1
0000001
1
1
00010100
100000000010000100
100000100000
1111
100010000
1
1
01
11000000000
10001010000
01
1
00000010010001100000000000010000000
000110010010000010000
1
0000110001000000100001000
11100001000
01000100001000
1
1
1000000000
1
00100000100000001000010
1
00
100001010000
1
1
000001101010110000000
01
01000000000001
1
1
1
1
0100010000
1111
1
1000100000000
1
0111
100010000
1100000010000
11101
1
1
101001000
1
1
01001001000
1
00000100000000110000000010001000
100010000
011
0010001000010011000
000000001
1000100100000
11
0010000010001000000000000000011
10001000000
00001
1000000
1000101000000
11100
100011000000000
101
0100100000000100
01000000
1
1
1
010000100100000
1
11
1
0100000000100000000001000010
010000100
10001000100000
010001000010
01
001000
1
0011
1
1
1
1
1
10000010000
01000011010110
0010000
1
1100
1
1
0010100000000000001
1
10010
1
010000100000
10000001100000000000100001000000
1
10000100
010
0110001
111
0000001010000000100
11
11
1
011
100000100000
1001001000
1
011
10001
011
10001100000
01101
11110001000
1
1
1
00001100001000
100001000
101
11
010
0100000001000000
1
01
1
010000100
1
1
00000100100100011000000000000
11110111
1
1111
11
1
1000000000100000101000100
1101
0001111
1
1110100000
11101
1
1
01111010001001010
110
00
1111100000000000
001000001001100100000010000001000
1
0100010000
00001000110000
100001000
1
1
101000000001
011010001
00100000010001
1
10001000010000
0000000
1
1
111
111011000
11
11
00100000001001
1
01001
1
1011
0001001010000
0111
1
11000
0100000000001000000010000
11000000010000
0100100001000100100
1
100000000001
1
00110001000
000100000001100001000000000000
1111
0100000010
10000100000100000000
1
0001001001111000000000010
1
01000000
011111
000
1
1
0000000010000001000000001000000000001
1
1
0100000000101
1
0111
1
010101
100101
001000001010010001000100000100000
10000001100
1000010000001000000
0000000001110000000000000011
0011011
0100100
0000000000010000000000000000100
0010100000001010000100000
10000100
1
11101000
0111
0001
0010100010000
1000000000001000100000000000001
01111
00001001000010001010
1
1000000010000100
11
0011000000010
1
11
000110001
1
1
1
1
1000001010000
001
1000100001000
1
10000
01
01100011
0000101000
01
1
10111
1
0111
11
11
111010001000
011
1100
1
1
1
1
100001000001000
000100110000010000010000000000
011010000
00
100000000001
0100001000000100
1
000010000100001
111
0100000000100
0000001010000000000
0
1000000001000100000
1
1111
0101
0001001000010000
10111
1
1101
1000000100
1
1
1
010010010
101110
0100001000000000
1
1
000000010010
0111
01000001001
1
001001
010100010000
111000100
10010000100001000001000000000
0111
1000000010
01000010000000100010
10000100001000001100
10000000000000000
10010000010000
1
11
00000101011000001000
1
0001
1
01001000000
1
10010100000000000
11010000100
1
1
11000010000001000
00
1
0001000000001
1
110000010
0000011000011000000000000100000001
1001
110000001001100010
1
1
0010100100000000100010000000000
1
1
00000011000000100000
1
0001000100000000000
10001010000001000000001
10000100001100010000
1
1
1
01
0000001100000000000000
000
1010000100000
1000000001
00011
1
1111
1
11000000001000
1
00101000000010
0001
0100011010
1110
01011
100000000000110000001001010000
1
10
011
1
1
0
10000000000000101
10000100
1
1
1
1
0
1
10001000001000
0100010001000000000
1
1101
1
1
000001001001000100100000
1
1
010001000000
000000100000001000000
11010001000010000
1
11
1
1
00101
1
1
0100010001000
01
10011
1
0000100000000
1
1
1100000010000
1
1
101
1
0100110110011100
1000010000100000
011
11
000011000000
1
1
1
10000100
001
1
000100101001100
000000010011000001001000
1
01
10000100010000
1
1
1
1
11001
1100100000001000000
1
01001
1
1
1
1
00111
10000100001000
1
1
11
1
01010100000000
1
1
11011
1001
1
010
10000100000000
111000010000
10000010000000000
010000001
1
1
110001
0000101000000010
1
010000001
1
100110
1
010000100001000
0100
00000011
1
110000000
1000001
1
0000011
000101001000
1000000001100000010001000
010010100000
1
1
010
0100000100
0000000000111000010000100
1100000010000
00010000000010100000001000001
1
1
1
000001
11
0100001100000
100100000
1
00001010010000
1
10001100000
010001100
1
000010000
110000001000
1000000000000101
10001001
1000000000000
101000001000
01001
1100101
0000010000000010000000000001100000000001001
1010001
10001000000
100000000001
1
1
1000100
001
1
1100001000000000
010000100000100
1000000000010001
11011
000011000000
1
011011
1001000
1
1
001001010000000100000000000001
1110
10000001000000
100000100000
000100000010
0011
100101000100000100000
001001100000
101
1
10000100000000000000100
011001000
101010
1010
10001101110
0110100111000
01111
10001001000
111010001
1
1000001000000
00100000001
000010000001
