0011
0001
001
0
0101000
0
00
01
01
100
1
0
1
1
1
010001
001
0001
1
0
0
1
00
100
001001
1
1
1
1
1
011001000
0
01
0
001
0
1000000011000
11
001
0
100
001
0
0001
001
1
0
00010000000010
0
01
1000
0011
1
1
00001
001
1
0101
0
001
0
1
001
0
0
00
000001
0001
001
10
1
01
0
0
011
000001
0001
1
1
01
0
001
001
0011000
1
101
1
0
1
0001
0
0
1000000
0
1
0
0
001
01
1
0
1
0
00000101
01
001
0
1
10001
1
1
1
0
010
0001
0
10
100
00111
0
0
001
11000001100
001
01
001
0
1
00111
01
0
001
001
0
1
0
10001
0001
0011
100
001
001
001
0
0
1
0
0
10
1001
0001
0
001
01
11
001
0
01
1
0
0001
001
100010
00
01001
0
0
00101
10000011
0
0001
1
001
100
001
0
00001
1
1000
100
0
1
001
1
1
0
10
010
100
0
001
001
1
1101001
0
0
0
1
0
00001
01
011
1010
1
01
01
0
0
10010
1
10
1
0001001
0100
1100
0
1
001
001
01
000
0001
1001
0101
0
1
1
10000
100
001
01
000001
00
1000
1
0001
1
101
0001
010
0
1
00
11
1
0
0
00
110
0
0
0
0
001
0011
01
011
0
10
0001
0
1
1000001
11000
01
1000
0
00011001
0
10
0
0
0
0
0
0
1
001
001
0
1
1
0
0
0
1
0001
10000
100
00
0000001
100
001
001
10
0
1
001
1001
0
0
11
100
01
01
0001
000001
100
1001
0
01
0
1
1
001
1
00
1
1
001
1
0
0
0
0
0
01
1
1000
1
0001
1
0001000
1
0
0
1
001
1001
10
101
00
0
1001
0
0
0
1
1
0
0
1
1
001
0
010
01
001
00
0
1
01
101
100
0
0
0
0001
10001
0
0
01110000
0
1
1
01
000000000000
01
10
1
001
100
10
01
0
1
0
1
0
0
0
1
00101
1001
00
01
001
01
001
0
01
001
01
0
1000
1
100
11
001
001
0
1
01
1
001
1
0
00
01
0
0
0
0
01
1
0
001
11
0
0001
01
01
00
0
011
1000
0
1
001
0100011000
100
0
001
01
1
0
0
0
100
100
0
0
001
0
01
0
0
0
0
0
0
1
1
000000000001
0
001
