0
00
0001
000010
0
0
0000
000000
1
0
1
01
00
1
0
0
0
0
1
0
0
11
1
0
1
0
0
1
0
01
0
00
1
1
0
00
1
00
0001
00
00
001
0
1
10000
1
1
0
0
1
0
1
0
1
0
0
001
10
1
1
0
1
1
0
1
0
0
0
0
1
0
0
1
1
00
1
10000
0
0
0
0
1
1
0
1
01
0
000
0
1
000
000
0
0
1
1
1
1
01
0
00
1
0
0
00
0
1
1
1
0
1
1
01
01
0000
1
1
0
00
01
1
1
0
1
000
0
0
0
0
1
0
001
0
0
1
0
1
0
1
0
0
1
1
0
0
0
0
0
0000
1
0
0
0
0
0
0
00
000
1
0
1
0
0
0
0
0
1
0
0
0
001
010001
1
0
0
00
00
1
0
10
0
0
0
0
0
1
1
0
1
0
001
00
0
1
1
1
11
0
0
0
1
01
000
0001
001
0
0
0
0
1
0
0
0
1
1
0
