11
01100001
11
10001000
1001
11
10100110100000
01
11
11010110100
0
1
111111111
101
11
0001001011000
11
1
010
000101001
1
0
111
01001
001101
0111101111011101010110110110001
010000011
11
0101000101101
001
1110
11
0
1011
1
101
001011
1
11
101
001101
11110
01011
011
0
0001110001
1
001
1
1
10011000
100101101000
11
1000
001
111101
11
011
1
1111110111010011
11
0
1
1
0011011
1
1100000
000010101
1
1
0
001
0100110000
1000011
1
1
1
1
1
111
11
11
100110000
00
111000
00010001001
101100
01
1
10
11100
1
11
1
1
0011100101
0
11
11110111
100000
010111101011
1
0101
101
001
10101
11
1
011
1
1
1
0101001
00
1
1000001
000010011
1
1
0011
1
11011
1
01111101
101000100
1111
010100001
11100110000
001
1
1
1101
111
0111
0110001
1111100
0
0100001101100
11001
10001001
01
1111011010110
1
1
0
00
0011
1
1
101
10
011
001
1
100100
0111
11
1
00101001
1
1
1
01011
11
11000
1
0111
0
010011
1
1101110
1111101101
01
0100100100
01
0
111010
11001010000
1000001
001
1
110
11
0
1
0011001
0000110001001100
1
10010000110001100
000
0110001
100010100101000
1011001111
0010010100101000
1
0
1
0
1110
111
1
01
11
1
01011
10
100
1
1
000100
000001
11
11
1100
0
010
0
1101011
01
001
11000001000
0111
10011
110101001
1
00001
001
1
01
1
10
01
11
1
1
0
011
001
111
1
1
1
1
1101
1
1
0001
1
1
1001
11111001011
011
1
01
1
1
1
0110
110
1
1
1
11
1100
00001001
1
1
1
1
110111100
0101
01110
100
1
1101
1
111110000
111
1111011
0001
1
100000
0101010
0111111011
1
101
011
0101
1
00
1
01
000001011
11110
0011
1
1001010000100
1
01
100101000
0110
00110001001000001001001
1
111101000110010
0001
1
1
10
1001000100001000
01
1
110
1101111
1101
110111
101
11
1
1
0001
1000100101100000100100100101001
1
010
1
0111
011001
01111100
0001
11111111
1
1
1
1
010001100
111110110
011
10100
01010110011011
11011
1
0
1
11
00011
1
011
1
1011
1
100
1
1
01
01
100001
11
110
110
01
1
01
1
1
1
1
110110001
110
1
1
1
11100111
1011111
001
1
1
11111
11
1
01011
110
011
11011001
01
01
111100
01
1
11100000
001
0
01
1
10011
1
11
1
0001000000000
1
1
1
0110111
0000110100
11
1
10000001101
010011000
011
1
1110
11
1
1
11110
01101
01
1
1
1
1111101
1
1
0100110
1
001
100100
1
10111
01110010
000
1
10110
1
11
011100110
00110
01111
00
1110
010111
1
000001011
1
0100111
1
11010001001001
1
100
001
1
011011
001
01101011010111011
0
11100111101
01
1110
11
0
00011001
1
101100
1
11
0
1
11
1
1
101
1
001
011
1
11110111
10
1
11
1
001
1
11
010
0
1
1011
00000001
001
0
101
000011
110100011101
01
0001
1
1
0111
111
0
0
1
100
00111
011
1001
10
0100001010000001100
101000100
111100
1
01000100000
0001
1
100
011111
1
100
1
0101000010
01
11
1
11110
0111011
00
101010001
1110
1
1
1
1
1
000110010
10001
01000100000100011010
1
1
1
1
0111
00
1
1
11
0000100010000100
11
1
1
00011
1110
010001
01
0011
01
011100111
000011001
1111
111010
101010101
11
101000
1111011
010011
11
10100001
101
110
100100100
101
01
100011
0
010010111
111
10001010010
1
11
0
011100100
11
011
0
101
01
1
1
1
1
0111
01000110110
001100
1
0111
1
1
110111100
01
0111010
0111
110
1
011
1
1101101
01011
1
11
0
101010101
1110000
011
01011010000000100010
10
01010001
1000
001
1
1110110111
1
1
1
11010000011
0101000001010
0111
1
01
0000110100101000
1110111
1
010100100
0001001
1010
1
1
0111000101011010
01010010
1
1
111
1111
11011001
01
00
011001
0
110
1
001
01
11
1000
001
11
001
1
1100000001101100101
100000101001100
10010100
1
1
001
1
1
01
00
1
