000010001
0011
1100
11110011
11
0100100010000
011
1
000100001
11
0101
0100100000
11
001010000
0001001
11
011000000
000010001
0100010
10000100
10001
010
11
01000000001
0001001000001
10001000
00101
11
1001
1000
01011
000110000110000
100000100
000100001
1000001
011
10100
000000101
1
1001
1001
100001
10001000000010
100000000000001
00001001
1
00010001
10010
0100010000
1000001
11000000100
100001000
000
11
0010000100000
0
0100000100000011000
1111
10100
100001000
011
0000100010
000101
1001000
11
011
11
11
0011
01000000
101000000
11
0
011001000010
11
100000001
10001
11000000
010001
00101
011
1000001101
000101
010
00110
000010001
1001
100010000000
1100000
00011
1010
10001000
01100010001101
001
1000110010
011
10000000001
01000001
0011
10001
0101
11
110
11
100100
00010100000000000
11
1000001
1111
100001000
011000000100000010000
11
111100
00
0000101
0100100
001001
10000000100
101
00000110
101
00010000000100
1000111
11
11
00011
11
10001
10100
001001
101
001100000000
0000100001
1010000
000100001
100010000
11
1001
1001
1100000000000000011
100100000010000
11
11
011
101000
1100
0001001
100000001
0011
01001
100001
1100
100010000000000
110000000000
110011
101
0011
11100100000
10100
011
100100
0011
1000100
0011
11
11
1
10010
011
00101
011000
1100
000000000110
10100000
00011
000100010
1100
010001000000000
1100
0011
100001
1001
110000
000100001
1100000000
10000001
000101
