111
11
100001000000001
1000000000010001
001110
00000
1110
0000
0101100
000110001
00000000
01100001000
1000001010000
01001100000000
11
0000100000001000
1000011
000001
1100
0100110000
10101
111
010010001
1
000101
1101
0111
0000001
11000000
00000000000000001000100000000000000000000000000000
11100
00111
10000000010000000100
111
000000100000
010000100000000
10001010000
101010000
000110001
0111
10000000110
10101000
00111
0001110000
110001
1000000
100000010000
1001010000
101
0101010000
10010010000
100011
010001001
00111
1101
11
111
0
00000001000001
11000000
0111000000000
11100
100010010000
110001
0111
01
00000000
001110000
100110000
01000101
00000000000000000
1101
101000010000
100100001
100100001
0101100000000
000000000000000000
100000100
011001
1010001
100001100
001101
01001100
100100001
10000101100000000000000000
01010010
011
100010000000100
10100100000
1
00
0000
111
1100000000000
110000000000
111
101001
01000000000000000000000
010001000
10000
011000000000000000000000000
10110000000000000000
111000
000101010000
0001011
00
0111
001000100001000000000
1101
1100000001
11010
1100000000000
110
01011
10
1100000000001
10001000010000
10110
00000110000000
000100000
0000000000
0
00111
010011000
0010101
00000101000000000
010010000
1101000
0001101
00110001
00
00010000010000001
11
000000
1010100
11000010000
001011
0000000
1100010000
100100100
11001
100001100
1000010001000
111
111
11000100
1010010
101100000
00010100010
000101001
1011
00000
0000000000
0000111
11
1000101
010001000100000
10001100
0111000000
00000000
10000110000000
11000001000
010011
