0110001010111110010001011101
110000001000000
1111011
1
10010111111111110111110011011101
00000000000000000000000001000000000000000000000
0001000101001000100001000100101001
0100010000
11010100111011111011100001110001111110111101011
001000001010100100000000010000100000101011010101110110001010000010000
0001100000001011101010001011001000111100010000100000100001010101011101011010010101010110001001111101100100
0001000110001100000000000010000000001000000000001001011000100001000000100110010111110101000010010
0000110010111101011000100001000100010000000110001010000000100000000010110101101110110011011111001011110110000011000000111010000010100101110000010100100010001010100100110110000010011000011101000100001001001010100001011010000001010100000110000001100100001010010100001001001111101000110101110010
111
1110101110100110111110000000101010
0110011011001101111011000110111000110011101001111111110000000100010000100011000010001011000000000000101100
000111011100100001000110111010011011111011111001001110101000001000101110110000011100011000000100011010010110000010000
00110001100000100100110001100011101000001000001100011001001010111000010010011110111001000010010010101001010101110110010101110
010100011011000000
100010000010010000101110110101100111000101000111011100000110010000010110001000111011000010
1100100001001101011110100111000010010001100010010010111110111110111000000000001000000010101011011011
01101010001111011011111011001001101100010100001101111100101
11101111011011010001000101001101010000101110010110101111100001
010
11111
110011101111111111101100101111011011
101
1101110010111110111100000001111101
101000000011000100000000101001111000100000100101100000110011100000011101110011001010000110011000010010000001100010000000010010111011000010000110111101111010010000010101111001000111110000000110010010000000110
111
00000111101001111111011100011110101011101101011010101011
1001110000011111100010100101011111101110110101001110101101111101011111010101110011111110111000000
010000000100001010011000011001100000001000101010000011100101001000011001000111011011000100100000100101101001
10001000000000111000011100000100000000100
10100011110111111101101000011011001001111100
1110111011110101011101100
100111011110000101111011101001010000010010100
0011110011111101001001000111111110110011001100111101101100101111011011110010111
100010110011011001110
101100111100111111111111111101011011
1001001101000110101000011111000001010100101110011001101001
1000000000100010101000000010001010000011001000100100000100100000100111110000110000000001010001000100000100000
111000110111111001111111111110111011111111111101101110100100000011110110001110000000011010111010101100010
000010011000000010000001011001000010100000011000100001100010100011011001011010110110100100001001001000001000110000
11101111000110000001011111100010011110000110101001101011111011100
00000010100000000010000000001011100001100000010001101010011010001000100010000001000000110110111010001000000000110001011100101010001100000111000000000000101010100100100100000010000010010001000100000011100000110
0010111100001011001101100111001100010101111101001001111011110101101
110110110000101101000010101111111111111011110111101100100010100000100101100011001111000011110001010000010100100001
000100001000001100000010111110000100010010101111111011111111011
011000010010010000
10011000000000100000000110001100100001000100010010010010010110001011111010000001001011000000010001110100
10010011011111011001110101001111100010010011101100010000000001000110000100000010010001100111011
11001111000101110000100010000110000001100000110101000000000111111100000000101100011011110101101100101110011100000011111101110100111000100010000
1100101001000110111000100000001100000100001001100110100010001010001101010101001111001010001001000001011000001101001110101010010001
000000001010110000000000000001001001110000100100011001000010010100001011011011010111000000100010101001100100
011000110110110010010011000100001010000000010000001100011110000100100001010101010100001001100010001000010011011011100101100010110
0110010001
0011111111001001110111110100001111010000001110000000000100001000001101001000000001011000111010101111001100110101
0010111010101000001110001110001101101001011001001101101010000010011100001110111100010010111
111110111011000110000000100011101111011111010110111110111101011100101001100100000000100000000000011100000010100101110100011101100
1010001101101101100101011001000000111010100000011111000100011101111010010010000000001
111010110111111111111
0100001100100000
0000000110001001011000011000010100010001001101101001110010000010000110010010110000110001
0010111100011111101010100111101111111001
11101100100001000000100100010110110010110011101101111000000100011000000001000010001011000000100000000000000011
1101101101001101111101111111111110000100110000000000000000100010000100
110111110001111011011111101111111111100011010000000101100000001000000001000000111
1101100
1100000000
00010110100000001001000010000010000000001001001010011101000100101000100101110101001100010100000001001010001001101100100101100000000010100000101100
0000000001101000001101001100011010000111100100000010010001101100001001001000111011000010101111001111110110001010010
1111111
1011110101000000110001000010001100000101001110111100111111111010011010110011011100100
0111011100111111101010000100001000110001010111001100100100010010100110110010011100001101010110000011
00000001011000001011010011000000000000000000001011010011101010010110011101011100001110111111110
1111110111001011100111110011100111000110100000000010011011011001
01100111111111110110010110101010010000101010000110000001000110010011
1
1001000001001111000001000000111110000111010110100100100011101110110101101000000110111011001110000101110000101100000110011111010101100001101000001110111110
010101101111100010111000001111111101010011111011111000101111010011
1
11001110110111000010100100000101110100110001001000000010010011000010
111101101110000110111111001001011101101101001110
010001011111011
1110001010110011011110100010100000011110100000010101010100100000010001000101100101101110111100001010110100000010001101101011111100001101100000
110111100000101010011000101011111
110
1011110010101000000100001100100000001000001110010010100111011110110110111110100010010000101010001100011010100000011000000000010001100111010100111010100000
11111101000101011110000000011111110100001110001100000110111011
100000000010100000100011101111010101000001101010000100101010110010001100010011011001011101111000101
001001111011101010100001001000010101000100100010001000110010010010100000100000100000001000010000001001010010101100000000010000100010000110000101000000000110
000000000100111101001000010001000010010000010101110000000110000100000000010
11101000001100101011000101101000000011110000000001000011111011111011001001010111110010100100000010010101
101000001001110100010110011011001101100101011001011010011000001111001010111101110111101110
0110001
000100000000101001001010001000100001001000100110100100010100010000100001
111011100010111010101111000011010010
1111010101011000001100111101010110101101111000110111
000110001111011001011100101000000111100001010100100000010001100101000101001010001100110110101001101
00000000
11111111000001011
11011110101001011101101011110101110011000000111111110101101100000111100110001001000000110010110010101001111000001001010
00100001000000010000000011100000000100101010110101001111000100101000000110001011111001111
11111011111111111110101110110011011
110111111100101001100101011100101
001100001000000001001010000100010101000111011100000110000100100010000001100000100001001000000000011110001001100010000001000100011100
0100010
100001110111100001010111100110000110010100011111011010110011110111000001001100011011011000111011101000010111100000001010110111100111011101001101001001110111100000001001101
11000001110100110011111111000100001010110101011110011
010000011100110000010010010110100000100110000110000000000010000000000000010001111000100101111000010001000000100001000011101011110010010100111010001001101100111100010101010000101010001000000000000010001111000010010001101100000101011011110010010111000110
0000101000000000000001000101100000001011001110111000100100001100111100010110100001011110010011100001101111001111111
00101101010100000010001100110001000000000011001101000110001000011111100100110010000100010100101000100
1111101011111011111011001111110
011111101100000001110011101011111011010100010000000101100010000101001
0011101100100011000000010001111010000101111011111011111
11101100010000010101110100011101001011101111000010110101110101100110100
000000110011000001010100000110100001001000100001110010001000010000100010000101010010011000111000000100100011000100110111100100110000010111011010
010111010101011011010111100000000001011100
0011100110111111010100001101001111110111101011001101001000101001010011010010001001010110000000100110
001001110101000001111111011110110011111110011
0100100000110000
0110111111111010001111110100110001011111100111010
11
10000001100000100101100001001000000000011000000010000010010000001100001
000000000011110000
1111111110110011110001
01101001111100000011001001011
101100100100101000110100000101000000110000011000001000101100001110000010100101000010000011010100001010001001000100101010101110011111010
01100101111111101101111101101101101101111001111001011
110000001110111001
100
1
11110111111111111111111111101111111111
00111111011010001100
11111111111100010111111
11000001111110111111111110011010000001100011111110101101010011
0000000000000000000011000011110001010000000100100001000000010100001000000001101110000000001000100001000010000100010101101101010110010001010000000011101001000000000000011000010000000000100101010001100101010001010000100000111100
1101101110111011100001010011010
011000001000001000010100010000000011110000010001001111100011110110011010100101000000010100110011010000
010111110100000101111000010111001000101101000001001001111110001000110001
01010101000000011010001011110000001111110110010001110001000111001000011111101
0010000001000001101111111000010100011010100111101011111010
11100010101010111000100111111010001010100101010101110101000001111000111000000110010001100001110
0100001101100001000011011000011110110011010000110
00100000110101101011110000000000100001101
010011100010010011011010100001100101110111101011010000100000010101001000010011111001001000100
0010111111101000000000000
1
10110100011100010011001000011010101000101101011000101010001
1100110100000001100111000011111110
0000010111110
0000110110000100001101010101111101001000011101011000101111000000000010111111010111101100001
01001110101110011010100110010001000000000001000011111000100110010111001010000111100000111100000011010
0010011011000010001110100010010010010111101110001011010001010111010
10110010000101001111011110010010010101010110010010000000011000001100000010010000001
1001010001100110100000000001101000100111111111100100110010010111110
111111011101011111111111101111101100110100111111
011011101111111110011010011010110011011
01010110000101000001101101100101011001011110
11101011001011111011111000101111010111011011100100011110010010001010000011100101001000011111101010110101111111
000001111101000100101010001000000000110100001011000010001000100011101110100011000011001001100111110011000
010000010101111010001000000001000000001000101000000010100000100001001000101010000010100100011111010100010000011010100110001000011001000101010101000010010011000010000111110000100010000100010000000010010001100000001001100001001010100100000100101011000001010000100110001000111100110100100001110101001010010101000
10000010000100100001111111100100011100011101111100011000011111011111001
101001010110000010011111110111101110000011111110010111111
0011110000000100000011010000011000000011110111000111010111010101111101011110
011101111111110101111111111101011101110100000101000010010110111001100011111011011
100111100000001
01110101110000011000111001011111010111000010101110101111011001001001011111101110110000000101000101111000001
101001010111111110011110000111000110010011101010010101010100001000100010010
1010000111011011011000001000011011001011101110001
00001000011101110100100110110001110101001010111101111101100101100011010000010010000001001000001010111101100100100100011000011001111100110100000111101100010101111110011000
1
11111101110111111111001111001001111110
011011111101111101001
10010111010100001111111111101111110100101010011010000000010000111000100101100001000000
1011111110001011101111111110100101100001101111100
010011001101111001010110000010100111100011010010010101111000101000
1
0000001011100000100110000001010100000000010
11001110000001011111100001100000001010000000101010010000000100011110110100010101011011110011110
100111000111101110000110010001001001111001101101000100000100110010100011010011
011000100100101100010110010010001000010011010010101101010100001001011001001001010010
1011001001110111011100010000001000100110000110
00001000011011100111111001010010001100011010101101110100001101100100001101100001010110100001101110010111001111111
1010110100011011000011110010111001111101000110100000101011011101111101111000011
00100010000111001000000000101110011001001010000101000000011001101110010101110001000001001011101111010001
11
1111101111100000100001001010011101001101010111110111110111000001011010111000100100101000110010000000001100000110011110110
0
0001010100001100111000010010101011100100000011001000110101010010100100011111000100010100
00100110000011010001010100001111111110000001000010001101001001001000100010011000100000101100100001100010110000
101001100110001101111101100101110101010011000000000010010110110111
0010110000011110001100010001110001101010110010011111101010000010100101
100110010001000111011010110000001100000100000011000100100100000000111011001001000000001101000000000001000101001000110011001110000
111
0010001101100100100010001000100000000100001000010100001111010010011010110010110101011111000011
001011111101100000100011011000111100111111101011111111111011100000111100111001000011101000100001010100011101001110001001000001
111111101010110110011100000100000001111111001000001011100111101111111111111
000101101011110100010001000000000000111100110110110010110000101110011111000101000011
001111110101111111111010111001101110101111010000
00001010001000000101111101001110000000011110110110010001000101011000101001110
1100111111110110000110011000010110111101101101100110010001111111001100111001101110011010111111000011110000111111111110011000110100001010110100010001110101110000101110100000011
000000001001101100001111101111010100000001000000100100000001100100100100110001100101110011001001010000110000011110000111
000011111011110011111011110111111111101111010001011110
0111000010110010000000
110010100100001000010000100000111110100110101110
1
10001100000001000010101000010001001010100010001001000001100100000001110001011110100001000101110011010100100001010001000
11110010
111111111111011111101101100101010111100
1111
111110011000100000011110111100000010111100001111001000011101000100001000011010100000011
11111100011100111111010110111111001111011010001000100100101110001011111111101100111
11111010101100100100110111110010000100100001001001111110100110001010000010111100001110
100100001110001001101101111000000010001011101100010010
0000010011011100000100010100100011000011111111100000000110
1000010
010100000
11111110111011111111110010101100001011101101111001110111111001101011
0110011011001111111110001011110111100101101101
00000111100001010010000000001100001010110000100101000110001011011011110
000010110010000010001000010010101001000010000001100000001100110001000000010010100101000010000000000000010000011011010101100000011000001001010001011001000111100001000010000100100000001011100000010011011010100101001100100010100000011001000
01000000001000100101110001100111001110011001001000001000111111101001100010000100011010010100110001101100100110
0100000100011000001100011010001111111111111101110000100101111101100111000110010000111101110011110100000010100110010010110101100111111110011011001101010000001001101010100010000101010010001001111010000
111111110110000011011101111000010011100110
011101111110000011111001110000001011011101101101
0010010010111001101010010001000100001001000111100111100011000000000100010101110111110000
10000000101110001000000010000110010000101000001001000100100010111011000110101100000010000000100100001110111001100
101101111011011101011111011010000011101110000101110
1
110101100101001000000010110000110011011010001101010
01000110
11101011111001111111011111101111111001111111111110000101011011000101101110101110111100010001100
0010000011100000100011100000110001110000010000000111101000000100001000010110111111001100000101100000100100000001000100100010010001010010101010100
100000000000000101000000110011100000110000110100010000101101111100111101100000000010101010
1100001101000111111111111111101101110011110111011100010100101111101000010
1
1101111001111011010110111111110010010001111101101011
1
1000110001111010111011010100001001011
010011001110101
000001101001001011000000000111111101111111110000111101101110101010010101101010000011010011000010110001000001001011100101001001
1
111101001000
100010000
001000110000000000010010100110000111000100001010000001001000101000000110010000000000000110010001000111010000110010010001001100001001001
0100000000100000101001110000000000100000001001100011111000110001101001010011100000
11
100010111111111111111101100
01001000011000010
10000000000110010000111000001000011110001101010010100001100011110101110000100
000010101000011000110110000001010000
1000
1101
00010000010000000110110000011100000000001101000101101010101010010001000010001100010011111101101101100110101101
1001000100010101001001000100101001100100001011010001000100001001100000100000010000100001001001000100100101100000100101000011001000010100000010010010010010100010000000100001000100010011010000100000010001
000000100011110100001001000101110100000100100001111101001011101000010000001001000010000000000000100000000000000000001000110011110000110101001010101010001010111000
00001110011101101011111101010000111110000111010100000000111101010100000
1011011111101111111111101101111111000
00111001100101010000101000100100110100010010000010101000000010011110011000001100000010011100010101011011001011011011111011001111
1100010101110111011111011111100010101110110111100010101101101
00000000110010010000000100000111101010011010000110000001001101000010110010000100111000000011011101001011010100010000100
111011100000000000100101010100010101000100000001010111010011110110111011011000000000110100011
00010010001100001000010000000000101000100010000000011010000111000011001100010101101000000000001100000001110110100000011001101
01
011000000
0101010100001010010010011000011100000111000010010000000001111011101010011100100001010010110001101010000100001110010000100
00010111110000001000001100000111010111000000000001111011011010000110111110110100100101110011111001001001111000101100011101110110110010000001011110001100101110010100011000010010100000011010111100110110011
11001100100000110001000000100
111111001100001110001111010000000000001
10000100000101001000100111111110000100100100000000001001011010010000100000001001000010000010000
0101010110101100010000100000101100010001000000111100011000001110111111011001000000101110111011011111010100110101
1100100111010111111101011010111101101110010000
0001101100111110010111111110010
00001
11001110000100010101111101010001001010110011000
01000000010111010111110111111100010000010010111011111011001101
000101011010101101000111000000101000001000010100010010010101000101101001110011100111111
011100110100111011111010010011010001011110
000011000110001101101000011100010000100100000100000010000010001000100011000010000100010001000100000001000000000101011000110001000010010000000000100010000
01100000001000111100000110110100011000010000000000100010001000101010000100100101010000000011100010101000010000110000110110110011
1011011010011111101011111000000111111111111110100100101000010000001000010000011000001101001100000
10100101000010100001101011010101110000110110110011101101011111001111111
1010
11111111000111110
11101111
00111010110011011101010101101000011111111
00110111000101010
10
011111001111111101111110101111110111111111111111010110100100100101001110111010000110101001100000010100
1011111010111110110111111111000
1011010100010101110000010000000010000000011101100001000001011010100110010010000001011000001001101010101011101010
11101001011110110001000010000100010110011
0
01011110101000010101011011111010111001011111001101011110011
110000000000100001100100011000000000010011010010001000101001010000010000000000001110000011100010100101101011101001000010011100000000100100011110100010001010001000
11101110110010100001001111111000101010011000111100000100010000
111011110111001100110010101000001011001111100001110010001001110010111011101
0111001001111101111011101101010110110100100111100
01001101111111001001
001011000001001100010010001011000001101010000011000001000010001000000001011010100010101010001000101111110011101010000100100100000100000
00111110111001110101000000110110000101000111101111011001101101000011001111011001001110100100100000010001011100011110001001000110000111111001001001000011110011
000101100001110010000010001101010010100010000101101010000000110001101101001100100001010000011001001100011000010001010000101000010010010100
1
00000111100110011100101001101100101111001001011010001101010011011000000011
001000100011100110000001000000000
0101
100000000110101101111111011011111110111111110100101
010010100111101011100101001111111010101100100010011000010111110101
011110101100110111111111100100111110100010101010011011
11
000001110100100100000
11111111011111110111110100110111011
0000000010101101000001110010000110000010101010100100010011001011000100001010000110110110001
01111011010011100
1010100100100101110010011010001010110101010010001001000111000100000
0011110011101001110110111011110101111100111
0111000110000011001011110001001001010010001110111101010111101011001001100001
11111010100000101101100111110111011111110110011
01110010111011111100010010011011001000101001010101000101001111100010
111001100010101100001101111110010111111101100001100011001000110001
010000010000010000000110010100001010001001110010000000001000110010101011010000011
00100001000000110000011001110100110010000010011000010000100001
0000100011110000001010010000100101001010100100
100111000010000011011111011000000110100100100010000111101110100011001111010011
10
110111111000001000010000011110000111000101011000100000000000010001001000001000001100101010001
1001100011011101110010100000100000011111110010001100010010001000000010001110101001
11000000011001111100110010000001011111110
111011111110011101010011101011111011
10101111101100101011001011001011000
11001010111000110111001001010100101001001101110001000000000000000100010001000010000000000
1101111111111010
00010100000001000011000000
10100111000011000111000001110110011011010110110100100110111110001111011000
11001111010111000000000110101010010100100100100101111000010000101001000010000000011101000001100100001000
0100110010000001111100111110011000111110010000001010100100011000010001100010000011010100100010000010010010001
1001000110111011000110100000110011000000101100101110101001111001001011001
0100100100
10000011011000001110001011001100000100000000110110110001001110101100011001010110010100010101000011000110010100010001001010010001011000000000011000111001111101100000100000111010100101100000100101100000101000100
001101111111111111100110001001011001100100011001010001000100011100101111110101011000
001001000000100010000001001000100011000001010001000110000010010000001110010000100011011110000001000110001001000110001000001001000000111000001000111101
11
00101001101000010101110100001101000100001010101101010101000001110110010001011
1011111110101101111011111101011111101101000000010011111000110011010111110
00101000100010110101001111010001100010100001100101001001100
011111011111111111101110101111011001110000011101111111001111001011100111100001
10010100101001111
1001100010010011100
1100000
110000000101000000000100100110110010000110010110100010000001010000000100001111101010101001111101
001011011001110010001011100101101101111111001100111101011
1000101110101001100100111101011010100001111001000111100111110100
0001000001111110001100101111011111110010110001110110110000000110111111011111101111
0110111001110011100011001110000010010100101101001101100010101001000110110010
1010111011111101000000010010010100111001
001110010100101001100110010010000101001001010000000000000011010001011111000010001000010100110110001100011
100110101110100111111111100000100001000110111001
0001000010000011010000100010001001101000100010100001000000100000001000100101011000010100001100101000011001001000010000010100011111101001000
11110001101001111011110011010011111011000110000100101101000100001001
10101000100011010110010010010000001001000011010000000100000111000101011011010010000010
1
01110011100110000111111010110000101011101100000111000100010011011101010000000011
0110001001100100000011011110111110101111101100001000000000101010001101100110000101110001010001
110
1111010110000101110100010110001101001111100000000001110001001001111011100101010100001100010010010001100101000100010
1111011100000000001
11111110000011
001111011011110001101000101110110111011010011010000101011110011
11
11111111000000000000100
011101110111111111111
01000111001001111111101101100000101110000101001
110110101
1101101101111011110010100111100000100
01100100010000001010000010000000000001000
010011000001111100001001111110000011011100110001111001100100001100100000101011101001001001
11100100101110011110110101
110101111111111100000111011111111111101111010100100000100001010101111101010001000011010110100000000010
0000011010100010000111110
00000001111011111110110011011011111101111110101110110011111110111000010001111000011001001100110110110000000101100111001101010001001001111010101111100110100
111111111110101110111110111111
0011011111110100011111111001101011110111111100111001010000011111101011111011011101010010110111
11010000001100100110101010101011000110001001001010000101010110000100111111001000001010101
100100000011000010000100100001100011000100010010001000110001100000010001101110000111001000101101000010100000000101011010001000000010
000010100011111101111000100110111001101111011111
00101000101011000001000101
0001
11
111101011011010000100101110001100010100111100010101110010000010010100001011101100110
00101001111001100011010110011110000011010101111110001100100101000110100001001111011000000101110011110
011101110111111111110111110110101001011100100010000000001001111110010000110
100101001010100010000111000010110000100100011000100011111000101001
10011000101011000101101100001000001111011100001010010100101111101100
01111100101001111101011111101001110110000101000000001001011010
001000010001000010100010000000000100010100000010100001001000010001000010101000110100010000010011101101001010101101110101001000100100000001100
01010101101111011111100100010100101000010000011111011000
00101000000101000110011100000000101100011100100100100
11010011000000100100000110001111110100101000010100110011010110000100011010000110101000100010010101001100101000000100001100
001001110100000101110101011111011001100
010000101000011000010000
111111111101111
111101111110111011111111111111111111111111000000000001111010101101101111101100101
00101001011101110
0101000000100001110100110110001001010000000000110100100101001
000100110100100010011111000110000111111100000100100101000100101011001011010011
0000011000111010000011001010111100100011101000101010001100111010111001001110101
010111011011001001000
101
11000
1
1000000100000101000100011000011110000100000101001001000001001000100100111111011000010010000100001101100001110101110110
01011111
111111011010000010110101001001100110100011010111101111010000100010000000110111000111000111000100101110010011011001110100100000110110010001101
111011
01111
111011111
100111000111101110111101101010000001110100000011110110011000000011111001000011111001
0101010011010000000000111011111110110011111110111111011
1
11111011000000100111110010111110111011101111011010101111111111011011101111100011011101111000010000000101111010100
1111110111111110110100110101100101
010000100101110111111110111111110011010000111101010111010010010010101000010110000011111100001000000001000010
010110110101111111110100101100
000110110110110010010010110101011101100000101111110111110101111110010100010101100100000000000101010000001010111010011100110111001000
101111010101101111110110100001111001011010001000111101111100101110
10110101110111111000110001100010000000100100110100110010000001010010111111110011010
000000100001000000100001000000
111001111011100
110111110011010111111100100111100101
0110011011100110110111101101101101111011100100101101011101011101110111110111110101010111010101110011100100
110
1101100000000010011111011111111001010100001110011010001100101011
101001000111100101000010111001000100111111010010010100100
01100101111111111000101111110101001000
111011100
11101100001001011111110001100001010100010001011000001010100101101101
000000110100001101001100010001110011011101011011110110110100111010100100000100011010
0000001100101101101001001000100110101010100110100101011001111010001111101011100110
10101001100001010111001110000011000001001011001000010100100000100100110110011110000111110111
0100100000111000000111010110000110101111000111101100011110011
0001001101011001000000011010010
10001001011111101000001011111110110101111011101001011110011101111
10100
111
010000100100100110000000001010010
0111100011011011101000001010101001110100000
0100100010001010011010000110000
10010100
010000001110000100000001001001001000000010000010010101011110001001100100110101000001101001110000001
100110001100100111100010010111011001011101111010001000011010100001000001001000100010001100000010000
100010100011101000000000110110
111011111011011100110111111010101111110100100000110000000000000000101010011100
011011010100101000100111010000000110101110100000001101100001010100010010100001110010100
1101111111111111111010111011100000101110011111111010111001001011111111101
001001010001010110001110101100000000100110000001000001110100110110100110011000101110001101010110011000010001011010100110000110000111010
0111000000100000000000000011000010000000010100001000001101010010000000001001000011001001001010101000001010000010111011010000000000000111011101011010010000
10100000001010000100010011000010001000011001011001000100001001001101000110111110100110010001000101000100001001001001100111000110
111100010100001110111001101111111101001101010011011100000000000111101001101111111001100
11110111011100101110111011101101110111110
0001000010010000000011111111001110101111101101111111010111000010100100111001100000100001
0111101101111111000101011101000
0100000
00010101001001010001000000000000110111101100100110110011101110110
1
11100111110101110100000101101100101111011101000111110100100000100110111011000100000001100000100010001100100111000100
01110100110100110000111
1110100000101010000
100100000000100010100000000000000010
001100010011100110111111011001100110010010111110011000
111101111111111001000110111111111101001100111101101101
010000100100001000001001001001001011010001110111111010001101101111100010100010010100101001100001000111000011000110000101000000001011001001001011110010000001001101001000000000001101000111110100001101010101111
111111011111110011110111111111110
011111111111111111110001011111111011110111101110111101101111011101000110111001111111110100100000010111110011011111
0101000010
1111111111111110001
1110110
1
0100001001100000000100011001000010000000100100010001001000000010000001010000000111000100001011000001000100001000010011000100000010000001000001001000100010010001100100111000110000010001000000010100010001000100000010010010001001111000110101011000101010000010001000011011100110101100100000011010011000001000010000100100001001110000000100010011000000100101000000001000001000010000101111111111000000010110100100000010111110101000011111110000000000010101001101110100010100001001011000010000001010100100010000010010001000100001010000010001000100000001011101011011111001110010010111110011101000010011000100000100100100010010010111110001100100000101010010000101000010000001011110
1100110110011001011010010110000010101010001101110001010101101010011011011011
010100100010010111010000010010010000000101000001100110000101
101110111111000000010000011001110100000101111110111111001001100001100000000001110111000000011011000101001100
10011010010010010010100001100001011000001110010011010011000001000001000110100010011
1
0101100110001110111111110001101111011001011011011011010
01110000110110110010
0
1001110010110000111010100001000001110000010010010100100010010001001010001000100010001000010000000000010100000100001100101011101100001000010
001100001011000001000110001100100111000110011101110010010010100100010110011010010111001001000000010000100000101010010000101011000011010011
1001101001101111111000001010100101
010000010111000000
001001011000010010000110110101000010101100000101000000000000101001010101000110
0101000111110111001111111110010001101000000100111011110110
111110011111111111110011111010111111110110111111011000011010101111011110110111101111101111110000101001001101010101
1111101111111111111110011011011010001110001011110
111011110010001111011011001000011100111101101110100011
011110111001001010101011011110010000111011110110110000101101000110111110000000011010101100110100000
1001011111011100111000110110100100001101101001000010111111001010011
001101111101111110110011101011111110010101011100111111001001110111101001101100101101101001111101111111111011111111011010000011011110001010011110110100000
11010000
0101000
0011111101101110000111111001111010010101100000001000001101001000100000001000010
0111110101110110001000011111101100111110000111101010011110011010100001110110011010011100100101000101011
1111010010110010111111110110101111110110100111000
001100111100011011100010011001100100000110011101011010010111101100000010100100100010110100000100101010001101010010100010011000101000
0110011101101000
11111111111011111111010000000010110110011001011101111100010100011111100010101111010101011100100001000100000100000111001000100100100010000000000100000001000000000010000001000100100100
0010010000000000100001010110001001001000111010001000011000010001010100010110100011010000001000001010001011010010100011100010011
00000000100001100000101010110001
11111101
10000100000001010000100001100000100000100001000100001101000100010000110010010001100000100011000010000100011010001010010000010001000000100110000000110001
00011110111100110110010001100000000110001101000101100011000001000010010110101000
1001000111110010111010101110000001100110110011100000100101100110100100110110110100000010111000001110111
111000100011111101010100001010111
0011011101101110111110000110011010111001010011001000111111000010011111001
100000100011111000011011000101111011101000100101100001100010000111000001011001001100000000011010010110010100
10111111110011110111111110111101010000001010001110100110
01111110001001111111000101000010001100010011010001000000000010101001011110001000100011111
10001111100
0001100110100001110111110000001111101100010001001111111000111101
11
10000011101010001011110100000110100111000111000001111001110010101011011000001
0111000100000000000000000011100111101011110001001000010101000000001000010000000100110100010000111101100001001000101010000000000101010101000001100100010110100100000000010110100000001011100
100011001000001101101010011100100100010000100011000100010111000100000000000111001101110010100010100000100000100010001000001101010
1
0000011100000011010001001001111010001
100111001
000010001111110010001010010011110010000100000010010010101001000000010110000110011100000010011000110110001000001011
00100000000011010100010100010000000100000010011001110100100000101111111000111001110101010010110010110
0110100011101111101010011010101111
00000000010010000000000011000010010000000010100001001010010100010010100101000010001000010111000100001000110010100010010000011100001111101001010001001000001100000000010000110010011011011101
00111011101001111101011001001101111010100001100111000110100110010
001110100111011010001101001
01010111011010001001011110010010110101110111010001111001
111000111110011111111011101111111110111
000110000010001000000000011
0100101101110000110111111101111001001111111110001110011011
110100000000000000000000000000000
1001100000010101000111111110000100101100100101110001
110111111111011111111110010
1000000
01001001101111101000001011110110010101111101001011001110001
00001100001001010000000101111000001001011101001110111011001011011111000010011000101001
0110000000000000000
1101010110111111011111111001111101111000101011011011111
00000001000100010000011001001000101001100011010111101000001111000010011000010
010011101010110100000111001101011000110100010001110010110110001110010011111011001000011
000010110110111000110101000101000100000000010101100010101110101010101000011000110000110001010011100001111011010
001101010110111111100010001010010010011110110010111001111
001
0010011001110101110000010111111011110111001101111011101000111100
010110000001
100100101010001011011111011111100000010010110110100110000000011101101100010010110010001101100011001000010100
11000111100
1111111111
0011111001000
01111111111111111100101011001111110011
111111111001
00011010101000001011110101101110000100001000110001111101001110110001010010010110000100010011001100101011100000
1100010101011011101111111110010100101100111101101010110010100000001101110011111000100000011101110110000011011110010110011110000111
001111000000011000000110000000010010
000100111010000110000010001001000000
00010110001000101011111011101001000011101000000100101010100100111001110010110100001011000110000000000100110111000010001000010001101010100000100000001100000000
010010010011000000101000010100100110010000011000100000010001001001000001111100001000010011010100001110001000010100001000000000101000100000000
111001011111110111110111000110110101100011111
110001111001110011101111011101111111111010101101110011111001110110000100111010011101011000110000100011110010010100000001000001
1111011101010001
1
111101110100110110110110101110110110111111111
1111111101011111101111011100011111010110000011111110001011111101111
1
100010100111011001110111011101101111111001010010
00100110001000110010011100000000000001001001011101100111000111100011110111011111011
00110001000010100000011100110001111100100110000100100000100011110010011100010101010
01010000000010011110000110011010010001110101011110010001
01100000000000000
1100111111111111111100101101100000111110010001110101101101010110100111001111
01010111101110000100101100001000000000
0111111100100111001
100000100100010000100100110010010100111001110000000011110001110010010100101101001101111100
1
10
01000001100010000100001101001110000001100001010010101011001100001100100110001001000101000110001011001010010001001
0100010011011001001000101101100000111010100010001000011000011010000101110011111010001001
00010001
111111011011110101000101111
010010001000000111
10001100001001110110101011101111010101000010111110111110100
0010001000101100000110001001000000101000100100001000000000110100001
1111000010101001110011111110011010101000011101100011010101101
11
0011100011011000111110000000010010100110101101110000100011110010
1011000
00000
011000101011011000001110000110110101010100000000000111100010011111001010010010010011000100001010110101101001101100001100
011110010000110010000010000100010111101011011110101010001001
001000000001001100100010000100010000000100011000100000001000010001001110100000100001011001110000100000110000000101100001001001000011000011001011
001000010000010000101000001100110000010000010010000010000001100001000110000001000000010000100010001011011000001000001000011100011100001010110101001001110100010000000101010001111101110111111100010111000010001010110010111101101101011010
011
01000110100110111011100111000100011100010010110110101001000100001000
0110000001010000000
101110001110100100010000010011001000100010010001000100111010000011101001100010011000000010010000001001010000101000010010000101010101010000010000101000111001110000010101010001011001000010000001010101001001100110010010010100010101000100000010011011000000011001000010001100000100001001000001000100100000010000000100100010
111101010011010101111110110101010010000110100001
01011010000000101100110011101001111111001110011101000101101110110110100000010001111011100010111010101
11
10100011011111001111011100101010
010001000100010000010011000000111001000100100000011000000010001001100
00010001101000000001110000000001100000
000000011000000100101001010100010010010000011000010100010110001000000100100010111000100011110001101100110010110001010001010010010000100010000000
111101
11111111111110111111
110111011011101101010110100111
1111011110010110001111111111011111100110111011001
000001111101001111000001111101101111100101101111011101
011111111111011111001101
0110000000111111010
010001000110000001000101001110001101100011000000001000100000000100101010010010001000001001010101010000010100010010010101100001010100001000110100001010100101010010010010010001100010100100100000111000110100100
1
111110111101111111101100000000111111111
00000000101111111011010110101100110110100100110000100010000010101100100010111000101101101
000000001100000000111010100011110110001111001110111110010
010000000001001101111000010011000111100010110110100111111111001010
11110101101001001111100011001111010011011100101
111100010011100110000000000001110100101011000111101011101110010111100001010111101011111011010111010110001111100110110100010000000011010101010000000000000111
110101101011111011111111010000011100000001000110000
00101001101001110000101001101101011010
000100010001000101000000000001110010101000100000100100011001000000000000100010101110010100101010000100000001010101010100010100001100010
1010101111011011001111001011100110001001001101000011010010100
00010110000001000001000100010
011000110110001101001001000010010000011101010101010010010000001010000110101
0010011100010001101011000100000001001000000100011000111010100110000110
11001000100011001101111110100010100011100100101011001011101101010010110111
110110101101101001000110101000101100101011111101000111101010011100100101011011001000000110
1000101000000010100000000001000010001001001010010000010100001010
1000110
01110000010
0110100100011000110111110001100010000001010000011011110000001000111100000110
000101100000101000001001101111100000100001000010000010011000010001000110101100100001101001000010000001101010010
1110101000110
001000000000000000000110000111000011000010001000101000000001111010111010100000101101011000100010010110011111000
11101101100111111111111011111010111101011000011111010
011001100000000000000010011001000000000100010011010000001000101011101001111010010000110110000101000110110001101110010011110111010100100001100011100110000000000000111000100001011000010111101101000000001000011011001110000010010000010000000000010100000000000000001000001000000010101001101100011000010011100111101000000110000100111000000000001010110100100000000101010100110101111000000000001000000100010000000000001010000100000000000101100000
00000110000100000000111100101100100011101110001110100000111110010001000000
001000001000100001000100101000001000011000010100000100110000001010110000010101100100100000001010000001100010010010100011
0001
11111001001000
000110000000110011001100101000101101000101110000100100010001111111010010010101011110111100111101
010000010010001000001010011010001010101000100001100010000100010011111010100010001001000101111000000100110011111100011100010010011110010
100001101001010011001111000000000
00001010101100000110011110010101110010011001
0000101010000000001001000110100010011110010101000010000101001010111000010100000000010101000001101110011000101101000011001000010100000110110000110101000001101100111110100010100111
111111111011111111
11111000111100000010011010000001000001001000001001010011000010001100011110100110000100101001000100010100001111101111001011011010000101110101
0110010000100000010
111001000000000010100000011000000010000010010110000100111000001000001101001001001111111010010000000000000000000000001000100000101001110001100101101000
110001111011
1
001111011
000000101000011001011101000000110001111011010101010000110101000100100110010000110011000101100
111111111111111111011111111011111001
011000000001000110100101100000100001110100011010010001100111000001010001000101100011
0101000011100010000001111101000110011110111011110010100101111
1111100111011111111111111111110101111011010111111110010
1010000000001100100000011000000011001000001000010011000001010100101100011010000111010100
000001011111011010000000
11101011111001000111011000000011100111000101101010101010111110000010110111111111
00001111100100000000000111111100000001111100110111110111
000111001111100000100001110011100000000010000001010011010000000101010001001000
1000100100001100101110011101101010010001101011111101110010101010001000011
0111011001001101111110111101001000011010010110101100110000100001111111101110100100101111111101000010
1
1011011110100010001011111100000000111111000000110101100110110001001110011110110110
111011011110010010101110111100010011101101011011001
000000010001011101001001000001001000001010010011001101111010001011010100001011101100001010
11100011000011111
101101111101011100000010111111000110011100011001111101111111111111111111001111111010101010111101001110100101101100110111011100111011110000010011100110001000010011111010100101101011101101110100111000010101001000000100000100
011110111111000111
0010001111101111111000011010000011001100011101111101101101111000100000000111010011101000111100101011011101101010000001110111111011011011111010100100001000110110111110001111101
1000
11000011110101
0111001011110010011111101010100101100010001110110101
100110011111111001100000101111101111111111111101001101011001001011110
1000001000001000110000000001011001111001000000100010001000100101101100100100001001100001100010001101100101110111010111100001
0000111011010010111001110000000000000010100
0011001000100000001
011110001000101001
010010000010100000010000100000010100001100100001000001000110000010001000000001001100011000100010010101000100100001011000101000011100010000000000101000001000100000101000
100010000001000000101010001010000001100100100110110001001000000100011001110011100110101
100101010001000001100110001010101001001101001110010001001010011
01001001010000101110010001000100100100000101111000101111000011010010100100101010111100010001110111010000000100000100010110101000100000010000000001100010000010001
011010100001010111111110011000000010000111111100100010010000110000000010
011100101100000011
01000000010100000001000000010000001101010111100011110100000101010011100010100010010101010011000000000000010100101001000110010000000100101100010
101011111111100011011111100
1110110110001001110101000000111000110111110010000001010101010100001011010011000101110100001111101000100001
1000100111100101001100111010100001001010101000010011010011010010010100
011111110111111100101111111011100000000001100011010001110101100001100000110101101000000100
11011001111111100111111110111101010100010000110000011000010000010110110000000
00010000100101010110000100000010001010000011100010010001010010101000000000010010101010000100101011101001101101000000010000010000111000110001010
1
011110000101100001001011111000101001101011001000110101010100
0111111110011011101011101111111101010111011100000100010000111111010111110101101
01010000010010100100000001001000000110011110101000111110011110110000001111010101101000110010101101011110011101001000001000000011000001011001101100111
0001
0000010010010000110010000111101010001011100001100000001000010011011110111100111111000101011010000100000100000010100001
10100111001000000001110011001000000001000000101010100100110111000001101010011001101001010010100010000001000000010011100010
10111001111111111110100100110110111011111
111
1100101
01000110001100110000100011000000001101011001010010001011100000101001010001100101010000010000000100010000010000001001000000100000100001000101000110000100000010001010001000
1111111
0010100000000111001101100000000110011111101011101011011001110010111111110101011101000101110011100000011111011101011111111
100111
1001100000100011001001
1011010101100010101011101101101111000111111111100011011110111101111100111
011000001000111100
1
11101111011111111100100000000100000000
10010001111010100111100100000
10110001110001111111111000010110110110000011010010
1
000100010000010000001000000100000001001100000000111000100000
011000000100
0111000001111100001000000100010
01100111101010110101111100110110111110111011010101011100100101101000101100011000101101
0011011110111110011111111111101010001000100000111110001
101000000010101001110100010011000011101100001010000000000001100100000110001010000110110100100101100101101011000
0000
0000001111010111100000111111111011010110110101011101111
111000110000011010000001110110010010011100101000010010010011
1110110110001111111111111011111111101010011110011110110111111
011011000010010011000100000011101000000101100011010000010001000001001000100000001001001001000100000010110100100001100010000001100010000001100001100100
001000010000100100000000000001001100010001000100000100001110010000010001001000010010000100010000000100010000000010000110000001001000010000010001000000100001000000100010100001000101001001010001
110001110000101110110001101100110111011111
1111001010001000011100110100001011010000010110001010100100001011001
000101000110001000010100100000100001110100100100010010010100111100011101010000111100001100111010100011101100010101
1111011010101101110101001010011
1111
11011111111111111010011111100111111111111111111111011111110111111
01111000101111001101100100000110001110000001000100010100000100110101111110000000010101101000001010010010100010000100101
010111110100111111100101011110110000101010010101001000111011
1111001001011101111110111110101001001000010010100101010110010111010010101100
10001111000100011111101101001010110010001001101101
0111001110001100010010111010000000000110010000110101101011011011110100011110010010111010001101100
10000110
100101111000010100000111000011101101110010
001000101011000000000001010000010001010110010010001000010000011001000001001010001010101100100001000101110000000100010111001001001000000000001000000011100011001101010010001000010
00010001100110111011100011000100000000110100100101000101100011110110011011000101100100010100010101011
111
11010011011110011111100110111010000000111101100100011100000100101100010100100001101100100101101000001010100
000001000001010000000110101011111111111111101101001001100100010001011101110000110100001100100100100110000000001110010011001110001000100011001000010110011101010100110100000100001000000100000
0001000101010000100110011011100110000011011100100000100101010
10101001000100101000100
1101100110011011010000011110010001011111100111010101010101101101011101011111001010111
00111111110000011000001001111011100110011010111111100101110100010100000010000001000101001000011010101011011011011011101
001001100110011110010101000011110000000111000101011110110000000001001011000010101001000000001010111110001000100010101101100000000100
01101101110011111111000010001100011001011000000100010001101111100110011
1010111100010110001011001110101001000000101
11
111111110011100010000010110110011111010110011011010010110
01000000100001100101011010001000101000011001
100111001110110110011000101101100111010110110100100011011010
1010111111111111101011000111000110011
1100111010101
0000100000101111001011100011100001111010110010110100110111100011001011101011111101101001010000011110110110011111111101100111100010000100001000010000110001011100010001
11111111111
0110000000000000110010101010100101000101010011111100111111010111
111
000100000001111100101101111111101101101110010111110000111111101001111010101100110011111111000000010000100000110000011100101000101001011001110000000100000001101
101111100110011011011101101111101110011010111100000000101001010010011000000100100010110
100001001000111000000001000001000000000100000000110000000000101000101
010111100101011110110101010100010000100100100010000100110100010001100101000100010001000001011011000010010011100100010010000101010000100110010010101111
1111111100001011001011101101000000000010101111010100
000010000111111111111111011010100000010111111
0011001010101011000111001010101111100110100100010001000101000110010001101010000
01000010110001
01111001000011111100011000111101011001110110111111011110101001101
010100000000000
11011111111011010111111111100010000000011100110000
101000011100011
11011101101001001001100001101101100011101100100000100010010110011010101101
1
00000001001101001001001101101010010100011101011011000011000000110101000111001010001
10101110001010010010000000010001000010100100000001000001000110000110000010100000111110000
011111110000000100011110011001000001000001110110101111110111111010101001110110000111011000101100010011101001010001110001110011001001011000011111111001001101010111010000001001001
100000110110011000000010000110
1010110111101111101011000000001111010011101011011011101111101111110100111011
0110010100010
1101000000100101000011010000100100000
111101110110011111101100101101101001000010101
11100100110000110100
0111111111010001011010
100110000010100001000001000010000001010000000010000010
101010010011001011010110100101111100010000001100001111000110100000010100110110110001
010001011110110010101000000100101001100011000000110000110111101101110
011110111101110011111111011100111001011111011001111
11011111111111101100101000001110
10110010000010010001101001011100110100000010111001001010
1001
111101011011101110001111011011011111110111101000000011101110000001000000000100000
0110010001000001010110011000001100010000000010000100001001010010001001000001011011100010001000001001000010001010010100100100110001000
01010011010001010010011011010001000011011100101010110100100111111010010110100010001100000100101
00
011001100111100010111001010000
000101110111001000010010110
1110100000111011010101100001101001101000000
01111010010000
101011010010001110110011011110111101110000100000101101100111110001111
1011110100110100111111011111111111110011001111111110100010010111000010110100110111011110111010100000101
11111111100111001111111
110100001100011110101000011010110010010010110101010100100101000010010001000100000001010010010100100010011100001
110010111011010111111011111100111010100111
10110101101011001010111110010101011
1
0011001010000100110110001000100010000110000010000100001011011100110100100000100011011111010010000101000100101
11110000000001110101011010101010001101
011110111111111
00010010001000110100000011001000100010000000111000110000010000100000001000100000100001100001011100100001000100010001111001110000000100001000001000010101011101000000
100001110000001101001011011101100111010
00010000000100000010100000101111111110111
01010111010001011110001001001001000
1111111111111111111011111111011110001011
1000001010011010100001100001000000000011001001000010111011010101011011111011101110010
10011101010100111011011011111101011111111010001101011111101111011111110100010101111011111100001000000010000110001011111110101001110001
00001000001100000000110100010000011000100010001100110010000101110001111110010100110010011110001100010100110100001010000001011
001110001001101011011001100100111001010000100000100010011010010010000101000110000001100101100100111001010101
000010010000010110100101011010000000001100000001001000110111000101000100001110010001000110000100000000001001011000000100000000000100011101100010110000100100000101010101001000100001
101101001010111101011000100001001000000001001010
111011011110011001111011111110011101111100000011000000100100011100111010000000101000001001010101111100011000000001100000111000001011
1001011110101001101111100011000000010111000011101110010000011101000
1000101
1100000100
1000100011111011
010110101010100010001000000
000111000011000100000010100010
000100011011100000000010001000011000101001000010100011110010100000100000110000100000001010001010000000000100000100100110001000000010010000101001001000000000001
1000110000100010001000100011000010110101110001010011001010101001101010011010110000010110010011000001001011010101101010
00001011110000000011100000000
11100000000000000110010111000000100100010000101011011010011010101110001110110110111001
110000001101010000010110000001111111111110101100001000100100110010001111011110111
01010010111100100101001000000010001101010011110100110010000010101100010100001111111000010000
110011001100101110010001000011100111101000000001000001010101000100011101000011011011011011101110000000101000011
100100000000100010100010101000111001001011
0000110101110111011000100011100000100010100010000101110010001011011101110000111001000010101100000100001001010110100
00000110010010110100110110011100100101011011011010001111111010
11111001000011101111001111111111011
0101100110111011011010101010111111011010110100111001000001011100000000011101001111111111001000101000
11000111111010111111110100010110110000101111
01111110110111001100001101100010110011011101111111100011011000111111
00010010000010000011
111
00000110000000
1000001000101100000000000000
111010101000010001
100111001011
0111
1
0000000000000101101000001100010011000001000000101010100100000101110100100101101101110111
111100111100011101111110100111101010000100010010111111110011100
01100100010010111100001110011101001011101010010110000010100100101
111000000010001110011010010111001010110100111100010101100000100011011100000100110000111010000011001001011100001101000001001100000000110010011010000
0001000001000011000000010100000000100000101010010111010111110010011111100001110011111011110
0000111000010000
01100110010000110101000000001100010000100010000010100000110100100110100111100110010111000001111010110111010110
01100001111110100100011101001010111001110001010001011
010000101000100011011111011111110111101110100010101
01010010110101101100000011010000111011
110110010101110111110110011011010110101010101101110111110001010111001100110100111
11111101
10101111011111111111110010111011000111
00101101110011001111000110100110000001001101111001001011011001100100110001010100101011100001001101000010101001100010
00100011100011011000001011100101101100111111101000001000101010000
0001100010001010001010110010010100101001000011011001101010011111011111100100010010000101000010101011001011010
01101111110101001111000000
0110000001000000110
11111011000000100010111110111111100101110111
00000001000101010000001000000011101010011110011001100010011100101000100010001010010010101
0111101100010100000001000001011100010100000111010100010100000010101010100101000100
01100111110010100001000001
1100000
01110000000
0000100001000000110100010000100001100010000000100011001000110000001000
0010101000110010010001001100010101000101000100000110010010110011000010000101010101010010111010010
111
1110101110101011111011001111111111001010011111110111110110011110110011110000001000001100110000011100100100001000001001000010111011111000111010011000000
0001011101111111101110011111111111110000110111100100111100010111101101
0100100001001101010000100000010000000100011100110000011011101100010
1111110011011101110100111110111111110110001011101011
110111001011011111000001101010011001001
1111101
00110100001
111111111011000010
0011011110
0100
0001010111011001010101101000110000001101011110010011000101001101000
1011110010010000100000000100010100110100001000000100101000010010010011011110111011010000101011100
01010100101001101111111001111001101010100110000000001010101010101
111111101111011111110111110011111100
110000010010010011000111010010000001000010001000010000100101011110101110110010101000110000001000110100010001000000101001011
011011110110010001011111101110100001110111110111101
010110011001000111001110100101010101110000111100
11111111111111111111101011111
11001100101001100000101001100000011110000100001100000010000010001100010101110110111100001001001010000010001010010111100001110110101
1100000
111000000011110
000000010011101001011001010010011110100010101100001000100001011110101101011
110001000101101010001110000000000000011010001111010010100011101010101011111001110
011110101110111100101001111111110010100111001100010101001100
100101110110001111100010110011010110101000000010111111110
1110111010111110111111111100100111001
1
11111111110111111001101111011111
01001011100010010100101101000100001000000110001010100001010000010000000100011100100100110000111000101100010100011000101010100000110011000
10110111000111000100100101000000010011110000001101001101010101111001111011011000011000000001
00001000101000100100100111000000001111001000100010000001000101001110011011111101100110000100011000110010001000010001100001000011000100
1011001110001010111010111111100110110111
00010001111001100100010101111111010111101110111100000100000100001000000010000110010000100000100
01000001000001000001101100100100011110001000100101011101010000001011101100010101100
00100000100010100001000100010000000101111110010000000100010001000010010000010000100000110110100000001000011001010001010111000100011000010001110001110000100100000101010110000
000010010101111110101011000010110100010010100101110101001110100001000010011010111000100001101000010101010010001110010101000010110100010000111101
010110010010010000001011100010111110101000100111100111011
010010100111010100011100010000000110001100001101001000101110001110001000010010000010100000110000111010
000101000010000001010000101000000001010001001001000011001001100000000001001000111010000100101000000011000110110100001100100100000001111110100110110111101
1010100010010100010011011011000100001101110110001000010010001010000000000010100101000101000111101100100
111101001110111111111101111110011111
111000000000101001001101100011000000101001000010001000100100010100100100000010000000010101000000100000000100100100001000100100001000001010000100100
0101111100111011011111111101111011
01011110110001011101100110111110100110000010100000100000100000001010100100100000011010000
00000000101000000000000000010000010000000101011110011110100000111000000010000011000001000000000000000000010100101001000001110010010110110001101010100111000010101001001010101110001000000000110000001000001001000100000000101000000000000010000
01010100011110001010110000101000011000000100011111000101010001000111000101011100
100111111111100011100000100101000001011100
00111111111101111111101111111010111011010101111001011111011111111010111101111011111111101111011111111111100100000111110111011
110111110010111011111011111011101111000001111111100101111011011
0010010001111011101001111111111001010100000000011001101000010011110100100001
111111111110111110101111111111111110101100101110011011010111111111111111111100
1111110111111100010010110110111100
001100100000100101001001000001000100000100001000010001010010000011001100000110001010101000011101100100001010011111000010101101100001111101111110010000011
000001110000110001010100011101000001010100100000001000100001101011010010111000100101110111101101100000001000000100110101101100
1
0001010000010100101001100000100001001111010101001010001011111101101011101110101011110110010110011000010000001100011110000100110001000101011000001010100000010000110
1
00000001000100100011011001100100001000100001000011101000111101101101100000000000101001010001110
10010010011000100100110100110101000000110010101110111100101010101100010010010000100101001101000000100101010
10111101111101111101110111001
10011011010111001101000001111111001000100011011000000111000001010110101100000000110101101110010010101111100
1001101100110000010011100100101010111101111001001101101111011011101110001110101100111100011100010001100100100010111001110000010000001010011111110101000001110010000011100101001101110011110000001
010101110010000111001111001000100001100010010010110100010100111011000011110001100111011001010100
0000010001001111100001111100101100111001
010011101110011011111111011111100100100000010010001011001111000100001011111111101110000100010101
010000000001
1101110101110101111111010001000001110101100000100000110110000111101
0100101001000110000000000000000100000000010111010
000010001110111000001110
10001101010000000000000101
1111110111100100010010
110110110101111100101111101111011111011110001100011101101100101
0100110100010110100
0100000010010001011100000100111000101101100001001000000010000010101011101010111100000000000100010001000110
0010010001010100100100010101010000110101010101011100101001001000101111010101100100000011010100101100010001100
111111111111111111111000111011111001000111101000110111110000
101000110
0010110010011100111101111100011011111100100000100111101100011011010100111101110001001101111101111110111110011111011011111001010100000
11011111100011111111111000101101111
100010100001000001110011110100110010100001000001001000011
011010101000011110110011010111011111011010010001000100011010110111101101100100010000111101000101100101
101001111101111101111100100
10101000010000001100111111100101101101101100001111111010111
1011000100110000001101110110101010001101000111000000011
0111000110010101011000001000101000100011010101101000000000110001010000000100110101110000011010
0100000000100001000000011001000010000110011001000000010001001000100001010100001100001000010010001100000100100100101001000011000000110001100101000101111010001100010000110000010111000100011100100001010110
0000000000010110100000010110110100111000011101110001101011000010010010100100011000011
111001001
0000111011011111001100000000000
0010000010110100101000110100110100010010001010010001001010110100100100010100101000000100100011000100000010100010001100110010111000101011000010100001011
0000111000001001000011010
110001000111111111111000100001000110011001
111
101110010001101001011111100010100100010011011011010000100010100110010000100100001110
111001101
11011101110010110111111110101011000000000000101010111
11110001010101110101111110011001110100010001010001011001110
01010101111111101011010011111000000111110000001111110000010110000000000010011001000001100100000010000110000
110010101010100101000010
10000110010011001100110010101101011110101101010101110110111
01000101110110010111100010101001010001000110110110111001110111100001110010000001111011100
11
101010000101101000011111101100100111110111111010
0001011010101111011000011
0011111101111111010111110101111110111010000100000101011010100110101101101
111001011111110
000001100010000010
001
011
011111100000000111111111001001000011101110110111111001110001000101010010000000000001110100011110011000001001000000010000000011010111011100000
10111000000010010101010001001001001001101011111100110001111111100000001011001001000001101011100110000100100001001000100001000000100000100000010010
000100100010000001000110111110100101111010010110001100100011110
11011100110101101010110101011111000101000101111
0000001000001010011000000110101010010001000110000001100001111111001101110000010111001010001001010011001
00000
0100001110111110111101101100111001
1101010011011111111101110110011100100100110111111111011011110
10100000
100001011000010000101000010110011001100010101000000101001011000010110100001000011000010001110011000010
00101111101001000011111010010000000101011100000101101010100110110101
