001
1
1
0001
1
1
1
00001
11
010
01
1
1
0011
11
1
001
1
1
1
010
1
10
001001
0000
1
01
1
1
1
001
100000
0001
1
1
1
1100
100
1
01
1
100
01
001001
1000
001
1
001
1
1
001
1
1
11
1
1
1
1
1
001
1
11
001
100
1
1
11
1
1
100000
1
1
0111
1
100
001
1
1
1
1
1
1
1000
1
001
1
1
1
10
1
1
001
001000
001
01
1
1
01
01
1
001
001
100000000000
01
0000001
001
1
1
1000
001
1
001
11
001
001
100
1
1
001
00001
1
10
010100000000
1
01
1
001
00
1
0001
11
11
010
001
1
1
1
1
001
1
0001
0001
1
100
0001
1
1
1
1000
1
0000101
1000
1
1
0100001
