0000011
101000000
0011
101000
00
000
000011
0000
011000101
10001
101000
0000001
101000
10000001
10001
11
00000011
101000
00011
100001
110000
0000011
0011
100000
00011
0100000
010100000000
101
011000
1100
000011
11
10000001
000011
11
11000
0011
00000011
1111
011
1111
101
1100
0000011
110000000
001
0011
0000001
000011
1000001
00011
01000010
11
11
11
110000000
0
01001000000000
10000001
0100100
0000011
0011000
11000000000
01000000001
101
110
00011
010000001
11000
0000000
010001000
11
0101000
01
00000011
0010000
11
1000100
000110100000
11
10001
