101100100011110110101101110
11010111
0001
1110
1110010011111111010000
00001100000
1101001010111011
101
10101
11
1111010010000
1
101
101
1
001000100000
110000011001011100010011
10111100101011
011
1101
00011100110001011000000010000000001000
011011111110101000001100100
1
1110
11101000110100111
1001100
1001000000
000010000001000110010001100000000100111
0110000010001000010
0111
100010101000011010000001000100011100
0111010
001
10000001
110001100100000100001101
1101
011
01111
01010100010
001110110111010001011111000100
000001000101100100100010101100110011100
111011011011111010100000010011
111
101110000010000
00110
1011001100010010001110000
1
11101
0000101111010001010000011100000101000
01110001100010001001001000000001001010
000000001011011100100110100000000001
1000
0010011
1
1110010000
100010000
0011
1
1
1
1001100001000
0010001000011
1
010011100
1010111111110111
1
100
1
0111
01101010000
1
1
0100000010010010010110011100010101001
1
1000100011111110000111010
0100010001010000000111110010001
1
000011000000000100010010010100001001000000001000110010
1110101
00000100000010000100000000
1001
000
011000100100000001
011
001
1
1
1
1100010
010001001000100100010010011000110100001
1101111111000
01
111
001
1
11111100110101011110111111110
1000100010
000100011
1
11100111
0001111000100000100111000000000010000000010000
011010000011111001
00100111110
1100010010
1
10010
1101000010000110011110000100101
110001
1010000
1
1
01001000000
0101
111101011011
0011101
1
0011
1100010100000
11
10111011101110111100001
00010011110101011
110011
00011000100
110010
10000000000010010010000101010011010011001011000000010100100
0001001001101101000101100011100010
111010
0100000111111000011000000101
001100110000101101001010000001
00110110110100110
1100
110010
0101
0000111
1010000
000101
11111100
011111
001101110101100010110110
1
1101101
101001000001
01011010001000
11000111001010011
1100110
101100000000000000011000001001000100010000100111000000000000000000001000000000010010110010110010000001000000000010000000000000010
1101101010000000010101100100010100110
1111101011000
1000110
11001110000010110010001000011000
0111000000001
110000000
00011110
01110101
1101010
0010101000001101100001010001000100100111110010110100000001000001001101000100000110001010
1111000
1
10001111101111100101111100010000000
111000010000010
00001010010101000010000000
000100011000010101001010
0001
1
11
11
001111
010100001010101101000100000
0001011
1001100
0111110111000100000010001011100000
110010100000
10100
1
0001
01001001111
01
100000000
111
1
0110101000100110
0101001001000100101001101011110
01001101011010
0010010011000010100100000100000001001
0000000111010101010000000010001100010010
1101010111101101
100001000000
1010000000010
1100
011001110000110110011110100001101
11
0100010001101000101001010000
10001010111000010
0110101110000000000100000000100010011101110111101111100101010111
1000010100001
0001111
1
1
10
1011010111000101011100011110110011101
001000011000000000000000001011010001001010001000100000110000001000010010001
10100000001001001011111010101010010010
1001000
0000010000010001
0011
00001100110100010011100010100101100000010010
10111
1
1
101111
01
011001001110
1111110
0101000001000000
1
000111110110100101000111000000000000000
111110001101100111
1
0000011111001001110110111101011
1
1111011101011000011001000110111
1
11101
011101101111000000100010
10000
1
000
101010010000010101110001001000
100001
1
1000111000001100001001011111110000
1
01
1000100000100010010001000
11
011
0110000
1011100001001111011011011
110
01
1000001000110100101010100001010000000100000000100010010
000001001000010001001000010101001100
11001100101111000100000000101
001000
1
0010111101111110111011101111010110111
1
00101000100000001001010100000100000000100100010
11100100
111101101001101110
1111111011001
1
111101010
010100000
11110111110011
01011
0100100
100101111
1000
1000100001101011100010111
101101101110000010001000000010
00010110000
0011
100001000
01001
111010010100000
11110111
1
100000110100000100100
01001
11101111
1
110000000100010
1100011010010001111
1
11000010011101000100
100000
1000010000011001100100000000
1
1101011101
111010000110010
1
1
010101011101
100
0000111
011111
1000100000001001110000001000001100000
0100100110010100010000
1
0101101101010000100001100000010000001000
1
0100111010111110
0111111010010011011
011
001
01100
10000011100001000011000011001101000000000011001
101
1
111011
1000000101000100
11111
0111
0110000000000000
101110
110010110100010011001
000
1
1101000101
110001001111111100101
10001010101
11
001
1111001001100100000000010000010010110100
100011100000001000011
101100010010010000000010001111100100000000000000
010000001
00001
101111
011011101000
0111
1
1
11011
01101011100
1111001
111111110001100
100001001100101100000000101011000001
111100
1100101010000110100010000001101001000
1
100100010001000100101001010111101000
111111111111
11000001
11101100011000100000000010000000000000110000000000001000011
1
1
1100000010010010000100110101
1
111000101010101110000000
1101
000011
11
110011110010000
00001
110
11100000010000100010010001000000
100111011101101110111101001100110100
1
1
1011100001
011010000
11101011
0001100000
11001110001010010000101100
1001000010000110000000010010000000010001000010010001000010010
01000110010010000
110011111
11000
111100010000010000110000101100001
001
0001
00100110000
0100001000100010010000000100000000100000000
01000100100001000100001100000100001001000
11000101110
1100010001010000
01111100000011
1
1101
11110111100111000000
1100
1
1
0010100000010101010110000001100100001
00110001100000000111001110001001111001000
10111
0
00001
1011000
10010001101100011110
100
000010000000000110000000100100010100100000000100111000001001010000100000000100
1000
0111
1100110111101100001000
000100100101000101000010011011100000111110
111010
100010001110
1
11101111101001100
1
10101101111000010001011
1101
1111001010100010000
111000
10011000000100001
0000111001100011110000011000001110000101001
0111
0101110110010001110100010111
011000000
01011001000011011000011111100
1
111
101000110011001111111110001
11010010
010111111
010100010
0001011
01100100
0011011011111100110
0011011
101000
00100001101001001000010010000000010100000
00000010111000100100000011
1110010
1
011
0100010000000001
1111110001111111110100000001
10100
1
001011100111001011111011001111
0100101
100000001
11
11
11000
01101011010
111011111
1
110111000
0001
11
11011
1
100
11000011
0001011001101110000011010
101000011110
1011111110101000100111
011001011000000010100010
000011
01110000
111011000000010011000101010001001011000100
10100110110101110001
1
1
100110000110
1
11100111111011
011100000
1000100100
101
1
100000
1111110011011010
1111111001111
1000111101111
1
11110001
111011001
0101
1000000001
001
000110000
11
111011101010000100001000100100001100111010100001000001100000000
1
111111111011000000100111
1110111
0000100011000
100000110010000
011
01001011111111111111101
100110011010000100110010000000000001101101011
111
11
0000001100010011000110101011110110101101000000010
110101011
100001
0001110110011001011100010000
11110011100110
1110010011000011110101001000110001000
1
00111111011011111011111
01111
1100011
011000100100010101010100111001
011100
01
111
1
00001001100010000000
011
10001
00000001111010100100000011111111101111110000011
11
001
1111101010101
1011
010
110100010000100100000010001
11000111101001
00110
11001000011101011101011
10000000111101101101000000100
111000101
01010000
010101100000001010001000100010010000000000010
0111001
011100100010100000001
1
11001000100010001011010010000010
11000000000000
01000100100000010
010001100000010100100010000100000
1000000100100001100001111010010000
1
1
111001000001
111000110100010100011000101000000010001110101000101101
011
1
1
11111
1
01111100100100001
101
1100
1101111011001001111
1110
111011111
101
0010
111111111001111
1000
1
01
01000010111100101000111110101
1
1011100000110000011000001101000001010000000001010001011000000010010
11011
10101000111010011000110
10
1
101
101100
0101
1100010
0110101000000111100111110
110000111110010101000011010011000011000011100100000011000110010000
010100000
1011010
10001101110011010000010001000100000010010000
1000
10000000000100101011
000101000000000000
1
0100001100010000001011001011110111000010000010010
1100110000
100111010
101000011011111110100010011
111
000000100100100000100100001010000
1
1
1111111011
11111110
1
10100001
111
110001110111101
01001100
1111110100111
00011
101111
111111011
1
1
1001010
011
11
011
111110110
00001
1
1101
101
1
100001000001000111
11100101
01111
1
100001
1000000001110111011
11111101110111
11
001
1000
001
1
1100011
1
0100100010
01001000100101000010000010010000
010
011
1101001101111110001010000101
1110000
1011111111011110011
00000100001100101101101101111011110000000010000101011
11110
00010100001101001001000111000001010001000000010000011
010101011111101111010
1111001011
0100011100111001111011111101
11101010010001101000000001100000001
0101110101100111011001
1100100001111011110
110
0100101110101011000110000
1110000110001000110110110
1
01000110010000
010100011010011000110100000001000000100010000
1
01000000101001
1
110
01110010000100100101100100000100100010100
10001
1
01
011
1000111000111001001000000101010
1100
011110010001110001
1
10001001000100100010000
01010010000010111010
11110
01110011010
1010010001110000000000111001100011001111100011101111000000011
11
1
0111111111
1101
1
1111
1011
1
1
111
011
011010010001000000100
101011001
0011
11
00011111010100001101100
11
00101001110111010111
10110101101111011
001100101011000010110111111
11
1111000111
01001000100
111111011010
0100
000001001010001001010101001000100000100100001
1
110
01110000100100100000000000
1
11000
101
1
11111
01010000
110100
11
1100
111010101111
100001
0010100001010011011001011
1
011101
010100001
00111
1
1011010001011110110110
1
11111111
1
0101010100010000
10000010000
101101
01000111101001101111
10010001000
0001
11
011111110111111
10110100111
10011001001101100001010010001001100010001000001000100011010
1
101
101
1
1011111111
000111101101011110001110
0001001100100001100101100000010101000010001000
1000010101110101101001011110
1
0101
0111000
101110100000001000001011010111
1
1101
11101110111101111
111110110101101
100010000
1001
11000000
11000111
01110001
011
0100101011000000
1
1
101000
01001000001
10010110110
0001100010000000010010010100
01
0100000
1011111101
01010011001110110101011110010101110010000011000000000000
110
001111
01000100
1001000011001010000110011110100100
01101011011001
110
00010001011101000100011000000000100000
00000110000111111100000010111111010101111000
01
1100
111100110110100111
111000000010101010001001101001000100001000001010
11001100
0001
1
1000
10110101001011001011110101
1101111111010011011
11
1011001
11
0
011
100111111010010001011011100
000000011110100000001000
100101100001001100100010000010010
1
000101010100111011010010
1100
001011
01111110100001001
10010110000
10001101
010
011
000110101000010010001100100110000100000000100010000000
101000100000010001
1000001
1111101101111101
111000
0111
101
000
101101001100010110101000000000
01010000
11010011000010101110011000010001
1110010111000010011
1
1
100010100
001
011100011110101110001
11
1
10010111001
1111
100000011000000
10001001
1011
1011
001010
1
10111
1111100000100
1
111100000111101
100100
111111101111
1
1000101000001000
1
11000010100
111
0001
101001011010011001
1
101
11101000000001010110
1110010001000111101010010000100100
11
111000001101101110000110
110
11
0001
1
10001000010
1
00011001010001001000011000001001111000110001000111111
11011
01111110000111110100000101011000
0100010110000010000
101110111110
11111110111000011110
100101000111
01010001
111100001111011100111111
1111110011101
1011110111101
100100
00100100111010000110101001000100000000001
1100101
11110100
1001000000000000000
11
10010
010011011001011111
111
110100
0100110
00010011110100011010010
001100101100000101010
10010110101001001100000100010100000001010
00110100100001110100111111011010111111
110010
110010000100100010001000001000101010000100100001010000
1
01001101
0001
01
011100111110111
0111100100110110
1
01011
001
00001101001100100111000001101000101000001111
1111
100000100111110011011110
1111110111
01010000
111
11010
0101010001010000000010110001100010001000101000100011011000100
11110000
10000010001000000101101000100100110000010
1110101111100001011
11
0000100100010000100000001000
0100000100001000000
00010000101111011000110001010100000
11
1
0110000
11
111
1001011
0100
111010000
001001
0010101001100010000010000
0111010111011011
100010000000000
101
111110111
101011100110001000101011011011001011
001101000001111110
0010110011000111111011001000
1000
1
111011001111011
11111100011111
110
000001
000011011011011111101000110101
001
10010
10011
01000111
1100101000000111
11
110111111101
11
0001001000
00001
1
011011000111010110010000011
01110101011
1
011
1110110111001
01
00100100110
101
000001
00010001
11
000000011111001000001000000110
01111
1110
1
111
11001011001001110011
111
011001111001100111111000
0101101100001100001000011000000000
00100101110000100010000000100110100001001100110
101010110010110000010000001100000001
11
100100010010000110010
11
1111110111
001
101001110100010010011111000000110
111011111
0010001000000010110110001000010010001100000
10001000010
101000101010001010011
10010000
011010001
111010001101010
110
0000011001001011101
10100000
010110001011000000110000100010100
1
010001000110000
110000
100000001101101110111011110
011
1101
011
01111111011
1101101001111
011000001100101100011100100001010011
00101111011110011
001
00001001001000000000101100111000001001000100000000000010011001
1
100
101000100000010000011
010000
11
11010000100
01100100100010
0100000
1111111111
11
0101000111011011000101
1110111010
1
000001001000110111011000011010
011
1100000100010
01
11
11
00111101000100000100010001011
1100
011
111110010110010000110111
110
11
100010111000001111111001
011110011110000010000001
1110
101111011110110100010000110000011
1011000000000000000
011
11
00111011
0100011000001001110000000000110010000
01000100100100010
0001010001100111010111000000000010
01000110010000000000000010010001
1
1
001000010000010100010101000010000
0000000001101100010001110110000110000011000000001000
1
11101
0100111
00001010011100010000110000000001001001110101
11000101111000010001101010
1
100
011
1
0001110001001101110011010100000010010
01100000001111111
00010110100001000101
0000001101001101001110
1000000
11
11100001111111
11
11
0010001000111101010011111
001
110000
1
110111
10110000
110001000
11101100000111
1111101001
11
1
1011010101011000
1001
01
1110000000010
00
01
0001101000001
01111
00100
00110100001001100000000101010010000100010100101110100010100
110101100111011110
010010010011111111110000100001100000
1101
00100100101010011000000011000000000000
1011100000
1001
00101010000110010011100011001001
1011001000000100110001011001010000000100100010000
0000010010010100110101110000000100100001000110000
11011
111001001000110
001
1
11
1000101011100001000000110110
111111
010011001
111000
1
10100110010100
100100000000011
1000100001
