01
1
1
1
1
10000000000010100000
1000010100
0
01001100000
1
10001100
1
1
1
1
110010
0111
01011
010000110
1
1
01011
1
100011000
01011
000001110010100
1
10101
0110001
1000110000
1
1
1
100010100
1
010001100
10001010000
11
10101
1
01011
00110001
1
001001010
1
001
1101
1
00001
0100110
001010001
1
10100100
101001001001000
1101
0
1
1
1
11
1
1
1
01
00011100
1
1
01101
1
1
1
1011
0100110
1
1
0010111
1
0011000010000
1
00
1
11
100100100
101001
0111
11
010000110
1
1
10001100000
1
1
1
1
1
0101001
1
1
100001010
11100
1
1
1
01
1001001
1
1
10101
010011
100000011
1
011010
1001001
11000101000101000
10001010000
00100110
0110001
1
101011000
1
01011
0100100010
1
010
1
0101001000
01
1
1
11
1010001
1
1
1
00111
1011
1
1100
01101000
101010
010001001
0111
1
1
1
10101
11000
010011
1
1
1
10010100001101
00101001
00001011
