001
1
11
1
0000001
1000
0001
01
1
1
010000
01
1
00001
10
000000000011
000000
0000001001000
01
010
11
1
01
01
110000010
0000100001
00100
0001
011
11101
01
001001
01
010
0001
001
001
0010000
00000001
11
1001
100
0000100001
1010000
1
1000000010
0100
000101
101000
01111
10
00001
1000
0000100001
11
100000
01
1
001
0001
10
0001000010
0000100000001000
1000000001
00101000000000
001
0001
1
100
01
011
01
1
01000010000
100010
000000001000001
110000
0001
01
1
1000000
0001
0001
0100100000
0100010000
0000100001
0
01
1
0
110000000000
0100000001
11
110000000000000
01
1010000000
0000101000000
010
0001
0001
111000
1
00001
1
1
1
0
01000000
00100001
10000
11
000010
0001
010000
01
011
1
0000100000100000000000
0001
010
101000000000000001
0101100010000
1000000001
00
1
10
0001
1100000
00001
0
01000001000
0100000100000
011
001
010000010001
0100000
10
000011
01
1
11000
101
0
11
001
01
11
11
000000
01
001001
01
10
0
01
1
01
00001
101
1
101000001
1
10
0000001
11
0000100001
011
1000001
001
01
01000010000000
000000110
011
000001
0110
0010001
1000
01
0101
010000
1000000
0001
001
101
1
01000001
0000
1
0001
0001
10
1111
00001
1001
10000000110001
10
10000010000
00001
11
00010
011
00001
11
0100000
00111
0001
00111000000
001
100001000000000
000010000000000000
10
010111
0001
1100
000000000011
10100
0001
0000001
101
01
00000010000000000010
10000
0100010100100000
011
100000000
00011
10
01
01
000101
11
00011
001
000000000000100000
010
1000000001
011
000010010000010
101000000
000011
110000
01
01111101000000000000
0100
1
001
01
001
0100000010
01
0000101
0
01
000001
100
00
0100
01
11100010000000
001
10000
00001
00
10
0001
0000101
11000000
1
0001
1
000010000000001
00001
1
0001
11
01
00
010
1000
1
000001
01000010000
1
0010000001
00001
001
10000
11
10000000
0001
1100
00000101
10000010000
0100000001
1
0010
0001
01
11
11
00011
01
11
100001000
11
01
00000000000000000
0100000
0011
0010001
10
01
011
00100111
01
1
01000000010000
01
00011
100100
01
01001000000000
01
11
1
011
1
1
1100000000000
00001
100000
100000100000
1000
100001000000
100
00000101
01
0001100000000000
1000000001
01
11
010010000
001
0001
1000010000
0000001
010000
1
0000000100001
100
11110000000000000010000000000
0001
0100000
1
100001000000000
1
1000
1
0100000100
01
11
1
1000000
000001100000
0000000000000
010000010
1000010000
0000100001
1
100
00001100001
10010
1
