1101
1
100010100
1
01001
1
01100
1
1
1
1
10100000001
0001
01
1
110000000
1
1
101000000
01001
110000000000
010001000000
101
0001010000000
000101
11
1
0101
1
1
011
0100
11
101
10000001
1
10001
01001000000
101000001
010001
00
0001
1
001101
01
1000100000
01
0101011
1
1
1
0101
110110
0011
1000000010
001
10001000010000
00100
1
1000100001100
01011
1
0001
1
01110110101
1000010
00011
1
1101
00001
10000001
000001011
0100001
01010101
1000
0001
101
10
111011
1000011
1
01100010000000000001
100011
100011
01110100
00111
01001
100
1
1010000
1000
1
001
101
0110010
1
000001110100000000
1000000100000
1
011000
10101001
110010
1
0100
101011000
1
011
100
010000101000001000
1
100010
1
01101010100
001
011000010000
1
00101
00100000010
1
1
0101
100101
10
0010001001
0100
01
00101
0001
1101
1
0011
1110110100
1
11
10011
1000100
10101
1
001010011
11000000
0110000000
1
111
11
001000101000
1
1101010000
11
11
011
1100000001
01
11
000010001
1
111010
10001
001000100
00100
000000010010001110101011000001000000000
00110001
1
00001001
11
11000
0111
10000010
10
1
0101
101000000
000001
001
1
1101
0101
001
1000001
011
001
1
1
11
010000
1
101
11000
1000000
1
01
0100100
1
11
01011
10000
0010001
10111
11011
11
00101
101
011
00001
010000001
000011
10000000
011
1
1
1
1
010101
101
11010100
010000001000
101000
1000000100
011
10000011
1
110
1
11
1001
011000000
001
00011
1
1011
0100
1010
10
000101
1000000
1
1
1
011
000110000000
1000
0001
0101110011
1
1
00111
1001000
1
001
0011000000000
0001001
1001
0001
1
111
1
110
101000101
01001
1
0000000101001000101110000
101001100
011011
1110
1
011
1
001001
1000000
01
1
1110100000
011011
010
0101
0
01
111
0100100
100100000
000001
1101
0000001
0100
101000000000000
1
0001000
11110100
01000010000000
1
110101010
1
1
01
11
1000
1
1
1
11001000000001
1100
11100100
1
011001
100100
011
1
1101
10
1
00001001
1001000
11
001
10000000
001
1011
1110
11
01
1
11101100
1100011100000
011
1
001
1100000
011
11
0011000
01
001
101110
1101100
01010001
010000001
101
0010001100
0001
110000000
001
1000110111
100100000
1
000101
1
1
1010
1
010001
101011
101
0001
11100000000
1001
101010000010
1000
00101
101000
1
0000000011
11
1
1
1
1
011000000000
1
1
110
01100000000
100010000
1000100000011
00110000
1
1011100
1
001001000000
11
1000001001
1010
11000100100000
1000001010100
1
11
01000010110
001
1100000
001
11
1111
11110
0011
1
011
01010000
101
1
1
10
01
0001
0
01
11
001
01
1000101000
001
1010000000
1
0011
1
001000010
1
1001010001000
011
0101000000
0101
1
1
111
1101001
1
1010110000
1011000100
0001
010010110
1001
01011
111
10011
0101
0111000
1
00110011
1
00001001
0101
11
01010000011
10011
01
011
1
10000
1011
1001
0111
0001100110
1
1
1000101000000
1
0001
001
11
1010100
1
1001000
101101
1
11
0000101
11
11
1000
00001
1
11
10001
00011001
1
1
11
011
01
011
0101
01101001
1
010
0000011
1
1
00
1
0100000100
00001
11
01010101010011000100001
110
001010
011
01000010
1000101
1100011
0001010100010
100000100000000
11
111
0110
11
1010010000
0010001
01010100
1
011
11
101
10
0001
00001
11
011
0010001
001
1000
01001
1
1
1
01110010
10110001
11
0011011
10
0100
1
0100000
0101
00001
10
0011
11
011
100
10
01
00001100000
1000001000
1
1
10
011011001
1100000
01001
11
11
1
100001
1
10000100001000
11111100010
11
010011
1100011
1011
1
0100000000
00001
101
01001
011
1
011011
011
1000101011000
0110
011
1
1100101
11
1
01010001
1
1101
111011
001
0010100110
1
1010001
110
00010000000011
00110
1010100000
1
100100000
11
11
011010011110
1
011
1
001
11
0110110111000101
1001000000
010001
1001
0001
0101
1110
1
00010101
1101001
1
1
001001
11
0101
1
1100011
11
11
1
11
11100
001
101
110
1
01
01100
101
00010101
11100
00001001
10001
1
0101
011
01010101000
11
10010
1
1
11
1011100
0101
111
1
011
1
1011
0001
01100
0001
101
1011
101
00001
11
10001000100
01
1111
001010000
001
101
01
0101100001
1
01
0011000
001
01001
1
1011
1
0110011
1101100
0001110011
10
11
01
0110011
1000
1
00100001
10100
0001
01000100000
01
0101000
11
100100000
1
010001
0111000
01
11
1
1
1011
100
11
001
001
1000
10
1
1
00011
100000001
1
1
101011
100100000001001
1
1
1
000111100
1010100001
100001
1
1
100100000
11010001000000
11
01
1
1001
01
001001
