1
01
01
1
1
1
1
1
1
1
1
1
01
1
1
1
01
01
1
1000000
1
001
1111
1
1
01
01
01
01
1
1
1
1
1
000001
1
10000
1
01
1
1
1
10000
10
11
001
1
1
1
1
1
1
1
11
1
01
01
1
1
1
0
01
11
0001
1
1
01
10000000
01
1
1
1
0101
00001
1
1
1
1
1
1
1
1
1
1
1
00001
01
11
11
001
1
01
01
1
1
1
1
1
00000001
1
1
1
100
1
01
01
1
111
1
100
001
1
1
1
1
1
01
1
1
110
1
1
01
001
1
1
1
01
1
01
1
1
01
001
01
1
1000
1
01
1
1
1
1
1
10
1
001
1
1
1
1
1
1
10
10
1
1
11
01
001
01
100
1
1
01
1
1
01
01
1
1
01
1
1
1
000001
1
1
1
1
1
1
00001
01
100
1
01
1
1
1
1
001
010
1
1
1
1
01
11
011
1000
01
001
1
01
100000
01
1
1
11
01
1
10
011
1
1
1
1
01
11
1010
0001
1
1
1
1
01
10
1
101
1
01
001
11
1
001
0001
1
1
1
1
1
1
1
1
11
1
01
11
1
0001
1
1
1
1
1
000000001
1
01
01
1
1
1
11
1
1
01
1
00000001
1
01
01
1
1
1
01
1
001
1
1
1
1
1
10
01
01
1
0001
1
1
0100001
11
1
1
11
1
1
11
01
1
1
1
1
1
001
10
1
01
11
11
0001000
1
1
1
1
1
1
1
10000000000000
1
1000
1
1
1
1
1
1
1
001
1
1
1
1
1
1
1
1
1
111
1
0
1
1
1
10
1
1
01
1
1
1
1
1
1
1
10
01
00001
001
1
10
1
01
1
01
01
01000000
01
1
1
1
1
1
1
1
01
1
01
1
1
1
1
1
1
1
10
01
1
1
11
001
1
1
1
1
1
1
01
1
011
1
1
01
1
001
00001
1
1
1
1
1
00001
1
1
01
01
10
1
1
01
1
1
1
1
1
1
00
1
1
1
101
1
1
1
000
1
1
1
1
01
1
10000000
1
1
1
1
1
01
100000
0001
01
1
1
1
1
1
1
1
1
11
001
1
0001000
1
1
1
0011
1
1000000
01
1
1
1
1
10
1
1
1
1
1
1
00001
1
01
1
1
01
01
1
1
1
00001
1
