1
111
1
11000000000
1
1101
111000
1
1
10000001000000010000
0101000111
10000000100001
111
00000101000
001
1
000000001100
01000101001000000
10001010
001
0000110110
00
011001
1000000110
1111
10
011000101010
110000100
000011001000
1111
11001
01001010
1011
1111
0100001
10000000000110
11100000
10011
00000101
10011
00000001
1101
1
11101
111
100010000
1111
10011
111
111
00001
100000
0000001
11000010000
1
111
1000000
111111
01
001000
1
1
1101
10000011010
00000101000
10000000000
10000000
100001100
10000011000
110101
00010110
111
1000100001000
1011
01101
110100
110000001
10110
1111
1
1
1
00011
1101
01
100000000
000010
0001
0000110
0000100011
01
110111010
01110
111111001
1
1
000110000
111
1
111100001
1
111100
001
01
10000010010
111
10000000000010001
01001000100
10000000000110
1001100
011010000
111
100000100
1100000011000
111
1111011
01
00001010110000010001000000
00100011
10000110
11011
10000100010000
00110000001000
111
1011
1
111
010000011001110
110001
1
1011
1
1101
000000
10
110001
10000011110
11100000
111
11
1111101111
00001
00001
01
00111
001000000
111
1011
10000000000000
010000000000
01
1011
111
111
10111
1
00001
00000
0000000001001
001000110
111010000
111
111
01011011000000
10011
100010001001010
1
111
111
1111
10001010000
1
000001
0000000000111101
11100
11001
100000000001
111
11100
111
000001
1
01101
01
1
1000001000
1000000
0100000000110
0100000001010
101001
00101101000
111
1
11110
000001
00000000100
011101100010001
00010000
1000010001000000
1111
1
0100000000001000001101
10100000100000
10001000001
111
110010
1
111
10011
1
111
100000110000000001001
1
00111
1
10011
1000110
111
1011
00001
01000000001000100
111
111
0100000000
01000001010
01000110
0010000001001010011010000
000100001001000
00001
100000
1
1
0001110000001
1000010000
01
100000
101
1
1
11
10
111
111
01
111
1
1
000001
0001011000
1
1
10001001
1100001
1000000010000000000
111
11001101010001000100
1111001
10
110001
1
111
0011011000100000
0001110
1
1
10001010
1
0100000
000000000101
11111
11100
1101
111
001110
001010000
01000000000
00001010
000001
10100001000
1
111
011
1101
1
1101
1
11
1
000000111
111
00111
1000000
0001101
010001001000
111001
1000000
110000001000
111
0000100000011000001000100
00100
1001100
1011
11000
111
00000000001
1
011000110011
111
001000101
0101
1011000
111
0111
01000000100
001111
10
101
1
0000001
00010001000011
101111
01
111
01
010000010
000001
00100010001
000100101
111
1
01101
11100
10100001000
111
111
0111
00000100100
100011
010001000101000101
111
1011
111
111
100010100
001101
1
000001
1101
01101
111
1000000110000
100000000
01000001100
1000000
101001
0100000011
111
01
111
10
111
01
10101
0100101
001011
0000010000000001
00110100
000000001
111
111
111
1110
1011
000000000
010000
1
111
0110011
110001
10000110000
1000000
110001
00100000
11000001
111
11001
01
100
111011101
1
1
1101
111
1000010110
00001
111
010000010110000
101111
0010110
111
01
1
1001100
0000100000000110
0101
100000
0000001
111
010110
0001
111
001
1000000101
1
100110
1100001
1
110001
11111
111
1
100000
010000000011
110101
100000
011
11001
10011
01000100000
111
1000000
10010001100000000010000
1
11101
1011
1101
111
101000000000000
111
100000010010
001100000000
10101
1
000001001000010
1101
10011
111
00010001000
111
1
010100100010000
1011
111
111
10101
000001
10011
1100
111100001000
0111
0100101
00110001
1101
001101
00101010
111
111
1000011000
01000000000000
01000011
0000001
111
111
111
111
01000
01
100010001000
1000000
1
1
01101111
01
1101
1000
1011
111
000010000001001
01
1000000
0100010011111
1
1
111
111
111
1100010
0001000
10100100
0111
01
111
1
01110001010000000
111
01000011
000000010000000000110
111
11001
000000110000
1000000000001010
010
01
1111
0010000101
11
111
0000000000111000100010000000
111
1101
1
1
01
1100000101
111
01
1
10111
1101
111
001000
100000000
0111
01
111
111
100011
01110
1011
1101
1
100000
1
00000010010010000
100000000
10000000110
10110
00010001
100011111
1
111
0111
10011
110000001
0001
111
1
100000101000
01
0111
100000110
010001001
000001
1000110
100100010
1000000100000
100100110
01000000101
111
110100
0111
111
1100110
1011
100000111001
1101
10011
1
00010100000010000
100010100
110001000001
1011
1
0
1
100000000100010000
11010
0100000
0111
11
1111
01000000110
1000001001
10000110
10110000
1101
000001
101
111
1
1100001
1
10011
