1
01
01
0
1
1
10000001
1
1
000001
1
1
11
10
0
1
0001
1
1
1
01
1
1
0
1
1
1
1
1
0
0
1
0001
00100000
1
1
1
1
1
100000000
000001
1
1
0010
1
0
1
1
0
1
1
0
1
1
100000
1
01
0
0
1
0
1
1
1
010000
0001
1
1
100000
1
1
000001
1
100000
1
1
1
00000
1
1
1
1000
1
1
1
0001
1000
1
1
1
1
1
1
1
1
1
01
1
001
1
1
1
1
1
11
000001
1
1
1
1
1
1
0001
1
1
1
1
1
1
1
0000001
1
1
0
10000010
1
1
000001
1
1
1
1
01
1
1
01
1
1
1
1
00100
1
1
1
1
1
0
1
1
0001
1
1
000001
000001
1
1
0
1
1
0
1
1
1
1
1
10000000
0000001
1
1
1
1
1
1
1
00001
1
1
100000
010000
1
1
1
0
1
1
0
1
1000
01
1
1
1
001
0100
1
1
00000000001
10
0
1
0000001
1
1
0
1
1
1
1
0
1
1
0
1
1
01
0
1
001000
0
000001
1
1
1
1
1
1
1
1
1
0001
1
0001
1
001000
01
1
1
1
1
1
0001
1
1
1
0
1
01
1
001
0
01
01
1
