00
0
1
1
1
1
0
01
0
01
1
0
1
1
01
0
0001001
1
1
0
1
00
0
0
1
000
00
11
1
0
0
0
1
0
01
0
1001
1
0
1
11000
0
0
0001
0
001
101
0
01
00011
0
01
01
0
01
100
1
01
1
1
01
01
10
100
1
0000001
0000001
0
1
1
0
0
1
1
1
01
1
1
001
1
101
1
001
001
00001
0
0
011
00
00
1
1
001
100000
1
01
01
01
0
1
1
0
0
0
001
1
1
001
00001
10000
1
00
000001
0
1
0
100
01
1
01
1
0
1
0
0
0
0
1
1
1
1
0
001
01
0
1
1
1
001
10
1
1
0
0
1
1
1
1
0
0
100
1
001
1
01
001
0001
11
1
1
1
1
01
1
1
000
01
1
0
1
0
1
01
00011
001
10
1
1
0000
01
1
10
1
1
01000000000000
01
10000
0
0
1
1
1
1
011
00
10
1
01
01
00
1
0
01
01
1000000
001000
01
0001
1
11
0
1
0
0011
1
01
0
1
1
1
010
0001
1
0
00
001
1
1
010000
11
001
1
1
101011111001010010
001
001000
0
0
0
00001
0
10000
000000000
1
1
1
000001000001
1
0
10000
1
01
11
0
0
1
1
0
0
001
0
0
1
1
001
001
0
001
1
100
1
0
1
000
01
0
11
0
01
1
0
011
00101
00
001
00
01
0001
1
00001
1
1
0
01
000001
0
1
1
1
010
11
001
1
1
1
1
1
0
0100000
000
0
01
0
1
1
1
00
0
0
0
00
1
1
000001
1
100
000001
00001
1
1
110
0
01
1
0001
1
0001
1
1
1
0
0
11
0
01
1
1
0000
1
1
01
0
0
001
0
0000
01
1
10
000001
0
00001
0
1
1
1
001
001
0
00101
01
0
0
0
0
001
01
1
1
0
001
00
0
1
1
000
1
1
001
1
1
10
1
00001
1
1
0
0
0001
1
00
001
1
0
1
1
1
0001
1
001
1
1
1
001
001
1
10000
1
011
1
0
0
1
01
0
1
00
0001
01
0
1
0
11
1
1
10
1
0001
0
1
01
1000
0
0
0
1
01
001
00
001000
1
10
0
0
1
11
0
0
01
1
01
0
0
1
101
0
11
001
000011
1
0
00
0
1
001
10000
0
1
01000000
0001
0101111
00001
001
001
1
0
0
1
1
0
00101
00001
101000
1
0
0
010010000
1
0
1
100
1
1
1
1
001
0
1
