01
001
1
001
01
1
10
000001
1
10000001
0101
10
1
10
1
1
0001
011
1
01
0001
1
01
1
001
001
1
0001000
1
001
1
001
1
1000
011
01
01
11
110
000001
01
01
1
0000001
1
100000
0001
1
01
10
01
1
01
1
01
00100
01
001
10000000
01
001
1
1
1
10
0001
1
001
01
0100
1000000
1
10
1
11
1
1
1
01
01
01
1
00001
001
01
010
1
1
1
01
1
01
1
010
01
01
1
001
10
010
001
01
0
1
1
0
1
10
001
01
0001
100
01
0001
1
100
1
01
01
001
10
010
10
01
01
1
01
1
1
100
001
001
1
01
10
1
01
01
0001
010
1
1
00001
0001
1
1
1
1
1
001
1
1
1
10
0001
0001
1000
0011
01
100
1
01
1
1
0001
1
1
1
010
1
1
001
1
1
1
00000
100
001
00001
1000
0001
0011
1
10000
1
1
0001
1000
01
000001
100
1
1
001
01
1
1000
01
1
0001
10
1
01
01
1
1001
00100
001
0001
01
1
10
1
1
011
0101
1
1
100
001
1
11
1
1
1
1
1
1
11
01
0001
1
010000
000001
11
100
1
1
01
01
100
10
01
1
1
001
0100
001
001
001
1
10
0001
0001
1
1
1
1
0001
1
001000
01
01
01
1
01
100
0001
01
1000
011
1
01
11
10000001
0001
01
1
01
1
100
01
001
01
0100
01
01
01
001
1000
1
1
1
0001
0100
01
00000001
1
1
1
1
1
001
011
1
0100
001
01
01
01
010000
1
1
0
0001
10
10
1
0001
1
10
10
0001
1001
110
01
11
0001
01
