11
000001
1000000
001000
000000000000000000
100000
1
00100000000000000001000
0000001
0010000000000000000
1000000
1
0001110000001000000000000
0
100000
1
10000000
01
1000
0
100000000000000000
100000
010000000000
000001
0000
000001
1
00010010000000001000000001000000000001000000001000
00000001
001010000
0000001000000100000000000
1000000
11110000000000100000
00001
100000
0000
0000001
01
001000
000001
1000000000
100000
000001
100000
00001000000
1010000010000010000001
010000000000
1000000
0010010010000000000100000010
1000000001
1
100000000001
00000
100000100001000001000000000000001000000001
000001
0000000
11000000000000000000000000
00001000000
000001000001
0001
100000
00010000010100000000010010000
001000000000000000000000000000
0000000100000000
1
100000
1
0
000000100000
0
0000000001
01
0000
000001
0
0
1
000001
00010000000
0
100110100000000100
01
01
00000
001000000000001000
0000
100
10000000000000
00010000
1000000
000
001000
100000
100000
0000000100000000
100010000
1001000000000010000010000000000100000000000010
0000001
100000
0
1
1000000010000000000
11000
0000
100000
00000000000
1000000
10000010000000
001000
000001000000101000000000000000
0001000
000001
1
1000000000
1000001000
01
000010
01000000
01
0100000000
001
00
00000000000100000
0010000000
00000000010
10000
000000
0000
100000000
001
10000000000
010000000000
100000
011000000000
011
100000
010000
00000
010000000100
00000
11000000
010000000
001010000110000000001000100
01000000
1000000100000000
00100000000000000
00
1000000000001
01000000
1100000000000
1000
01
100000000000010
010000000
00000
00001
01100000100100000000000000010
100000000001
1
00
1000000000
100000
10
1
0
100000000000
110000000000000000
01000000000
100000000000
10000000001
000001
00100
1000100001000010
001
0001000
0
001000
0000001
001000
0000000010000000
1
000000001
00
10000100000010000
10000010000000
100000
00
01
0010000000
01
0
00000010000000000001
0101000001000000100001000000000
100000010000000000000000
100000
0010000000000000100000000000000010
00
0100000
01
01111
1100000
000100000000
1000000000000000
100001000000000
010000
0000100000
000001
0000100000
000001
01000000000
100000000000000
10000000
01000000000
1000000000
010000
00111000100000000000001
0
01
00
000000000100000
1
100000000
0100000100000
100000
0100001000000000
01
01001000000
00
001000
0100000000000000
0000
1
000001
1
10
0100000001010001000000
10000000000
10
1
1
100
1
1
01
01
0001000100000000000000
11
00000010000000
000
100000
00000
0100000000
1000000
010000000000000100000
100000000000000
00000001000000000000000000
010000000000000
001000
000001
10000000000000000
100000
1000000000
1000000000
0100010
01000000010000000000000
00000000000
1000000
1000000000
0100000
00000
01
1000000000001
1000000
0000100000
1
1
00100
00001
1
1
1000000000
10000000000
00000
