1
01
101001100000000
010011000010000
1
000001
10000
11
1
10010010
1
01000000100
1000011001
0000
0001
10
1
0100000
001
00101
10
101000
01
1
10
001000010000000010000
0001
11
0001001
000101
10000
1100010001000
10000
00001
1
10000
00001
00000001
01
1
011
1000000
0001
000101
100001
0001000101
1000
000101
1
1
01
1
1
0100
0000
1001
01000001
0001001
01
100110
1
1
01
10000
11
010001000
1
001001
011000
00001
000101100000
1
00011
1000
1
00011
101
1
101000
000101
101
0001
1
1
0001001
1000
0101001000
1000000000
01
0001
10001
1
001001
0001001
1
0000110001
0
00100
00001001
0001
1
100
00101
1
0000001
10100
01
1
0011000
000011
1101001100000
010
011000
01
01
000000010000000000000000
01100010000
001
000011
1
0001011001
11011
010000001000
110000010000
01
1
01
100000
000011
100001
101000
11000101001001
0001
1
00001
1
1
1
100000000100
1
10000001
00100
1
1
001
0001
100000
000101
10001
0000
011
10000
001000101
1
1
101000
01
01
000101
101000
001
01
10001
1
1
010001
01
1
10000
1
1
1
0001
01
10001000
101001000101000
0110000
010001
1
0000
01
000001
110001001001
00001
10001000110
101100001000000011000
1010000010
1
1
10100
00011
1
1111111010000110000
01000010001
0111010
01
10001010
001100000
100000
101000000010101000
100
0001001
100000
01001000100
001
110000
1
1
00001
0001
1
01
01
000100011
101000
0001
101000
1000001000
101
1
0100010001000
011
1
10001
01
1
1
01
0111000
1
00001
1
1000
1
0010101
1
001010001
0000000001000
10000001
1010000
001
000
101
101000
0001
01
0011
00010010
1
11
000
1
0001
100010
1
010001
100010000
00010001
010
0001
1
10000100
11
0100001
1
1000000
11
100001
1
01000000
1
1
001000101
10
111
000101
00001
100
1
00001
000001
11
0000010011
101000
1
000101
100010010000
1
1
0001
100001
1
1
1
01
1000000000011
101000
01
1
110000
0111
01
1
001
10000
0001
11000101
10000
11
001
0001
1
1000
000001001
111111101
000
000101
10
000001
1
0001
01
10001
001001
1
000001
11000
0001
10001
01100000
00010001
11000
101
11
101
0010010000
001
1
1
1
10
01
1001
011100000
011
01
010000
1
1
010000
00001000000000001
0001001
0110000
001
0001
01100
000000
00100001
10000001
10000
1
01100
1
1001100001
101000000
0001001
10
0101
01
1000100
110
1
1
01
100010
1
10100
001
000101
000
1
1
10001
011
0110000
000000100001
1
1
01
0010000011
1
011
1
000101
000011
10
01
010001
0000001
1
00001
00001
100
01
0000001
110000
1000000
1
101100000001000000
110000
1
101000
1
001101101000000001
11
0001
