01000011001
01000010010011010
1110101000
1100000
101100100000
0101
01001011001000100000000
000001011000001000
1100011
10001000
01100101001100000001000010000
100
101
01011110000001100001000000010010100
11
1
10101001000000001011100
1101000011001
1000101001000
1
1
1100010010
10001001
1
0101
1110100100000
1
101
01010001010000010000000
00001100000000001
1
1001110
01100100010000
1
010010
1001001
11011
01000001000
1
110010
11000100001
10000000000000100101011100010001100000010100110
100
010011001000000000100
101110001
010000
0001
11
001001010010101000
1
10101000000001
1111000000000100
1
1111
1000001
10001111
1
01
11100
1
1
111100000000000010000000
01000100010000100
10010001
10000100000000100
01000001
1000100001000100
10000
0001
1000000
0001
01
111100000100
10000
00001001
10
001
1001000010100000001001100010
01000000100101000110000000000010110100000101
000000
0001
1
1010000000000000010010100
001
110111000000100
1110101
1001100100000
0000
1110110101
100010101
000
1000
000101010000010001101000010001000000
0101010010000100000
1000
00000011000000010
1010101100
10100
1110100000100010100010
1
0
1
1000001
1
1
1011000
101
100011
0000001001001001000001001000100
11010010
0001
10001101010
0100
0001
11001001010
00101000100010
1000
001
011001000110
101
0100000010100000010000
11000101111100
1
11
0000011110
11101110
00000000000000001011110001000000000000000111000000
10000001100000011000
011101000001000
1
000011101000100001100
10000100010000
0100010000010110011
1001
10010000100010000000100100001000
01001000000010010
000001000000011001101000010000000000
1111000111
0001
111
010010
0101101110100000
011
01010000
1101
1
0001
0001
1000
1
01001000000
11000000000100001
1110001110
110000100001000010110
0000111011011000010000010000100
1
1
0001
01101000110001001000000
001
11001
0001
110000010000110
10001101000
1
11010
1100000000010000
00000100100000000000
100001000
1000
1
01
0001
00001
00101000
011
1101110
00100100
1
10111
1100011
10000
1
000100001
00110000
100001010000
000111101000000
1001000010000
001
00001011100000111000
1100101000000
000011000001001
00010010000000
000001100000010100100010001000000
1100000000000000
00000011
1000100010000
100000100
1
1001
100100100100000000
11
01010000001
10000100101000
00011110
01
0110110001100111
1
1000000000001000111000101000100001000000
1000000
01
0001
1
000011000000
100000000011100000101010010000100000000000
0010100111000000000000000
00001010100010001
1
11011
01
01001000
011
00000000000000001000111010101000011
0001011001000000
1000001100
100
10001
1011110
0100110000
001001
10
1
00001101000000010100010000000101000010000
11
11010000000010000000000000001111010
1100000000
011
11001111000000000001
001
1010000
11
1
0100100100000
11100010000
100110
01001000000
111100100
1000100001010
0010101000010000000
0001
111
011011010000000000001011100011000000001000000000
01
100011
11101
011
0001
00
0000001000010010010000000000010000111
1
111
10000110000000100010000000
101100001010001000000001001000000010000000
0110011010000
11
10111
11100
11
1
1001000
1
01001
1
0111000010000000
01
01001000100000
000001
00110
01
0000000011001100100010000000010001
10001
1001
11
1110
10100000
00010001100000101000010000101000100
10000110
1011000100
000001000101001000001010010000100010010010001000100
010000100001011000
1010100010000
10010001
01000100010001100000010
1
10100000000
10000111
0100010000001000
11110000000
1
0000011010001000100010000100010000010001000
010100000100100
01001010
1000
100
00111
1
001001
1
00110010001
001001
100111001
011000001000
10010010100100000000000
11
011
110000000001
111001011
000100100110000011001000100000010
10011110010111100000
11
10000011
0001
1000
0001
1
010000011
11
000000
1
0010000
1000
1
1000010000000100000
100
11001
11110
010
0010001
100000100
1
0110000
1000011
010010110001000100
1001010000
100001000
111011110
1100110100000001010000000001000000100
1
01
11001000000
0111
10000000
1
01
111000010
11011
1
1
111
10
000010001
1101
00010101
0000010100010000
0010000000011000010
001
0100010000001000
001001100010000010
1
11000010010
0001
0000000001000000100001100100000010000111000100000
1
1101011
100011111000001100000
1000100000011001
011010100000000000000
1
0010000001000000010
1
1010
1
1000010000100001000010
0111
1010
1
00001001
1
101110
11
01
1101000001000100000
001001
1110010
000001
101010
001001
01110110000000000
1100000011000010000
011
010100
00000110010000
111
1000000100010
100
00001000010010010
10100
1
0001100001000010
0100001000001011011001010000101
1
111
0001
00010010010000001000110
0100
010010100000010110000001001000000
1
000001000000000000000000101100000100000000001001000001000
01000100000000
100001000010000
11
0100010000
001
1000110000
0001
1111
000010001000000000
00101001010100000
1000
0000101000000100010
00100100101111000110010000000000
1101011
111
11000000010000
1110101000011
00001
1110001010000001
11101
0001
10000001
101000
010101
10001
1101
00
0001
1100100000010010001000001010001010100010000
1000
000010000010100000100
0100
1110
0001
00100000000000011001000000000101000000
01000100
1
01111000000001111010100
11
1
010011
000010000100000001010100101
101
01000100100000
0110100001100001001
01000110000010000100100100010000
01100000010000100
100010010000
00001
101000010
0101
1001000100
1000
01100110000
11
1
001010001000
011
00010000
0
1000000000010100010001000100000
11
1
1
101000
010001
010010
110110000
001
00110111001100000000010100000001
11
1
1001
010101000
0001
00001001000001001100001000010
11010011
11
010000100000000100000001
11001000010001100100
0100101101101000000001
110000
0101
111100
001011
11
101
0100101000000
0111
1001000001
101000001000000100100100010001000000000000010000000
00010001010000000000011000000000000111100010
0001
11
001010001
01100100010110
1
101100010111100000100000000
0000001010
10
00000100001
00001
0100000001
01010010100000000
1
000010000110011011010000100
1
100111000110
1
1110001
1000101000110010010000000000001001
010001
010000
0100010011110000000000
101111
00110
00000010010000
100
11011000
11
1
1
101000000
0101
1
100010000100000
0001
0110000010000100
11
0000010100000100
001101
10001000000
1010
000001
1000000101000010010000
1000
0100000001001010100
1000
000001
01100111
1
0011
0110010000010000
011
1
0001
11000000100100
110000000
0001
11001
010
011000010000010001000000000
11
100100000111000
1110001
01000100000000010001000
010111000000100
1101
101
0001
001
10001000011000010110100000000
10
10000010000111000000000100000100
0101
1000100000
0000001
10000
101
11
1
11
100000001000100100
100000000010001
1110101001011
1000
000101
001100010010000
110010000
11
1011
000011001
01000101000000
1
101101100000
1010000100
10000
11
01
000001
100101001
000001010001010
1000110
0010000011
000001
10010000000
1001
0100001010000
1
01010111000000
11
1
1
1
1001
1
01
1
00011100000
11
11000000
101000
10001010000100001000000000101000001010
11000010010000
1
0111
1000000010
01011000
00010001
1
1
01000010000000100
010110000000
101
100100
1111011100000000001100
1
10010000011000010000
11010010000
1000111
010001000111101000011000001110
00010111101101000000100000000001
1110
110110000000
1
010010100000000100
101000100
1010
1000101000
100100000000000000101010000000
111
11
0010101
0000001010000010000
11011000
00010000111100000010000100010
1
011
1000
00010000010001000010010000000101
1
10000010011101000000000000001
0100010011000011
1111001
0100000101010000000
1001101
0001
0100
11
01100000000101000111100001
000010100
0001010001
1000
00100111
00011000010110
001000
0100010000110100000100000000100100100000100101000100
1
011010010010100000
1
000010001
10000010010000
1
01000000
1000001000001000
10000
0010001
11101111100000000100000
0001
00011100000001
0001
10000000111010010000000
00011000000
01011
1000
10011
00
11111
1000
000100000010010000001000000001000
1
10001100000
11000000001000100100010000000000000110011
01110010000100000100
1
010000000000000
0011
110001000
100001
0000011
1000110000
001
0000010
0010001010100000000001000100001000
1001000100000
0001
10000000
010110
110001
10011
0101010
11
1
100001001000000110000
10
1100000000000000010
11
0001
11
10000
10001000010011000000100110
1000
0110000100000000000
1110000
010000000010010110000001100000000011
111000
01
00110011000000000
101
1110
00000010001001100000101000000100001
100001000
1011001110000
1
110011101001111000
100010000
1100000010000100
1
0000101000
1
0001
1000000100100100100010000
001011
00010001
111000
000010001
110100110
1110010100001001
00100011000001100010000100001100000
10001
1
01110000100010
01001011000100100000100
0001
101000001000
1
1
1000
111000
1
111011010000001
11
01
1000
1
111
01000000100000001000
001
1
1
11
010
01
101001
01011000
111
010001
00001101100000000
10100001000
0100
001
1
01000001
00010001
0001
000100000110011000100010000100010000
100
1101000010000
1
01000000101
1000110001111000000
1110100
1
111100111
1
010000010
01
100
00010001
011100100000100
11010101111100001
001010010000000100100
001
111100000010
01000110001000000010
101
00100
1101
1
100101000
1
100
11000001001000011000010
0000100000010111100100100100001001
0001
0100
0100
1
0001
1011000100
1110100011000000000000000100
111000000100000100001
1111111101
0110000101
0101
01100011000110
100011000000
11010
100110000101000000000100000100100000100010000000000010000100000100000000000000000000000
010010
00100000
0000
100101000
01110000001101100011100000001
0110010
11
00001100001001100100000001000000010
0011111110101000001
0101
1001
111
0001
1
0110010111010000100100100
100100
0001
0110011100000000100
1
1000000100001100000
0111111
0100
00111
11110
1
011110000000001000
100010000100100000011000100100
1100000000000100000
01
001000
01
1000010000100001010
1
10000000100000001110001000010001000000
100000001000110000000101000011110100
00100100000010001000000000000100000000010000
1
10001
0001000001
101
1100011100
01
1
1000
100001000101
11
100000100000
010100
110001000000101
10010
010011000000000100100000
000010011000000100100000000011001100000
11
10000100
1
00001
0001
1
00100001
10001
1
