1
001
01
1
1
01
1
01
1
1
1
1
1
1
10000
1
1
001
10
0001
01
1
10
01
01
1
1
010
011
01
010010000
01
1
11
1
000001
01
1
1
1
011
101000
0001
11
010000001
001
1
0001
01
11
1
1111
11
1
1
10000001
10
100
1
11
1
1
100
001
11
001100000
1
01
1
10
1
1
01
1
01
10
0001
1001
101
01
1
1
1
01
11
1
1
001
1
1
0100000000000
1
100001000
0000000000000000
1
1
011
001
10000
01
011
11
000000
1
1
1
1000
1
01
1
1
001
1
000011
1
10010
1
11
1
001
1001
10000
1
0001
10
1
1
1
11
100
101
01
1
1
1
01
01
00001
00100
0001
1
1
01
1
011
01
11
00010000
1000100000
1
0
11
1
01
1
11
1
1
10
001
001
1
1
010
01
0011
1
1
11000
1
1
11
1
100
1
0101
00001
00011
1
00000100000000
0
1
0001
1
1
1
1
1
1
1
01
1
01
1
100100000
0011
1
1
1
00000
11
1
1
1
001001
0100
1
1
1
10010
11
1
1
001
1
1
1
1000
011
10000
1
1
110000
01
1
1
10
1100
01
1
1
11
10
001
0001
1
1000
01
001
1
1
1
1
1
1
00001
1
01
1001000000
1
1
1
1
11
01
1
1
