000010001
0110100000010000
1
01
10000
1
01
0001
00001
0001001000
001
10
101000000
01
01
10000
0100000001
01
01
01000001
10000001
0100
01
00001
00100
011000000
0000100001
11000000
01
0100000100
000000100000
1000000001
011
0100000100
0
01
01
1
100
01
00100000010000
0100010000
1000000001
00000100010000
0110000000000010
00
001
010
1
01
1
1000010000
110
11
01000000100011000
10
01
0001
0001
00100
000000101
01
1000010000
0100
100000001000000100
10
10100100100000
01
1
100010000010000
0001
1000000001
11
001
1
1
1000
0000100
100
00
0100000001
01
0100000001
00001
001
1000
1
10100101
1000000001
00001
1000000001
1000000001
01
0100010000000
01
101101
1000
010000110000011010000010000000000
100000000
01
010000001
01
01
1000010000000
0010000001
001
01
11
001
10
1
01
00100001
1000001000
01
01
000010001
10000010
01
1
1
1
0010000001
01
00001
10001000
000011
10000001
11
01
011
100001000
01000010000000
1100
000
10000100000000
00100100001000110010
01
1
011100010000
11000000010000
0001
01100000
1
000001110000000000000
00001
1
0000001
1
00001
01
01
1
001
10010
000
001000010000
01
100010000100000
000000010100000010000
01
1
10
0000100001
01
01
10000
01
0011100010100000000
01
0000100001
1000000001
01
01
00001000010000
010001
1010000000
1
1000
00001
11
0100
0000
01
1000000001
01000000001
000000000001000000001
01
1
100000100
01001
110000
1
001
00001
10000
0101
01
100010000100000
01
0
100000000100000
1000
010000001000
1110111101101
1000000001
01000000100000
011
10111
001
00001
0001
10
000000001
01
10001000
00000011
01
100
000010001
0001
101
11
00
00001
10
110
110
1
001
11
0000000101
10
0100000000001
010000001
000000001
01
110
0110011111000001000000100100
01
01
0100000001
11
001001000000
1000000001
1000000000
000
01
0101
01000010000000
0001
0110000
001
01
0101
011
1000000010000
0010001000
01
0001
1000000001
1000010000
00000001
0001
1
1000000001
1000000001
01
1000100100000
0001
10000000
0000000000101
1
00001
0001000001
10
01
1
100010000000000001000010
100000000010000100010
1
01000
01
01
01
0000100001
00
1
1000000001
0100000010
000011
00000
100100000
0100000001
011
00001
101000
01
0
0100
1
1
00001
01000
0001
001
11000100000000
00010100100000
1000
11
0001000001000
01
1000000001
1010
01
11000000000
00001
100001000000
000010100100001000000000
10
010
000001
11000000100101100
0000110000
110000
0000100001
10000
0001
1
001
11
01
0100
01
01
1000000001
1000
0000100001
1000000
01
101
0001
1
1100
0000100001
10
1
1000
01
01
01
0001
0000010000100
001000001
0000100001
10
0000100000001
01
0000001
