0
1
0
1
01
1
100
0
1
0
000
0
00
0
001
01
10
10
0101
01
100
1
1
01
0
10000
00
001
1
100
000
10000
0001
1
0
10000
1
0
00
011
0
0001
1
00
0
00
0
0
00
0001
1
1
1
001
0
0001
01
0
00
001
01
0
010000
000101
1
000
0
0
00
0
0
00
00
10
10
1
01
0001
0
00001
0
00
0
1
000001
1
100
0001
0
000
00
10000
0
01
1
000
00
1
1
1
1
1
00
1
10
00001
1
000
1
01
1
00
0
11000000
001
0
1
0
0
10
0
0
1
0
0
1
01
00000
1000
00
00
1
10000
1
00001
0
01
1
1
00
0
001
0
01
001
0
00
1
0001
00100
01
1
0
1
1
10000
0
0
0
10000
0
0001
1
100
0
000
0
1
00
00001
0100000
0
0001
0
0000001
0
100
01
0
1
1
1
0
0
0
0000
1
1
01
0
0001
1
1
0
0
00
00
0
10
1
001
1
00
0
0
001000
10000
1
0000
1
1
0
1
001
0
1
0
1000
0001
001
0
00001
01
100
1
0
1
0000101
1000
1
0
00
001
00
1
00
0
0000
0
10000000000
0
00
0001
100
011
00001
0
0001
0
010
000001
1
1
00
0
0
0
0
0
0001
0
0
1
0001
0
010
001001000000
0010001
00000
1
1
000001
0001
100000
1
0
0
0010
0
01
0
0
0
00
1
000
10000
0
01
100
0
0
010
1
01
1000000
1
01
0
0
0
0
01000001000
0001
0
100
10
1
001
000001
1
1
0
1
0
1
1
0
00
0
00001
0
0100
1000
0001
001
10
1
1
0
0
0
0
1000
000
0
001
1
1
10001
0
0011
0
1
1
0
0
0
0
00
0
1
0
10000
0001
001
1
0
0
00
01
1
0
0
11
1
01
01
00011
1000
0
0
01
01
0
0001
0100
1000
0
0011
00
00
1
00001
10
0
1
1
00
010001
100000
000100000
00
00001
01
0
0
10000
00
001
01
0
0
01
0
0000
000
1
1
1
1
0
1
0001
101
0
000
00001
0
00
0
0
00
1
10
1
0
1
0
0
01
0001
01
0100
0
0
01
1
010
1
1
00001
010000
01
0001
0
01
1
1000
00
0
0
00001
00001
0
0
0
0
1
0000001
0
0
0
001
1
0
0
100000
0000001
01
0
00
1000
00001
01
00
1
0001
1
0
000001
00010000
100
0
1
0
0
0
1
0
1
1
0
1
1
01
1
0
10
01
1
1
0
001
0
0000
01
01
0
1
0
001
10000
0001
100000
0
0
00
0
01
0
00
10
1
01
