001
01
001
1
10
0001
001
1
1
1
00001
1
01
01
100
0001
01000000
1
1
0001
1
001
1
1
10
001
10000
0100001
1
10
00
1
1
01
1
100000
00
1
100
1
0001
1
100
001
01
001
10
1
1
1
1
1
01
1
10
001
001
01
1
001
00001
001
0001
010
1000
000001
10
1
001
001
10
01
001
001
10
001
100000000
001
10000
01
001
01
0100
0000000
10
00001
010
1
1
1
100000000
001
1000
1
1
1
001
1
1
01
1000000
11
1
1
001
01
001
1
000001
0100
1
1
1
00001
10
0001
1
001
1
1
100
001
1
001
100
01
1
0001
10000
01001
01
01
001
1
10
001
1
1
0001
1
1
1
1
01
1
1000000000
001
1
1
1
1
10
0100
01
1001
1
0001
1
010
01
1
1
000001
000
000010000
00001
010000000
1
1000
00001
100000
1
1
1
0001
10000
00001
01
100
0001
010000
1
1
10000000
001
10000
001
1
1
010
01
1
01
01
0100000
001
0
1
001
1000
010
01
001
0100
01
001
1
1
1000
001
1
01
001
01
1
1
010
1
1
00000101
10
1
0001
1
1
10
001
01
1
0001
1
01
001
10
1
10
1
