1
1
0001
0100
1
1
00001
1
1
0100
0001
01
000010
01000001
1
1
1000
1
1
00
001000
1
0000000
1
1
1000
01
001
1
1000
1
1
1
0001
001
10000
1
01
1
1000000000
0001
1
1
1
1
1
00000001
1
10
00001
0001
1
100
000000
0001
1
00011000000
1
1
001
1000
100001
10
1
1
001000000
10000000
01
1
1
001
1
0100
10000000000000
1
10000
1
0100000
1
1
0001
1000
000001
10000
1
01
0001
1
1000
001
1
0001
100
01
0000100000
1
1000
0001
1
1000
0001
1
1000
1
0001
00001
1
01
1
1
00001
11
1000
1
01
1000100000010000
1000
1
10000
1
1
010
0001
00001
1000
1
10000
0100
001
01
001
1000
0001
01
1
1
10
100
1
1
0000001
00
001
0001
1
1
01000
001
1
1
100
1
1
01
1
010
1
1000
1
01
1
1
01
010000
01
0
0001
1
10110
1
0001
1
1
00001
01
1
1
1
1000
000001
10000
01
1
1
11
100
001
000000001
011
1
10
0001
1000000
1
01
1
1
001
1
1
1000
1
0001
0001
1
1
1
001
1
00001
1
1
01
001
1
10000000
0001
0001
1
1
1
00
1
001
01
1
001
01
00
1
1
1000
00000001
10
1
1
0000001
11000
1
1
000010000
0001
1
0001
100
0000001
1
01
1000
01
1
0100000000000
1
1000
100100000
01
1
1
1
1000
00001
1
1
