0100101
0
100
0
0100010001101
0
0
0
0
100100010001000010
1
0
0
0000
0
1
01101000000101
1
000
0000010000100100000000001001011110
000100110000000100110
0110011000001010000
00000110010000
0111
110001011010000010001000
0
0001001000101100000000010000100011
0
0000000001000010100000010001100010
0
001
11000
001
110111
0
10
0
0
0
0000101010000
0
0
0
001110001000
0
0000111001000111
0010000010110010010100000
0
01
001
100001000
0001011001000001010
00010001001011000000100100
000100100100110000010010
110110001100
1001000101000010001000001000100011000100001
00011000001110000000
0001111100000010
110100000000000
00
111
01
0
00001001
0000000001000101110000101100110
01100010000100010010100000000101011000000
00000100001000100001000001110001000100
1
0
111
0
10
11011
01
11101
100010000001100
1111
100001001000000
001000110010100000000
10000100100000010101100000000111010000
0
00
00
0
101000000001
100010010000000000
10000
00
10000011000000
10101010000000
101
0100001010
000100010100010000000010000100011
000100110000000100110
110000000000111
100100000001
0
01111
100000000000100011100100001001000100
1101000100000
10
010111000100
000
0000100000000
100010001010000100010
00
1
1
0
01
000010
100010001
110100000
11110000
1
001
1000100010
010100010010001000
1110000000
000000010011000100001000001001100011
00010010100100000010001
0
0
10101000000100001
0
001001000
1
00000111
010000111111
1101101010000
0
0100001000100010000010000110000010010000100
10
00100
111
0
11
100010010000
0001001001010010000010010
1
1
101010000000
1001
00000000000000000000000000000000
001000100010100100000000001
10
0
0
000010001001000001000000011
0111111
11
1101
0010001000100010000
1
1000100001000
100010
10010000110
0
10000101000000
100000110000110000000000010
1000
0010
1100000
1000
010111001100000100000
1101
001100100010100000001101001000001
0
0110001
0
1
10101101011110010
1110000
0100001001000001
10001000100000011111111100
1000100001000001000
0
0
1001111101101
00001101101000100000000000000
01010000001
01
100100000
111110001
0000001100010000001000100001
0
00100000101000011000001
1
1
10
0001010000000000000100000100000000000010000000000001100
0010010010100000000001011
0
0000101100011001000000100101010
101010000010
000
1010011010001
11001111
11000100100001000010
0100000010100000010001001
000000
00000100010011010
0
100001
0100100010000010010010000
1100010
10001000101001000001
1
10001
0
110001000001001000000000111100010
00000000010111010010000101100010
10000001
00
0010001001000100100010000011100010
0
10
11000100010001100010000001100010001
11100000000000
11001
00010000000000100001000000010010001000000001
0
10001000100110000110000000110001
1
0011100000000
01
1
0001
0
100001010000
0
0
0000101000000000100100
110010000000
00000
1
1
1000111100100000000100000100001010000
0
1
01001000100
0
0
0
000010001111
111100000000
00001100000010000
01
111110010010
000000100100010001000101110000010000010000
0
00000010011001000000000000
00
010010001
00
100000
010001000100001110000
0
00000
11010000100000
1
1000100100010100000
0011
01000100001010000010100
110000000000010000
0100110001000000010011
10
10000001001001100000
100
11000100000011100000
01000100000001100000010
001100010000
010001000000010001000
001
100000110000100110000100110000
0
0
00010010000
0111
0
001001
0
01
00010010010000
00010000010000
0001
10100
000100001100100001
1
101
1
111000000
1101
0
00
0
00010001
0
1000
000101010000000100011111001000000000000010000000100
1
00
0
0
1
00
0
100010001100000
0
1100100001000110000
00100010100000001010
010
0101
0
00
0
000000
0001
00
0000100011100001010100100
1
01111
0100011000000000110000100000010001
0110100000
01010001000100100001
1000000001000010000000
1010100000100000010
000110010000110001000
01001001001
0
0110001000100010000
00110000000100100001
00001000100001100001100001001000010
011110000001
1
01000100100
0
000100011000101
110000000
1100100000100000101000000
1
0
0
1
0
0
100100001000011
00000000111100
1
1000001000101110110000010000000100
000000001110
100001010000
110000100000
1
0
0001100010000001
0
1
0100010010
0111
00
101000000001
0
1000100011001000000
00
1
1
0111
100100
00111
1000000110000000
010010
0100110001000
0
11
110000001
0
0
00
0
001
0000100010
0
00110001
01
00
00
111
110000011100000000
1000101000010
100100010
01000001100100110100001011001
0001001100001010001000
001000110000100010
0
110000010000
1111010011000
0
10000
0010001001001000001000100
100100010111100101110
1
00101010001000011000000100100100
0001001010100010010001011010000000010000000010101
110000010
1100100110110100100
00000000001
0010100010
1
0
00
0101111110010000100
10000011000100
000000111001
100100010010
1
0
0
001000101000100000000000100
100000000
10
000
11100100000000000000110
1
1010010000010
0
010011
00000000000100010000
11110
000100011
0010100001
1
1000010000101000000
10000
0
0
11
11111
10000011000001001000000001
11100000000000000
00011000000001
011000100010011100100000010
000
01
0111100000110110000011101
0101001000
00
1
0
10000
001101
0001
1110
11100011101110111100000000
1111
10000011101000000100
00011001000010
000
1000000010000000010001010001010
000000111
0
1
0
0
0
0000010000001100110000000001011010
000000001
0001
00000110110000000000001
1
0
00111000000
00
11000001
11011000
0
1101
0000001010011000000100
001100100000
10000100001000000110
001100101000000
1000000110010000010000
1
00001001110101001000000000100
1
110100010100000001000000100110000
000000011000011010000
111010000000000
110110001100000
0
0
001111
1000001001000000001100000100000011001
0001000101101000000010010100
0
01101
10110100
1111110000
01010010000001100010000000
0
1100000000
000001111000011000100011000000000
0
0000010010001110010
1
0
0
0011100000000
10111111000000000
001000000000100000001000100101001000100
1
01100000001
0110010000010000000
0
0
1100100000
10100000100100010
0
1
011001000001
01000000010000000010010000000010111001010000
00001
0
0
101100
0
10001001000100000100
0110001000010100
00100000001
0
0
1101
0100000010011000010000
10100101000010001
110
0
0
0
00
0
000101000000010
0
0000010100000000001111
1
00101101010010
100010010000
1011
0
0
0101
1
00001000001000010
0
