1
0
001
10
1
0
00
0
1
0
0
00
0
0
1
0001
00
0
1
0
01
0
000
1
0
00
1
000
01
1
1
0
00
0
1000
000
0000001
00
101
01
1
0
1000
000
0
0
01
0
0001
0000
0
1
10
00
0
11
00
0
0
0
0
0
1
1
0
0
001
0
1
0
0
1
00000
1
1
0
0
0
0
0
000
01
0
0
0
0
0
0000000
0
00
1
000000
11
01
00
0
0
1
1000000
0
0
1
1
00
0
0
1
0
00
0
00
0
00
1
000
01
0
0
0
0
00
0
1
0
0
00
0
1
0
0
0
00
1
0
1
010
0
1
1
0
01
0
0
1
010000
0
1
1
1
1
1
01
010
01001
0
11
11
1
1
0
001
1
0
1
1
01
00000
0
1
010
0
1
0
0
1
0
001000
000
0100
0
0
0
0
00
00
00
1
0011
0
0
0
0
001
10000
0
1
1
01
1
1
0
0
010
0001
000
0
0
00000
1
000001
0
1
1
0
001
0
0
0
0000001
0
1
000
001
1
1
00
0
00
0
0
0
0
1
0
1
00
0
1
0
0
1
00
0
0
1
0
0
01
0
0
000
1
0
0
000
00
0
001
00
0
0
0
00
0
00
0
0
1
0
000000000
0
1000
01
1
001
11
1
1
010
000
0
01
00
0
0
0
1
00
0001
1
0
1
00
000
10
0
1
01
1
01
1
11
1
00
00
1
0
0
0
00000
00
001
0
1
0
0
0
0
0
0
1
0
00111
0
01
0
1
1
11
1
0
0
1
0
0
1
00
0
0
0
0
0
00
01
0
0
0
1
000
1
0
1
0
01
0
0
11
0
0
0
0
0
0
0001
0
1
00
0
1
0
1
00000
0
0
0
1
100000000
00
0
0
1
0
0
1
0
0
01
0
000
001
10
0
0
0
0
0
1
0
1
1
1
0
0
1
0
0
1
0
00001
1
0
00
01
0
0
0
0
0
01
01
1
00
0
0
0
0
0
0
01
1
0
00
01
01
01
0
0
1
1
100
00
01
01
0
1
0
0
0
1
0
0
1
0
01
0
1
00
01
0
0000
0
10
0
001
0
0
0
0
0
0
00
0
0
1
0
0
1
0000000
0
00
00
0
1
0
0
0
0
1
0
0
0
0
01
0
0
0
0
110
1
0
0
0
0
001
0
0
0
00
0
1
1
01
00
0
0
00
0
000
00
00
00
0
0
0100
0
0
1
0
000
1
00
0
0
