1
01
0011
001000
0001
001
1
1
00010010
000010
00001
1000
0000001
0000
1
1000
1
0001
0
1000010000000
1
001
01
100
00011
00100010
00001
001
1
001
100000
0001
1
1000
0000001000
0001
010000001
10001
001
0100
01
0001
00001
100
00001
0001
01
1
1000000
10000
0100
000001
1
00001
10
0001
1
1
0001
0001
1000
0000001
000
01
10000
0000001000
1000
11
0011
00001
100100001
001
00011000000000
0001
1000
11
00001
100
010
1
1
010000000000000001
00100
10000
00001
1
0001
10000
1
001
0011
010001000
0001
01
01
1000
0001
1
000100010
001
010011
010
01
1
11
0001
01000
001
0001
100000010000
100000
0010100000
001
1
0001
1000
0001
01
011000001
1
1
1
00001
1
1000100
001
001000
0100
10001
0001
010
00001000001
0010000
0001
100000000000
10000
1
1
1
000010000000
1
000000000000100000000000000000000
0001
1
1
001
0001
001
1000
0001
0011
1000
1
01
0001
1
01
001000
0001
00001
0100
1
00001
10000000
1000
001
00001
0001
1
000
1
1
1
00001
00
000
001
0001
001
01000
001
100000001
1000
001
0001
01
1
00001
0000001000010
001
1000
001
1
1000
01
10000000000
11
001
1
0000001
1
10000001
00001
1000
1
000001
000
10001
0100100000000000000000
100
001
01
1
010000001
01
100001100000
1
1
000011
00100
00100000011
001
00100
1
00011
1
1
01000010000
011
01
10000000
00100
00101
01000000
01
000001
0000
1
0001
01
0001
1000
1
1
0001
001
000
01
1
0001
1
0001
00100
00001
1
100000000000
1000
1
0000100100000
1
0001
100000
1
0001
1
1100000
001
01
1
1
1
1000
1000
1
0001
1000
1000
01
0000
001
1000000
1001
00001
01
1000
000000001
1
10
1
0000011
1
01
100100
0001
10100000000
0
100000
1
001
10100
1
0000000001
1000
001
1
001
1
01
1000
0001
0001
001
1000
1
1
000001
101
100
1
11
0001
1
100000
0001
000001
1
10000
0001
0001
01
01000
1
0000011
00110
1
11
1
01
10000000
1000100000
100
1
1
0001
001
11
0001
100
0001
0001
1
100001000
0001
0001
10000
00001
1
01000000
001
001
0001
1100
1
1
001
001
01
100
10
0001
000001
01
1000
1
00001
0100000010
00001
1
01
100
00001
000001
1
0
100
1100
1
000001
1
1
001
10000
01
00011
10000
0001
00101
0100000
1
1
0001
1
010100000
000001
001000
001000
0001
10100000000
1
1
10000
000001
01
1
000100010
0001
10001100000
01110100000
00000001
000
1
01
000011
001
1
1000
1
01
0100
0001
1
010000000
1
1
1
01000
001
1
10000
1000
1000
0100
0100
010
00000000000
00
010000
0000
0100100100
00010000
0
000001
001
00100
1000
00000011001
100
001
001
010000000
001
100
11100000
00100
0001
1
1
000001
