001
1
01
111100
111000100000001011
1000000001111010000110110110
1
01010110100110101001
1001011000010001000
0000001
11
10000
01111101100000
1
0110001000110011
11111
1001111011100111000110
110000
11111
1111001
11
11001
1
01000111000101000000001010
0111101001100
1111001000000
111100111
01011111101
1
0
1
01
10000
001000101110010000001000001001100010001
111111
01
10001
000000100010010000010000000
11111
0100010001011000011000000
11000001101100000010010100
111
11111
1
00001
111101
1
1111010
000101010000101
01
00010000
01
0000001
1
111
11100000011111000011111011100010000101100010000101
001
000001100001000001
1
1
00100100100110000
1
100001001000000000100000001000
111110000
111101
100000111110000111100
111001
1
1
1
1000110101001
01
1
00110110100000011000
10000001110000001000000000
100
0000
1111000010010010000
110111
111
1110001111
111110000011
11001000010001
1111
111101
1111
1
101110111
111101
0100111000010001100
1111010000
1
1100011001000011110
1000
0000001001001000010
10001010000
11111
11111
1
11100110000010
10100
1
01111101010010000
1
11011100011
000010001
10
000000110011000
0111000100011101100000100101
1101000010010000
00010101110000100000010
1111000
1
0111111
1000
011010010010000000
010
11101
0001001111
1
10
0100
00001
100011111
1
011111011
1111100010101000001111
0000
1
011000100000010
10000
1
1
111001001000
10111111
00000100010001000001000100000
010010110100000
111
1111
1
11000100010010000
11111
011101
11011100000011
1
011
0100
0001000001001000001011001000010001000000000
11011
001
1000100010000010
1111001000110
111
111
0111101111
1
1111111000010
1100011011001111111100111
111
111
11000000
01110000001
1110111011011100001
111100
110010110
11110111
0001
111
1
10
1
001
0100000010000101100000100100010010010
111
11
1100111000
110000011
1111
1
1
0100111
00010010011001000000000010100010
011000011000000
11001
100
1
110111011
1
1100
11111
11111110
11000010000
100101
1100111011
010
1
1
01010001101000000001010000000
00011
11110001
11
1
111
0001
10
111111
11
10110101000100100
111110101
001
0100000101000010011000010000100001000010010
110110100010
1
1100110011
11111
1
011100010000111
001001111001110000000011
110010101
11110010
11101001000
1010000010000001
1111
11110010000
01000000100010001001001001
00010000000000100000001100000000000
1
11
110001
1
101101001001
0001
11110011
111
010100111000001100
11111
1100100
111010000101000000
00100000000110110000000100010
001
000001100001000100
1
1
0100
0010
1
100000010000010000
11
10000
0111101101000000001
001
1
10100100000100010
1010100011010011010100010
111001
1
11111
1000
1
1
110101000000
0011100100000001001
01
100
0101110001000100000
0000000001111010100001011111111110111011
1
1
1
111001000000010000100000
111
11111
111011
111010111
1010000100011000
110011100000011000
1
10000
11110010000
111
1
000000110000000100000
010001011000001001001
11111110
01110101000000100100
1001000000110001000
0001
11110010
0100010011101
00001
00001
10
1
11111
1
001
1
010001000100111
11
0100100100000010001001010000000010
111111
111
1
1
000011011111
11111101
1
1
0100
01101110000000000110
0001
101101111
1110100100
11001010100000000100000100
00000001010010000111010000010100100010000000
0100000
1
1111100001100
010000110000000101000
1000100001110
100011000000100001000000011
11110000010
0111100010000011
111
11110111
111010
010010000100000100
111101
010000
0001
11111001000001
0000010001100101000100
1
1
1111001000
0100000010000000000001000000010
111
1
111100100010111
000001
10000
0
0001
110000111001
1
001
1
1
1
111010010
1000
110
11000011010000
110000011
01110101
11
010000010000010110000010000000100
11111
0010011111
011101111
011110100000011
1
1
011001
01
01
1
11111000110
1
1
100101001000
0000001111
100
0100111100000000100001
011011111
1
111101
1
0100000100100100
10000100000000001010
0001
1000
010
11011111
111001
11001
100
001
11110001
001
000010010111101010001011110
011111111
1
1100100100000
1
00101000
11011000111
1
10011111010111100000001010100010001100010000
1
011100011000000001010
1
111
010
01
101000110
111011000
1000001
10000
0000
001
100010111001
0100
001
1110110100000101
1
00
1
1111111
11000000111
010
00001
1
1
1
100110011
0100111000110100100000
1
10110101
1011011000111
001
100
1
01
1111000001000
00001
