11
11
11
11
11
011
111
11
11
0111
1010
11
11
011
1100
11
11
011
11
1
111
11
00101
101
11
11
11
0
10000010
11
1
1
1
1
1100
11
101
11
1111
11
1100000
011
11
1
11
11
111
11
011
11
11
01110011
11
1
11
1
11
110
10111
11
1
101
11
101
101
11
111
111
00101
11
11
11
11
11
11
0111
10111
01001
11
11
11
11
11
1
11
011
11
0111
01001
1111
11
10111
1
110
11111111
11
11
0110
1
11
11
01001
101
11111
1111
11
11
0111
0011
1001
11
00001000001
11
011
11
1111000
11
11
111000001
1
101
11
11
11
101
11
011
11000
1010
00011
101
1101
11
1
011
01
11
0011000
11
1111110
11
11
11
11
11
11
11
110
101
11
1001
11
11
001
101
1
011
110
11
1
1
11
101
11
11
101
11
101
11
11
000011
011
11
11111011
1
110000
11
11
11
1
1
1
11
11
11
11
11
11
011
11
11
11
110111
101
11
11
11
111
1101
1101
11
11111111
11
11
11
1111
11
10
11
11
11
0011
11
10100011
11
11
11
000011
100010000
11
011
11
1101
11
1001
11
011
11
11
11
110000
0110
111
1001000000
101
110
11
11
11
11
0101
11
11
0101
100010
1111111
11
01001
11
11
11
11
11
111
1001
11
110
11111
100100000
11101
11
11
1
0000011
11
01
11
11
11
0101
11
1
11
11
00011
10010
11
1
111
111
1001
0000010001
11
11
1
11
00010
0101
11111
11
11
1
11
1
100010
1111
110
11
11
11
11
0101
11
000101
101
000011
1
1
011
11
110
11
11
010001111110
0101
1
11
11
11
101
11100011
11
11101
11
101011
11
11
11
011
11
11111
11
1
11
11
11
11
011
111
1
0010001
1111
11
101
11
11
101100
11
011
11
11
11
1
1
11
11101
11
101
11
011
11
10010
111
11
101
111
11
11
11
11
1100
11
1001
011
11
1010000
11
011
11
1
11
11
11
11
11
11
01
11
000101
101
11010
001
111
101
11
111
11
11
11
11
1
11
101
11
1
11
11
11
11
000011
0100000001
011
1100
1
0000000011
011
101
11
0001
1111
1100
00010001
11
111
1
11
11
11
00010001
0111001
1
1010
101
01001
1
11
11
11
11
10001
110000
11
11
11
1111
11
100001
1
010
11
00
11
0001
11
1111
111
1
111
101
110001
11
11
111
1001
00011
11
1111
00101
1
11
11
11
101
11
11
101
11
101
1
1111
111
11
11
011
00011
11
11
11
101
11
101
11
1
11
11
11
11
111
11
11101
1
011
011
011
1010
11
11
11
110000
11
11
1
1001
11
11
10001
1
11
0110000
011
11
1001
11
11
101
0110
1001
1
1001
11
1100
11
1001
10001
1111
1001
1101
11000
101
11
1001
010100
11
11
11
1
11
11
1
1
1000011
11
1010
1000000010
1
11
101
11
1
11
0010000001
1001
0110
11
011
011
1
11110
11
1
1
11
11000
111
1011
11
0110
1
