00001
1
00001
10010
0
00001
010000001
1000001001000
1
1
01
11000
0001
1
0
1
1
1
1
010001000000
0001
00100
1
00011
0001
1
010000
0000001
11100
00001
101
1000
11
000001
0
100
001001
10000
01
00010000
0
1
001
00001
00
001
1
01
1
0100
000001
01
0110000
0
0001
1
0001
1000
001
00000110000010000
00001
000010
1
1
0001
00001
1
1
1
000101
0
010
010000100000
1
00000000
1101
110000
00
0
001
10000
000
1
0
1
0
1
10001
00010001
1
00000
1
100000
00001
0101
110000
0001
1
1100
1
0
000
01
01100
001
01
1
1
1
1
001000
1
0000000001
01
1
0000001
10000000000001
100000
1
0001
1000
01
01
1
1
1
01000
000001
101
1
0011
00011
10000001
1
00001
1
1
0
00001
0000
0
00000001
10000000
1
00010
0100000
0000011
0100000
001
1
0
1000000
00
00001
00
1
00
100000000
0001
01
0110000
01
0101
01
100000
0001
0
1
1
1
01000000010000000
1
011
000000000
1
1
1001
0000010000110000
1
10
01
1001
101
0001
01000
00000000100000010000000
1
0
0001
1
0
1
01010
01
11
0001
10
001
11
0001010000
000000
1
0001000000000
0001
1000
0
000001
011000
10001
01
10000
11
1100010000010000
1
01
1
1
0100000
00001
1
01
0000
010000
00000
00001
000000000000000000000000000
001
00
1
0
1
10100
1
01
00001
0110
000001
1
1
0
01
1000010
00100001
1
1
10
1
01
0001
01
010000
1
00011
10000000
0
01
000100
0
000
1
001
1
1
1000000010101
1
11
1000
1
000011
0100
01
0000001
11000
01
1
0000000000001000
101
1
000
01000000000000000
0
0
0001000000
1
0001010
00001
10000000000000
00100
1
001
0001
1000
0
0001000
100000001000
1000
0001
1
1
1
1
1
1
000011
1
0100
10
0001
0
000001
1100001
1
0001
10000
0
000001
101000000
11
10000
1
01
0000001
100000
100001000000000000
01
1
10001
001
1
11
01
01
101
11
1
10001
000001
1
001
1011
1
1
00
110000
0000000000000
0000
100000
01000000
10000
111
001
10
1
0111
1
010011
0
0001
001
110000
00001
01
1
10000
1000001011
10000
000001
010000
10000000000
000100000001
1
1
1000000000
100000
0
10
0
0101
001011
10000
0001
0
01000001001
0
1
01
10000
00001
1000
01
0001
10
1
00
00001
00001
0
00001
0011
10001000
000001
01
00001
1
001
11
00100
01001
000001
1
000000011
10000
000000
1000000
00001
1
00100001000000100000
00001
1000
001
001
000
100
10
000001
1
1000000000
1
01
001
0
1
10000
0
00100
00001
100000
1
1
01
00001
1
1
1
1000
0000001
1
1110000
01
00001
110000
001
001010
01
00111
1000
1
0
1
01000000
1
1
1
00100
0001
00001
1
0
0000
1
0
0001
11
000001000000
0011
1000000
001
1
11
1000
010100000
0001
0
1
0
0
0001
10000100000
11000001000
0001
0100001000000010000
1000
0
0
1
10000
001
01
11
100000
1
1
001
00110000
0000
0
1000010000000
111
1
101000
00001011
1000000
1
1
0000
1
010010
0000
0100
001
0
0
100000000000
1
0001
0
0
000000001
0
1000
1
00000001
1
01000000
100
10
1000
001000000001
001
1
0010000000
01010000
01
001
1
01000
1
0
000
001
1000000010
1
10000000
0001
1
1001101001
011
101
11
010001001
1001000
0001
001
1
100
011
0
100100000
01
001
1
000
00
001
1
0
1001000
1101
00
1
0110000
00011
1010
1
010
01
010000
11111011111101000000001
1100
0000001000
00
1
0001
01000
10000000000
0
1
10
1000000
1
1000
1
10000100000
0
1
100000
1
1
0100000
101
0
1110000
0
0101
1
001010000
1
0001001
100000
01
01
100000
1
0
1
1
00100
0001
010000000000
01
0
1010000
1
10000000
000
0
000001
000100000000
0010000
1
0
0001
10000
1
100
0100
00001
0011
10
0
000011
01
1
1000
0
000
01
00
1
0000
0
0001
010
0
1
1
1
0001
110
000000001
00100
0100001
00
1
1
0010
011
011
10000
1000010
1000
00001
1
011000000
00001
1
1
100000
00001
1
1
0100
0
000001
100000000
1
001
00100000000000000
1
1
001
00001
10000
11
0001
1
1
0
0
101
01
1000100000
001
1
10000000
01
1
0101
1
00000100001
0
1
000011
00001
10
0001
1
0101000
0
000000
1
1
000
1
0
100000010000
01
1001
0000
10
0
010
011
1
1
1
0
100000001
010000
0
001
010000000
1
0101
0
1
10000000001
1
0000100000
0
00010
11000
001
1
101
0001
0
0
000000000000
101001000
00010
1000
1
0001
00
011
1
0
0
1
0001010
1
00001
1
0110000
1
0
100
10
0001
0001000
1
01
00000001000000000
1
10000000
0001
000
000100
1000010000
1
100000000010000
111000
010100000100000
0001
1100
1
0001
00001000000000
0
0
