01
000000000001
1
1
1
1
1
1
00001
01
1
0000100000
0000
10
00001
0001
1
0001
1
10000000
1000000
000
1
1
0001
01000
001
10
1
01
1
1
0000000001
000
01
1
0000100000000
1
1000001000
10000000
1
0001
10000
1
0000
1
100
1
10000000000000000
000001
01
1000
00001
1
1
1
10000000
1000
100000001
0001
1100000
001
101
1
001
01
1
100000
10000000
01
0001
1000
000100001
01
0001
1
11
00000010000000
010
1000
000001
1000
1
1
1
001
1000
1
0001
1
1
0000001
00000
1
001
10000
000000010000000000
001
1
00100
001
1
0001
0001
1
000010000
0001
1000
0000001
10000
0000
100000
0001
1
1
1000
000
000000001
00000010000000000000
1000000
000000000110000000000000000000
1
1
010000000000
1000000
00
000
1
1
1
1
0000001
1000000
01000000000000
010000001000000
1
1
1
100000000
11
1000
1000000
00100000000
00001
1
10000
01
0100000000000
1
1
1000
1
1
0000001
1
100000000
1
1000
1
0011000
1
001
1
1
1
0000
1
1
1
1
01
1000000000000
1
00100
01
0
1
00
1
0100000
000100001
0
00100
000
11
1
1000
00000
1
01000000
0001
1
01
10000000000
0001000
00000
01
000100000
1
01
1
1
1
10000
001
100001
1
100000000
000000000000
1
100000
0100000000100000
1
00000001
11
01000000000000000000000000000
1
0000001
10000
0001
1
001
001
10
0001
0000000000000
01
1
1000000
000001
10000
00001
11
0001
00001
00
1
1
01
00000000
001
001
1
00
1
1
0100000
000000000001
0100
100
000001
0001
001
10000
01
01
0001
0001
010
01000000
00000001
1000
01
110000000000000000
1000
01
0001
00000001
1000
1
1
01
1000
001
01
01
00100
001
00001010000000
0001
1
1000000
1
1
1
1
1
010
1
00001
01
0001
01
0100
1000000000
0001
1000
1
0
1
