1
1
1011
11
11
1
1000000
11
11
1
1
11
001
0001
1
0
1
1
00000
011
1000000
01000000000
1
1
0100000000000
0
1
1
0
1
1
0
1
001
1
1
1
0000000100000000
01
10
1
0
11
01
1
00100000
00
1
10100
1
1
0101
1
1000
1
10000001
1
1
1
1000
001
1
0001
000001
10
1
1
001001
1
1
1001001
01
0
1
1
1
0000000000000000000
1
01
01
110000
1
01
1
1
1
1
1
0011
0001000
1
100000000000000000
1
001
010100000
010000000000
0
1
001
1
011
10
001
1
001
1
001
1
1
010
1
1
111
000001
1000
1
1
1
1
010
01
11
1
0101
1
1
1
0001
1
1000
001
001
1
00010001
0001000100000000000
0
001
1
1
1
001
00000000010000000000
11
1
11
1
1010
1
1
1
00
0
1
1110000000000
0100
00011
0
1
10
1
10001
1000000
10
0
0
0
1
1
0
1
1
1
01
0
1
1
01
1
0001
1
1
1
001
0
001
1
1
1
0001
1101000
001
1
1
1000
100000000000
111
1
100
1
0011
1
0
1100
1
01
01
1
0
1
1
0
1
1
11
1
1
1
1
01
10000000
1
1
001
1
110000000000
01
1
1
0
0100000
0001
1
10000
11
0100010000
1
1
010000000000
001
1
0001000
0011
10000
10000
1
1
1
1
1
1
11
001001
0001
1
1
1
010010001000
01
1
1
01000
0
00001
1
0
01
110000000
1
1
1
11
0001
01100000
1
001
0001
1
1
0
1100
1
111
11
1
1
1
00111
100
1000100
10
01
1
1
0
1
010010000000
1
1
1
1
0001
1
100
1
001
1
1
01
1
001
1
0
1
0
001
1
001
1000000
1
10
01
10
000001
10000110000
0
1
100
001
11
11
1
1
11
1
1
0001
1
1
01
0
00001
1
00000011
1
1
1
0
1
1
1
10
1
01
0
1
0001
0
101
1
1
100000
1
0
01
100
00001
1
0
10
0
1
1
1
01000
1000
0011000000
000
1
1
1
1
1
1
1
1
01
0
1
001
1
1
1000001
001
1
01
11
00000000001
1
101
1
1
1
1
1
1
1
000001
0
0000001000000000000
00100
1
10000000001
0100
0001
1
000001
1
01
1
01000000001
010
1
0
1
