1
11111
10001000000000
0000000101111011010010001000
10
1
1
01011101
111
100010100011000
11111
110111
111011
000000
1001111
111011
11111
100
00000000000000
101100001001
00000000
11111
0100
101111
10
0000
01
000000000000001000000000000000000
110000001101
11110010000
1
11111000
0000000000001
1110110
0000001
10000
010000000000
1100110100
0001
100001100010100000
111111101110111101000
111011
001
10
000000
01000000000
1101100100000
001
1
1111010
1011101000
01001110100000010111111011010
000000
100000
101111
10
00000000000000
0011111
1001000
01
111101
10
01001110001
10000000000
0100110101000
001
100
00001
10000000000
00001
01
100000000
110100001000000
11010001101011000001
1101011
110001011
10000
0000000000010000000000000000000
0101101010000
00000001
1011100100
10100010001001
11111
1000000000000000
10001100101
01000000
00000001
01000000
0000000000000000000
1
1011110
0100
001
011111
110111
0111100001
11111
111000101
011111
100000
11111
110111
111011
000001
0000000
110100000000000000000
01
001
000000
01
0000
10000000
11011010
11111
0101
0100011010011100010001001
1
01
10
10001010001100
0000000000
0000000
10001001100100000
11101010000
1
10001111
11111000
00
00000001
1110110
1
11
001
0
101111
11111
101111
1110110
11111
1001111
100
00000010001
11110010
00000000000
11101010
0010000000000
0010000000
1000
001
000000000110000010000000000000
001
000000
11001011
101101001
10100111
0001
10000
0001
1101110000
10100000
0001
11111
1001111
0000010100000000000000000000
01
01000000000000
10100011001000
00000
00001
1100101100000
0001000
111011
11111
111110
1
1001101100000000100100
0101010010001001001000010001
0
0
1000
11
111011
010000000000
010000000000
00000000001000100000000000
111011
11111000
00000000000000
1101100100
00011001101000000
001
1
11111
1
100010100010001
10011001001000
1
00011110000010
000000
100001100100001
11111
11
010011000001100
001000
000000000
1111010
0101
1111010000
0001101100010
0000
000000
0000
111011
1
11110001
0001
10000000
000
001
10000001
101111
100000010100010001
101111
01
0011001010010000010
1110001010
10
0011111
100
00000100000000000
001
0000
1101101
1111001
101111
001
11100110000
001
11111
11111
10
1
0100000000000000
0010000000000000
110110100
100000
0001000
11110010110010001
100000000000000
0001
10000000
11111
101110001011
00
100000
0000
11111
11111
001
11111
110001
000000
0100000000000000
001
11111
00001
11111
