00001
1
1
0001
10010
1
10000
100
010001
1
1
1
10000
0001
100000
1
0010001
100
001001
10
1000
01
0
1
0001
10000
1
00001
000
010
00001
11
1
11
1
01
1
000001
10000
01
00001
010
01
1
0001
001
1000
001001
1
10
0000011
1
001001
1
0000011
1
1
1
000001
1
1
001
1
1100
0000011
100100
01
001
01
100
1
001
0011
100
01
000001
100000
00001
1
10000
000001
1
1
1
1
1000
0001
1
10000
10000
00001
100
1
100000000000000000000000
00001
1
1
000001
1
1
001
1
100000000
001
1
1
1
1
1
000000001
100000
01
00100
01
1
000101
1000
001
1001
1000001
0100000001
001
1
1
1
10000
01
01
1
1
100
0100
01
1
1
1
1
1
1
1
1
10000
001
1
100000000
0001
11
1
10
1
0001
01
01
10000
0011
1
000100001000
0100
0001
00001
1
10
0
1
1
00011
1
01
1
110011
1
00001
100
000001
1
010001
1
1
00001
010
0011
01
1
1
1
1
00001
001
10
0001
01
01
00100
01
001
1
1
100001
1
001001
10
100
1
0
1
11
1
11
1
1
1000000
1
011
01100000000
01
1100
01
1
01
00100
001
00001
1
10000000
1000
010
1
0001
00001
0111000
00001
010000
0001
1
1
1
11000
1
0001
01
01000
1
01
00101
1
101
0000011
1
