1
01
11
00001
1
11
1001
1
1
1
1
100100
00000100011
1
001101010000
11
01
1100
0000
1
110001
000011
00101
01111
11000
1
1
00111
01
11
1100010000
1
0100100001001
001
101
01
1
1
11
1
1
1
1
001
1
1
01
100
1
1010001000
11
101
1
1
1100100
1
0010001001
11001001
11
1
1101110
1
0001
0110000
1
0001
010010000
1
0101100000
0001
0101
10100
110
101
1011
11001
0011
01
110001
111
11
100100
101
101
0010001
0001
11
110
1
1
1
1
1
1
001
1
1
1
100010000
001010010
11
1
11
000000
001010100
11
1001000000110
1
11
01001
101000100
01000101
1
1
011
10010001000
11
1
00110001
010001
1
10001100100
011
1010001000
01010010000
001
110
01
1
1
01
1
1
0110
000011
10100
11100000100
100
010
100101
1
1
1
1
1
100001
1
1
11
10
1
1
100100
0011
11
1
10110
11
1
1
0011
1
1
101
1
1
10010000
11
1010000
1
00011
00000110000001000000
1011
1
10000100001
01
100110
1001
10
11
10010000
100011
1
10100
01000101
1
0011
1
1
00100
1
0001001
10010
1
1
1
1
1
1
110000
101000000
00011
1000
1001000000
1
11
100000100
1
1
1
001000110001
10010
010001001
100100010
01100
11
01
111
0010001
11
10
11000
00011
1
11
11
111
1
11
1100
1
1
1
11
1
10
11
11
1
1
1
01101000
0101010
1
010001
1
110000
000010010010001
1
0100001
1
100010001
00011
1
01100000
100000000001
1
010011000
1000100100
1000010000
0001
1100
1
01
01
0001111000000
1
01001
1001010
1
10001000100000
110000001
01
1
001
10
11
0001001
1
1
1
1
10001
11
10010
110001
101
001
1010001000100001
11100
001
11
1
1
000101
11
1
11000
0100010001
111
1100000100
1
10010010000
10001100
001
110000000
1101110010
1
11
10010100
11
1
1
1010001
1
1
11
10000001
0100001
1
0011
1
10000001
1
1
01
101
10
011
01
1
11
11
1000000
1111
10
11
1
01
110000
0000011
01010
01000010011
1
1
0110000
011
110001
1
1
1
0001
1
1
010001
1
1001000001000
11
110000100
0001
10010010
01001000
001010
1
01001000000001
1
100010000000100010
10100
0100100010
11000001000
1001
1100
01
0101
10
00001
1
1
1
11
1
0001
11
10
0010
10001001
001100000001
0011
010
001
0011
1100
000011
0100
001000001
01
0110001
1
1
1
11
1
100001
11000010010
1
1
1
011
1
000010100
1
111
1
1
1
001010001000100
1
01
1
1000000
10011
11
1
1
1
0010001001
1
0001
01
1010001000
0001001
011010
1
1
10100
010001
0111000
0101
1
11
11
1010001000
0010100001
001
001
100
001
0001
100
00011
1
1
1001
11
10100000100
0000001100000
1
11
1
1
011
1
10
11
11
1
1
0100001
11
1
1
1
0101
000000011
1010
11
1010000
1000001
1
001100
0001
11
1
01110
1
1
100010010000
100010010000
1
11
1000010
1
011
1
1101000
1
01000100
11101
01
1
1000001001
11
00001
100010100
1
1
1
01
10100
11111
11
01
1
01000001
1
1
0100100000
1
001
0001
10100
1
0001001
01010
1
1000
001000010
01
0110
01
1
01
110
1
1
1
01
11
1
01
10010010
100010100
0011
1
11000
011
101
010
00011
0110000
1
0000101
11000
101
1
0001
01001
1010000
11
110000001
1
0001
11
00100100
1
01
001
11
1
101
1
11
101
1
101
0001001
101
10000100
1001
1010
01010010000
11
1001
1
11
01
100011
1
1
0010110000
1
00011
1
1
0001001
1
10001
011011
1
1
1100
11
011
0101100
11
11
11
1
1000
10001001010
1
1100000
01001
11000
1
1111000100
111
1
01100000
1
1
1
11
1
1
0011
001010
111
01
11000
1
0011010011
1
1
1001110
01
0001001
11
1
00011
100100100
110000100
1
10000001
11
0001
01001000
10001
1100
01
11
10001000
11
10100
00011
11
11
1
111
1
01
11
1
11000000
00101
1
1
11
1
1
110000001
0001
01010001
1
10001000100110
1
111
011
11
101
11
0001
1
010001000100
10010010000
01000011
11
0001
0001
1
1
101000100
11
1
0001
1
11
1
1
0000100100001010
100010001
10
1110100
1100000110000
1
1
0100001
1
1
001011
1
0100001
1
101
10100000
11
1
11
0110000
1
011
001
1
0011
011
101
101
