0
0
0
0
0
1
0
00
0
0
0
001
0
0
1
0
0
1
0
0
1
0
0
1
0
0
0
0
1
0
0
0
0
1
1
0
0
0
0
1
00001
1
0
1
1
0
0
1
001000
0
00001
00
0
0
1
00
00
0
00
0
0
0
0
0100
1
001
0100
00
0
0
1
1
1
0
0
0
0
0
0
0
00
1
0
1
001
0
01
0
0
1
0
0
0
1
0
0
1
0
00
1
0
00
0
00100
1
0001
0
1
0
0
0
1
0
10000
0
1
0
0
00011
0
1
1
00
0
0
0
0
0
0
0
0
0
0
0
1
0
0
0
00
00
1
0
0
00
1
0
1
0
0
0
0
0
0
0
1
0
1
0
0
1
1
0
1
0
0
1
0
0
0
1
0
0
0
0
0
0
0
1
01
0
0
1
1
0
0
0
1
0
0001
0
0
0
00
00001
0
0
0
1
0
00
0
0
0
0
0
0
0
0
1
1
0
1
1
00
0
0
0
0
1
00
