01
1
00011
01
01
1
01
100
01
1
01
100000
1
100000000
001
10000
01
0100001
01
001
100
0100
01
001
100000
01
010000
1
0101
01
1010
1
10
01
01
0100
001
10000
10
01
01
0000001
01
10
010
001
0001
01
01
01
10000
01
001
01
10
10
01
00001
01
01
010
01
01
1
01
001
100
010000000000
00001
1
01
10
1
01
01
1001
001
1
00010000
010
100
00001
01
000
01
01
01
10
0
0
01
1
001
010
1
1000
01
001
1
10
01
1
01
1
10000
01
1
001
00001
01
1
000001
1
1
1
01
1000000
001
001
10
01
1
1
001
10
001
01
1
000001
001
10
1
011
001
001
001
11
10
01
01
01
01
10
01
001
01000000
01
001
01
1
1000
00010010011
1000
1
001
001
001
01
10000
01
001
10
01
01
001000000
01
1
01
0000100000000000
01
010000000000
01
1
01
01
001
01000
01
0
001
001
10
010
01
01
001
0000001
10
0
1
000
00000
0000
01
0001
10
0001000000001
01
01
0
01
000001
1
01
0001000
001
101
00
001
01
01000000000
01
001
01
1
10000
00001
01
1
01
001
10
0001
01
1000000
01
10
01
01
00001
1
001
10000
00001
01
00001
100
001
01000
01
001
10
01
000000001
01
1
1000
000001
1
001000000000
100000
001
1
0100
1
01
001
100000
00011000000000000
01
001
10
1
00001
01
001
001
10
001
1
001
001
01
001
10
00001
01
1
1
11
001
100
01
001
01
1
0001
1
1
0
1
00001
0001
01
00100
001
01
1
001
01
01
1
100
01
01
1
01
001
100
100
00001
1
1
10
101
1
1
100
00001
01
00001
00
00100
01
01
10000
001
1
1
10
01
00000000001
1000
00001
0001
01
100001
001
000001
1
0001
10
0001
01
01
01
010
01
10
001
01
1
10
1
1
01
0011000000
01
0000001
0001000000
1
1
000001
01
001
