100011
110000001
01100101
1000100001
00001100000100
011010000
011
00100010010
110
011
1
01
10010
0101
100000001
100001001
00110000100
111
1
0001
100101000
01
1011
000110010000
1
1001
011
010100000
011
01101101
01
1001
00111
011001000000000
100000110
1110000
00111
1
011
0000010000
000000000
0110001
011
000111
01001000
10100
11001
100100000100
001
1
101
1
011
0110000
000111
01
10101
011
01001
010011000
0101
0111
111
00110001000
001
10010
011
1001
0000101
1100001000000
1101
111
1001
1100000001000
1
110000011
1110000000
011
1
11000000
0010011
011
111
1
110101001000000010
111
00000101
01001
0001001001
01
111
110
1010000000
011
100001
00001000011
1101
1011000000
00001
101000
1
1
01110
0110000000100000000
11
0101
1
0011
100
1
000011
1
1
0110100000
111
01010010000
00010000
01110000000000
011
110000100000
01
00110000
10010010000
0100000001
10
1
1
1000100
011
11000010
1
0101001
1
10100000
001111
1001
1
11000001000
00011111
10010
001
111
1
11010000
110101
0000010011
0001110000000000
111
101100000000
111
1
110010000000000
10000010100000000
100
0000011
11001
11
1100000
001
1
011001000
00101
0101000
10011
011001
0001
1
1001
001
1
001001
111
10
01
0101
1
011
111
1
1
110
00000000111
011
01010010
01
01
110000000001000
10110
1
001
00101
101
001
01
00101
0001100010000
0101
101
11010
01
1
0101
1
1
11000
01000010000010000
1010
1
101001
0111
0110000
1
011
0
1
00101
010100
000111
10000001
1000
01
00
111
0110000000100
1
1001
1001001
110
000001000011
000011100000100000
00111
10101
001
1010000
01001000000010
1
0101
110
011
1
10000101
0101
000101
111
0111
1
01
000100011
1
1
11010000
01
1011
1001
1
011
110000
01
1
1
00001
10010010000
0111
1
100
011
010011110000
1
111
111
010100000000100000
001
100000001
00011
0110010
1111111
0101
110
000001001001
1
1
110000
000011001
01101000
0111
011011
101
1
110
11000000001
1
111
100
0101
1
11100
1
1110000000
0001
11010000
111
0100000101
1
0101
1
1101
0101
1110000
1
10010001000
0101
01
10010
0000111
011
1001
1
0001
0101
00110000100
11
01
0
1
0101
0101
001001
10000010
1000
01
000000011
0000110001
1001000000
101
1
1
0101
1100000
101001
1000101000
0001
1
10001
011
010000001
0101
0101
1
111000
1
01
011
1100000000010
0011
001
1001
011
1
1
01001
010100000
0101
0101
100000101
11
1
10001
100101
010
011
0101
00100010
111
111110
10000011
1
1
1
10010001000
1
110001
0110
111
011
001
001010001000
0101
11110
00011
0001001100000
111
001
011
0100
1010000000
0101
111
1
1
110
100010001000000000000
110000
1
11000001000
1
0010010100
111
001
001
1011
00110000
0100000010010
110
010000010001
11110001
10100010000
01001
1000000101
0100001
110010000000000
110001010
111
0010110000
0001011
0101
111
1
1101
10100
110
111
111
01
111
100
1
1
0100110101
111
1
0110000
111
10000110000
0101
0111
00000100001000100001000000100001
