0111
1
1
1
110100
1
010001
11
011
1
1
1
11
11000100
1011001
01010100
1
1
1
0100011
0000000
1
1
01001000010010
1
01011
000101100000000000
1
1100100110100
10001000101000
10000
100100001000
11
11010
1
00
0000000
0010101000010000000001000000010
10100
1
1
00010011
11
11
010100001000010
1000
0001
1
10010000000001
10000000110
01110001011000010001
10010000001
1
1
1
1
010010001000000
0000000
100100100000
001001
1
011
0001100
10000010100000
000
1
1
1
1
11
1
1
10101000
00001
1
100010001
1000010100000
0010000
10000100001
110000100
100010000100
1
1
1
1100011
011001000
11
1
00011000101000100100000
10010
0001
011001011001000
10011000
1011000
11111
101000
1
1
01
0010101000
011100
00101001
1
1
1
000101
1
100101
0000
011
11
1
1
1
11
0110000010
1
00110001
1
1
11
1
1
0100011
11
1
101001
11
1
1
1
011
1
101001
011
00100
1
11
0110100
1000110000
0000011001100100000000000100
1
11
1
1
1
00001000101
1
1
000101
01
1
11
1101011
1
1101000
011
1
1
00101000010000
1
1
1
0111
1
101
1
01
1
11
1
1
10000001
1
001
1
11
1001001000
1
1
110100
110100100
001
10000001
10000101
0010010001000
1
001
1
1
01011000
11
1
1
00000
10
000
1
1
11111100000
110000010000
1
1
0
1
0100001
1
11
00101000000000010
1
1
1
01001010
1
1
10010011
1
11
0000
011000001
01000010100000000000000100000010011
1
001000000
01000100000010000
010001001
0100
0010001
10000100001000
1
1010000100000
1
10100000001
1
1
11
1
11000110000
101001
1
1
1
011
11
1
1
0000100
1
11
0011
1
1
1
001000000
1
1
0100
1
1
01
1
0110000001
0101000010010101000000
1
010010100000
1
0010000000
01000000100010000
0
1
11
00
100000
1
0101
1
1
1
1
011010000011
1
1
11
11
01001111010000101
1100000
1
0000
11
001010010
1
1
00001
10000000
1
001000
1
010011
11
1
1
100010001000010001000
100010100
10101000
10001000100000
1
01
100101
1
1
1000100100010000001000100
1
1
1
1001
11
1011000000111
1
1
1
10000
1
1110101000
00110001
1101
00000101
010001000010000
1
100001000100
11
1
000001100001001
1
1
1
0001
1
110010
11
0111
00001
1000001
0000100001001
1
1
00011
00001
0010110000
1
1
1
11000000000
1
1
1
1
1
1
0011100
00010001
0001
1
1
1
1
1000100001001100000100110000
11000000001000
111
00011011100
11
100001
1000
0001
01
1
0000
1
1
110000000001
11
1
1
010100100000
1
10001
1
1
1
11000001
1
1
10010
00000100000
10010
001
1
1
110010
000001
000000000000
1
1
1
1
1
11
1
110
11
01100000001
0111001000000
00011
1111010010
10000
1001111
1
111000000010001000
0101100010001000001000100000001100
100000000000
11
1000000000
0000
0
1
1100001
1
011001
1000
0111
1
11
10010000100
10010010000
00000
1
1
100100010000
1
10000
1
11
1
01010010
1
1
100001100000
01100010000100001001
10010000100
1010110010
01000100010001
1
11
1
1
1
0100100010000
01100
1
01
1
1
0010011
0000
000001
010001001000000
1
1
1
1
1
1010100
01000010010000
000000
1
0110000001
0100100100000000
1
1
01
00011
1
11
11
000
100010
1
0011001
11
1000010001
1
1
1
1
01
11
001000010001
1
11
1
10100101
11
0
1
1
1
0001000010001
000
1
1
0
1
1
1
011001100110
0010000
1001
0100000
11001
1
11
1
110001000
1
1
0001
00
1110
01111
1
11
00001
100001011100010011000010001000000
000101001
11000001
0000011
1
1
1
1
1
1
1
1
1
1
0010001
001
1
0011001000
01010001
01010010
00001000000101
1101000
1
1
1
111000001
1
01000100100
0101001
100000
110000001000
1
01101000100
1110101001000
11
011
1
1
1
010100001001
01010001
1
10010
1
0010001001
1
1
1
0001011
1
11
1110
1
0
11
0001010001000000
11
1
101100
10011000
1
00111
10000
1
1
1
1
1
1
1
1
11
0000
100010000010
001100001000
11010000110
1100010000
1110000
1
11000000100100000
1
001
0001100010000
110001000
110010001000
011
1
001000
0001
1
0001100100
100100001
1
11
101000100
1
0001101
1
10000
1
1
1
1
1
00010011
1
11
10101001011001001
1000
11111
1010000
1100010001010010000100
1
1101000
0000110001
0110
000100100011011
1
1
1
0001000101000010
1
10011
000000
1
011001000
011
1
11
111001000
000111001100000010000
1
11
11
1
1
010011
11
0000
010000000001
1
001111
10101
0
0111
11
1
1
1
1
0100100011000
011000000111001
01100010000
1000101000
101001
0100011
1
1
1
000000000000000000
110000
1
0010001
010000
1
1
1
1
000
00
1
01110100
0001
1
001100000010
1
1000110110001000
1
1
0001001
1
11
10000
1
100100000001
0010011
100100
01
1
00111
11000
001
001101
011
100000
11
00011
1
10000101000
11
100
1
0001
1
1000
1
00100100000
11
101010
10010010000
11
00111
1111
1
011
1
1
1
0010000
011
1
010
0111
1
1000100
1
1
001000011
101100000
00001
001
1
1
1
0111
1001
1
1
00001
1101000
1
11
101000100
01000011
0001100100
11000100
10001
1
0011
00001
0
1
1
1
1
1
1
001
1100100
11
10001000100010
1
01100000000000
000000010
1
100
1
0000000
0010110
1
1
100
11
01
11
10000
1
100000000101
1
1
1
1
11
0100011101000010
110100
1
0001
1
101000100
1
0101110010
0001000000011
1000
1
0000100101
11100000
001011
1
1
1
1
10
00101001
10001001
0001000100010
1
1
1
00000000001
10000
010000101
1
1
0000100000
0001
1001000000011
101000100
1
1
1
01001010
1
11
11000010
1101
10000011
00100100000010
1
1
0001
10111
110100
0001
1
1
1
1
10000
010000011
10
0001001001
01000
1
1010110000000010
1000000101
0100110
1
1
1
1
1
1
01011
1
1010
01001001
01001
1
1
00110010001
00110
000
00000
0001
1
110100
11
00001
01100001
1001
01
1
1
0111000
1
