101
0101
00001
1
1
0000011
10000000100000
10000100
0001
1001
0001
1
100001000
1
1
100
00010000000
1
000001
1
100
1
1000
0000001
10000100000000
10000
100000001000
0001
010000001000
00100
001
1001
100000
00001
01
1
100000100
000010100
0100001
100100100
01
01
10000
0100001
100000000001
10000
100000100
100000
001000001
0001
1010
000101
00101
10
1
1
0000000000001
1000
001
01001
1
100
1001
100000
100
00011
0001000000100
1
1000
000001
001000
1
001
1
001
100
00100001
0100010
00
1000010000000
01000000000000000000
011
10000000010
0
001
00100
001
01
0001
10000000
001
1
1
100000100
010000000100
0010000
1
00001
1
1
1
1000
100000101
011
0001
0100000
10000
00001
10000010000
100010000
001
1
1
1
100000
01
1
1
0010010000
001
011
10000000000100
1000100
00001
1
100000000000
001
0010001
1
1
1000000100
1
001
1
0001
000
01001
1
00001
100
0001
00001
100
1
1000000
11
000001
100
00010000001
10000
001
1
10000000010
1000001000000
1
10100000
01
001
10
1
10000
0000100100
000001
1
010000000
110000000000
001
00100
01001
0000100001000000
100
1100000000010000
1000
000000000
01
1000001000
1
0100000000001
0010000001000001
1
1
011
0101
001
1000000
0001
10000
1
0001
1
100
01
0000001
1
001000000
00011000
0101
1
1
0000000000
1
1000
01
000
1
0000001
01
10
100000000
00000
100001
001
100000001
00001
11010
1
1001000100
0000000010
10000000
001
010
000001
100000100
10000010000
011
00010000100
001
1
000000001000000000
00100010
0001
01
1000000000001
01
10100
0000
000001
100001000
0100101000000
0001
10
1
0001
01
100000
1
1
1
01
100001000
01
1
100
0101
1
010
001
1
1
1
10100
10000
01
1
0010
100001
00010001000
010001
1000
1
1
10000
010
001
10
0100010100001
001
010
1
1000
1
00001
10000000000000000000
11
1
00100000
01
001
001
1
1000
0001000
1
0001
001
010000
1000010000000
001001
10000
1000000100
1
0001001
10000
01000001
10
000001
010000010
1
001
100
01
10000010000
0001
1000000
00000011
0001001
001000000100
0101011
10000100
001001
0
100
01
01
00000100100
001
1
01000
1
11
001
01
11
100
10000000
110
1
0000101000
010
010001
100000100
11
1
10000010
1
0101
11000
01
00011
100
11
1
0001
010
0001
0011
01000
1
1
1
10000000
000001
0010100000001000
1
01
01
100000000010
10000010000
01
01
00010000
000001
01
01001
001
1
01
1
1
100
1
0000001
00100100100
0000000000
00001
100000010000
00101000
10010000000000
1
11000100
001
1000000000
01
01000000
00100
001
00010000000
1
000001000000
1000010000000
1
0
001
100
100
0000001
1
010
0
00001
0011
1
00000000011
100
001
0010
1
100000
1
0000
1
01000
001
001
10000
001
1
10100000
000000001
10
001001
1
1
1
100
1
1000
10001
100
00001
1
100100
0001
1
100000000100000
0001
0000
000001
1
110
010000001
10000010
011
10000010000000
10001000
1
1
10000
00001
01
100000100
01000000000
0001
1
001
0001
000000100000000001
10000
00001
1000100
0000001
100000000
0001
1
1
1
0000001
110
01
1
01000010000001
0001
11010
00000000000
000010010
011
1
1000000100000
0101000
1
1
001
10001000
001
0001
00000000000
0001
0100
001
000011000000
1
1
000
1000000000
1010
00001001
100000001
0001
0
1000
01
1
1
01
010100
0100001
0010000010
001
10
011
000010000000
01
0001
100
000001
1
1
100
1
1
00101
0001
1
1
0001
001
0001000
0001
100
1
1
000000000000011
1
00001
000000000010
1
0101
10000
0100011
100000100
0100000000001
1
100001
0010010000000
110
100100
001
10
101
100000000
0001
001
001100
01
1
0000000000000010000000000000000000000000000000000000000000000
010000
1
0001
1
100
100
001
0001
1
100000
0
000001
10000
0001
100010000
001
1
001000
1
1
001
0
011
1
1000000000
1
0000
1
1
100
01
001
1
00100100000
10000100
001
00001
10
0100
0000001
10000001000
001
01
0010010000
001
1000000000001
00101
100
010000000001
0001
0001100100
001
10001000000
100
010
001
011
01
100000001
011
100000000
001
00100000010000000
0010000
011
10000000000
001
01000
1
00001
011
100100
0001
01
0100000
1
00001
110
1
001
001
00
