0000011
101
1000
1
001
000001
1
10
001
1
01
001000
0000000001
1000
0001
01
0100
1
00001
1
0001000
001
1
1
1
01
10000
1
0001
01
001
1
000
0
1
100000
00
10
1
01
10000
1
0000000000010000000000000000000
0001
1
1
01010010
1000000000000000000000000
0000011000000000000
0001
1000
01
1
000001
1000
0001
00001
1
010
000
1
00001
1000
1
1
1
1
01001
01
1000
001
01000010000000000000
1
110000
1
1
01000000
1
0001
10000001
001
1
01
01000
01
1
0011000
001
1
001
100
1000
1
01
01
01
1
1
1
1
1
1
1
1
1
000001
1000
0
01
0001
1000
01
1
01
0001
10
1
