000011000010100
010000100000101000
000101110000
10000100001000010
1
1
10100100100000000000
010000011010
10101000000100000100000001100
1
100000100001100000010010000010
01100000001010000
0
1110001000010
000100000001000000000010100000
101110101000
0100000010000000101000
0100101000000001000100000100000100100000000101010000000
1
11010010
1000000100001100000
100000011100001100001000
01000000011010000000
0010100000000110000000
10111
001000001001
000000010010000110000
00001000100010010000
1
1101000010000
100000001001000001
110001001
0100110001
10000100011000
01101
10000100000001010000
101100001
010100000100001000000001010001100000
0010000010010010010100110
0000000001000001110000000
10000100001000100100
110101
1000000100010010000001000
1
11
01001000100000000011000000011010100000011000001000010001000000010011
01001010100000
00010000101001010010000
110000001000001101
0100011010000
10010000010001
100001000010101001001000000
011101000100100100
1
0000010000000000110010000001000001001100000
00001000011010000101001000
0100000000100001001000
10000000001001000100000100100001100001000000010110000
010000100000000101000
01100111010011000000100000
1
01000101010000
00000001100001001000
1001000001100001001000100000
1
100010001000010001100000000100100001000010
0100010001001000
00000100100100000010001
1
00000010011000100000
1
1000010101
1011001
1
10000010000010010
0100011000001100001010000010101
000000001000001001100000
010010000000010100000
01000100000011000
01000001000100
100001000000100100
1
00011000001010000100000
10000110000
01100000101
10110100100000100
100010011000000100001001000000100000110
1100101
1100101
1
11010000000001
0100001000101000
1011101000001001000
0001000101000000010000000000100001000000000
1
01000010000011000
1000000001101010000010010010000010000
11101
1100001000010001000000
1100010100
01000010001001000
1100000001000100
1
110101
0000000100001
10000100010010010
001000100000000100100
1100100001
01010010001000
1
001111
0110110
011011
110001110000
11010001
0100000101000100000
0100001001000100
0000100100110000
110000001010000100101000010
00000010000001100010100000010
01
000100000000000000000101
0100010100000
1
1
001000000000000001011000010000000
000001010000010001000
00000100100100000100100010
010000100010000100010000000010000000000
010000100100
110000000010100
1000010000100100
100000001001
1000000000000001000100100011000101
1
11000010010010001000
00100100001000001000
110000000010010000
1
01000100100000000010001000
0000110001001000
00000111110000000100
01001100001000
1
1
00100010010000000010000010
1
0
11000000100001
01010000001
1
0001010000011001110101001100000
1
11
1110000010010101001000
1111000
0100001010000100
00001000011000100000110000
00000100000001000000010100000000100000000
11
01100000100100
100001000001
10000100011000
10001000010001000
0101000000000000010001010001001000000010000010010100000000000
00110000010001
010000100010000100
100001010001000100000000100100000001000001001001000001010000010001100
1
000000000000000100010010000000000
00100001001100100100
11001011
0110100001000000
1100000000100001000001100100000000001
11101
110000101
10101000010000
100000000001101100001000001000
00100001100010000
100000010101000
11011000
010110010
0110001000100100000010000000000000100010000010000100001000000001100001000001000
00110000010100
1
01000000000010101000101000000000
0000100000000000010000110000110
0100001000011111000
1
01
1011010010
1
1000010001100000
1100110
0000100000001110010000011000100000
01010110100000001100
0000011001001001000
1
1
100001000000110000
101110
0011001000010001000000111001000100001
1
1
01101000111
111
110000000011000
100001000000100001
10000010001000010100
1
1100000000101
1
01001
010001111001100000010001001010
1
1
100000000001001100
0001
110110000
00000100000011101000001100010000000000001
1
10100000000001000
1000011100
1
1000100011000
111100
011100000100
0110011010
001011000010000
000101000001010000011
110000000010010
000000010010100000001
000010010000101000
11001000000100000
10010001000100
010000001010
10000000100010100000
0100000001000100010000
000001000010000100010000
0000010000010010001000000000
010111
1
1110001
001000100010000010000000100100001000000
0101010000100001000
000010001000010000110100
00010000001010000001010000000001
1
01000010000110
0100000101
01111
000100000010000001100001100000
1101000100
01110000100000100010100100001000
0000000000001001
1100100000000100000100010000010001000000000
0110000000000000100001001000000010001
10
1
0110011
010000000011100100001001000
11011
1
0101000000000001101001001011000000010
010000100011000
11010000100000000100010010101000000
1000000011000011000001101000000001001000000000000000000
0000010100010010
1010011
010110000100100010000
11001000001010000010100001000
1
11000000100100000
01111000
1000000100110000
1
110000000010010
1
0000010101001000
010010100011000001001001100
0001100000000000010100000010001011000000010
00001000000001000000100001000000
1
1
1000001010100000
10001000110000
1000001010010100100011011000100000100000100001100110010000100001001000000
0100001000100100
111
00000000010000010000001100101000000000
1000000000000111000000000010000010100011000000000
00100000001100000010000001000000010010000100001000000001
0100010001100
0000001100011000
0001000100000000001100
0111000
1000100001001000
00100001000000110000010000000100010100000001000000110000000000000000010010000000000010000101101100010000001000010000000000010000100110000
1101100
101001010
010000
11100000100000100110001000000
1100110001000001
11000011000
0011011
111100000
1
01000100010000010010001000010000011000
1
00010000010000000100000
01
11
1100010000010000101000110000
1
010000001000100001
000000000100000110101000001100000101000011000
00000100000100000100001
01100010000100000
01110010000001010
11
11000000000001000100
0
0000001000000111000000011010000001000100000010100000000
10
000110000101
111100
1
01000001000100100
1001001001
10000000000100000001000100000
1000010100010000000000
001100110000
1
000000001010000001001000
10101
00000100100000100000100
0101000001000000101000000101000000000001
00000101000000100110100100000000000
1
1000101010000000
1
0100000100001011000100100010000
011000000011000
01100001000100000001000000001
01111101
001000001000010100
0010010000100100
1
111100000
01001
00000000000011000000000000001000100000000000110000000001000000010011
01100000001001
10000000000101000001
100000001000000100010000
0100000010010100000
01000100001001000
000000101
01000100001000010
1
10101000101
01000101
11111001
100000000000001101000001001000010000
01000010001100000
0000100001000001000100000
1
1
1
1
1
1000010000010001100100100000000
1000110100001001
01000001010000100100010000100100000
01000110001001
100100001001
110010100
100001000001001000000
00100000010001
110000000010100000
0010100011101001001000000
101000001101000100100000
10001010000000000111000101000
00000011000100
1
10000100000100100
010001000100010000
00000110
10011
101010100000110000001
010000000100001001
1
110000010100011001100
00000100000100010110000000010
0010010001001
1
110100100
01110010
10000101
0100000100100001
001
1001011000000100000011000000100
1001001001000100100
1
1000010000000001001000
1
11101
1
110000010011000000011000
0000000011000000101000
00010100000000001100000000
1
010000010000100100
10000100010100
1
01100101
10000100011000000000010100
100010100101001100001001011001
1010101100001010010000
0000011000100100100010100100
1100000100000000100000
100000101000010000
1000010000110
000000000000010100
0110000101000
0000000110000101010001000110100001
000000001000001010000000011000001
001001000000000010010001100000010000000
1010000000110000
01100000001000100000
00110010010100010000000
11101
01011
11001001
1000100001001000
10101
0010110100000000110000010
100010000101000
000100000010000000001000111
0000010100000011
1
1000110000000100000
01010000010001000
1000010001010000
1
1000010000101000
000000000010000100001000000101101000010
001
1
010011001
10000100001001000
00010001000000100010000011010010
0000000000010101000100
0100000000100001000100001010000010000001
1
1
100001000010000000010
110
010001100010100001001000
1101111100
1
001000000011100001000100000100
010010000100
1
0111010000
10100000
1
1010000000010000010000001001000000100000000000
0110010010000
00
000000011010
10000100000001100
01001000000011000110
10000010101100011001010000000
100010010000100
100010001001000
0000100000000110000010000001001
00100110000001000100001100010
110000010010000
1000010001001000000
1
111101
10000101000001000000001000000100010000000001100000
000001000001000001100000000
000000100100000000101000
111100
1
10000001100
1
100101001000
00000010000001001001
1
0000010100011101000000101010001000000000011010000000000
00000110000000000100100100000100000010
000100001100001000
1
0011
10011001101
1
10000100010100
10000100100000100
1
1101100
000101100100
01111
1
1
1
00110
10000010010010
11101
11000010000000000001000000010
010000000010000000101011010010000000100000
0010100001100001100000
101100000100000
1
0001100000010001000
11000000001100
1
111100
001
0000000010000100000110000001000000000110001000000001010000000000010000000011000
0110000100010000110111000110000
000000110000011000
0000100001010000010100
10100000000001001000
1110010001000
0100000100000110000
000110000000010100100
1100101
1
0110011
011011000
00000100000000000001001100000000000000
10100000100
010001000101000
0000000100000001000110
1
0100000010000000001010000
0001001000110000000000001110000101000010001000010000100
01000100000000100010
0100001001000000
0100001000100100
0010000001110000100000011
1
1
01001010000101000000
01000011000000100100
100100001100
0000001011000000000100000000000001000000010000100000111000011001100000
1110001
0100000100000000100100
0000010000010110000
1000000100010100
1
10001000010001
110100000100
00000000001100010000
000000000001000000001001000
000000000000000000010000000000000000000000000000011000000000110000000110000
11110000100
000000000011101011
100000000100000100000010
000000001010001
1
100000010000100001
1010
1010000010001
00100001
11100000010000
100010000100010000
0111000000101000
0100111000
100001001100000
1
10110001
0010000100000001001000
010000001011011101001000000
010000010001
1
000000101001000010000100001010001010000000010010
0010
00001001001000000010010101000000000000000010
010000100011000
1100010001
01100
100100010000000010000010000
01000000101000010000
01000000100001100
101000010000010010001001000010000
00000000001100001010010000001
00001100110010100100100100
11101
100000001001001000000101
00000001000000001100000010010000000010010
011000111000
00001000000100000010010000000
1011000010001000001110010010
10000000010000001000101000010000
1
00000001001100010000000
011110000001100000
01001000000001100
0101011000
00000000000101000000000000100010100000010001
0100001000011000
1
010100010100
10000100000101000001
010100000010100
000000101001100000
0000000110000000
1
01000010000101000
1
1
000000100111000010011101100
1
1111000000
10001000000101000001000110011
10000100010000010
1
1010010000100000110100000
000000100000001110000
1
00000000001000011110000000000010010000
110001100000
100100100011000010100100111010000101000
10
010000100001000100000
0000001010000100100
0000010010010110000000000100000011
1
0000010000010000001110010
01000100010010
000000101000000010101100
1
100001001010000
10000111000
0101100100010000100100
10001001100
100000100000001010000
1000100000000000010001
100000000001101
0000010101001000
110000100011000000
11
1000000101000010000
111010
1
000000011000001010100000100000110000
00000000001000100010000000000001010000110000000101000
000100100000
1
101001100
0000010100010100000
110000000100100
1
1
00001000100010100000
0100010000000001100
1
110001001
1111000
100000001001000
1
0100010000101000000
0000100100001001000100010000100
0101000010100
00001001000001001
1
0100000110100000
0000100000001000000001000001000
100000010000000
1101000100
00000001010110000000000
1010000001100000
111000000100
1
1000100010100
000100010000000101010001
000100110010000000010100
11101
01110001
01000111000100001010
0100001000100100
10100000000001001000
100001000100001000
1
010111
01
00010000001100000100001100001
1
0110000100000100000
000010000000000000010000010000010000
0000011100000010000001
01000001000000100
1
100001000110000010000001
0000010000100000000010001000
11000000001001
10000100010001000
1010000100101
1001101
01111
0110000001000000100000010001000000000000
1
011000001000100
000011000000110011010010001000100000111000010000
000011011100000000011011000
1
1
1110001000
1
01100001000100010000
1
1000010000101000
0000010000000001000000010001110001000
1110110000
11100010
1000010001001000
01100100010
1
1000001100001
1
11001000100
11101
101001101100110000
00110
1100000001100
00000001101001010101011000
00000110000000000000100100000
110000000010100
1
1
1101000000010000
0000010001100010000
1
