0000000000000010000010100100000000
01010000
0001001
1
0100010010001000010
110011
11000001000000001010000010
000000010000100111000000001000100101100
1
11011
0111111110110
1100
00100001001100001100000100100010001000101000
1101100
11010101
1
011
0110101000100101
011101
1
000100111
1100100
1
1111010
0001000100001010000000100000100
111000010010
110000000000000000000000001000001001000000000000000000000000
111100111101101
1011
10000001
01101
111110010001001000
100011001000000
10
000001101000000100
011
1
100000000000010000010000
000010000
000011100001101001
00001111100110001001
1000100001
1000000010
1010000101010
011101000
1000000100001010000000000000000000000
1001111011011110000101000011101011
1101001011001000100
1010001100
0000000110100000000100000
100100111100000010001010
110110000001000100
000010000101001010000010100100000100000
111101
000111000
0111
1
1
1001
101000000101000
10010
0101011
10000100010000
1100001
1000010100100
11000001000000
00000101
100000000011010
0
1
11100100
1
11100010
010010001101101001100001000
000010001
01
1
1111000
010100000
10100010000000
100000000
0000100010011001100001000001011000
1000101
0100000100100001000
1100100010
0100000110100
110000000011
1100001000100000
11000101100000001000001001000
1
11000
000011
1100000000100001
1010000
10000100110001000001010000010001000100
100101000
01111
11101
10000001
011
00000011000000101010011010010100001000011000
0100000101000010
0000000000000000
00010011111111010001111100101110
1011000010111001000000000010100000100
111100000011000
0100000010000
100001000011000010
1000101
10000000000
01111
01111111100
110010000000000010100
1
1
11001000010000
10011000010100001000010
000001100000010001
01000100000010101
01000100001100
1101001000
00100000101010000
010000000000011010010000100000100
10001011000001011000
010000000010100000
10100000101000001000100001
100000000000001001001
10000100001010
01100001000001000
10010101
010000010010001000
01001001100100001000010
1
0101001000000010001
110000000100000
1000001001
01100010000100000
10111010
111000011
0111010111
00010101000
110
0000100010010010100101100000100000
1100101000
0001
00010010010001000000
100100
1
0110001000000001001000
110101010100101000
1
0000111110010100100
11101
0100001010000100
1000010100100
010
001010000010011000
1000
11
00001000000011
11
00100000001000
0000000001000100
0110000
001
1010010000000000100
1100000011010100
011
101100100
1101111101111111001001101101000
10101
0100010001
001100
1100001010001
100100
11110001000001
0010010010010
10
1000010001000000100001000
1
1100001000101001
00010010000011010
1010010100
1
1
10000001000
100001000000010
10100000
100001001001000
00100
0001100010001001000000
001010000000101
0011000100000000110001
110010000100000100
01000010010001
011
01111000
101
100
11001100
00011
1000001010001010000000100100000
0010101010001000000010
010010011000
0110001010101
111000110100001000010
10000011010
001
01001101
011000010101
000100001000
10100
0101011
011000
1001011000101000110
01010101011001100
0111100001101111010100110011000101100
1
111110001
000001
00010100100100000
1001000010000010
01111001
1000000000101010
000111000
11111011
00010101011100001000000010110
00010000011100
1
100010000110100001011100100000
0100011000001100010000
010000000000000101001
110100100
0000100100001000100
00101
00010
0100100000100001
111110101011100110101100110110100101000010
010010001000010000
0100010101000
01
10000100100000
10000100100000
101111
1000010
000011001000010
10000000110110
011101
101010000
0010000010000000000001
0001
1111100
010000100100010000
10010011000101
110000000100001
11
1101001001
01001111
1000
10100010110010
100000001000110001000000
10100101001001000001001
100001
010000001011
01100010100
00001001000000000
0110000100100000
10000010010000100
10000110
101010000001000
011
01
1001001100000
1100001001000101
000100100000010000
1011001010100
10010001000010000
1
1000001000100000
00001100
10010100110100000100100001011
0100001
1111011001111010000101000111
0100011101100
1010011010000100
0100001000010001
1001000100100000
010000011100
001
101
00010010001000001100000011001
10101
0
0011
000000010010000001000010
001
010001101000001000100000
1001
1000000100100001000
01
1000000
1
000001100000010001
111110
010100010001000
10010
00000010000000101
100100000100001000
010000100100001000
11001001
00100101000100000
110
00000001
0100000101000001000
1
11100010000010100
00000100010100001000011
1001010001
00101000100
000011
111001001100
0100100100000010010001
1000001011
011001
0010010000110100000010010
11000100
001011010000
1
1100
11000110010101
0100000001010001010
10011111011010000100101
11000001010010010000011
11101
1000000000001000011
1101
0011
10110111
1011100
001011000011
11
11
011110
1
1100000100010000010001000100000
1000000001001010011011
0101010000010101
001000110001000
1000100101
101101
011001000001010000
1
0011000000011000000000001101000000000
01010100110000000
0001001100100000
100100101
111000100
11
10000
110000000000001
1001100
0000101000000010000010001000100
001100
000011
0
10000100111001000001000000
0001
0100100010001010000001000011
1111110100001100
0011101100000010100000
10000111111100100000001
00001000110000100
100100000100000
0000110000000001
000100010100010100001000000001001
11010100
110010100
1000001011
0100001011000101010011100
11101
000000110100001000001010000
010001001000100
01
1110000100
1
0011000101000
110011
100000010101
0110000
110000010100000
00100010000
11100100
11011111001000
1
110100010000
0000000000110
1000010
11100010
010001101001000
110101
100001100100
0000000100100000000
11
10100001000000001
1001100000011001000100000000010
1100000100010
1100000100
10100111010111110111101111001101101000
00100011010010010100
00
1110010010000001100
1000100010000010
0101000000000110001000
1
01000111010000
111010
0000101001000001001010000101000
000011
10001
10000010000
00000010000011010010010010000
001101000010
111101
1001000010000000
10000101000000001000010
100001001100000000000000001001010000
01000000001
01001100100000
0100001000000010001
0001
110000010110001000000001010000011001000
1
011011001110100
1010000110000
1000000000010110
0111
1
000010001101001
11001
100000100000000101
1110100011001010101000
1110000101010101
111100
1
110011000100000
11111010101
11010000001
10001
0100000010101
10000100100000100
11010101
01
1110000011
00000001010000010000000
10100000000011001100
000000100100110000000000000000101
110
1010111011011111110111101110011011011111
000010100000010001
1
0000111101110100
01
010110010000001
0101001001000101001
111111000
0001001
011011000
101011101
10100000101
11001101000
011
1011000011000
000010010010000
0000001100000010110000010000000101
0000001
100010001100000
011
11000
10010001000000
10000
1100001101101000000000100
010000000011
1001010100
0110010011010000000
11000101
1111101010110000000110001001000
110000000010000
1000100100000
011010001001001110101
0100111101100100
110001000101000
00100101011000000100
110000
11110101001
0100010011000010000100001
000101010000001
00001110100
0000000001000100100000100000000100
10010
11011111011111110000001010111
11110001
01000110000100
0011
0001001000011
101011011000
1010000100000
010000100010000
1010000
11000100000100010000
00001000000001100
11011000010
0000000111000010001000
11011
011100100010
101011
0000000001000
01001001000010000100000
100100000100001000
100000001010001100110000001
0011001000000
110010001
01010000
010000100000001001
110000000000010
1010001100
111110111101111110110
1
1
1
1110111110111111
10110000
110011
0001100100110001010100
111100100
00101
101
000001000001001
11
00000110000100110001000100000
01100
1000001000000
0000010001010100
010000100
1101010101
0000000000000100000001000010000000
01001000100
1111010000010100000010
011
1010
1
110111
0100011100000100
000010100000001001
110
100000100010000000
1000
01101100000
101000101000100101000
1
00101
1000010100
1110000100000
011
010
010000000100000010000100
1
001001
1010001100000
1
1110100
0100001010000
1111000010101
01000111010
011101
1
1010100011101010001100100
01100110110100
001001000010111000000111000000
0100000100010000000
1111110
0011
011
1
11101110110011101011111110100111000101001000001101111
0110010000000001100
1010
1
000100001010101
1
011111111010011000000010
1
11000010000
00000000000010000011001001000100000000000001
1
001001010101010111010000
0101110000
0110110100
1
000110001000000
100000011001100100
1010010100
10000010001000010
01100001010010001001000100
0010001000000100
111100
0110100001
01
1
001
0000000000110011010001101
11000000000
00000000000100000010001000100001000000001000111000100100001000000000
001010001001000100100010000100000010000010
000110100001
0011
101010000100100
1
1
1101101010001010000
100011000000000010000100001000100010
110111000
000000000000000000001100000010000100000110100010001
00001000000001001010110
100000000010110
1000000101000010
00001010000000111
100
1100100
100000000
1000100100000
100100100100000
1
00010000000011
01
1
00011001000000
100000000100000
11101
010000101001
1100000101000
100000010100100000000
1000000000000000010000011
0100100100010000
010
0110000001001000001
11100001001
0011
1011
100
011011
1100110
11110010101000
01111
11
10111000
1001
10
101011
11100101
1
0101001001
1001001000100000
10110111011111000
1110011
10010
1000011
10001010100
1100000101000
01000000000001000001
11001101000
0000101000001000
101
10000000000010001
1000000000000
11000000010000
110000100001000000
10001000000000001
01
1
100001
01011
110100010
1011100
01001000011000
0110011
11011
01000100100000001100001
110000000001000
010001100
1010001100100
100001110100000001
001
10010
1111
0011000000100100
101000
10000101100
110001000100000100100
01100101011101000
111001
11000001000000
1
10011001
11000101
1
010100000
10001000101000000000100000000010000
11101
1100010011010
100001000100001000100100000010000010
1000000001
1
11010000011001010
11000
00001000100000
101101
1000010000011
01000001110100000
011
111001011101011010101101111100
111111101
1010111
1
1
0100010010000
0100100100100000
01010101
0000111000100000
001001000010011101000100000
11101
001001
1
1
1
011
1010010010000
1101000
0010
011001010
10000101000
0101011001000
1
1000000110010000
00010000100
01111010001101011101000001110010100
1110000000100010
01000000000100010000
1111011
000100010100000100000
111011
100000100010010000010100000011000
1
1000010000000001
1111111101
001001001001000000101000
0110001010111100
00001000010001010
11
011101
1
10000101010000
111001
1
1100000010001
001010000101101011000010011010
100010010000000100
100000100110000010000100
0100100100010000
011000
110110001100
10100
010001000010000
0001001
10
11
11
00110001000100000000
01011011100000
100010000100000
00110000000010001000
11000000001010
1010100
1
0010010100000
100000000100100100
011100100
111001010000
11010010010100001000100
011
01011011
1001101
0
011001001000
01
00011
1111000
0010000100000010100
01100000
001
0010100
0101000101000
100000101000
00000100100001001
10011100
011
10110100
0001
111000011011110111111100100011110101011011001100
010000000100010001
11
10110100001001
100000101000001000
1100000001100101
0100001000010000
10010
11110100000
01100000110100
110010100000010000010001
00000100100001001
101
111001
111000000000000101
11000
100000010000110010011100101010000
010001011000000100100101
0000000000110000101000010
1
0010000110110000101011000
11000100101111110011011001110001
011001000100000
101111
100110
01111
010001011000000
10000000011
111100001
000011000100
001
00101100100000000100010
1001
1100
100010000000000100
0110001001
01000010100
10100101010000
01000100001000001
1
0111000010001010
1100000000001000000
1100011000
01
00100010000001010000000010
101
110000
100000100000000100101
111001010
100100101
11011
0100
1101100
00000010110000100
01111
10000
010010010011100001000000100000101
01001001001000
10001100
00110
110010
01110010100
0010001001100001000
101
1010000010000000001
1001
11111011011101000
0001001001011000100010001
00010110000110111010101000110101
1
0000011000100010
00010010000
1001000
0101
011
01001000110
1000100000001
11010010010100
011001001000101001010
00000000100100001
0100001100100000
1000100010
100000011010000
001
111010
1110100101
10000000000101001
1
10001111100
0100001010100000
110100111001011
0100001111000001001
1
11
111101
1
10000100100000
010000101000000100100001000001000000001001100000000000000000101000
11101
01100101100000011000
1
01001001000000
001000001000
0010000110000000010010101000000100
1
100011000001000010100
100
100010000010000000
1100
0001
00010100000001001
1000000000000101
00100010000001000000001
1100100000100000
1001
0001110001
010001000100000
100010001010000
10001001000010
1001000100001
0011
101000
10011001
001001
11011
010100000000010000100010000
0000011000000010
1
1000000001000010001
010001
100
0001001
1
0
00001000101010
10000000001001011
101000001
0101101
01111111010
1110100
10000001011100
100001001000000
0000100000000100100
110000000100000
01011001011
00000001
110001
000110000
000000100001000
01
111001101011000000010
0000100000010000001010
1011100
1001101
011
0110000010100001
00110001100010010000000
10100001100000100110000100000100010
010001000001000010
10000100000000
01100010000010000000010010
01100001010
101001001001000000101001
0101
01101100
11110111110111101
1000111010
00011000100101101011000000101000
0111110100
1000010001000010
1010101110001000100
110101101
010000101000011000
100000000101001
00000100010011000010001001000000000100
111010
01
1
01000000010010100000001
001
01010010100000000
1011001
1110001101111010011000010000001100100001111000
1000001011000000
010000100010000010
1
1110101
001
010
1
001
00
10111
01011
0001000010100
0111111100
1100001100
0000101010000
100101010
11111101111110010100
1001011101
010000110100101
1110011000000
101000
000011000001110001100010010000000
01000101000000000100100001100000
10000001001010100001000000
010001001100000
10001010100
100000100100000
1010000110001001000101000110011
111100
1000010001000011000
111100
011000100001000010001001011000
0001001000101
111100
00100010101000010000010000001000100000000000001000
1
1101100101100011000
0000001100100000
00011000101000001000
1
1000010
010010100000000
111000101100
1011100
111110110111
100100010100000
11000011000
110110100
00000110100000000010110000
110000000000100
000000100000001001001
11010100
000100101001100000011100
000000100000100000101
