0
00001
0
1
0
0
1
0
0
0
10000
0
1
0
1
0
000
1
0
100000
1
1
01
1
00001
010000
0
000001
1
0
0
1
0
0
10000
0
000000011
0
0100
0
0
0
0
01
10
00001
1
0
10000
0
1
0
000001
1
0000
00000000000
1
01000000
1
00001
1
1
0
1
0
0
0
0
000001
1
1000
0
1
1
10000
0
00
1
1
1
0
0001
0
0010000
1
0
00001
0
0
0
1
0
0
0
1
0001000
1
100000
100
0
1
0001
0000
0
1
10000
0
0
0
00000
0
00100
1
1
0
00001
0
00001
1
0
010000
1
000001
0
00000
0
0
0
0
01
1
000001
1
0
0
00
0
00001
1
1
1
100000
010000
01
001
0
00001
00000
0
0
0
1
00
1
0
00001
10000
01
0
0000001
1
0
0
1
0
1
0
0
1
1
1
01
10000
0
1
010000
0
0
0
0
1
000
01000
0
0
0
0
0
1
1
0
0
100
1000000000000000000000
0
0
1
1
01
11
10000
1000000000
10000
1
1
1
1
0
00001
0
1
0001000
0
00001
1
0
1
1
1
0
1
100000
1
0
01
0
0
01001000
1
0
0
000
0
1
1
1
0
0
0
0
0000
