1
0
0
1
1
1
1
1
01
11
01
11
11
1
1
1
00001
1
1
0
1
1
1
001
01
11
00001
100
0
0101
01
01
001
1
1
01
1
1
0
1
1
1
01
1000000
1
0
00001
101000
1
001
001
1
01
1
1
100
1
1
001
1
1
1
1
1
10
1
1
11
1
01
00001
1
010
0001
001
1
11
1
1
00100
0
1
101
01
1
01
1
1
1
1
1
1
1
01
01001
1
1
01
1010
001
1
0
0
1
010
01
1
1
0001
1
1
0
11
1
0
1
1
1010
01
1
011
01
1
10
1
0011
1
001
0
1
1
1000
1
0001
01001
1
1
1
0
1
0001
0
0
0
11
0001
10
1
1
1
1
010000000000
010
11
1
1
1000
1
1
1
1001
01
1
0
1
0
1
1
1
10
1
1
010
01
00
1
1
10010
0
00001
1
001
1
1
10
01
01001
1001
1
100
001
01
1
1
01
1
1
10
01
1
01
1
01
1
0
1
1
1
100
1
0
0
001
00
0
11
11
1
1
11
11
1
1
01
11
1
1
1
1
1001
010
000001
1
1
01
0001
01
1
001
1
0
0
1
1
001
1
00001
1
1
0
001
1
1
1
1
01
001
001
1
011
01
1
0
0
1
1
110100
1
1
1
0
1
101000
1
1
00011
01
1
1
1
1
0
010
0
1
1
0
01
1
01
0
1
01000000
1
001
1
0
01
0
01
0
11
1
1
01
001011
100
1
0
1
001
000010000
001
1
0
001
1
001
1
100
11
1
0
1
1
111
1
10010
001
1
1
0
001
01
1
1
1
1
1
1001
1
1
110000
1
1
0
0
1
0001
0000000
001
01
11
1
110
101
0101
1
1
11
1
1
1
1
11
1001
0011
1
01
0
01
0
1
1
10001
001
1
0
0
1000
1
1
001
0
001
1
1
1
1
01
1
11
01
1
001
11
1
0
1
1
0
1
01
0011
11
1
101
1
001
10
0
001
001
1
0
1
1
111
1
1
11
000
0
1
1
11
1
01
101
1
10
100
0
0
01
1
01
1
1
001
10010
1
11
1
01
01
1
1
01
0
1
001
01001
11
1
1
1
1
00001
11
0
1
0
0100
0
1
11
0
11
11
1
01100
0111
001
011
1
1001
0001
1
001
001
1
1
1
1
001
1
1
1
1
1
10
0
100
1
01
0
0
1
0
1100
10
1
001
1
1
1
11
010
11
00001
