001
0
111101000
100000
1000
0001
01100
11
1
101
00101000000
0
10
0
000
10
11
1
111
011000100000010000100111100010101000010000011010100
10000000000
0
11
11000100
000111
10000100000000000010000000
01
1
110
0100000010
0001
1001001111
00110010010100
1101000
1
1
1
100
0101
110000100000
111010
111
11100000000
000110010010
1000010001010000000
1
1000000
0011
1
110000010
01111
1101
00001101
1101
0001000000001
1
101001
00
1
0
110000101100000
1001000000
0001010000000110001
1101
0111
0010010000000000
10010
01011
01
001
111101
01000010000000111
0
010
01
11
00000000000001110000000000000000000000
11110
0000000011
00010001000000000000000
001001000000
101
1
0001001
10000000000
011
1
01100110
0
1
1110
01000000000000000
1
0000000000000011000000000000000000000000000000
011001000000000
001
1
00000000
101001
1
1
10000011
00
001001101
00000000000001010001000000000000000000
1
00
10
1
01010010000011000000
10100
1
0
001000101
011101011010
00101000000
1
1
10101
1
011000000000000
001
11
0
0100000000000000000000000
0101
10
1
10100
10101011000010
10
011
000
0100000000001000100010000
01000110110110000000
1111011110011101
000101000000000
001
1
0
00110
01
010010000000
0
0
001
011
01
1
000
1
101100011000000
0000000000000000
00000000000101000000000000000000000
0000000000000000000000000000000000000100000000000
001000011000000000000000000000000000
01100
10001000
11001
1
1
11
01
0110000
110111
10001
1
110000000010
1001100
111
01
1
111
1
1000
10
0
001
1
1
01
0
00001
100100000
0000100001
100010
1
1
00001000001
0110000100000010
1
1
10011000110100000100100000000
1
1
110000000
00010
11
01
00110001
011
0011
1101
1010000000000000
010
1
0101
101
10110010
0
11
11
1
11000
11
00000000000000000
0110000110000
0
1101000
1
00001
10
1
10
00000000111
00011100000
101000
00001
1001
10101
1100001
1001
0
100100010000
1100000000
11000000010
1
1
0010000000000000001
1
1
1
000000
1
1
0000010001
0
11
001
1010001000
10010011000
00000111
100000110000010000010010000101
11
1
1
1
011
10010000
0001101
01100000000001
10101
0
1
111
011
1
11011
100
0
1
0
101000000
1
11
1100000
1
01000110000000
100000000000000100000000000
100010
001
0101
0001
100100
00111
111
11
01
001
1
110
0100
001
1001
1
0100
10
010011
1000001000000
001
0
110010
01000100000000000000
1
00011000111
10
1
11011
1
00000001
1
0
1100010000000
01100001
01
01000100010
1100000001000
1
00000000110000000000000000
0
0010100
0
1
101
00000001000
01
100001010010
0000001
001
0
01
00000100000000000000000
01001
00101
11101100110
11110001
1
000101
1
11101
1
1
11010000101
1
11
001001010
11
101
0
1001010000001000000000000
1
01
110110010000000000000
1
1101
0
1
111
1
0100
011011
001
0110000
0101
1110
01011000000000
11
0101000000
011
1
01
1
0
01
01
1
0100010010000000000000
1
01
01
0111
11
10
0
01010
1001000000000000000
001
001
10100000000000
10010000000000000
10000
0101000001101000
1
010000
001111
110000000
11010000
1
01011
111000
011
001000000111000000000000000
01011001000011000001010000101010001000101000100011000100010010000100000011100001
01101001
0
110000000000000
0
0
0
000000000000000010010000000000000000000000000
011
1
01
0
11
01
00000000000001000000000000000000
110
10
0111
11
11
000001
001100
000011
110
01
1
11
010000000001
0101
1
00
01
0
00101000000
10111010
0011000
1
10010001
0010
1
010000000
1
1
01010000100101100000
10001000
10100
0001011
01
001
0000001
001001
1
10
0100000000000000
100100
10
000000000000000000010000000000000000000000000
1000
1
1101010000000000000
1
1110
1100000000011101000
1
010101
1011
10
110010000
11100
1111
01100010100
1
0
01
1101
0110010000000011000001000
0
100010
0011
1
10
1
1100111
110
01
1
01110000100100
1001
1
000000000100000000100000000000
11000
10
01110001001100
1000
10011001
1
1
010000000000000000010000000
0001000
000100100000000000000000000
11
000000000000000000000000001110000000000000000000000000000000000
11
0110000000000
1
000000010010000010100000000000000
1
10
10111
10100
10000101000
01101011
0000000100000000
100100001100
0
110000
00001
10
01110000010
1
00111100
1
10101
00101
10101
110
0100000000000
1010100100000010000
1
01011
101
101001
01011
1
10010010
01
10010100
1101100000000000000
1
01
0
0
11100000000
000000000
01010100
1
0
1010
1
10000101100010111000000011011100000010
10010111000
01
11
1
010110100000000000100110
0
011
0
1
11111
11
10010100010
001
1101110
010001
10
101
111
01
1
11101
10000110000
010000010010100000000
1000000010000010000
01110
0000101
10100
01
1011
1
10
110111000101
10101
110
00111
0101
010110000
010101
0100100000000000
00001
101
111
0
1011101
100
10000001
11
00100001000001000000000000000100
010
11
1
101
110001000
010000000
01100000000000
1101
11101
011
10
101100
000001110
1
1
11
000000000000000000010100000000000000000000000000
1
1
111000000
1
0000000000000010000000000110000000000000000001
10
01000100100010001000
000000000000000100010
010
00111
000001001
111000001
1
10000001
10001
001001
10
0001
0011
00
000110010001000010001000
1011
0
010100000010
000000000000001000000000000000000000
01100
1
01
1
110000000
01000100100100
101010
0011
001100
0010100000
111000000
11100111
1
0
1000001
101
01
11010
01
1
01011
110110001
0000010001
11
11
000
001
01
1
0
01
0011
0101100010000
101
11000111
01
00100000100000000
011000000110
0000000010001000000000000
100000
01
0000010100
1100000
1
00100000000
10100
100010010000000
010010000
01
010101
11
00000000000000000000000000
01000001
0100100000000000000000
1010
10
0100010
1
001
1
1011
0010001
101
1100101
00010
11111110
110001010000000
00101
10
0000001010000001000
1
01
0
1100010
1
1
0000101
10
10000000000010000000100100
0100001
1001
111100
11010001000010
0000011
001000
110
10110100000
10
110
11
011
1100000000
1
0100000000000000000000
0001
0010100000
0
0101
1
1
1100000
011
0
0000000
011
10001010
00011
10100
1
10111
1000
00001
1000001000000
111
000100010
1
0
001100001
110
00101
011000
00000000001
00
10000001
01001
1000
1
0100100100000
10111
0111
0000101
0
1
100011000010
0100010100000000000000
11100000001000000
1
10100
1
1010100001
110
0
0101
1
001000
01001
0011
0
101
100100100
1101001
011011000000100
0101
11000000000010
01100
100111
001010000
0000000101000000000000000000
00100
110
0001
000111000001
1100
01000101000000000000
010111100
0010010000011000
0100110
1010000
001
0000100010000000000
1
101000001
00101
1100001
11
010
0010101000
11
00000000100000000000000000000000000000
101000
1101
1011011
0110011000010011
0100100
101101
100100100
000111
110000
11
00011
00000100100000000000000000
1
100100000000000000
11000000
10
011
1
010001000000000100010001000
11000000000
11001001000000
000
110
101
01110000
11
11
1
1111
011000000000
011000
1
1
100010000
101100000000000
01100
0
00001
1
1
0
1
