1
1
1100000000000
0010000101
11
00010000011
1
1
0000001001000
101
0011
1001000000000100
1
100001000000001000
1
00001001011000000100000010010
0110000000010
110000
1
100000100
0010010001000
1
1
100110
01
110000
10100000100
110000010100000
100010001000
1
0100100001
011
101000100
1
01
00000000000000000
1
1
1
1
0111000000001000
10100000001100000010000000000
10010001
011000100
1
0101000010
00000011001100000010000010
1
10000000001
0
000001000100
11
110
1
1
100001000100
010010000000000100
1100000001000
01
0010010000
1
1100000001001000
0100
1
11
01
1
1001
000000010000100000100
110
0111
0100000000000101
11
1
1
01
011
0001100000100
1
101
1110
011100
0000000100100000001000
1
101
10110011000
11
011
1110001000
11
0100100000000000
1
10001000
11
010000000100000000000
0110001000000
10001
11000000001000100
1
11001000000
0101
011000010000000
110000
011
0110100
10010000000100000
001010000000000000
1
01000010001000
1
0011
0110000000100
0000100000000100
1
1
10100
101000100000
100000000010000001000
10001000
10001
1
1
1
1
1
1
010000000000100
110000
11
010000000000000000000100
110
1
0100101
1
0000110001000
0011
11000100000
11001100000000100
0101
100100000
00100001000010000001000000001000
011000000000100
10101
1
1
000010100001000
001
01001000
00010001
0011
101
0
10010
100010010000000001001
010
010001
010000000110000
0010100
011
11
110
1
011
1001
100100000
1
0101
1
1
1000100
11000000000100
100000011
0110100100
1
101000000010
1001110001000
1
1100001001
11
1
11010
01100000
1
00001100011000000100000100000
10100001000
00000101000001001
1100
1
0000011
1
011
1
1
1
10110
1
1
11
1001
100011
1000000000000101
1
010010010000000
1
1
1
1000010000001000
1
1
0011
10011
1
1
1
1
100000100001000
1
100001100
01010010000101000000
0110100000000001001
11000
00
011
0100001
00100011
10100000
0000000100000000100
1100110000000010
1100000000
000000011000000001000010
1
011
11000000000110100
1100
11
11
1
1
1
1
1
1
110
010001
1100
100000110
1
10001
11000000000100
11
010000100
011000
0101000010000100000
10010000000
1
001000
1
100010100010000010000
1
1
110011
010001001000
1
1
1
01011
1
111
1
10001000
01
1100
000110000001011000
1001000
000100001000
1
101000
1
0101
1010000010010000
11
001111000000000000100100
11
0101
1
0010000100000000100
11
101000000100
110000010000
0100100010010010000
100
011
011000000100
1
11010100
01000100001001001000100
10001
1
10010011
1
001
01
1
0001
1
011000010000
1100
00001
1
1
0101000000000010
11011000000010
1
1
00000010001011001000
10000
01001001000000
110000000001000
1
11
01100000000000011001
1
010010001
1
010010010
1000010000001000001000000000000000100000000
101000
1011
11100000100
0
00001
001
10
0011
1
1100100100000100
01
000001000010000000000000010010000
1110
11
00010
10010000001000100000100000
01000010000
00110
000010001
1
1
10
0
1
000
1
0100100000100001000
100000010000000000100
01
100001000
011000000000000000
1
01000110001000
1
1011
11100100
101000001000000000100
11000010
001
10000010000100
01000001000000010
1100000000000
010010000010
01001001
01000010
000100011
1
00010
110010000000001000
10001110000
1
01001
1
100000000000010010
111000
01
100001
01001000001000
11011000001000
0001010010000000
100000001
01100
1
110000000100
1
011000001000
10100001000
000111
100011000
1
01001
111000
001000100010000000100010
0000100001000011000001000000000000
010000000000101
10011100001
11
1
00000100000000001000000100000100001000
1
1
100100
1
001000000001000000000001100000
0000000010001100010000001
0100000000100
011000010000000
0110000
0100100001000
00011
001001
011
000001010000110000
01100110000000000
11
100001
1
1
101
1
1
1
01001
1
1
000001000001001
