0
0
1
10100000
11
000
1
0
00
0
1
0
0
01
01
0
11
0
0
0
00
1
1
1
0
0
1
0
0
00011
10000010
0
0
1
0101
00
01
0
0
1
00
0
11
0
1
0
0
0
0
0
0
01
1
00
0
0
0
0
0
101
1
0
0
011
0
0
1
0
100001
1001
1
0
0
0
0
11
00
0
0
0
0
1
11
0
0
0
001001
0
011
0
0
0
0101000
0
0
011
0
00
0
0
01
00
0
0
1
0
00
0
01
0
0
1001
0
0101
000
1
0
01
01
0
1
0
00
0
0
1
00100100
0
0
0
0
0
0
0
00
0
0
0011000
0011
1
1010000
0
0
0
10000
0
0
000101
0
0
0
1100
0
1
0
00
0
0
0101
0
11
0
00
00
0
0
1
0
1
0
0
011
00
10
1
100100
011000
1
1
0
001001
0
0
1
00
0
01
101000
001001
0
010000100010
0
00
0
0
1
11
1
0101
100001000
11000000
1
0
0
0
110
0100001
0
0
0
0
01
0
0
0
0
1000010
101
0
0
1
0
0
00
0
0
11000000
0
0
1
0011
0
10001
1
100
11
1
0
1
0
11
0
0
1
00101
1000000
0
0
10001
010
011000000
0
0
000000000011
1
1
0
0
1
011
00000000100000000101000
00
00
0
01
0
0
0101
01
1
0
0
0
00
00101
00
0
0
1
00
0
00
110
0
0
0
0
0
11
0
0
101
11
01001
10
0
1
1
1
0
1001
0
000
00
10
1
0
0
10
0
01
1
0
0
0
0
10
0
00
1
1
100000001
0
0100100
1
0
10000000000010000000
000101
01
01
1
0
0
0
1
10000100
11
0
0
0
010001
0
0
0
0
0
0
0
1
0
0
00
1
1
0
01
0
00
0
01
010
0
00
0
1
1
1100
00
011000
00101
0
0
0
0
1
0
0
0
1
1
0
000
0
01
1
0
0
0
1
01
00
1
011
010000
01010000
00
101000
00
0
0
0
00
0
00
0011
0
0
1
0
0
1
0101
1
11
0
0
00011
00
1
0
0
1
0
0
0
0
11
0
0
0
0
00
000
11000
0
0
1
0100100
0
01
1100000000000010001
1
1
1
0
0
000
10110000
0
00
0
0
0
00
0101
101000
0
0
0
0
0
0
1
0
00
0101
0
0
0
00
00
1
1
0
1
0000101
0
0
0
1
001011
1100
01
0
0
0
1
0
0
0
0
0
0
0
0
1
00
1
000
0
1
011
11
1
0000101
0
1
0
0
01
0
01
0
10001
0
0
0
0
10
0
1
000
0
1
0
00
1
0
0
0
0000101
00001001
0
1
0011
0
0
000
1
011
0
01
0
1001
0
011
0
0
0
000011
0
0
0
00101
0
0
0
0
11
0
0
0
1
0
0
01000000100
1
01
1
0
00
1
00
0
10
011
1100000
0
0
01
1
0
1000
00
0
0
00
0
0
0
0
0
1
0
01
11
00
0
0
1
0
0
00
1
0
0
0
0
0
10100
1
0
0
0
0
0
0
0
0
0
01
0
001
0
0
1
0
