1100110111111101
1
1
111101110001
0101000111010
000100001
1100
1
1
1
10110110101011110100000010
0001010010010110110010000001
01011
0100101110100001
1
111011111
1
0001010001110111111011101001000100100000000000000
001010000000000000010
1010010001011111000001100
1100111100
1
11000111110101
1
0010011101111111110101110011000
001000100100010111011
00001000110000000010101110
11
1
0011
1
010100110110110
001110
111110111
0101
10110
0010011000
1
11111101
1
1
10
00000000100101100000101011101101011
1
111000101111
11000010001110000100
1110101000100100
100000001
1
0011011
1
111000110010001100100001
1101101101
11000
1
00010010001110001110101111111
11
011001
1
00001000001011001000000001110
0101100100100101
11
1111
1
01001001010000
0000111011101010010000010
11110000001001010
11100010
011110000100010000
10100001100111010
110
1
111101000111101110
1011
1
0111110000101101
000000010111011
11100
010011110011100011000100000000
1
1111001110101111
111100
011011010100
1
1
0110110010010110101001
1
1
0011111100011
00000000000011000000000001110100011000001001000010110000000101
11010001101101
101000110010110
1
1
1011101111
00
11
1111011
1
10101100000000000000111101100100000100100000010110000100001
1
0000011111100000010001001
11011101
1
000000000000011000010100000000010010000000000000000
100000010101100
100100
1
1
11
11101000
0100010001000000001010000000000000000110100001000010010100000000001001
10111
11100101011000001000
1
001100101100101011
11111110010011
111010100
01100100100000001000001
1011101010010010
00001111001010011101
1110
1
0101111101010011111
1
1
000000100010000010100011100010100100000001
011001010010100100
001100000011110001001110110110110010
0100100010011
110000
1
00000011011101101000011100001011110110
00101000011010010001100100
0101011011111101110001101000100001000101
1
00000000000000000000000000001001001001000000000000000000000010001001001000111010010001000000000000100000000000000
1
1001
11
1
1
010011111
1
1011110101100110010000
110010000
011110000010000011100110101101110010101
1
10100101101110111001000
1
1111
1
1
1
1001
11000101111
110100
1
110111111
01
00000000000000110001100000101011001100000100100
0000000001000011000000100100000010011000100010000000100000100010000001000001000010001000
1011000011
011100000111110000011111000001000100111110101010001
1
01000000000000010110000100001010000000000001
011
1
11101101111
11101110111
1111111100110
11101
011
1111111
110110001001011101
101000
01
01101
111110
100100101
1100000
0101
000011001110001011001010
1
1111
1
11010010
11
0001000100100010100010001000010011
1011
0111111000000101
100011
1
111
01000110111100011100110
1
0000000011000010101110110000101100000000
0010111011101110
111111
001
10010000000110010010001100011100001000100010000010000000000000000
111
1110001111001
1000011
1
0111010110
1101000100
10010000
1
1
101100011110111001011111110
1
0010100001100101101000001000000100
10010
01001011010000111110000000111010
1
1111
1
1
11011
111011111
0000111000110100100100000101
1
1
000100011011110001
1100
00100000000001001101000101000000000001000000100
11111
000011000001001001100100100001010001001100010
01
001000000000001000011000000010011000
1
111010010100101
00000000000010011000010100010010010001
11111111011111
1
0110
11
011011
0000011000000100001001101101000000000000001000100001100
01100
1
01000000000110001100000100000100
01
111
0001000000001000100100000101000001011000000001000010110001110
0111001001011
0100110110
101010010
11
011111101
0101
1
1001100101101000011010
0100101101011
1
1111011
100000111001001100000010010001000001100010010
011101001011
1
110011111011011
1111
1111111100111100
111011110110110
10010010110
10000100
1
010000110011000011000
1111100011
0101101100001011111000
1
1110000100000110111
1
1
111110101010110110
1111010010
01111111011
11111
00000010001011000001000100010010000
100010001000010000101
101
1
00011100110
01001001100100000010000010
1
011
011110111101010011000111
1001
111001111011011011
1101
0101110101
1
1
1
1
10110010111111
111
10001000100000000000010101110111001101100100001110000
11100010111000000101
1
1
1101
00000000100011001110000010100000000010110001000010001000101
011000110011101
011001000001
01000000101010111011110000010100011010
00101011011
1
11110111
1001000101111
1001000110011011011
11100000010
11
1
01001101101101011111110000000000001110
0011110101110001000011
1011
00101
1
110010011111001101100100
001100010111110011000
1001
100111001111
01001111100
101001001
000100100001100101000110110100
01111000010
1
0101000110100011001110000
111111
1
110000110
010101000000111
1
1
11
00000000000001000000110000010000000000
1
000000111111111111001100000101100001001
110000
00100111
010
0
111
11
1
01111111100111
11010100000100001
00010110000110111100
1101000100001110001100
0000000000000001011000001000000000000100011001010100100100000000110
100000011
11000010010100010001010
11111000001000010101
11
011
1101010010
1110110011001110000101110001100010010000001011100101000
1
1
111
1
0011111001101111
1
11111000001011
1111101111111
101110101101110
010001
10100110100010000011100
111110
000000001100110101101000001110
00100011011011100101110010010011101
1
01100111111000000101101111
10
11000001001000
1
111001011111
1
1110011111000001011
10100010
111111100
010111110
1
11100111
1111111101111001001
10011100011011100001
1111000
1
100
1100
1100000011000000100101110001001000001000000000000000
10
1
1
1
1101
1
11011110
11001101100000011101100
1
00101
1101
11101111
11
1
1101
11
1111
1
0011001
1000
111001010000011
010011111011011101
0000110000000010000101101000001100000001100000000000000011100001000010001011001
110110
0000000000000000110100110001000001010000001100010000001001000000000
0011011011100110001001011100110000000001
000000010101110100000010
11110100110001100001010101100000111001
1
00000010001100010001000110111000000001000001000010010000
11111000011011
101110111
10100000111
11100110111
01
1001001001001101000000100100100
1
1010001010010011110010010010
1
010000000011
1
0110001111110010000001000000
110
0110011001000001011
11000001
111011011001111100011111010
10
10110111111
1
1
1100
011
010010110000100
11
1001111
00010100100001110
111111011
110111101001
11
11111
011
111
00000010101100000100100000110
1
1
01000
010111
1
1
100000001000100100100001000100000010000000
1
1
101011110111111
110110111011110
1
100001
101000110101
11
101111010111110100100000001
1011
111
101
001001
1
111101
101
1111
1
11111
11000110101
1010000111011000001101100011001000100010000
1
1
11111011
111001111
1111010110
010111110110101001000
1
1
11110101
1
011010101011
110
1
1
1
1
1
1
1
11
1100
00101
110111
01111111110001111011011000
1
01
111011011000
01
001110000010011000100000011000000
011101100111100
0
101101011011
100000000001010011001001100010011001000
1
0111111000100
0111011111
1
1
1
1
1
011
00010001011101000101110
1
11000100000110010000000000010001010010010010100000
0101000000001111000100011011100001000
1
1
11100010100001
01
111
00001000101
011
1
10
010010000011111
1100
110111
10
1
100010101010011100011000000000100100
11011101000110
010111101111
1
11111001
111111
0111
1
1
1
11011000111000001101000110000
1011011101000001010
111110111
11111
111
000101
100100000110111110010111100101010010100
101
010011110011
0011101110110000
010100101010001101
1
0001000010110010010010000101010011110010000111
11001111
11111111010
1111110110
11111010110
011
1
1
11111101001
1001111
11101100000
001001100101110101000000101
0101
11111
1
101101
1
000000111100010011110000000
0110110110
1
1000100001111101
11011111111101011001
1
11100001001101100101100010011000000000
1
01
10111111
1111111
11101
1
110011110001011
111
0111011
11111101101111
1
110001011111011
100110111001000010010
10110100111001
1
1
111101010111
11100
1
00000
11
00
111010011
111
10000101011001110000011010
000000000000000000111101000011011001110000010010
0001011000010000111000010011011000000000001100
1101111
11111
010100000110111110011010000001000000000
110110111
111010001010101100
010001111
1
101
1
010001110011010111100011000010000
1111110100001000
101
1111
10100
110111001
010011000101011011
101110
1
0011001011001010101100101
010101111110
011101110111011001000001000000111001
00000001010010101110010
11100001010110110011
10100101000011010
1
111
101
00011100110110010101
100100
00000001000001100000100000010000000111100101011000000001001100000
11111
100101111001101001
0011011001011
1111
10000100100
1111101011011010
11111111111000111110011
1
1
1
1000010010100010100000100001000100011
0011100000000111101000100111001000100
01111111011
110111010000000100111
1
1
1101111101
100100000
11000101111
1111010
110001010101000000111
101
1
11
10111
0100010000011010011110100010100
1
0101010111011
101000110101001110011
010000011111001010111010100
11
1101
010000000000010100000001010101000010
1
11
101111001100
1
1
100011101010001000000000110100110
001000010010001001110010000110000
1
00011001101100000000100100000000100010
010000000000001000001100001001011
1
000001
001101100001000000010001000001001011000100000000100000000100010000000000
111100101100100
111010000
011000011110011110111000110000000
1
1001101111100111100001
1
1111100110111
0011
1
111001101111
1
101001011100000101
111101001010001
1
1
1
1
10100
0101
011
110000000100010
101
01000100101111100
1
1111110011
01010010
0000010110000000000001000010010100100
01000110101000100000010100011011001
0000000010100101100100100010011000000000000110
1001001001100000001001101000001100001000000000000001
1110
11
1
001000000110110010101100010
1111100
0101
1
11
1
