1
00000001
1
1
10000000
00101
10
1
1
1
1
100000000
00000100000
001
1
100000
1
1
00010000
0000001
1
1
10000000
00100
000001
1000000
01
1
1000000
101000000
01
1
01
1000
01
1
010001
1
000001
1
1
001010
001
100000
0000001
1
000000001
1
001
11
10
1
1
1
1
01
000011
1
01000000
1
1
01
0000001
10
1
10000000000101010000000000000
110
000001
000001
0001000
100
1
011
1
000001
1
100000
100000000000
01
0100000
100000000000000000010
00001
0100000
1
100000100000000
10000000001
1
110
1
000001
1
0000
1
1
1
10
0001
000000001
01
1
010
0001
1
010
000001
1000
1
01
101000000
0100
1
001000
0001
1
000
1
011
1
1
100000000
01
1
10
1
1
1
000001
10000000
0100000
000001
01
01010000000
0000001
01
1
01
01
100000001
1
010000
00001
01
1
1
100000000
1
1
000001
1
1
0100000
0000
001
1
1
1
10
1
001
1
0001
1
000
01
10
1
1
01
1
010
01
001
0100000
00001
0001
1
1
1
10
1
1
1
1
1
1
000001
1
000001
1
1
000000001000100000000000
001
1
1
001
1
0001
000001
1
1000000
1
1
01
000001
010
001
01
000001
01
1
10000
0000001
1
10000000
1
000001
1
01000000
001
00010
01
01
1000
1
1
0001
1
001
00100
1100000000
0001
01
001
1
1
1
00000001
01
001000
1
01
100000
01
01
1
10010
000001
01
1
010000000000
010
1
001
1
10
1
1
1
1
001
1
1
000001
1
0010000
1
01
000000001
10
1
01
1
1
1
000001
001000000
0001
100000
01000000
000001
10
1
01
1
1
1000000000
01
00001
1
00100
1
001000
00001
1
010000
00001
1
0000101
1100
1000000100000
0100
000000001
0100000000
001
000001
0001
1
1
