00001
0100
1
1
1
1
01000000
00001
01
1
1000000000
001
000010000
0001
1
100000
01
1
100000
000001
1
001
0010000
0000001
1
0001
1
1
01000
1
001
1
001
1
10000000
01
1
10000000
010000000000
0100
1
000001
1
10
1
1
0101
01
100000
1
1
10001
00101
010011110
1
1
1
01
01
0100
01
01
00100010
01
01
1
0
01000000000
1
1
1
10000
00001
0100
1
00001
01
01
01
01000
000001
1
00011
1
01
1
1
1
1
1
1
1
10000
1
1
01
10000
0001
1
1
0
001
10
0100
1
00010000
1
1
1
1
01
1
010000
0101
001
01
1
1
10000
0001
1
01
1
000001
1
1000000
1
1
00
010
1
1
0100000000000000
001
000
100000
0001
1
1000
10
0001
1
10000000
01
1
10
1
1
1
00001
00001
00100
00001
01
10
1
1
0001
1
10
1
00010000
1
01
1000
10
1
11
1
0000011
10000000000
1
1
1
1
01
1
1
1
1000000
1
1
1000000
01
1
110000
1
0001
0001
1
1
100000
101
0001
01
01
100000
01
1
1
01
1
1
1
001000
1
0
1
1
10
001
1
0001
1
00001
1
100000
1
1
1
10000000
0000001
01
0001
1
10
1
01
0001
00111001000000001
1000000
1
0
1
1
01
1
001
1000
1
1
1
1
1000
0100001011
1000
1
01
0100000000
01
1
001000000000000
0001
1
10000
1
000001
01
1
10
100
0001
00001
1
1
0001
1
1
1
00000000
1
00001
1
1
000000000000
1000000
1
01
1
01
100000010000000000
0001
1000000
01
01
1
0001
1000000000
10000
1
01
001000000
01
001
1
1
1
1
01
1
1
1
1
100000
1
01
000001
1
1
01
10
0001
1
01
0001
0100
0100
1
01
1000000
1
1
1
1000000000
001
100000
010000000
0001
1
10000000
010000
00001
01
01
010000000
111010010000
1
1000
01
1
0100000000
1
00000
000001
100000
1
1
01
10000
01
10000000
1000000
0001
1
1000000
1
1
0001
01
01
01
