1
0001
01
1
1
1
100000
1
1
1
0001
001000
1
1
01
1000000001
10
11000000
01
1
1
1
1
1
1
00100011
1
1
1
1
1
1
00010001
1
1
0100
1
01
1
01
1
1
1
1
1
1000
00001
1
1
001
1
1
1
10
11
1
001
1
0001
1
10
00001
1
0001
1
000
001
1
001
01
1
1
1
0100
1
1
1
00001
1
1
1
1
11
00001
1001
1
1
1
1
100
1
001
1
1
1
1
001
1
1000
000001
1
1
1
100
1
1
1
00011
01
01
1
100
1
1
1
00000010
0100000000
1
1
1
01
1
00001
01
01
1
0101
1
1
1000
1
1
1
1
1
00100
1
1
0001
1
001
1
11000
1
1
1
1
1
00001
01000
1
000001
0001
100000
1
1
1
000
1
10
10
1
00000000001
1
1
000001
11
1
1
1000000
1
011
1
01
10100
1
1
001
0
1
0001
10000
001
1
00
00001
1
1
01
1
1
000010001
1
1
0001
1
10010000
0001
1
1
1
1
1
0001
1
01
