00011
10001000
100010000
0100000001
11
11
100010000
010001
0010001
101
10000001
11000
11
00010000
11
11
11
11
11
11
100001
0011
1100000
11
10010
00010001
11
11
0100001
0100001
011
10001000
0000101
11
11
11
11
01000010
101
11
00100010
1000000100
011
11
01000100
100001
11
00010001
11
1001
11
00011
111
11
000001000000
100000001000
11
11
11
11
01
11
100010000
11
10100
0001000
11
0010001100010000000
01000001
11
11
00100001
11
100001
101000
11
010000000010
001010
101
11
011
0110000
10000000100
01000010
00010001
100001000
001000010
11
11
11
11
11
11
0100010000
111
101
0000101000
10000010000
101
01010010000100
011
10000001
11
10001
11000
111
11
11
0001000
11
1001
01000001
000011
1000000100
1000001
00101
10010
11
10000000000
11
111111
00010001
01100
11
11
10000001000000
1000001
11
1001
11
10000001
11
01000001
0001000
101
11
00011
0000000010010000
0000110
101
11
101
11
10001
0000000011
