0001
001
0001
01
0001000
01
001000
1
1
001
0100000000000
0001
1
01
10000
010000000000000000000
0100000000000
0000001
10
1000000
0000001
10000
1
0001
1000000
0010000000
0100
1
1
01000000000000
001
1
010000000
00100
000001
1
1000
1
001
0001
1
000010000
1
001
00001
00100
00001
10000
001
1
01
10000
000001
1
0001
1
1
10000
1
001
0100
01
0001
0001
1
000
1
00100
0001
01
010000
0001
00
1000000
10000
00001
1
100000
1
1
010000
0001
00001
10000
1
0000000001
01
01000
00001
10000
1
1000
0000011
100000
1
01000000
01
01
1000
1
0100000
00001
1
001
01
1
0100
1
1
1
100000000000
010000000
0000001
0100
0001
10000
10000
1
1
1
1
000001
1
01
100000
001
1000
01
01
1
001000
0001
01000
1
0000100000000
1000
0001
1
010000
1
1
001
0001
1
100000
0001
1
00001
01000000
01
10000000
1
01000
00001
01
0
00100000000
1
1
1000
001
01
1000
00001
0001
01
001000
1
1
01
000
1000
01
000
010000
0001
0001
10000
1000
0001
000001
1000000
0001
1
1
10000000
10000
0001
0001
00001
1000
1
100000
01
01
001000000
001
100000000000000
10000
0001
0100000
000001
01
01
0100
0001000
0001
1000
00100000
0001
0001
1000
10
01
0001
000001
1
0100
1
1
000000000
00100
01
01
1000000
00001
10000
001
100000
0100010000000
00001
10
1000
00001
0001
1
0100
1000
0001
1
0001
01
000
01000
00001
0000001
100000
00001
0001
0001
1
1
0000001
1000
1000
10
0
00001
000001
1000000
001
1
100
0001
1
1000
0001
00001
0
100000
0000001
1
0001
100
1
000
0000100000
010
0001
