00001
0001
1
010
01
00001
010000100000
111
001000
00001
1000000
1
1000
0001
001
00000
0001
1
001
1
1
00100
001
1
1
11
001
1
10
1
0001
001
01
01
1
0100
1
001
001
001
00100
000001
1000000
010000
0000001
1
1000000
1
0001
1
1
0100000
1
001
1000
01
1
10000000
001
1
1
0100100000
1
0001
100
1
0001
00001
10
001
00001
1
100001
1111
00001
1
10000
1
00001
1000
1
100
1
11
00001
00
010
011
01
1000000000
01000000
0001
000010000000000
001
1000
01
00001
1000
0001
01
100000
000000001
10
1
1
0001
00001
1000
100000
11
00000000000
000001
1
1
01
1
00001
0001
1
01
100000
0001
1000000000000
000101
000001
