1
1
1
1110
1100
1
01
1
01
00100
0
1
1
1
11
10
10000000
1001
1
00
100
0
1
1
1
111
001
1
0001
001
1
00
01
1
1
1
1000
1
00
101
101
110
1
1
11
1
1
0
10
00
1
1
0001
0
0
1
1100
0111
1
1
11
1
1
0101
11
001
1010
01
0
1
0
1
11
1
1
0
1
01
01
1100
0
101
1000
0
01
1
00
10
1
1
1
001100000
0
110011
101
1
1
1
00
1
10
1100
0
0
1
1
1
11
1
1
0
0
101
00010000000
011
1
0
1
00001
1000000
1
1
001
11
1
001
01
1
111
0
00000
0000
1
1
0
1
1
1
11
001
1
01
0
1
01
0
1
1
0
101
1
01
1
11
1
1
00
00
0
10
11
1
00001
0
11
1
1
1
0
00
10
0
11
01
1
1001
001
000000001
10
011
00
1
11
1
1
0
11
0
110
00
1
0
0011
11
1
0001
1
000
00
10
1
1
1
001
11010
001
1
1
1
1101
01
00011001
01
1
1
111
111
11
1
1
01
0
1
10
1
0
1
11
00101
001000
0
0
11
1011
1
1
10100
1
1
0011
0
1
01
0011001
00
001
1
00
1
00
101
101
00
01
10
1
1
11
1
11
10
1100
1
1
1001
000
1
11
0101
1
01
0
01
0
1
11
11
00
1
11
10
0
1
001
0
10
01
00001
010
0
1
1
101001
11
1
01
1
0
0
1
01
1
1
1
1000010
0001
10000
0
101
1
10
1
00
1
1
10001
0
100100
1
11
1
0
01
11
00
0
1
010
1110
10
1
1
00011
1
01
00
00
0
1
11
01
1
01
01
1
100
010
01
000000
1
01
0
1
1
0
01
11
000000
0001
1001
10
000
01
1
10
1
101
0100
1
1
10
10
01
1
01
1
1
1
110
1
0101
01
1
1
0
01
1
0
1
101
0
01
1
11
1
01
0
11
1
100
11
1
11
1
00
00
1
1
01
1
11
10
01
1
1
1
111
1
1
11
1111
1
0
01
0
1
0
100
0
11
001
1
00
0
1
1
1
0
001
01
1
01000
1
0
0101010
1
1001
11
11
1
1
001
1
01000
0110000
1
001
1
101
10
11
011
10
11
1100
10
1001
11
1
1
0
11
0
01
11
10
0000101
1
1
0
0
11
1
010
1
01000
1
11
01
1
011
1
01
11
01
1
1000
00001
1
1
1
1
10
1
11
0
0001
1
1
11
1
11
01
0111
11
10
1
00
0
1
00
00
1
10
001
1
1
1
0001011
1010
00
1
1
10
10
11
10
00
10
0011
10
01
1
0001
1
11
001
01
10
0
1
0101
0
1
11
1
1
00
1
001
1
10011
10
01
00
11
01
1
1
11
1
1110
01
01
01
1
1
1
1
0
01
01101
1
11
0
11
1
1
0
0
00
0
01
11
11
110
1
1
10
01
0001
0100
1
1
1
01
100100
11
1
10
0
11
0100
1
001
01
1
1
00
10
01
0101
11
1
1
0
1
011
1001
01
11110001
1
011
00
1
1
10
01
0
10
1
01
011
01
1
0
10
11
1
000
1
0100
00
0
1
11
0
0
010001
1
1
1
01
11
1
11
0
01
1
11
111111
011
1
1
0
101
1
1
00
11
10000
01
00
0001
1
1
1
10
1
0
00
1
0
1
011
00011
0
1
0
1
0001
1010
1
1
000
101
0
1000
1
10
1010010000
01
11
00
1
01
1
1
1
1
101
1
001
001
10
0
