1
0001
1
001
001
10
0001
1
000001
100
0001
01
01
100000
100000001
10
10
00001
001
0100
01
001
1
0001
1
1000
1
100011001
1
100000
001
1
001000000
00001
001
01
1000
001
000
01
10000001
01
1
001
1
1000
0001
00001
100000
00001
001
1
0100
001
001
000
01
001000
1
0001
1
0100
01
0001
0001
1000
001
001
001
1
01
1000
001
0001
100000000000
01
0001
010
001
001
01
11
11000
001
0001
000
1
1000000
01
0001000000
0001
1000
0001
1
0001
1
0001000000
0001
1
1000
01
01
001
0
1
10000
1
0001
0001
1
100
001
1
01
0001
1000
10001
01
0100
1
0
01
000001
1000
1
11
0001
0
1000
1
01
1
1
001
01
1000
000001
001
01
1
00011
01
1
0001
10
01
001
1
1
11
1000000000
0001
10000
1
01
1
00010000
00100
1
1
1
1
001
0100
00010001
1
01000011
10
1
01
0100000
001
01
001
00
1
11
00001
0001
1000
1
000001
0100000
1
0001
10
1000
1000
0001
1
01
1
1
1000
001
1
01
001
10
01
0001
0001
10
0001
0001
0
1
10100
10
001
0001
0001
100000
001
001
10000
1
001
1
001000
1
1
01
1
01
001
1
010
0001
01
1
001
1
1000
01
01
001
10
1
1
01
001
00001
1000
001
0001
00100
0100
000000001
1000
00001
01010000
01
01
1
10000000
001
10
01
0001
01
1
1
01
1
1
10001000110000000
1
001
1
100
001
0001
1
010000001
0001
01
01
