01
0000011
1
1000101000000
111
10
001
111
1
100100001000
000010010000
100001000000001
0100100100
001000000110010000000010000
00010001000000000000100
111011000001110
010
000010000000000101000
1
1000
010000110
1111
0000100010000100000
1
110001
1
100000101
100
0100001000010100010000
010
00010001
11
10
0001
0001
1001000001001000000000110100010
01
00101
1
1
01
1
010
100111
1000010010
01101101000
100010000001010010101
1
0001100000000000
0001
111
01
0001
111000010000
11000000
111
01100000000
001
1
11000000000
01001100000
001
10000000000
01
1
1101
01
0111001000
100100100
0111101010100000
0111000
1
1000
11000
011110010
0010010000000
0
1
1000000
01
1
01001001000
00000110000101100010000101000100000
0001000001
10000100000
0001100000000
0010001000100001000001
10000
000010000000010010011
1000
001
1100000000000
1
000010001
000100000
1
1
10100
1
1
000001
0000110000000
00010000
10000001
0100010000000
111
1000
0001
011001
01
0001
001
01011
01
01
1
01
1
1000
01
0001
001
1
11000010
0001
11001000
1100001
011
1
11000
01111
0111000000
111
110000100101
010100100
1
100101001
00001
1000010100000
00000000001001000010000000010000001
1011101101
1000
000001
1
1
01
110100000010
10000
01
001101
10000
00000000000000011000000100000100000010
1000
110001001000000000010
100001
01011000
10001
01
1000000
010001001000000
000010001000000011000110
10010000000100010110000010001000100000
0100000011
1
1
1
1000001
00001
0010000010
0111
0100000
000001
1
001001
110000000
001001000000
1
11001
1
00000001
00000001
00010000000
0001
00100
01
00001
00001
1010
000101000000
0000100010000000010001100
010001000000010001001
0001
10
01
01001
0
10001000100
000001
10
0001
000001
11101
0001
010011
10000
10101
1
100010001000
0001
11101010000
000
1
01001000000
01
1011
0100
1
1
110110110
1
1001
100011
000011001
1101010
1000000
0
10101
00001001100101000100
10010010
1111
11011000
1000
001
01111
1000
11101
1000
01
10000001
01
10111
1
010100000100
10010001000
111
1001000
0001
01
10011
10
1
000000101
11
1
001100000000
001000
00000001
0001000
0001
100000100
1
1101
0001
110010000
11
11000001000
111111
1000
0101000111010
01
0
01
100110100010000
00000000000110010101000110000
10000
1000101
10000100000
100010000001010000000000010
100100010000
00001
01
110001000
01011000
000001
01
1111101
101
10000
1
000000000000111101
1
010100011
01
10010001000
01001000100
000110000
00010000010000000000000000
0100
0001
01
1
1
11
01001
0001
00100001010
11000010001
11000100
10000000000000000
1100011000
0001
001000
1
001
11000000000
01
11
1
01010000001001
1000000
11100100110000000001
0000010001000000000000001
1
011000001
1
01000000
000000000000010011
101010000000
110001001
00
1
10
111
1
101001000000
0011
011
01000
001
111
1000
00001
000000000010000000000
1110000000000010000010
0001
111001000110000
01
10
0001
000001
01000
0101001
10000
11000000000000
100
000010000100000100010001
1000101
10011
100011
0001
1000
00001
100
1
10000
1000
000001100010001000010000000
00111101
11010
1
000001
11100000
100000
01000001
0001
10
001
0
01
10
1
00101000010000
111000
1011
001
11000000010
0100
100000
0001
10001001000
011
0000100001100010010000000000001000010
11000
001
000100101000100100010000000000001
11010111
1
10
1
1
101001000000011000000
100000
10011011
100000001100
1001
000
1
1
11
100
0001
10
011001000000
1000100100
1010
10000
101011010000
000001
11000100
1
000110000
000100011
10000
0001
0000001001101000000
1000
000010100010000
011
10000
1011
001010100
000011
1100000
000000100010100101000
1000010
1
1010
0100
00010001001
1
111
011
111
100111110
10111
1111111100000000100
01000000
1000000000000
001
01000010000
1000000000000000000
00001
10000
0
11
01
001010000000000
00
10101
0001011
1001000100000
1000100000001
000001
011011101
10000010000001000111
0
111
01
000001
10000001
0001
0100001100000
010011
1000101
01
0001
001
1010000
100010100001000000
0001100001000
10000101000
01
100100000001
1100010
000100001
01
00100
000101
1
1
10000000
00001
1000100010000
1111
1
100000001
011
11011
11
111
1101001
000000010000101010011100000010001000001001010
001001
0001010000
00001
1010100000
110000
000000
10
1
1
0111000000001000000
010000
1
00001
00100000010110001000000010
1000
1
000010
1
0001
0100
1
0010010001
111101
111000011
01000000
00001
1100
0100100000111001001000
01001010000000
01001100
01001010000
000110001001000
1
1
000001000001000011
010100100
11000000001
1
01010010000
000010000000100010100010
0
10
01
000111
0100000010001010000001000000100
0001
00001
001
010000
000000
1
1101
10001
01101
00001
10000000001
110101000000001
101000100
00100
00001
1101100
0000010
0100
11011
1
110101
11111
1001100000000
0001
01
0100000000
100000000
0111
1
0001010
10
11
1
111100000101000011000000
01
0100
10000110000
001
11
01
11000
0000011
1
100001000100
10101
0010001000010001000000010
1000
0000001
001
0
0001
000111000000000
1
0100
1
00000010
0000001011000100000
00001
110000
001
01100100
110000100
010001
111
1000
0000001
10010010100000100000000
01
1000
01
01
0001
0001
100000
001
1001000100
0101
110
1
1000
0001011
100010
101000100000100000001
1101
0000000
000010110000101000100
001
001001
1100
111000000
111
0000011
0000010
0110
1000
1
00000000000000011
0100
01
0001
00001
111
01010001
11000000000000
001
01
0001
10000
001
00110000
0000011011010000000
1000110000
0100
011
1
000110100
01
01
000010011000000001
10000
01
110000100010011
1011000000
01
1
1
1
1000000000
1000100000010
10010000000
010010010000000
10000000000000000000
1111
1000
100100010
0100000000000
1100000100000
001
1011
11
1
01
000001
01
1000
1
010011
001
1000
0001
1
10100111
00001
110100
0100100001
1
001
11000001
111
111011
11
1101
1
1101
1
00011010
001
1001010000
1100000
110000000000
0010100000110000000100000100100000000
10
010001
10110
01
0010000000
1
110001
100
00000101
100000
0001
00001
100000
010001110000000000
10000
0000001
001000000
001
1
1
10000001001
1
10100
0001
10001000000
1
111000
0001
1
0100010001000000
10
0000000100100010000000000100010000010
01000
0001
1101
01
0001001100000
111
10000000010100010000
10100
0010110000
01101110000100010000000
100000
1
000010
10000000
000111
01
1110000
0001
1101
0001
111010
1
100000011
011010000100100000000001001000
00001
0110100
11000100
101000
01
00101
100010010
01
00
1
11000001
1
1110
1
01000000
10000010010000
1
0
110001000
00001
10000
01
11
1
000000001101010000001
100000000
00010100010000000
01
11
0000000100010010010
10000000
000001
1000010
00011001
100
10000
10101
0001
1
010000001
1
00001000011000000001001
01
01
1100001
00001
0111
10
1
1000
00001
11
0001
100
1
001
01
00001
100
000101
01
10
10
0001
00001
10
10
000001
00000000001000001
111
1
1
0000100001
1
000010001
1
1
10100
1011
1000000
11
111
000111000
0001
10
01001000100010000001
10
1
00011
11000010001
001
11
1001
01001
00001
101100011
10
1
000100101010
0
000011
100100000
011
01
100010000000000
000010000010
100
0010110111
10001000010
011000000
01
0001
1
00001
001
1
00001000000
0001
0100
00000010000000000000
100000000000
01100000000
00110001
00000010
11
0100
000001001
100000
01
0000000100010000100100000100
01010010000
0110000100
100010001
0001001
100000
1000000
0111
0111010101000
100100010000
0001
1
101110000
010
1
0000010010001
00010000000
1
1
100010000100000
0000100000100001000011100000
01010000001
10000000011000000
00000100100000000000000
0001
11000
01
00001
01
10000
010111
11000010
0001010001000100000110000
0001
1000
1
100000
111
00100
0000
10010100000
011001
100
11000000000000100010001
1
10000
1111
100100100000
1100
0001
110000000010
1
01
01
01
0
10000
0001
101000000000
11110100001
1000100100000
0100000
01
1
01
1
10110
1
01000010000100001001000
11010000
0000110001000000110000000000000000000
1000
111
111111
1
0001
01
11001000000
000110000000000000000000
0
100000000
110
110000100
100100010
01100000001
10000100000001010100
1100100001000000110
1
1011
1
110100
000111
01
00000000010
111
111
0001
0001
100000010
100000000
000001
1100010
0010001001
1000
0111
1010011
0001000011
1100000
1111
011
1
01000
1110010
111
01000010000000
0100100001
