1
000000001001
1
000
1
1
00
1
11000010000
0
10001
1
1
1
010010010
1100000100000
00000
111
011000001
0
0
0
110010000
0
0
0
110010
1
1
0
1
101100
1
000111
01
11010
000000001
10100010000
1000
0
1
1
001001
0
0010010000100
1000000
1100011
00000001001
1
1
1
1
1
01
010011
101010000
1
0
11100000
100010001
100010010
100000
001
10100001000000000
1011
01
0
1
1
00010101000
0000000000
0
10
1
110010000
0
011000000100
01
1110000
1
100
111
1100100
111
01100001
1
1
1
1
00
000
000
0000100110
1
001000011001000010000
010
0100011
1
0110010000
1
0
1
1
1111
1
010000011
1
1
0000100
0010100000
11000100
0
01
01101
1
1
0111
100
000111
010001100010010000
1
010010010000
0
1100000100
010011
10000000000000000
0
111
1
0
010100100000
100100100000
1
1
11000001000
10000
01
0
000101010000
10010000000001
1101
1
010100100000
1
1
1
1
0
0010011
1
010
0111
1
000010010001
0011100
0
0
1
1
100010001
1101000
0100100000000100
1
1000
000
1
0
1
1
1
1
0
1
1
1001001000
0
0
011000100000
111
1
11
00001110010010000000000100
1
0
0111
1
110010000
1
0
100101
1
110000001
110000100000
0
11
1
000110010000
1
11
1
1111
011000000100
1101
1
1
0
1
100101
1
0101001
1001100
0
1100000000001
11110000000000
00
1010010000
0
0
1
0
10100010000
0010110000
1
1
1
010000000011000
1
0
1
0
0111
0
1
11001000
0
1
1
0001010001000
1100000010
0001001010100100000
0
00
111000000000
01000001100000
10
1
1
0000111
100
000100100000001010
0
1
0
1
11000001000
00
1
1
01101
1
10100000100
1
1
0
0100000000010000
1
1
0
11
111
1
0
010100010000
101000100
01010001
0110010000000010
00
00
0
1
0
1111
0
101000100
110100000
1
11000100000
1
1100010000
1
1
1
1
1
001
1110
1
01000101
00
0110011
0110000011
011001
1111
01000000101000000000000
011
1
1
1
1
0
1
01000000011
0
101100
1
1
001
1101
0
00010000100000001
0
0
11000100
1
1
1
0
110
0
1
011001000
1
0
1
1
1100100
0
1
0
010100100000
1
0
1
10000100
0
0
0
000
011001
0
111
1
0
01
0
0
010100100010
0111
0111
11100000
10010000000100
01
0
0100
000100011
10
1
