1
01
1
0
1
1
00001
1
01
1
1
010
1
0
1
1
1
1
0
1
1
10000
00000001
00
1
1
1
1
1
1
1
01
01
1
1
1
1
10
0
1
1
11
1
1
0001000
1
01
1
1
1
1
1
1
11
1
01
0
1
1
1
1
01
1
000001
10
1
1
1
1
1
0
1
01
1
0
001
0
1
1
0
011
1
0
1
1
1
011
1
01
1
0
1
1
1
01
1
1111
11
1
1
0
01
1
1
1
01
1
1
1
1111
1
1
1
1
1
1
1
01
1
0
0
1
11
11
0
1
1
1
01
1
1
01
1
0
01
1
1
1
1
101
1
1
100000
1
1
0000001
01
10
1
1
01
01
00
00100000000
0
0
000000
1
1
1
1
001
000001
1
1
100000
01
1
0
0001
11
1
10
1
1
1
1
1
011
1
1
010000
11
01
1
1
0
1
11
1
1
100
01
1
1
1
11
1
1
1
1
10
1
1
1
00
0
1
1
01
1
1
1
11
1
000001
00100000000
1
11
1
100000
01
1
001
011000000011
1
0001
1
0
1
1
10
1
1
11
1
0
1
00001
1
111
00
1
1
1
1
0
1
000
0
0
1
111
011
1
1
1
01
1
01
1
1
0000001
1
1
01
00
1
1
11
0001
1
1
11
0
000001000000
1
1
1
1
1000
01
1
1
1
1
010000000000
1
1000
1
1
1
1
1
10000
0
0000001
0
1
1
1
10
1
1
010
1
1
1
1
1
1
1000000
1
0
1000000
0
1
01000000
1
1
1
000001
1000
1
1
1
1
1
1
0100000
1
1
01
1
1
0
1
01
10
000000001
1
1
1
1
1
0
1
1
1
1
1
11
1
01
01
1
1
1
11
1
000001
1
1
11
1
00
11
1
1
1
01
1
1
0001
1
1
1
1
000001
0000001
1
1
1
1
0
1
1
1
1
1
1
1
01
1
1
1
1
1
011
1
0000001
1
001
1
1
1
1
1
1
11
1
1
1
0
0
1
11
11
1
1
1
1
1
0000001
1
100
1
01
1
1
1
01
1
1
1
1
1
101
1000000000
1
1
1
1
1
1
1
1
1
1
0
0
1
00001
10
1
00
01
1
111
01
1
00
1
1
011
1
0
1
01
01
1
1
1
1
1
1
1
1
1
1
0000001
100000000
1
1
1
1
1
0001
1
11
1
0
11
1
0
1
100000
0
100000000
1
0
1
001000
0000001
1
0
1
1
10000
1
1
1
1
1
1
1
00000000100000000000000
01
1
11
1
11
1
011
01
1
10
11
1
0
1
1101
