1
1
1
1
1
1
1
1000
1
11
1
01
10
1
1
0001
0001
1
1
01
1
100
1
1
1
01
1
1
1
1
0001
0100
1
1
1
0001
1
01
1
1
0100000
1
1
1
1
1
0001
0001
10
1
1
11
000
1
1
011
1
1
10
1
0001
0001
1
1
1
1
1
1
10
1
000001
1
0001
1
1
1
1
1
1
1
1
1
1
0001
1
1
01
01
1
1
001
1
0001
1
1
1
0001
1
1
1
1
1
001
1
1
00001
1000
1
0001
0001
01
1
1
1
1
1
01
1
1
00011
1
1
1
1
1
1
1
1
1
1
1
1
1
1
01
01
1
00001
1
1
1
1
1
1
1
010
0001
001
1000
1
0001
00001
01
1
10
01
001
001
1
1
1
1
1
1
1
1
1
1
1
001
1
1
1
1
1
0001
1000
1
0001
1
1
1
0001
1000
1
1
1
1
1
1
1
0011
1
1
1
1
1
1
1
1
1
1
1
001
01
01
1
1
1000
001
0001
1
001
1
1
0100
001
1
1
1
1
01
1
1
1
1
1
100
1
1001
1
10
0001
1
01
1000
1
01
0001
1
0001
0100
1
1
1
011
1
1
1
1
1
001
1
1000
1
1
000000001
0100
000
0100
001
00001
10
01
0001
1
1
1
1
1
1
01
10
1
1
1
1
1
1
0001
1
1
0100
001
01
1
1
01
1
01
01
1
1
1
00010001
1
0001
010
1
