1
1
0011001001
1101
001010011
1
1
1110
01011
1
10000100100
01011
1
11000100
1
100001001
10101
01001010000
100100100
0110100
0100011
0011000010000
110110000
1111
110100
0
0100100100
1
1001010000
1001010000
1
101010100000
1000110
0101000000101
1101
0001100101
001100011000
0110010001
000110011
11001
0111
1
1
01101000
1
01001
00010001000001
00110100
10001010010100
1
11
01000010011
1
1
1000100010
101100
1111
1
0010011
1011000
10010001001
11000010100
1100011000
0001
0100111000
100011
001100
00111
0010111000
1001100
01011
1
11000010100
10011000
1000111
0100101000100
1
101000100
110000000000000
11000101
0100010000100
01000101100
10010011000
11010
0000011
10010110000
1
11000010000
00001000001
1
1
01111
100100110011101
11111
1111
010011
1
1001011
011100
1111111
1
101
01000011
10001100000
1
11000010000
1
0101
1000111000
1001011000
0110100
1000100100
11000010100
1
0101100
1
101111
0011
010101000
1
010110000100
1
010011
1101
1
001
110100
1
1
10010110000
10010100001000
110011
11000100
1001000010000
01101
1100001000
010101011
11100
1101010000
1001010000
0100001000101000000
0001010001001
000100
0101001100
1100001100
1
01001
100010000
0111
1
0000
1100
00101001
100011000
00101
01100100100010
100101
11000010100
1
011001000
1
0100011
1
0011001001
100100111000010011
0011
1010001000
010010010000100100100
1001010001
1000101010
01
01000000
1
1111
101011
1011000
0011001001
11
0011001001
1110000
10010100
010001000100
1
11
1100010000000
1
1
1
0111
1
1
001100010000
10100100100100100101001
00101001
1001001100010100101000
00
1
111001
1111
10000000000100001000
1
1
0110001000
01111
0010001100110000010100
110101000
110000010000
11111010000101000
0100101000001
11
0110001100
0111
100100010000
11000100
1
1
1100011000
00010001001
1
0111
0100011
0110000100
1
1000100001
10100001
10010010001
00111
101110
1
0000100100100000000000000000
11100000111
1
111010110110
11
01001101000
10001101100
110101
1
1111
1
0111
11000011101010
1000010100
1111
1
011000011
01011
1
1
101001
1
001010
1111
111
01011
100011000
1
0001000101
11101
0100011
1
10010101000
1
11101
11011
0100011
1
1111
00010101001
1101
00101001001
1001001100
100001
1
01000011
1010001
0111
100011
1100100
1
101001000000
1
1100100
0001101001
10100001001
1
1
1
0010010001
