111111010101001011
00111001010111011101000011011
00100000001000000110001001000100000001000001
0111101101111101100111000000000
110
10000000000111000000000011110101101111000000010010001010000
0110
001100011000010000001000000100010001110001100101010001000010
011110110011
100011000000010010000100010001000000000010010011111110000000000000001000010001111000000010000001100000101100101111011111011110100111110010010100010
1100001100100
101100011
000001000101000001000010111100000000000000101001010100000000000
1101000001111011101000000001100111110001000001000111111000010100000101110111111101110001010110011
1011111110111111001101
01001000100010010
110000000001000001000011101000101000110000011001000100010001000000010011100010001000011011001001000010000
0
0
101011000001000000000000001110001001100011100100111100010010110
0001011111110001111000011
1
11101100101110111
1101010001001
110110000001000000100000100010001001011001100000100100001010
11010101101000100101011000100001011101
000010110101111101011
1111
1
11011001111100111
11000000001101110000100000000000111000100100001000000000
01001000010110000001010100101000101111
0
101001100101001111111101
011111111100111111111111111011111101
00010001001000000000000
1
110000001011010111011011
00110010101001111000111010111110111010100100111100
001000001100110000110100010000000
011110100100000
100011000000010000101000110010000100000000001001000100101000000000000000010001000000000001100010110100010010100001011000001000010001010010001000000001010001
1100010100100010100000010011010100000010001000110000010001010000000001000100110001100
1
11100011100
111100101000000
100001010001111101010100
000000100000000111010011101100100001001011100000110110010010000000001000001111110
0101001001111100101001101101011000100000000011011001000010101011101010100001110001000111001
00001100101001001000000100000001100001000
1110011000
10010001000000100001010001000010000000000010000010100001100000010010000010000
011111001100110010100100110100000111011111101
1
11000111001001100010001001100011010001001000001011101011110
11010001
1111111101010110111111
1000010001000010000110010100101010110111100010010010001
1
111000
10010110
0000000001010101111111000101101000101000010101000000111110000100011001001110000111000010101001101001110010
10010010110000100000011000100101000100001100010011101000100100010011000010101000000000000000001000010010000100000
11101011110110110101110010001100000001100000001001100010111111001110011100000101100011000000011101110010011
01110001001000010110100001100100110001001000
000011100001100001110000010010011000
0111111001000111101100
000101000010000100001100000001001000001001000100010100001010011001000100011000000100100100100001000
00010011100010010101100100010010001000101000011001010110000001000110100010010101
01
111000010101
11101101010001000010001000100100011100011000001001000111100001100100000011110
00000100100110000101100100000011111011100010111
0000011101011011000010001101100100010000
00110010000110111010001011110100
0000000001101001001000000100011101110
1111001111110111101011100111101101111111
11111101
1100111111
00011000001000100010110100000100011011101100
01101000110001000101001110001101010000100001100001001111011000000001000
00
01000100100110000110001100010
1100101
001100001100000100010100001
0100000000000001000010001000000000000011000100001001000010110010010000100010000000000101000000010000000010010000
0001000100100111000000001110000110010110
0000000000000000000100000100000000111101000000000000001001000100000101001001000110011111000111100000010100111010100111101011010000010001010010011100
01000010100000000111110001100011001000000010000000011001100011100100011001010101000
0000001
101011011110101111101000
01101000100001000001
00001111100100111100
11001
11110101010111101101001000011110001
11011
010100101100
1100110
1000101001000001111010
00100100100001000110000000
1000001101111011110111100101000001100110001101111010010101111110101100000100011
00011001001101011100100
10000000101010100000111000010000011
11110000
11100001000000
101
10111001
011101101110010110000001
11111000010010000
001111101001001101
01110000100000001011010001000000110101010011010010101100000001101100
00010000110000000000001100001001011101001000001110001000001001111001000000010010001000100001
101101101000000001010100101010010101010101111111
00100001110100000100110111010001
10111100
1010
000100001000100010000100100100001000000000001
00010010001001001000001000000100010
1001000100
0000111
001001000000001000010100010010010010010001000100011011000101001010100001000000100101000001000000100
1101
100010111111000001010100000100001011
0000000100100000001001000001000000100000001000000100111001000001100010110010010001000000000
00101000110000100110110101110001001000100010100101100011000000
1100010011000101
0101010001100101000000001010000100000100101111001001011000100100010
001010010001111010000100
10110000010010000010001000000000010001000101000110010000010001001000101001000100100101000100100010000010100000001001100010011000011
0100011110001101111111111010111110001001011010111111101100000000
111101111
111100001
1000000100
01111111101101101000111
0011110100100010011011101000000101011111100100110010101101001100011
0110000000
1101
00000000000000000010101101001
1111011111011111101111100011011111101111010011101
1000011001000000010000000001111000010100010011000001000001000
10100100000100111001000111111111
10010000000010001010001000100000100100000000100110100010010101001101011000000001100
11011
11000000
01000001001000000001011101000010000000000000111100000000000100100101110110001000
0101000000000100010010110010110010010001010100001010
0100111100010001000000101111100101100001100001
100100001
1111111101111
0100000101100010000100010000000010010000111000111000010101001000011000001001000110110000000000001000000101010000
101100111101011
100000001001011010110000110000010011000010010
01100101011000
1111010000010000001000010001010001001000000110010
0000010000110010010010001000000011000001010001010
0110000001100001000000110001001000011000000100000001000000111000000010110001110100010001100000
0001111000000010001010010100010010010010100001000110001
1000100
00011001000101100101010001000000101
1100
0010000100100110101000101100110110110
110000001101001001110000001000010011111111100010001011000101111101
00011100111101010000001001001110110100000000000101110110000100110111111111111101100100100101110111001100000000000000010000100100000001
11111
001101001000100000
1111110100001000000001001000111100000000100010010111101000001000
11101101111111110001101111001101010100001000001110001101011110000010001000000010010
1001000000000001110110100000110001001100000100100011
11101101000010100010001000111100100011010001110100100000010000
1011110
0001000010101000000101110000000011010010000100011010110100110111001110001010000100000010010
1100001000111101000011010000
001011000000010000000010010000111100110000110000101010000010100011
010001100000001011111101100001111000000000000010001110001011010010001000010010
1101110110011000100010001
001000100100010100000000110000010001000000100100101000
011010011000011000010110010011000100
01010011011011110111110011101110011000000110
00010000100110100000000100000000100
10
1111111000
1101111
0
11111111111
111010
01000000011100
01000010110101011010010101
11111111
100000100000
01000000011000101
1
11101001001011110111110
0010000011000010010000100001001000010000000010000000000000000011000000100001001
111101100001
0100
0011100010101001011100100101000001001001100
00000010011000000100001010
10110100001010001100100101110100010101001000
1000110001000101000101
100110001001000010001000000010100000001000000001000010000000000100100100010100000001
11010011100
0011100100101110111101000101001100001011100010000111100000100100100000101001
1010101001110100111110000110100011001101111001011001111100
0111111010100101000000010
0
1100111100001011000011000100111010000
101000110
000000110111001100101000000101000001000000110101010000110000100000110001100100000010110011001100000001011000001
000101010010000100000100000010000100000010000100100011010000000100101000011100010010000
000000000010001110001000
000001110000101001100010110001010000101100010100000110001
11100111100001100100100100000000000000001000000001001010100000
10001001110100000001000100111110001000101001100010000001010000100100101000100010101001000010000000000001011
00000000
1
1111111111101111
1010101110001000010001111011
11
100011000010001000011010001000100000101000100100100100000100011000010101001000
000000001100100001010100010000010000010101110001011001000100010010000100001
1101011001000010010101111101100
101100101000100100110
1
100
001
001110000110111000110010110111010001
11011
11100001111111110010111010001101111111111000001100000011011111101001000111111001100111010
010100001101011100011000000010000000000001000000010010000000000011000
0111011111111111111011110100111111
0001001110111000010001110000000
011000100110110
000010000010000000001000011100100100000100100001000101110001000110000110001000001001010101010011100000100
00111010000011010000100100111100110
1100000010110000010000010000100000000000000
01100001011101001
1101
000001011000000100000100010000010000010001010001010000101000100010001000
1000111101100000100101110101001100011010000010011100
110100011111000
01000001011111110001000110101000110000110000101110010010101010001111111000100011010010010000
1000001110100000001010
0011000000000100000
1101
1111
1
1
0000001000001000001111000111100
000111100000110011011000100010111000100000101000110010001000001000010001000
001000110110001111001101101010101100010101000010000011
11110010101
00111000110100001000011000000100000100010100000000110001001100000000000010100000001000000001
0100000111000001000100001000010010010011011001000010000101
01100000000011101010010110001101110000101010
000111000000010010110000000001000100001000001111010010010001000000100100010000
111000100
10000110111101010110
11111101111000011011
01001101100000011100101110110101
11
0110011
01000001110111101000000011001011100101001000100000
0101110000010000111010011000110110001110001010101111010
011011101001100010000
000000010100000010000010001001110010000000010101100110001001110101010010000001001000111010001101111101
11100010000011
01111
0000110000000011100111011101001010000000100111000101001110
101010000000001001000000000000011000000011000001
000000100010000000100010001101000010000010010010010001000100010101001010000000010000000101001111010000
1010000011000101100101001100100010000000010100000001000111010011111111000011100
11011111010000000100010000100010000000011
1
010010
11
001000100100100000000010001000010100000100110010001000001001001010000010010000100001000000101000010010001101000000000100010000100100000000001000000010001101001001100100100011000
111
111000100100011110
110100100110010010001100111010001
10100010
01111101011110
1000100
00100000101100100000
000101100000101000000101011110100111111111101100101111110110010101001100000011001011111110100010100000101010
11011110011001001110001010000110
11000100100111000
1111111111110110111
110011001100110001000000110111101
1100000000
1000010001001010110000100111000000110
001100010000001001001000111000100010101010010001000000100100010011
1001000
1000101000
0100011000110100011111110000101
000001101110001110001001011100
11111101101111111
1100011011000010001000010101010111111101000100001000000000010011101111000001000001000000000000001
100011111011101101111110010000
001000001011001111110101
001011110100001110000010
000110001010010010001001111000100000100011000011
0
1100010000010011100100000101100011110100000100
11100010000101
111111111110010101000100
100100100010000001110100101011010010000000101
000000111100000
1110001
010
000010001001010011000110000101000100001000010000000100100010000
01001001000100100000
101000110011111111111011111001101110100011010000110111011101000101110
01110
1100000
001000010000100100100010001000011110000000000000000000010011010000000010001010000100010101001000011000001100000111000101
01100000011000010001111011110100000011
1000000100000110000001000000011000100000100000010010010111000010000000001001010001111010001100111000100101100100100000
0110001100000
0010000110011100011000000
1
01000001000000000010001000001001100010001001000111000010001000110100000001110001100011111100100011000001
1011101
00000001
1000000110111100011000110000000100000001000010100100010101110011000000111110001000100000000
1011010010100111000110001110100001111001100110100100000000
0111000111111011011
0
0011000001001001111100001011111111100010000001
0100
01000000010000
00100
0100
11111110111110
0001010100110011001100010000000100000001000100010000010001000010000010110
10001111110010001001010
111001111000011001
1
10101
1111000000
00110100000011000011000011111010111111100011110100011
1111001011110101111111100
111101100000000
1001100000000110
1011101100
0011000010111001010000010101011010
100010010000001000100100010001100000100100100000000100000
1001000
1011011101010001010001111111000000010001
11
0010011100000100001000000
100010110000001110010001000100000000101000001010111010000000101101000001010
001011000001100
001101111111110111101001111111011
0000010000000100000000000000001000000100100011100001110010000000010000000110110100000000100100100101101100111010010000010101100001
10000101000
0000010001101000100101001001000010
100000000001100000100100100010100100001100011001000001011010100100101000
10011000010111011101101001111001111111011
1010111000
1110110101000100
00000001100010001000100011101000001000011101001000000000100
1001001101001000000011111100
1001000110101100001000000100100111110
1111010001011101010
011100011110100001000100010100100001101110000110000100000000
1000111100101100001100001001010000100100000000000010101100010011000000
01000010000100000100000000001000001010000000000000010000110000100011001000101000000100000000010000100001010011000010001000110000100011000000100000010010010100
0001010100000000101111100000010001011001000100011
01001000010111011000100011111011101101000
10
000010100110001100111000001000000100000010000000000110000011010001101110011001011111000000101000111
1
100000000010001001010011011001000000011001001101100110110001100010000001001000000100
10001101110
111111001111011011110111111111111111011111101
001011000100100110001000000010000010000
0011001100111000000000100010000
1
0100000110000101100001001111100101000110001000010000010101000
01001001000000100010010000110000010001001011000011000001001100110010000011000011110110010010100010
0000010010010000000000011001111110010010110000001010010110001000011010000100000000000
01
0000100101000000010001110011010100000001
000010001110000100011001000
001000
100001010010000110111101
010000000110000001000100010001001001110000101000101000010000
001000100100010001001000011001000000110110000101001101000110
0100101110001010000111101000000010
10010001000111011001000010000001
110001111110111110
100000100100000000000000000101000101000001000000110000110000100010010001001001001001010000000010000000010000000
0011100100000
1101100
101000000000100000010001110101001011010100100000000010001000110000110000001010001010001100001000
1
1011000010000000000001000000111110010000111000110000010000010010010
00100100011000100011001100110100110011000000000100000000100000100001000010010
0100000010101011011010000010000101100000100111
00000011000000100010000001000001000101100001001001010001001000011011000001100001001000000010000100
11111101101111101
1001
1100
0100100010000000111111111101
100000
01001000001000000011001000101100000000100000000000100000010100100010000010001000101000100100000000110001000100000001100000001001
01100000001000000000011110001000101001110110100000010000110010101000010001010
10000
10000000100011101110000000000001000000001
00001100101001101000
11111010010011000101101010000000110000111000110001000101000010101010111110111001000
11000010101000100
01111
1111
10
101001001100011011010011010011001000110001000000001000010001000000000100100000100001000001110010
110010011001000100011001010101010010000001001011110001110110
010110010010000110101111010011111110110
011011011001001100100111
100000011000101011111010011001100010000
10001000101101011100010011110
100001000010101001000010100000000011001100010000011100100010001001110110111100010000011000010010011000000110001000000010010001000100010000001001001000000100
01100000100101000000110010110001001000010000110000000000001000001010010010000
111000111001000001101000011000011000000101001010001000010001000001000100010000100010101
10100100011100101000000100000100001000000010000000100010010101000100100000100100000
0000111011101101000010011110
1011110010001000100100000100010011111
001101000100000001101000100000010110111011100001111011101111011111111
100010000100110100110001000100111000111110001101011101111110100110111110
00100011111101100110001011011
000
10010001000100001111101100011101
101000000010
01010101100101101100110
11000010001101110000101000100001010
100111010001011010
11101111111011111110111110111011111111000010
1100000100001000110000100100000001000100110000000001000110000010001000000001010000000010000100100001100000000011
1111
010101010010001001
11000001011100110111111100010
0100111110001000100000
1110
10001110111110101011
111000111011
111111010
1
1111110111101111101
100010
0010000000000010100000000010000010000001110000001100000000001001010010000000010000000001001100010000001000100011100010000000000000011100
011111111
1011001011011011011101010000
011000010101001001001001100000100100100110
00001000011101010000110001100000001
11111101101111010101111001010110
100000110110010000001111001000111
100011101110000110110001000101010110010010010001001000010001001000010001000100100000100000100100101100010001
1111100110
1000010100010101000000001110011000110100110000001101
1000
1111011110101000100001011100011110011011000000001001001
0000011000100010000101001001000000100001001110000110101001000100110000110000000010011
0011100110110111100101
1111000101010000
01000011111001111010111110111
01111010001100100000001101100111000001111010000011010110101110011001001110011110011001010100010100100001000001000
00001000001000010000010001100001000100100110000000001010000
01110100000101100011100011101001001
10000
11
001010000010111000100000000010001101001000010101000101000100100000110
10000101101100001010000000011000001
00001001111100000010010000011000010000001000000011111000001001000001001101011010010001001001011000011000000011101000100001000001111101000000001001
10011010100100000011000011000100010010
1
00111101011101100011001111
0101010101100100
1
11110011011110
1001101010000000
001001100001000110010011101101011011000110
00000100010010100111001100000001001000101001111000100
1000
110111011011111111
0001001000001000010001000000000000110000001000000100010010101000101010000100001001100000000000100001010000001100100
10000001011000100010000101100000000000010
1
00000101111110111011001111000010111111010100001111111001111100111100101000001100000010110011001
0000101001100010001100
000001111000010010100010000001001100111000010000000010001100001000100100000100101000000100010000101110100100000100000010100010001011000110100010001100100000001
100100001001100111010010010000000100010000000110101000000100100110000110010001001000001000101000010100001000001000010000110010100
1000010100011000110000100110010000110000010101001100100
10101110111101110
1000010010000100001101100000000000
1100011100000100110101110001111111
1
0010001011010010010000010010010000000100000010000000000111001101001000011001010010000100000010000000001001110011000101000
11011111111110111011001011110111110011101
1110111010
1010000000101000001000011000100000001000101011010001001100010010001001000110010001000001100100101000001000010001000
10
000001000000000000101010010010010001000001010
01000000100010011100100111000000011001110
100001000011011000101010000000100101000111000011
000000100000100000111010000111000100100011000001000100000100000111100000101000011100100010001100101011100101100000010000010000
010010100010001000000010000011100111101111000000010
001101101010011110110001001111101001110100001011
1
0010000000010010
10000000000001001001111111111001
11
10100
1011111
001111011101010
110000010100
00001001001010000010001000001000100001100011010001100010010010000110010110001001100100000000110000000010101100110001000101010011100000
01001000101101001001101101001101010
10
000010001101000110101010000011110000010001
00010000001100110101101101100011110111111100011
1000001001000001110101000101100100100000100
0000000110100001010000000000100000100000010110000000100010000101100
011000000110000100010011101000001000101
100000010000101001001010100101100
1011110111010100001111100011
00001000010100001010000100001000
000100010000010100110111000101000101100100000001000001100001001100100000
1111000101011100100000100100011100000010100010010010000010010000001100001010001110001000001000010
001011100000000011000
1011010001010100100111010001011100000011
10000011001101000101000100110111110
000010110000110000000
111111111101111110
000011111011011000100000
10001110000110110000101011111000011
11111111111101
10001100010000110101110111
111
0110010111011011010000111000101011010011
100100101000
111111011
0101001001100111001011100010000000001000011001000011000111111000000000100101
01101
000100011010000100000
0010011101001001111010010010100011001010111110010000100001010011001100101000
100111110010100100100101000001000001010010000010100
0001000111111100000000000000
000011100111010010111010001010111100100000
0001010011010000000101000111010000010010000000110000000100011001000011001110001101000001001001100000110100100001000110001000001101011000110011000010000010011000000000100100000
111
00011110011010010110010011110101000110001
0000101000000100110000000100111001111000111110
0100011011110101011111111110111011101000000101101110001111110101
10010001100001111110000001100111010100000
11001110101110
0100000100100000000
0001000000100001001111000100000001100110010010100000000000010000000
110000000
000100001000000000100000010110011000100000100011000101001000100001000010001011100010000000000010000000000000100000100001000
00100000000001101111111000101001001100111110001000111
1
010001010100100000101100110111110101101101000101001011100100100
001000101000110100111100011001100000001000110010010
10100010011000000000000010001001001100001011000100000001000010001100011110000001000100101100001
0110000101101
10111
1
1111001110011111000000110101001000000110001011011000011000100111110011010111010111100100010000100101100000
100000001000000000001010001000110000001010001101000101110000000010001001011100
11001000001001000011110101
10000100011010111000101000100100011100
011000000
00000100100100100000011001001000100100100100100010000001000001110000001001000100010001000001100000
00000011001000010100101
010010110001110101010001000110000001010101010010000101011010100010111
101001010100101000000100010101101
11111101110
000100110000100100100010010110010000000011110001000000100100001000
01110000100010
11111
110011111101001111110000010101100111011101011110011011110
010100000100001001010
1000000011100100000101000100101010000100000001000000110010
0110010010001000011
1000
0111010111100
1111111111101
100011100001000011
110001101110000000001100010000001000
0000000000010000100000111100101100101101000110101000000000100000111001000001011001011001010010001000000010000000011000000101
10111101111001101111
11010001010100001110
110000000
1000000010011000001110001
011011111110
1111101001100111
10010001000100100100110001101110110100000
01001100100000000
100100000100100100
1111100110
1001101101010011010010101101011101110000010
11111011
0011101110111011110011100111110010101110011011101111110100001110011011111111001110
00110010100100010100011101000000000111110010010010000010000
01010000100000111011000010000001000000000110010000100100000011000010010
00000101001111000000000000101000000000000101100010000100000
00100100000001110110100000000101000000001100110101000000001001110011
11000101100000110010101000100000000010100100001011110110000010101010000010111110100000
011110100001111110110011110000
0000000000010001100000100000000000
000001010110110100010001100110
010001010001101101000001110001100001110000001000
00100100
00
0110111111
10000010011110000110110001100000000100000
1
10
10001000111110100100100110000000000000000011101110000010011101010101100001001101100100
111
11011
001111110011111011011001101010111111111111101010100000001000000000011111111011101111011
10
1100010000010110
010
10
1111100111111
1001000001100010011001001000000000100001011000001
10100
1
01100001010110010000101000101011000100111001100100
100101000110100001001
100100001
110011100011000111
000101011010010000001000011000101111010111100000100100100010
11101010001
0100010100100011
01101000100101111010100000101011101
00110000010000010001111000010001101000111101000011101001001011000010
010110000101001000
0011000011011001110000100011001
001000010010101100000001110010100000011000000011100111011
0000010001000010010000100001100010000001000001001100010000000010000110001000
00000110001010
000011110011101100001011000100010110000000000000011111100001100000000100010010000011000
0111000110011000000001100101000101111100000101101000000
1100000110000001001000100010000000001101010010000010
100101
01
001010000000101
0110110001101011111010001010001000010100
1
11
1010110100000000101111010001110000001
100001001000000101001000100101001000110001010010001000101000010
1
0001101101000001110100110100001110001111101010110101100
011010110000
110000000000000100000101011101110100001001100011111000000000010000001101111011100010010100000010100100010000100001101111101101100010100010
10110000
11011110001000000001110000000
00100001000001010
01
0010000000101111010010100001110101000
0100111101
00001001000010001000010010000000010011100010001000110001100010000001000000000000
10000110
0
110
010011
100010001001110011100011100111111001000000001000010000000000010000001100100111000000000100001100101110110011000
0001100111100011001000100001
0
01000010101100100111001001100010000010001101000000001000010000000100000111001000010100011011011001
000000001001100000000011100001001001000001000100010011110001100001010011011000010001000011001100100000011000110011010
1110001000000101000
11101
01000010110000000100100011000011000001010010110001000101010111110000011001
01110010100010000000
1001010000
00101000000
0
00101101010100100001001101000011010001101100011100010
1001110000111010111111010111
000010000011100001001000000001101001000101000000011000101000101000
000001100000011000100001011001000000010000001001010101000001100010001001010000011011
1101001111101000011011010110011111000001000000100010101010010010001000101100010000011110111
000111000010001110010001010010100000000001100101010010001101101010010010100001
10110110
1111111110110111111110111111101110011010111111
01100101010011011000010100
00111101110
0010001110010001100000100100110110000
11111101010010
11100000110111
0110100011000001
000000000001100010110000010000000101110101010100000100011100110000
00101101010010100110001
001111000100000010000110001100000000000000010010010001111101111011000010001100001010011000101000111
00000111000011000010011110001100010101000000011001000001100100010010010100010110001000010010
111
0010001001100100010000001010010000000100011000000000010100000110000100000001000100000000000000000
010000100101100000110000001
000100101000100000100101010101111000101111000000011010100010000110
100010100
11000110
1110101010010100000001001011001000010000101011000101000000000111001100100000110
1111
1000100110111000010101001010110011000110010100111010001010
0
1011100010010011
11
0001100100100000010111001001000001110010000000000100100111001001100100010
1110010100010010000000010000100011000100110000001010000101000000010010011001001001000100000011000001101001010100001000010001100000111000001000000100010001000000
1001000001001100100010011010010010001000000100111010001000000001000000000
001001
10000110001000110000100111000100000111100001001001100000010010000100110100010101100110000001
1110010000100111
100100100010001000100010000000000000001000001001000011100000010000100010010000001000001000100000000010000100000000000100010100000000110010000001000100000
1000010011101000100010001010101010000
011000000000010001010001000000000000100010000000000100
000010101011010011010100010010001000001111100100010100110100010000010110100110
10000101000101111111111111111010101111111111000001001111111111001
0101000000110000011010001010
0110001001010001000101001000100101101110010000
11011000000100000000011000100100000000000000010001101100111101100110001101000000
11110111
11
1100110100
11111111111011111111111110000000001111111010111111
11000011000101001
1100000000100011
101110010001111101010011101111000111111010001100100011000010110
0100010101000011001000010000100010000001100100110010100100101000
00110001010101110010101100010011110000000
1101000001110000001
111110
1011000010001010000
10
111101110101
1111
1001000010000001010001001000100010000000000010001100000000000100000100000000100
0101000001010100000000101001000
00100000001100010001010111100
0
11100011001010100110011100111101111
100110010001010
11111000
1000000010001
1111011010011
1001001000001100100101000000000010000000100001011
11100000
01000100000001000110111100110010011010101000010
00011001001010000000001011010010
000101001110000000101100010
011000001000100100000
100011010000000100000011
111010010111000
100010
11110101111111
01000000000000000110110111111110011000000001
1101100101110111010
0010010000000100100101001000011001000000100110000
11110000010
0000011001100000010011000000001000011100010011001000001101000100000010101000100000010100
1
101001001111100010110
101010
10101100001000101001000
00001000001101100110000000100001000
01
110001011110000100010010000011101100000001010111110000
10110010010001110010001100010011000011010010000010000000000100000001110000000100001110
0000000011000000100010001000000100100010001001001010000001001010111001000
100000000000000001000000000111001100000000010000000110110110000101
01000
1
000010111010001000000101
1010010010001100011001111111010000001111110
011110100
0100100
01001001001010
100101110101110010010011
100010001000000000100010010011001110000
000000001010001001001000111000001000101010010001000000011000100100010011000000100000100010000000001100010
0011000
101000100010101001000000000
0000100001100100010010011000011111010100101
00000000000001000000011101110001110010000000100000111111001000001101000000100001
0001011010000101110
100010010101
1001101000110111001010011111101110101010
000000101010001000100000000100000110000100010000010011101100100010110001000100001011101100001000011001000001000
1
111000100100000110101101011
111011110000010
100011000101100000010011100110001001000001000111100010000101001000000000100000110010001100010
11101111
0100001100011010001001100111000
001010100001100000111101100110000000000100110011101111010100010001001000001010110100110000111111111011110
0
00011000001110101010101110010001100000001100000111000100000111000001000010001110001
1110100011100001110000010
01011011101111111111110
011010110000100011001101000001
100111010
11111101001000010
00110000111001111010100100111111000000011101110
00000000001
111101101111001110101000101001101001110010100110000000100000000001010011000101010111100001
001111110110001001000000010000111010
0111101110
1100010010001011100111000101000010000000000100111100100000011000100000001001110110011010100000000000000001110000001
10001001000111010000000111000000000011110001000000000100001000
10
0000100010000000010010010
00100001000011110011100000111110010011011000101111
110001100001000
111100010110110110111111011100011100110111011101111
11111100010001000000
10110000001000000
0111110001000110000001011100101110000
000010000001000000010001010001001100100010010001000001001000001100001010101000000110000101000111001100100001110011100000001000100010100101000101000000100001000000100100010001100010
11
1000100000000010000111101010001000010000011100010101001000011111001000010
000101
01100
00100100010000010010100111000000
101100000
110010010
010100101011011110101100100100001000111
0100111110011000100000111111100001101111111010111001011000001001101110111101000010000000000000
1111001000001101111110
01111000100111100
10001001110000001111111
10110000101001001100010000001011010
000100101000000101010000000100001001000
000100001010000001000000000010010100000100100100100010001000010001010000100000100000100100100000100000100001100010000100000010010
1111011111011011
1101101000001100
101000101000110100101001
0011111001
01001001001001
1010001101110
01000101010100011000010011
01101100000101010000101000110111001111000100010011000100110011000001000100100000000
0000
000010000110010010010001001001100001000011000001000100000100010000001000111000100100110010000001001000010010100000000010000110010111000000000011000100000010000000001010001000000000010000
000000101000
00100000100000000100011110011110010010011000010001
000010000101000111000011
00010011001001000000000000100000
00000000001110100000000111010001100011110110100000100110
101100110
1101110101
1111111011111111110011
00001010001111
00001110101011000110100
1010000110001100100011100000001000111101000110000
00011000000001000000010000000001100110001001100010110001010011001
100001000001010001000000000100010000000011110000100001111000010101000010100110000011000100000100110110001001100001000010000100010010011001010000001100001000
111011110110000100000000001000100001000
01111000000100001
010010001010011111000011011101110100001
10010100000110001001101001101000010000000
010111111100010001001001000
0100011000010111001001010001111
100100010000010101110001111101100011
0001010010101
10100
100001100000111101011001000110000000001000100011000010101011011001011000010010101000000010011000100001000
101011010101000000000001000110000111100010101100100000000000010
000001110100001000100010010000010010001110001000000101
11000010000
0000000011000110001100100100100011111100001000000010010100000010011001
010000101001010100011010101000101011000000100000001001000
101
00000001001100011000001011000001010
10110100001000110110000101100101110
10110100110
00110100100100111011001100001000000010110011100
0101001000000
00001010101010101000101010100100000100001000010000000011011001000010101010001000011100000100001100011
10111
00111000001110
001001000010101000101100010000100011000100010111000
11100001000001
0100000001
0001000000100100100111101011001001110010
11010000100000111011001100011010010001
0011001111110000100010110100010001001110010000100010000001000000001110000000011100000100100010101010110001111010110000011001101001001100010010001001000000100100001000010010000101000100000100000
1110010011100101011110010
0000001101101000001111110111101010010110010100
11
11101100101101011111
111
111
0111111011
10111011
1100010010000
1100101
0111110011111100011110
10010011011010
0001100111000000110100
11
10000001101010001000101011
111100
00000100000010010000111000000000010001000001001000100011011001001000000000010001
0100100101000010000010010000010001100100001001000000000
000010100010001110100100010001111101101010101100100000010
1100011101001011001111111010011110111
0011001000001110100000000000010000010100010010000000000101001001000000000000000100101101111011000010000000010100101010011011001010000000100100110100100000010010
11110100111110110111111111111010011001110100111011111110110111
110000011010011011111010111001010100
011100100001110011
10010000100100
00010001000011100000011001101100
10110111111111100001100110101
10001100100001100010000000000010100000110010000011000111110110001011001101010010100110100
1111011111101111111011
10001100110010100111000110010000
111011000010010010000001001
00101100000100000000000000110001000011110010001001001001000110000100010000000001000100100010001000010
001000000100000001000
00010100010010010100001101011110011110011110011011100010
011110100101111001000
0100000100100010000010001000
00000101000010
1000
00000001101010001
1010011111101110
000100000000000010010010001000000000100000001100100000010001001000100001100000010000000000
110001000010000010001011100110000010000001000000100110001000111
110000000100010
00001100000010010001011011110101000101100100000101101
0100001001
011000000100001000100001001000110001100110101001111010
1
00011000000010010010010011000110000001100110011011100101001010001100101101110101011101100101000000100000011111000010100000011010000100100000001000011000000
0000100111
10001001001111010010100001000000
00111111011100110100000100
0000000100000000001000100110000010010010000100001000100001000000111000010001000001010001001011000011000100001000001010000
01010010010100100000
10001111
10001010100100011001000010101000000000000111011000100100000011110001100000001100
111111100011111111111010011111
01100000001001001101001111101011110100000
0101000000110010011101101101110110011100011111110010100010111101111
011100001010011100111111101000000001111110010001001001111110110100000000100100001110011101101
011000101
0
01
0000001000000001000000000110000000000000001000100000000000
1111101111101111111011111110
10000001010101010000111011000001100001000011101100011110100101111101010011111
010001100000000
101100100110
101101010100000000011011000
00000100010100000010000101010111100001110110100010001000
111100111
0010010100010010100100011000101
111111110101111001100100011
100001000101000000100011100001000100100000010010100010000110011001011001010000111010001001100
100100
11
1111111111
0101010000001001010111011100100010110
0110111001000001101100
11111011010000011010100
0110000000010001100001000011111110111101100101000000000000001000110100000111001100000001001000001000110
11111001011111110111010
000010000000011100001000100100000011011010
01000100000100100
1110010000010010100000100100111001100010100000100010
0100011011001110010010011110101001000
1001000110100010001100100001
000100000001001110101001
0111111111011111
10111100100101011111011100110010
1100011010010011
1111001111
101
001010000010011000100100001010111010001001011
11100010001100010
1100
11
0000001011110001000111010000011
111111101101101111111111101101000111100111111111110001
111000
111110001110011000011110101101111111101111011011111111
1111011
1001010001000
11
0
00011101100000111011100
0100010001100010100010000010010001100100010010000010011100000101000000100000100011110001010100
111111101100110
0101100100
11101111110110100
110
1001010001000110110100100100010000101001000000010000000000100000
01
0100101
0110100010111101101001
10011101
1000010001011000010000100110010000
011
0
101111
10010101011000010011011101000100010100001111000100000010100101000011011110110
1110111101
001000010101000011100111101001010101111100
1
1111000100100000001000100110
101111110011010111010100010000011001110001
000001
000100000
00001111010000010010010111011101111001111111010010001
1110111011110010110011
110100000000101110000010001010100000011000010000001000011000010101000101000001001101001110110110000000110010100000101
11000000000000100010000010100100000101000001000000010001001001100011000100010001000000000001
0010100110010000110010000011100101000100000
0010010000
00011001110111001110111001011111001
010000101001010010001100000010100100000000101000010001000101000
1011010111010000000100100000001110000001000000100000000000001000000011000010001000100001010000101001100100111001
100111111010010000010011100110001100010000000001000001111010110110101010101000101110011110001111001
0000000110100000001000110000100001110001000110011000011100
000100011110010000010001
0
110010100000
0001000010000100010011000110001000111101000100000100110
10001101100110001000010111011001100111110010110110010101
1000101000010000100011000000010001
00100000001000001010110101001
1111111011
1100101111110
1010010111101
1111100111111001111
1000001100000000100011010000001000110100110010100001100110001011011101010010110010110010010010000001100101
01011000000101
000100000010010110000000000000001011000
00010110000110101000
000010110110101111011010
1001110111011111101110111111101111011111111111111110110000110
00001000000010010100000010110100100010101010001101001000010010100011001011010000010001000000100000
000010010100101000100110110000010
010001010000000010000010011100000100110011000001100011000010000
01100010110010010
011110000110110001110110010010
00011000100000100100011000101000000001000001000000100111000001110111001000011000010000101010101010011110111100
1111111
0000000010100100000011001000010010100000001100010001101010100100000101100001
100101001000000000000000
1110000
0111000100010110
101111111010000000011110010111100111100000101001
010000000001100011010100000010
001001100001010100010111110101100100000011000001100010010001
00000100100000000000100000111110010100001000110000000110000
0110011100000001000011001110100000000000011000111010011000110000
000100001001001001000100000100100110000010100011001000101100001000010010000000101010010000100100110010100100010100000000000010000001000000000011
000101110001000111100100100011100000001001111
10
1010001000000100100100100110100100100001001000010010001000001100011000010001100000010001001000011000100100001100
11100000
01111
0010110010010000100010001000100
000010000000010011000000010010000011001
001111100000011100100001100010010000101010000110000111000110000001110010110000001010010010000
010101001001010
100001000010011000000010001001100
1111111111101011011
11111111
00101000000001010001110111110001010000001001000011010000010010000100000
01111110001011110011101001011010111100000001011011100001
010101010000000101000100111010010001100010000000110010000111000100000100000001001010000010011000
000010000100110010000010000101001000011
00000110010010001110101111001101011100101
000011101000101100101001100000000
00100
100110000010100010001000100101100111101000100000010001011101010110000001111001010111
0
001110101100101000110101101011001110111011111001111111
100001100100101
000011000101000001010000011000000000001000
0
0010000100011000010000001111100010110001101001001001100101000010
000100110010100100101001001000000
1
00000001100001000010001001000100100100011101000010001101000000101010001000000000010001000010
0101110111111000001000011001
0011000001100011110001000100010101110000
011111000
010001110001010100110100001000000100000100001100010000000001001000100000000000000000000000110100001010010000010000000100100
10011110000000010110001100000000110101010100
000000011000010111100111110000111111
001101110010000
111111110110101110111
110000001000
1
0001111101101010111010
100000001000110011100000010000001001010101000100000010001000010010001000010000000010011100001110001010000000010000000100000000010011010000000100000100010100100000
0001101000110110010001011100111110
000001010010101000001000000111011000000100001010000010000000110
000000110010000101010000001000100000110001000100010000010110011001000000011100000011110011010000010010
00
0101100001000100101000011011000101001010001101000111001010
1
00001111111000001101001
1010000001
11000110101101000000010011111110
1000010100000001001000010100000101000100111000010001
1
01111010000101000001111111101111011101100110111111110101111
010000000010111010000111100101000001010001
111111100111111111
10111000
010000000000001010000010100011000100
0
001100000001000100010001000100001000001000001000010100010011001000000100101101000100100000110100001101000011010110011100111101
100
0001000110011001000110001010001111010100000010001100000001100101100100101100100000000
10000
1
00010111110100100000000100
000010000000110000001010110001111110000100100110001000110100011001001000100100000100000010101000001010100001000
00001100010011011101101010101000
00001011010100101110011111110
001100110010000
010000000001000010001000100001000010001000000000010010001010000100010000010000000010010000000100010000000110000001001
00000000111101001111011100001
1101
01000101000010000110100111000000110010001000
1000
11100001000110010010001010011011000000001010000010001001101
11000000
01110
0011000000000100100110101001000010000101001000010000010100111000100100000100000110000000100001
11111000011111111
00101110111111100101100100110100001000110110011100101000101011
01010000
1100001000
01111111011000000011111110110111111101011101111
01100100000111000100000000001001000100100011010100010011011000001010001000110
0100000101011101001010000110000000
1101001111001111010111111
01011110000110000
010001111100
0
010010100110000000011000001000011000010000100010000001001000100010001000000000001110010000011100100
010101001001010001110001
11111000100110000000110010000001101010110001110000010000100011000111011001001
111
00010000011010001100001001010011011011100000001110010001010000001000010000000110001001000000000000100010000100010000010000000
11000111101111
01011110001001010110000100011100000
011111
11000000100000010000
0010001100000100000000010001000110110001000010010001100001001000000000010000000000100001000010001000100010010000000100010000001000100010001000000001000100101001100001000100010000010
1
001101000010001101010010000001101
0001001001100000111011001000110100100000101001010101110100001000101000000
100111111001000111001010001000101000110011111010011100010011
111110001011110001111
111
010001010011000111110000010001011001111010011
0100000100010010001000111000010000001000100100011100100100001100001001001010010000010100100011110000000000000100010100000001000001
110111010010001
001001
101101000000000001000001100100111110010010001000001001000
1
10111001001000111101001000
00010000000000100001110000000110001000000011000100000111000001000000001001010100000010100000
110100100110101000011110
11001011001101111
10010010010000011001100101100100000100100000110
01011000000100100111100000110101101000
100000010011011000001110111001000000110111000110101100010001
01000101101001110000
001011000010011100010101001100000100011
00001111010111100101110001101000
0000111111001
1111001010011001010000000
0010001001001000001010001001000010010000010001000101010000100001000001101000101000001000101000010100110010000011010000111010100000000010101001000001100
00000000000000000001010010100000100000000001000000100001
01010000111
1010010110010010101010000100110000000000000111001100000000100000000100101000011000100011111100000000000111000111100010100001000001010000110011000
01001000101000111000101011101110110111
0000001010000100100110
11100100100001100111101110
1101001000100111011111101101010110110101001101011000111110
0
1000101110001110011010011101110100
1
1000
1111111011111
00000000000001001100110100111100010000001001000000101111110000011000100100000011000001000001100101000010001100
1000101101100001010010000000
010010011010101011000000011111000010011000001100010001100100000
1001001
01111111111111111111
1
1101011011011111010010010010101010
0011011111011111111011111111101111010111001
1100
1011100101000010
1101011111010100000001110100011010111100000110000011000110100010101000101000100
0000
11010000
10110111
11100010001101100
1000
00110101110110010010101000100001001000101101010001101110010011000010001110010010010111
000100101001110000111011010100101001000110111011011110011001110100011001
0100001010000001100010100110000000000000001000100000001010010
11010000000010001001010010011001111001100010001
100010011000100111100100
1000101001011000
001110000001100000010100000100011
100110000000110110000100001001000010
0001101000010110000000000100101010100111011100100000101000
0010110001100101001110110011101001111101001011001
0100100000011001
11110001011111100011
10000
010001110100000110000111010010101000101100001010110
000000000000000000000
111000000100100100110101011000101101001010000
1
111011111
1100010000010001010
00110001100001100101
1000000100110010000011000000010101010101100001000
111101001111
0001010100110011101111111110100000011110111110100010010001110
000011001
1001110111010100111110
01100010110111110000011000010010
110000100000
0001000110110100110100101010000000000000000101111011100000
110001001000000000
000000011101101100011100010000001000101011111001110001000000001000100001000100
0000000001000110001110101110111111101010010010100010100001000100100010001100100011001100001111110100011000110010001100010000000001100000111100001000000111001010000100010010000111011010011011110001100000101000001000
000000000000001011110
01110000101101110101011010111000111001
110111001
1001010100001100010111000000000011110000111110000001101001000000010
010010001010000
1
0000100011001101111010011011011101111000110110010100010001101111000100000011110010010011111
011110000100101
000000111000110000101011000
111000
001001000100000100001101010000100010001000000001
11110100000110010011100001000100101001011011011011100000010000110010
0000001011101111000011001101
0
000000100100101000100010000011
0001000000100000010010010000101000000110011000111000101110000
000001000110000010000000001011000101010001100010111000100001101100101001001000110000100010
10111111101111011110010
100100000
10110001000110011111000000000001000
01000000101100001010100010100011110011000010001000010000000001010011000100001010001101100000010100010100010001010
000000000010000000001100001010001000100001001101000000000100000000010101010011010000011011000001100000000100000101110000110000011011011000100
00111000001001001001001000000001011011001011110
0110100000100000000011110000100010000000001001110100100000011001000100000000100011
1110010111
1111111001
00000001010000000110100100011101001001111001100100001111001011010
00110000
1000000010110000100001000011110000100000100100001100001010000011100001000100000000011101010001010101001000
00000011111000110111111100000
1000011000010000001101000111
000
010010000001000001010000010100000000010001001000110110000011000010000101000010010100000000100000100100110001010011000100001001100000001001100000
1000010001110001101010111011111110100
011100011
1100001010
000110010101001
1000001
00100011010000100100000100000100001001000000
010000000011101011000100101000101011000110000000000010000
1
0000110000001000000001011001101010000011100100010001001011000010010100100000000101101001000010000100000010000
101
0100001100111000111010
011110101100010110110110011101000001000011010
110111111110110
00100010000000010010000010001000001010000100000010000001001
0101100010101100001
01111
11
00011010001111100101000110010011011011000001011001011010001001110100110010010010100001000000000000000000000000000000000000000100100000010000
001000011111001101110110111
111
01000100001
1
0001100100110010000101101100
111101111101110011011100110010111
00101010011110100100011001100100101
00101000100010001000100100101011000011000000010
000001010000001000001001001000111011110000100110010001000100011001
01001000010001101010111010101111101010001000011100100
00001000111001010010000000011
000000100000001101001111000000001100000111110
1110111
0111001011010011000000111101000
011000
11111111111
00100000
011000011001001000001
100100101000001101000
00000100011001100010011000101001000010011010010000010000000
0111010010110111101
10001001001100010000001000001
1101
010001000000011101000101010000110101000100000000101100110100101
111
1100000001
010000100000010100001010000000001000110000100101
101100111000001100000111111000001110101
00100110000110000000000101100011010111110110011101110
1
01000110000100101000
0000010010100000000000111100101011000000111100101001000101001111010000101100010000001100000101110100100100010
1
100000011111111100010001100100000100000
1000101001011000010101000001001001
0001000010000010000000000
000101100000100000010000010001001101110001001011111000000010001000011100000001111000001100101111
0000000100000001100100000001101010100100000100101000010010000100001000101101011000010010000001001010001000010
01010000
0110001101101010010100000000
1011100101011000011001000000001100010011000111001001000
1
00011
00001000
111101100000010100001
01110010010111
1000000000011000010010001001100101100100001000100001000101000010101110011000010000101100101100111000010001100100010010000
0000000101011010010001101010010100001000111100000001
011
01001001101
00001010001010100000010010010000001100000100001100100100000100
111000001010111001010011110101000000100111000100001000100011100100111000001100011100011010010101001000010000
000110010101100100001
110101
0
11101000101000
1111100101111111111111010111111111111010111101100101110111101101011
01001011000000100000110101010100000011011000100110000010010100010110000011
1000010000
10001111110110001111001111101110110010001
01000101001100010001000110100000110011001101100100010000
010010010100011010000000
1111111111
10
101100010001110001001001001000000001110011000001100010
00100111110000010111011010
110000110000010100000001000011010100001001110100100100101001110100110000
1
1
110010100100
110100111
1001000011000010100000100100000001000000100001100100001010100001100111010100111100111110010010110000001010010000001
00100100100011100001001111001100100
00
011000
0000100100001101000000010100100010
1101001
11101
01001010000101110001011111010101111010001100011001101011001001101001000011100001000110110001111010010011011000001000010100000000010000001000101100010000100111
00101000101100100000010100101000110110001000001010000000000011100001010001000000100000000001000000001000
1000011000011000000010001001001010100001000000000101000100000000000000000100000000001000000000001000010000010000001000100010000000010000010110000
01101001000
01000110001101000000111010011
00100011101101001101110010110100
0000000011001010010000000000001010011010010
1000100111100000010010110110111100010010000011100
011000010000
1001010
0
101101001100
0000000010010000001000100011001010111000110001000010000010000
11001001100
1111111001010011110100101
11110111111110000
10110000000010100011101010011001100010100110010
1110111101001110010011
01011011100010
0011000000010001110101101111100101000001
100111011001100100001100100110100
10
1110101001101101111100010010000100110000
00100111110000110011100000000000011101110010000010110100110001001000
1100011011110100000010011111001011111000001110010101110011111
111
110111111110110111101
010010000100000001000011000100000010100100000001000011110000110010000100110001000100100000001111010110
000011001001101001110100001101001100100101001100010000010000
0010000111011010101000000
110110111000000000010101111100000001000000010001100110010001011000000100000101111000
0111011000000101000111010101100010001010110000101001100011101000001001111111101110
10000001110110000100010101
11111111110011
0111111111101111110100100001001000
01011100100000110000000101
0001110100100100000000000110100100000110000010000000010001110000000100100011001000001000000101001110000000
00001000011000000000100101
0000010000000000000100000100000000000000010100000000000000
00001000101100101011110000000000010100010001100
00101111100100100
0010011000100000010000000011
0001000111010110000001000000100010010101111001101
1100
1111011011100101001100
011
10
10111
000100000110000010100010100010101101001000100010010010010111
00100011101010000001110111111110110001000010001110
011101001001001001000000
01100000000000100010000100100110000000010000010000000000000011000010010001110001000101100100110000100011011001000010
1000
11
00011
00110100010100110100000100010101010100010101010110000100100100010000010101011000100000010010100011000000000001100000100000001110100010100011101100100011100000010010100001010011
0011100011111110001110100010010000110
0110010111001101
0000000001100100000100010010000100010000011001000100100000100010110110100100000001110011001000000001000101111
00000110010100010001010000011100100010000110001110000000100011011
111111
01110010010111110100011101
1110000000110000001000001100010011000100001000000000010010101000000010001000001010000000100100010000100000100000101100000100001000100100100110010100011010
11110011011011101
1
011001110
11
1101
10001001000011101111101111001101110100000111111110100111111010111111000010000110
110010100000010
1001110100010100010000
1000011000010000110001110001100111001111001010000110
0100110011100001011100010100010
0111111011111110
00100101000100
100101000100110110000000101001110001000100001001001000
10100000001011000101000101111110010001000001001000100
1001
0100100001011110000111001000000000
100100011010000000000001000010000110011100000000000100001000110000001010010000000100010
1000110000001000001000100100111010110001000110000011001001110100000
0111000000000001
