01
0001
1
0001
01
0
1000
001
01
1
01
00001
00101
01
00
01
10
0
1
1
01
101
11
01
01
0001
10
001
0
1
0001100
1
1
1
0001
11
0
1
00
001
10000
01
1
1
11000
1
0001
1000
1
0001
1000
1
01
001
1
10
0001
1
0
01
001
101
01
1
1
1
00011
1
1
10
001
1
11
0100000
01
1
001
1
1
1
0011
01
110
0001
001
1
00011
01
010
0
1
1
0001
1
0
00001001
11000
0001
1
001
0
1
0001
1100
01
1
01
1
100
1
1
010
11000
01
11
0010
01
0
1
11
1
10
01
001001
10
0001
01
110
1
001
01
0001
0001
1000
01
01
01
0011
01
110
0100
1
1
01
1
1
10
1
01
1
01
1
1
10
1
1
01
1
1
10
1
0
1
1
0001
0001
1
1
0000001
10000001
1
100
0
1
01
1000
01
0
00
10
1
1
01
001
001
01
1
1
10000001
1
1
1
1
1000
0001
1
100
00100000
1
1
1
1
1
01
1
0001
0001
1
0101
0001
10
001
01
10000
1
1
01
0
1
01
0011
0100
001
0001
10
1
001
0001
10
0
01
0001
1
1
01
00010
1
10
0
01
0011
1
1
1
001
1010000
01
0
01
1
0001
0100
1
1
1
1
1
1
0001
0001
01
0
10
0
01
