11
111
11
11
11
101
11
111
11
001001
11
011
11
11
111111
1
11
1111
111
11
11
11
11
11
11
1
1100
11
11
111
110000
000001
010100
11
1
1
01
11
11
111
111
11
1111
11
0001001
0011000
11
1
11
11
11
11111
11
0
11
11
11
1111
11011
11111
11
1
11
11
11
101
11
11101
1
1
101000
011
11
11
11
1
11
1100
11
1001
0101
11
111
0011
11
111
1101
1
11
0100001100000
11
11
11011
11
111
1001010
11
11
11
110011110100011
00101
111
11
111
1
1
11
11
11
11
11
001100
1111
011
1111
11
11
1111111
11
11
1
0100001
11
11
11
1001010
11
111111
1111
11
101
11
11
0110000001000
11
11
111
11
11
1100000
111111
11
11
0001001
11
110
11
11
11
00011
1
1
111111
111
101
1
101
111
000011
01100
11
11
0001001
010010
111
1111
11
110
101
11
11
1
11
11
11
1
11
11
11
110
111
11011101
11
11
11
1111
11
11
11
11
1
11
11
1
11
110
1
11
11
11
10010
11
111111
011
11
11
000001
1
1
11
1111
11
11
11101
11
1
11
101
11
101
11
111000010110110
11
11
11
11
11
11
11
1111111
11
111
11
11
1111
11111
101
101
11
11
1
0100010
1111
11111
11
101
111
11
10110
000110011
111
11
11
11
11
111
1000010
11
111
1
0101
11
000011
1
11
11
011
11
0111
11
11
11
1
11
11111
1001
1111
11
11
11
01011
01
111
10100000
11
11
11
11
11111
001001
11
101
1
11
11
11
11
111
11
11
111
111
11
11
010001
11
11
11110
1100
11
011
11
11
10010000
11
11
11
1001
11
101
10
11
1111
11
11
11
111
11
11
010100000
011
11
11
001
11
11
1001
11
11
1
011
1111
11
11
11
11
11
11011
11
11
0010001
011
011
111
1111
11
11
11
1111
11
11
1
11
11
000000
011111111111
11
11
1
111
111
1
1111
11
11
11
11
11
11111
11
10010000
011
1
011
11
11
111
11
11
100001
1111
1
11
11
11
0100010
11
11
11
1
11
1
11
11
111
1011
110
11
01
011
11
110
1
11
11
0011
1010
111
11
111
11
11
11
111
11
101
11
11
1
1001
11
11
11
11
0001001
11
1
11
11
11
11
1010000
11
11
111
1111
11
11
1001
1
111
11
11
1
1
11
1
1
11
11
11
11
11
11
1
11
11
001000
1101
11
1111
11
1
11
111
01
11
11
11
1111
11111
010001
1111
0111
11
1111
11
11
11
01
11
1
11
11
11
1
11
1010000
0011000
11
11
11
111
11
11
1111
11
11
111
111
11
11
110000010
1
1
11
11
11
11
1
1
11
111
011
1
011
11
111
1111
1
11
1111
11
11
11
11
11
11
11
000001
11
11
11
11
111
11
11
1000001
101
11
11
11
11
1
111
11
11
11
11
011111
11
011
11
1
0011
11
1
1
11
111
00011
1
1111
1
11101
111
11
011
11
11
11
11
1
1
1
11
1111
1
11
001001
101
11
1
11
11
101110
111
11
11
11
11
11
11
111
11
1
11
11
