1
1
1
1
01
1
1
1
1
11
1
1
1
011
1
01
1
11000000000000000
100000
1
010000
0110000000000
1
000
1100000
0000000
0
1
1
1
1
11
1
1000
01
100001
1
1
0000000000000
01
1
1
11
1
00000000
10
1
0
1
10000
1
00001
110
0000011
1
11000
1
001000
000001
001101
1
1
1
1
1
01
0001
100001000000
1
00000000000000
1
1
00000000
10010000
000000
1
100000
01
1
1
1
01
1
11
00011
1
1
1
1
01
100000
01
1
1
1
1
1
1
1
000011
000001
1
1
000011
10
0000
1
0100000
00000000
00000
1
1
1
1
000001
01000
000000
1
000001
000
11
100
011
0001
100000000
1
1
100000
001
11
100
1
1
000001
00
010000
1
1
01
100000
000000000000000000000
10
0000
1
01
11000
001
1
1
1
0000000000000
10
1
000000
1
100
1
1
1
00
10
1
1
1
100
1
001
00
01
1100000
010000
01
11
001
0000100000
001010000
000001
1000000
1
1100000
1
000011
1
00101
01
1
11100001
0000000000000000000000
0011
00000
1
000000001
1
01
1
1
11
1
000001
1
1
1
1
00
00
1
000000
1
1
1
1
01
1
10
11
0011
1
1
1
1
1000
00
1
1
1
01
100000
1
100001
10
1
1
00011
0000000000
0000001
