01
001
01
1
100000
01
01
1
10
1
0001
10000000
0001
10
000001
100000
11
01
0100000
1
0001
01
01
01
01000000
0001
0011
1000010
000001
10
11
01
0001
010000
0001
1000
1
000001
10
001
01
01
0001
0000001
01000000
100100000
11
1000000
01
1000000
101
1
11
100
001
01
01
00001
001000
001
1
01
100
01
000001
100010
000001
1
1101000000000
01
100000
11000000000000000
00011
00111
10000000000
001
01
000011
10000
01000010000
100000
11
00001
01
00001
001
0111
11000000
1
01
1000000000
00
001
10
11
100000
000100000
001
0000000100
010
1
010010000000
1
10
01000000
01
0001
1000
0011
100000
1
0
0001
10011
1000010
000000001
1100000000
110010000000
01
100000
1
10100000000000100
01
1
100000000
1001
100000001
0001
001
00100
1
1001000
0001000010000000
010
0000001
10100
0001
00100
1
01
100000
110
0001
0011
01
111
1
0100
0000001
1000000
100
1000
001
01
11
1
0001
0010
101
001
1
1
000001
000010000000000
0000001
0010000000
001001
0110000
10001010
01
001
1
10000000
000001
01
01
01011000000000
100000
11
1
1
1010100
0101000
001
11
011
101000
01
10000000
10000
01100000
100000000001
0100000000000001
100000
1
01000000
001
100000
1
101
001000000
1
1000100010000000000
00110000
110
000001
100
0001
001
110
10000000
0001
01
10000
01
000000001
0110100000000000
01
001000
0100
1000000000
001
01
010000
11
000001
00100000000
10010
0001
0001000
01
01
100000010010
01000000000
001000
1
10001
01
0100000
1
10000000000
01010000
1
000001
1100000000
001000
0000001
010000
01
000001
110000000
1
0000001
01000000000
10000000
0001000
01
1000000
11
01
01
11
000001
001000
1
