1
0001
1000000000
010000
1
00001
1
0001
1
1000
1
001
00001
001
00000000000000000000000000000000000000
1
1
10010000010
100000
00001
10000
0001
0100
01
1
010000000000
0100000
0001
10000001
00000001
1
0100
00001
0001
1
10000000000
0000001000
1
10000001
000000
1
001
001
010000
00001
0001
100000
1
1
01
1
001
1
100
1
001
0001
1
11
10000
1
0001
001
10000
1
1
1
10000
001
1
010000
010000000000000000000
1
1
1
1
000001
0001
1
1
1
00000001
1
10100
1
00011
1
0001
10000
00001
1
1
01
0100
00001
0001
0100000
1
1
0001
0001
1
001
000000001
10000
1
00001
1
0001
100
1
11
001
1
00100000
1
1000000000
1
0001
1000
010
0001
000001
1
10000000
1
00100
0100
0001
1
01
0001
1000
1
000001
1
01000
0001
001
001
1
11
1
1
1
000001
100000010
00001
00001
1
1
000001
0001
0100
0001
1
1
000
0100
0000000
000001
000
0001
1
0001
1000
10000
001
1
0001
1
1000
10010000001
1
0001
00001
1
010
10
0001
001
001000
01
1
1
0001
1
0001
1
1
1
001
1
0001
1
1
1
001
001
000001
1000
1
10001
0001
1
1
00001
00001
1
0000
1
00001
1
00100
00001
0
1
1
1000
1
10000
0001
0001
0
1000000
11
1
0001
1
100
0001
00001
1
10000
1
001
001
001
1000
1
1
01
1
1
000
1000
001
0001
1000
1
1
000000
1
00001
100000
001
10000
1
1
1
1
000010000
00001
0100000
000001
010000
11
001
1000000000
0001
1
1000
1
1
01
01100100000
1
00010000
1000
110000000
000000001
1
1
01000000
0001
1
100000000
00000001
1
10000
11
1
0000001
1000
0000001
00100
000011
1
1
1
1
1
1
1000000000
1000
100
00
00001
1
01001
11
1
001
1
001
1
1
0100000
1
0001
1
00001
100
0001
10000
0100
1
000000001
1
1
1
0
0000001
1000000000
0000
10000
1
1
1
001
000010000
01
0000100000
001
100000000
1000000
0001
0001
1
1
1000
01
00001
1
0000000
1
00001
10000
01
0001
1
000
1
1
001
0001
1
0001
1
11
10000
1
0001
00001
1
0001
0001
100000
00001
0001
001
010000
1
000001
1
00100
0001
1
1
1
001
1
10000000
0001
100000
001
100011
100000
1
01010000000
1
1
1
1000
0010
000
1
1
01
1
0001
1
000001
00000110000
1
1
00000001
001
1000
0000001
1
010000000
0001
0100000000
0
1
1
001
00100
01
001
001
00001
1
000001
0001
1
1
1
1000
0001
1
1
0001
1
1000
1
0000001
010000
000000000001
10
000
0000001
100
1
000
001
1
1
0100000
1
0000
0010000
00001
0000
1
1000
0001
00001
1
1
10
0001
000
001
0100
0001
1
0001
1
100
100
001
00001
1000000
00001
1
1
100
100
000010000
001
010000000000
1000
00001
0001
0100000
1000
0100
1000
1
001
1
10000000000000
0001
1
1
