1111111111111111111
111
1000001000110000000000000010
111
00000000100001100000000000000000000
111
0000111
01000010000010000000
01001000000010000000
100011000000
000100001000010000000000
010100100000000
1011
111
0111
0100000001000100000000
101010
111000
1011
011000100
111
10000010000100000
11110101
111
1111110000000
0110100000
111
111
1000000
11100000000000
111
01101000000
0111
01000100000000000001
111
111
000000000
101010
1100000010
00000100001000100000
111
00010011
1101000
0001110
111
01000010000001000000
111
1000010001
00010011000000
110000100000000
111
111
111
111
0111
0111
111
111
111111
01000001010000000
1110000
0000001110000000
11001000000000
1011
111
00111
1111011000
11100
1011
0111000000
111
111
100000000001010
111111
00001011
11100
111
111
11000100000
1110
011100000000000000
111
111
111
111
10011
11100
0000011000001
111000
01000001000100000000
111
1110000
10000000100011100100000
010000000010110000001
100000011
111
111
010000011
1101000000
111
11010000
0111
000100001000001000
111
000001000010000010000
10000010000100000000
0111000000
111
10100010000000
11000100000
111
