01
1
01
00001
10
001
11
10000
1100
1
1
1
1
00001110000000000000000000000000000000000
0101000000000
10010000000
00100000000000000000000000
1000000000000000
1
10010
0000100000
1
000000000000010001000000000000000
11
00000
1
0001000000
100000
01000000000
1
01
1000000
01
0001
0000100000
000001
10000
00011
10000
101000000
100000000000000
01
100000
1
010100000
1000000000
000000
00001
01
0001000
000001
10000000001
1
0000000000000000001000000000000
010000000000
00000000000000000000000000000000
01000000
10000000000000
0001
100000000
0001
0001
1
010
0010001
01
0000000000000
0000000000000100000000000000000010000000000000000
1100000000000
01
000000000000
1000000000000000000000
10000
11
000001
101
100
1
0
11
00000000000000000000000000000000000000000000000000000000000
100000001000000100000000
100000
100000
0011
000000000000000000
1
01000000000010
000001
1
1
000001000000000000
1
11
1
01
01
111
1
010000000000000000
0100000
001
011
00000000000
10000
001
000001
001100000000000000
00001
0000000
1
1
00001
11
000
1000000000
001
1
1
001000100
0000000001000000010000000000000000000000000
1
1
010000000100
00000000000
010000000000
00000000100000000000000000000000000000000000
1
1
1
0001010
11
110
11
000000000000000000000000000
01000000000
0100
000000000000000000000000000000100000000000
100000
00000010000000000000100
0010000000000000000000000000000000010000
1000100000
0000000
000000
1
0001100000
10001000
000011
1
1
110000
1000000000000
01010000000000
0000
001
001000
10000000000001
1
0001
1
0000001
1000000
00000000010000000000000
01
0000000000000
101000010000000000
00000000000010000000000000000000
10000
011
1000000000
1
1
00001
1000000000
1000
0000001
1
1101
0001000
1
100
1
1000100000000
1
1
1
1
1
010001000000
0001
1
1
11
1
11
0000000000000000000010100000000000000000000000000000
00000000
0100000
01
0000100100
100000
0000
010000000000
00100
0000001
1
1000
01
001
00010000
10000010000
10000000000000
00000000000000000000000000
01000010000000
010000000100
00000010
100000100
00011
000000000010000000000
1
00000000000
0001
100000
1
0101000100000000
0000000000000000
11
1
000000
11010
1
000000001
010000
001
1000000
000001
10000
00000000001
1
11101
00000000000001
1
1
000001
1
01
000000010000000
00000000000000000000000000000000
1000000
11000000000000000000000
100000
0000000100010000000
00000
11
101
000001
1
1
1
001
1100010000
100000
100000000
0000
00001
01010
1
00001
0100000
0001
10000000
101
100
00001
000001
1
0010000
1
1
0001000
1
0000000000000000000010
100
1001000000010000
0000000000100000000000
00000011
1
00100
01000000000000
100000000
1
10
000000001
1
100000000
1
11100000
11
0100000000
0
1
100000000000000000
1000000
11000010
10000
000000001000000000
000
00000
000000
000100000000
001
11
000
00001100000000000
1
11
1
0000000001
101000000
1
01
1000000
1
1
0100000
1
01
1
01
0000000
110000000000
00001
0000001000000000000
000000000100000000000000
010000
1
1111
000000000000000000000001000000000000000000000000000100
00000000000000000000001000000000000000000000000000
010000000000
01
10
000001
1
11
000000001
000000000000000
00
1
1
000010
001
1000
11
01
1
011000000
1
11
1
0100
0000000000000100000001
10
00001
0000
0000010000000000000001000010
11
0100
1
010000000000000000000000000
1
00001
1
010000
1
000000000000000010000000000000000000000
0001
1
101000000
100000000000010000000
0000
0010
00000010000100000000000000000
001000000000001000000000000000000
10000010000000000
100
101
110
1
0000010
10000
11
1
1
0101
10010
000010000000
1
000000000000000
0000001
00000000001000000
000000000000000000000000000000000000000000000000000000
000000000
0
0001
1
1000000
1
000010000001000
01000000000000
0000001
1001
110
000001
1
000
1
00001000000
01
11
1
100000000010000000
10
1
00000010000000
10000000000
1
000000000000000000000000
0000001000000000000000000000000000000000000000000000000000000000000
110000
1000000000001000000000000000
1000
000000001
1
1
10000
11
01
1
00000000110000010000000000000000000000
1000000000000
10100000
000000001000100
00001
100000
01000000000000
00100000000000000000000
11000000000
10000000000000000000000
1000000
00001
00000001000000000000000
100
00000000000000000001
00000000
11
00000000010000100000000000
11
10000
000000000001000000000000000000
00000000000000000000000
0001
01
10000
0000000
10000000
01
10
00001
000000000
00000000000000000
01
1
1
1
0010000000
1
000000001
11
1
010001000000000
10000
1
1
1
001
1000000
1
1
0010000100
0100000000000001000000
00000001000100000000000
000000000000000000010000000000000000000000000000000000000000000000000000000
000001000000
0001
00000000
001000000000000
11
01
00100
10
1
0111
01
01
0000000
1
00000000000000000010
000000000000000000100000000000000000000000000
0000000000000
1
001010
101
10
11
1
01
000
011
11010000
0100000000000
1
01
10000
1
000000000
1
0011
1
1001000
00000000000000001000000000000000000000000
1
1
0011
001000
100000000000000000001
10000010
11
10
1
10
0001
00000000000000000010000000000000000000000
0011
00100000
1
000000000001000
0001
100000
100000000000000000
0000001000000000000
1
1
000000000000000000000000000000000000000000000000000000000000000000
1
000000010
00100000000
1
000011
1
11
1000000
0000001
00000000000
10000
1
000000001
1000010
111
1
000000000110001000000000
1
11
11
0101000
1
0
000001
10000
000100000000000
00000000000
0000000000000000000000000000000
01
000
100
00000001000100000000000
100000000
1
01
010000000000
1
01
00000001000000000001
10000000000
001
11
0000100000000000
1
1000000000000
0000
0000101000
1
100
01
100000010000
100000
11
1
01
00000001
0100
000000000000000000
1
1000000000000
0100000000000
1
100000000000000
01
10000001000000
1000000
00000011000000000000
1
000
1
00010010
1
