01000100000000
1000
01
001
100000
01
000000000
0001
0000001000000000000
1
1010000
1
1
0001
1
10
0100000000000
0000001
0100000
0001
000001
1000001
01000000100000
0100000
01
0000
0001
01000
0
00001
1
110000000
11
00010000000
0001
0001
000010001
1
001000
10001000000
001
0001
100000
000
01
001
100000
0001
0001
0100001
1
100000
001
00001000000000
001
0100
1001
001
0000101
01000000
0001
1000
100000
001
001000001
1
000001
0100
0001
0001
01
10
1000
1
00001
10000000000
0001
1
1
010
000001
00001
000001
0001
0001
0100000
00011
1
000
1
000000001
00100010
0001
0100
01
000001
00100
0001
1
10000
10000000
01
10000
0100
0001
101000
0000001
1
0011000
1000010000000000
001
100
00000001
1000000
001
01
01
010010
0001
00000100000000
1
0
1000
0001
00001
1
0001
00000010000000001
1
010000
001
100000001
0001
1000
0100
01
1000000010000000000
1
100000
000000001
010
011
01
1
01001
000000
1
100000010000
000001
1000
1000001
0001
11000
0001
1000
10
000001
1
1
001
10000
000001
1
10
01
00011
100010000
011
0001
010000
100000001
0001
1000
1
001
0000000
0000
0001
10000
001
000
110000010000
0001
01000
1
00000001
10000
00001
0
10000000
001
001
1
1000
011
000001
0001
001000
1
010000
0001001
100000
1
0001
100000
01
1
00001
100
0000100001
1000
01
00001
001
1000
01
001
000
01000
00000001
1000
01
1000
0000100000
1
1000
000000001
10000
0001
0001000
1010000
1
1
1
01000000
1
00
0001
1
0001
00000001
000
00100001
1
1000
0000010001
10000
1
1
0010
01000
0000011
1000000000
0000001
1000
00001
1
01
00111
0001
1
10001000000000000
001
100
00010000
01000001
00
1
1
1000
10001000
100
1
00001
01
1000000
000001
00100001000
000
1000000
0001
0100000
0001
100000000000000
010010
001
01000000
0000
0
00100000
001
11
01
1
00
1000
0001
1
1
1
0000010
100000001000000
01
00001
0001
1
1
0001
10000000000000
01
1001000
0001
010
1
01
1
000
0011000
1000
10000000000
1000000000
0001
0100000
1000
001
00101
1000
1000100
100
001
01
001
10000
000010001
1000
01000001000
0000001
11
10000
1
0000001
10000
0001
00001
1000
0001
0011000
01
0001
1
001
100
001
10000100000000
01
001
1000
0000001
10
0001
0001
001000
00001
