1010001
1
1000
1000
1
0001
001
10000
10001
1000
10
00010001
11
1
11
1001
01
1
0100010000
1
1000
0011100011
0001
1
10
11
0001
1000
00100000
0001
001
10001001
01
100000
000
1
100001
1
11
11001
1001
1
0100
1
01
001
1
000100
101
001
001
010000
0000
000001
1
001
01
01
001
1000011
1
1
0001
11000
0001
11
01
010
100001
11
010011
1
010001
1
01000000
1
001
010000010
00010011
1000000
0001
010
0000001
11
00010000000
1001
100100000001
0001
11
01
01
1
1
1010000
11
00001
00110
0110
0001000001
1000000
0001
1000
100
111
0001
011000001111
110
0100
111
1
11
1
11
00001
1
11100
0001
0001
1000
0001
0001
10001000
1
01
1
001
1000
000
1
0001
111
1
1
10000
100000
100000000
001
1
10
001
0001
1
10
11
11
1
1
1
001
10000001
1001
00
1
010000
01
00001
10000
0001
00001
10000
100000001
11
1
00001
01
001
1000
1
00
0001
101010
1
001
100000
1000
00001
0001
1000
001
0001
001
11
001
1
0001
1
1000
0001
0001
001100000111
1
0001
1011
0
1
10011
001000
1101
11
1
1001
100
1
01
010001
1
101
101
0001
00001
0
110000
1
00001
0100010001
01
1010010
1
00001
1000
001
0000001010111000010000
10101
0100
000001
100000011
1
01
0100000
0001
0001
1100
1000010001
000
1
000
1
0001
11
1
1001
1
0001
0100000
01
11
1000
11
001
00001
110010
000001
1000
10001
101
1
01
0001000010000
0001
000
000001
1
1
01
1
0100
10000011
11
1
10
1
10001
1
1
001
1
01000
0001
011
11
1000
1001
1100
100
0001
10000
01
11100
1
0000001
0100100
000011
00001001
10001
011000
1
1
10001
001
1
01
1
1
0001
0001
100
0001
1
01
0001
100
00001
11
10010
00001
1
10011
1
010000001
11
1000
1
0001
0001
11
001
1
01
001000000000
0001
1
0100101
1
001
1
1
001
1
100
1
1
1
0001
110000000
0011
11
00100000
0011
1
1
1
100010000
001
1000
001
10001
0001
1
001
0001
01
11
10000
1
1
000001
010010
11
001
1
1
11000
11
0001
0100
1000010000
010
1001
1001
0100000011
0001
1
0110
100001
1
010
111
00001
1
1
10010
1
100001
1
1
1
1
0001
1
100
1
1
1
000000
1
11
0000001
1
1
1
01
10001
001
0100
0001
1
1000
001
1
1000000000
0100000
10
1
01
001
1
1001
1
11
0001
11
10000
1001
01
0001
1000
1100
01000
10
101
101
1
1000
0000000000000
010100
0001
0001
100
001
1000
10
1000
110001
1
100100010
101
11
010001000000
01
1
1000
0001
0110000
000
001
1
001
01
0000101000
001
11
0001
1
00000001
1
001
11
1
0001
001
