111111
10001010
011110000000001
010000001
0011111001
0011010
1
100001
1
0101010
0000001
111001100101000000000101
11
1
0100000001000100001
11111101000
11
1111111
11
1010000
00001000000100110101010011000000000
00011000100000000001100001100000
1010
000011011000100100
11000011
0001
10000010000010011
10010
0000100001
111
00101
000100111110000011111100011
01
10010010010000
0001010000000101000011
01
1000000000001111000
1
1
110000000000010
1100010000000100000000
10000010000110
1
1000110111
100010010010000
1
00011
1
1
100100
00100
0001101100001001000011
11
11001111
010
11
0100010001000
000011111000001011
111110001
010000001
100101100000000
100100100
0100100000
01
11
01
0
0001110000100
00110010011100
01001111110
10000001
010010000
1
0100000001110100000010000100000010000000001001000100
011000000111000110001000
11
0
11000001001000
0001110000000
100000000001
1
1
1111101001000000
0100
011
1110011010010
01
0111000110011010
001
11000000
000000000001001010000000100000010011
01100011000100011
1
000100000000100010010000001000100010100010
010000010001100010011010100000110
1111000001100
001
00000000110110000000011
100001000
110
11
1
11000001000
11
000100000001
1101
011
00100010001000101100010000000010000000100000000100001010
001000
0110111
001000
1
00000
1110000
1010001111
100000
1010
1
100000010000001110100000100001001000011000000000011000000100100100000
11100111100100000000
100010001000001100010
1
100010010010000100001000010
100010011
1
01
11
010101000001010
111000
1
001000001001010000110000100101010000000100010000
11000000000
101000
1
0001
11100
0010011000000001
00000000100000000
1010010100100010
0111110100000
011
1110000000100110000111000010011011011
1
0
1111000100000000
11101100001010001111001110110110000010000
0100
11
1100100010001110010000011010001000
11000110000010000110110000010000000001010010
0001000000010111101000000000111101
0100001000000
000
01000010010001000010011000100010001001001100000001000000000000000100010000110
1
0110100100
1
1100010000010100001110
111111
010111010000100000
01000100101110010011001011110111
101001100111111000100
101
11001
1
1000000000000000100001011000000000000000001110010
110010000001011110010011000001000000001
1
100001
11
001010011001100100010
1000110
01000010110001000001001000001100100000
10001000000100010001000011011
1011001000011100010
101111011100111111110000011100001110001
100100001010001000001000010101000100
010
01
11111001
011111001
1
100100000
011111000111000
11
000010001000100
01
011100011000000
0001
01001100000111
0111011
1100000100
000010
1100100000000
1111100110000000000
1
1100101
1111
1010
0000100000111
110
0001000001010110000001000000
11100010000
100000001101
11
1111
000001001
01111
0000001
01011100001111010
01
01000011000000100010001
11111001
10000010000100010010101100
01010000011
000
1100100100000
1000010100000000100011100100000000000000000100010
1
011000011011
111
11
1111
11001
001
111001001000
11
0000
000001001100100000
1001000001000
000001000100000100010000001001010110010000000
1
010011000
1
1010010
101
1
1
111
10111
0100000100100100101000
11000001001001011
10001101000
1
111111
010000010001001100000000011000010000
1
10
1000001010000110
1100000011100001011
01
011000
1
111000000
00010010000010
110111111
11
10010100
100111
010010000000
10000010000001000101
100010001100000010000100
01
1011
01010000
0000000000011001000100100100
01000100000001
1
01000010001000000
10
00100010101000110
111000010001000100
00
11
110
11
100000
1000110001100010000
0000000101101000100011000000
110100
11110110
00001000000010010000001000010001001000010000001000100010010001100010010110
0110100000
111100100000000
111110001010100001
01100001010010000010001000
01101101001000010000110010
0100100000001111
11
10000010010000000100011
0001001000100100001000110001000101
0100100110000000
0000100101001000001100
10010001
0001000100001100111010001000000000
11111111
10
1111
100001
000101100010010011001000000
000101
010100
110111101
1111100000000001000010
11
1011000110001000
000100000001001001000001000010000100
100010000001000100001100100000
0100000
10000000001
10000001
0111001100010011000
1000
1
1110001111011101100
11
00010001
1
11111
01000001
1
1
111
00
01001000100010001
10000010011000
0100010010011110000010110111010110000
01110000000001
010000000010000
001
0010000000010010000000101000111
011110101111
1
1000000011000000000000000010
0111100000111010
001
01110000110
0111111
01100000101101101
110100000
001100
10010
11
000100001
11011100
1111100100101010000000001001000100110001100000100101000
111100101000100
001
0001000
11
11000000000010000001111
0010100010010001001000
1
001100001001001001100100001010000010000100
1111
110000010001000001101101
0011010110100
000000010110111
11011110100000001
011
0100110000001011000010
1100000
1
1
00000110001000001000
1
101
0101111110010100100111011000010001000110100100000
0010001000100000100000
011
100000000001001
110
101110000101
0100010011100000000
0011
10100000
0000100110001000110000001000100
000001101001000
010000100001001000100001000010100000001000010
0100000010100010000000010000100000011100
01
0000101100000010000000001000100
1000100101010010000000
10001001101001011101001000
0011010011110000110001001000000010000000000
11
100001111
111111
100011
100
1
01000111111
1
1
01000110101011110
110111001
0011111000110000000010
11
111101
1
111
011
010001001000011001
110010000001010111000100000101
10001000000
01100010001001000010000000111
0000000101100110011000000011
01110000000001
11000000011000101100
10101000
001111
01011000000000000000110110001001100100000010
1110000001001000001000001000100000
111000110
0011111
100011
1
100001000001011010001101
010100
11111
1
1
0
1100010011000001100100000011010001010010
1
01001010100
100001000
101
1001110
1
1000
11
1
00
01
1
111
110010110
10110111
1
100
0001
01
1
00000010000101
1
00010001001
001101011110000100000001110
001
111110
00100000101
10
00000010001001010000100001100010000010001000011001000010
01
010000001000001000101010000100010000000100010
001100000010110011100100000000000
100000000101
000101000110110011110001000
1010000101000010001011000100000001
010100110000001
1111
11
1010001101000000011001000100010
11110000001000001
1101000000111100
001000010100001000000
110001
001110001100100000000000000001100000010001
10000
1
11
00
00000001000001
100010
01000100100000001
110
00010011000111000000111010011000100
111111
111
11
1
011101000010
11
1111110
10110101
011111
0101000100000011000111
001111100
1
111
0000001100010101001000000001000000000100010000010000
0
01
1
0100010011110000
100100010001000
1000100001011101
1
1
111100011
11
111
100100001000
010000001
111
11001011100
0
1111111
100010000011
001000101100100010001000100
1
111
1011000000001001
111111
1
111010101110
01000100111001000
111000100100010010110
111
11111
1
1
1
10000111000000000
11
1100
1010001000100000001
11
01
010000001
0
00001000000010111
0000000001010001101001000001110001001110001000110000000000001000
000100011000010000
1
10010000111000
111000000
00111001000000001
01001110001000100101
111
101000110010101010000010100000
1000000010000010001000101000000000001001000000001000000
010110010
00100001000010110111
01111110000000000
10011
1
11001001000000000000
1000001000000
0000011001101000100000000010010
000100100011001000110000110000
100100100100101000000
0010010010110001000110110
00000
1
010011
000000111010000001001001
1011000000
1
1101000001010001000100000001000010000
111101000000100
0110000
10000000000000000
11
1
1
110011000000100010
111110001
11111
10010000001001
1
1010100001
0
0000010000001
1000
00001
110100
10000
111
11101
100
0010111010000010
0010001
101
101000110010
11
010111
0111100010000000110001
010000001111
111
0010
100100010
000001000100001000100001001001100111000000001
10000110
110011000100011
1
111111
01100100110
101
10
110
1110100000100001
1111
1111
001010000110100100100100001
10001
1000100011
1
0100110
001
10101001000
0100100000001101
1
1101000
011110000000
000101101010
0001000011101000001000100010
00010101101011110111101
110001000100000
0100000110010000101010000000100100001000000000000100000000010001000
110
1100100101011111
1101011010
0000
001100111001010010001000000010111
11
0001111
111111
0000000011000000000010
01001100110111000010010000
01000010000010
00100011000000111111
1000
0000010100010000
0010000000101101000111000010100000
10
1
01111
0110111
1100001
11000001110011
010100000
010
111
1110100011100010101000
11001
01
111100001
10
11000111010000100
11010000011
10100
11011000001100010010000
0110001
01000000001110000
1010000000011011000000110000
11111111
1
100100000
1
0010010010100011010000110000000010101
111101
1
110101
11
1010000001
101000010111100001100001000001000
1110
0001001
10000000011011010
111
1010000100101001111101
00111111
110010001000111000000
001001100010011010010
1000100110
010110001010010110011
000100000100100000010100001000100100011000010001000010000000000100010101100000001001
111111
110001000100010010000000101100000101
10100
1000010000000010101010000011000101010010
11000
0001
0100001000
0011
0111010000
11011000111
1
00010001
1000
0111001110
01011
101
101
111101100
11
01011010
111100111000000100100010
110010000001100000001000
1000100000
100
1
11001101110
10101011
110101
01010010001000100010010010010000000011010001000010
110
1
1
001
10001
000100001000
110100111011
11
1
011001000111
0110010000001110101100
111
101101011110011
01000000000001
11
11010010000
10
00000101110000000010
1
001111
10000000000111
00100001
1
000100101011000000010100010
0000010010000101010010000010010000000100
100100
01
0101110001000
100010011010001000110000001000100000000101100
11
0001001000100010001100000001000010000111110000
1100110011
11
1
0011
1111
1011100011
0001
1000100
11101110011
111
101
0101000011000001100100000000010101010000
0111000011001000000000110010000101000000000000000001
011111100
11
1
100000011
1000
1001
010001000110000000000
110000000111010
111110100110000
11
1010000001000
1
111
0111100010000000000000100100
01000100100100101000
001000110010010001000000001000100010000010
10000100
1000100011000000
1
100
0111111000010
111
1000
1
