001
1
1
1
11
1
0
1
1
1
100
1
1
1
001
0
0011
0
1
1
1
1
0
0
01
1
1
1
1
1
001
1
1
01
1
1
1
1
1
1
001
10000
1
1
1
1
1
1
01
1
11
0
1
1
0
1
1
1
0
1
1
10
0
11
0
11
11
1
1001
1
010
1
1
011
011
01
1
1
100
1
0
1
1
0
1
0
1
1
1
1
1
0
0
1
1
1
0
1
1
1
1
1
1
1
1
0
1
1
1
00
1
1
1
1
0
1001
0
0
1
1
1
0001
001
1
1
0
1
001
1
01
111
1
1
1
1
11
0001010001
1
1
1
0
1
11
0
1
1
1
0
0
1
1
10000
0
01
1
1
1
11
1
1
1
1
1
11
1
1
1
1
1
0
0
0011
1
1
1
1
1
1
11
1
1
0
1
0
01
1
1
101
1
1
1
1
0
001
0
1
10
1
1
11
001
0
1
1
1
0
111
1
1
0
1
1
0
1
01
1
1
1
100
1
1
111
11
1
111
0
1000
1
01
1
1
1
101000
11
1
1
1
1
0
1
0
010
1
100
001
001
00001
1
1
1
1
1
0
1
1
00
0
1
1
100001
11
1
1
0
1
1
1
0
1
1
1
1
1
1
1
1
1
1
0
0
1
01
1
1
1
1
1
1
1
1
0
0
0
1
1
01
1
1
1
0
1
0
1
11
1
1
1
0
1
0
1
001
1
1
1
1
1
1
1
1
1
1
1
0
1
1
0001
001
10
0
0001
