00000001
01
1
1
1
1
1
1
1
1
1
1
0000
1
1
1000
1
1
1
001
1
1
01
1
1
1000
1
1
1
000001
0100000
1
1
1
1
00001
1
1
0001
001
1
1
1
1
10
1
1
00001
1
1
1
1
1
1
1
00001
1
0001
1000
1
1
0000001
100
0001
000
0001
1000
1
1
000001
1
1000
000
1
1
0001
1
1
1
1
1
1
0001
1
1
1
1
1
1
1
1
1
1
1
1
1
1
1
1001
1
1
010
01
1
000000001
1
000001
1
1
000001
10000
1
00011
1
1
1
11
1
01
1
1
1
1
1
1
1
1
1
010
00001
1
1
1
1
1
1
1
1000
1
1
0001
1
1
10
1
1
00001
00001
1
1
100000
1
1
1
1
1
10000
1
1
1
0001
001
0100
1
01
1
1
1
1
1
1
011
1000
1
00001
00001
1
1
1
00001
1
1
001
1
10000
1
1
1
1
1
01000000
1
01
1
1
1
10
1
1
1
0
0001
1
1
1
0001
1000
1
00001
1
0001
10
0001
1
0001
1
1
0100000
1
1
1
0001
000001
