1
10010001
11110
0100100010
10111
1
11101
100111
111100
01100100000000010
000011
01001
10000
000110
100111
1
1
01111
0011101
1
01001000000011
10100100000
010000000
101
1
01111
01011010
001000
0101
01
010100
1
11101
111
010000111
01
1010001010000
10000
1001000001
01
0011
110
1
1
001
01000001
1
0001001010000
00010001
1000010
1111
10010000000
01
1000000001
11
001001
1
1
0001
1010010000
01
010100000010000
1
10011
01
1
11011
1
11101
1
00111000
1000011001
01000110001
0110000010001
1
100
11
0101
0101
01001
00100100
111001
11001
1
11
1
1
0010000101
00001
11000
0001
100010001001
1
10111
10000100100
011010000
00001001
111
1110000000
1
1111
1
111000
111
01111
11111111111
100
01
0001
11
10001000
10
1111
1001110
1
1
011001000
1
1111
1
01
01
10
000110000
11
110010000
11
100111
011101111
00011
1
1
011011
00010001
101
11
1
01010000
1111
1
1
000001
0101101
001001
00001001
1
11
01
1000111
1
10010001001000
1
1
1
1
011
01
010000
010001
10
1
1
1
0100010000000101
01001010001
1
11000
01
1111
1110000
11011
01
1
0100001011
1000
1
01
0
1001000
1111
100111
01
11
10000
10010001001000
111
1
1
110000000
001000101
00010001
1
1
1111
01
1
0001
1
0001
100100
1
1111
1
1
1
01
1010000
0111000
00110011
100010
1
11
0101
100001
11
100111
1
1
01
1
1010001000
10001
11100001
00111001
01
00100
00011
1
1001
11
000000101
1
1
1
1111
1
1
1000100011
001
1
11000000000
01
10010110010000
101011110001
110111
00100011001000
1
11
01
001
001
11101
1000110010
1111111
1111
11110100000010000
000101011000
0001100
01001000
1
0100000
1001000000
01
1
01000010
000001
001
011
00100
1
01
011
11001
00001
001111
0111
10111
111
1
11100
1000010000000010
1
01
0110
0010001
01
010111
01
01
1
0011000010000000
111
01
111101111
1
00001
100101
10000001
1
000100011
01
1
1
1101001
1
11011
001
1
01
1
1
01001010000000000
1010000110000
11
1
00100000010
100
11
1
001
1
00
100111
01
010001000100000101
11
01000100
0001
1
00000011
10
0000100011
1
1111
01000
1011
1000000001
11011
001
0101110
00011
1
11000
01
10000001
01
0100111
1
100001101
01
1
00101101
001
10111
0001
011000
1111
0
1
11000
1
01
00101000100100
100010001010000100000
0001111
01
1
001
1
1
110000100010001000
01000
11
110000
1
110000000000000
1001110
11
1
01
00001
11110
1111
1100000
000010100000100011
011
1110000000
1
10010001001000
01110100000001001
1
1010010000
01001
1
1010010000
1
1011001
01001001001000
1111
001
1
1
1
001001000
1
1000100000010001
0
1111
1
01
001111
10
11000000001
0001
10011010
0
11101
0100010001
11110
00111
1
100
11
0100100010000
00001
11
10010001
1
01001
101
1
010101
011100010
001111
011
100010000
001
1
000011000000011000
1110000010
0110000
1
00000
100111
10111001111
10011010
000011
110000001
1
00011
1
0010000011
100111
1
0
1111
11
010011
011
1
01000100100
1
1
1000000000
10
1000
1
011
11
1
1
110
01
1011100
11
11101
1
11
100
11
1
0101000
00
11
110100100
110000
011
11101
0110010000
011
100000101
010111
1
011
1
11
11
00
001
10000001
1
111001
00010010
01000001
000000000100
100100100
1
1
00001001
10111
100010110
1
1111
1111
001
11101
100
11
11101
000
1110001
00000011
101
0000101
1
1
011
100111
