001
001
1
0001
1000
0
1
1
1
0
0
1
0001
0
1
1
00001
10000001
0001
1
0001
1
10000
1
00001
0001
11
10
1
0001
1
0000000000
0
0001
100
0001
0
0001000
100
0001
1
100000001
0001
1
0
01000000
000001
0000000
1
0000101
1000
1
0001
00
10000
00001
1
00001
1
1
1
001
001
100000
1000000100
0100
0100
000100001
0
1
100
1
1
00000000
1000
1
00011
0001
1000
1
001
1
1
0
0
1
0100
1
001
0001
1000
00001
0001
10000
0001
1000001
01
0001
001000
0100
000001100000
0100
1
1
01
1
1
100000
10001
1
00
1
0000000010
1
0001
10000
1
1
01
0
00001
1
1
000010001
0100001
1
0001
10000000
1
1
1
1
001
001
1
100
001
1
0001
0001
0
0001
01
1
00001
10010
001
00
1
000000000000
001
01
10000
000001
00
1000
1
1
11
0001
01
1000
1
1
001
001000
1
0001
000000
1
010000
1
1
1
01
1
1
1
1
0
1
1
10000
0001
01
1000
1
0001
10000000001
1
0001
1
100
0
1
0001
100000000000
00001
1000
0
10000000
1
100000001
1
00110000
00001
1000000
1
1
0
0001
0001
1000
1
0001
01
00100
0
0000001
001
1000
1
000001
100010
11
001
1
001
1000
000001
000010011001
1
0100
1
0
1
0001
000001
10000
0001
00001
1000
1
001
001
0001
1
1000000000
100000
001
1
1
10010
1
0001
0
010000010
00001
001
10000
000101
0001
0
010
0100
0
1
000011
1
01
001
101000010000
0001
001000
00001
000
00001
10000
0001
001
11
1
1
1
0001
0001
1
010100010
1
0001
1
0
0001
0001
10000010
00001
00000010
1
0001
001000
000000001
1
1
0
00001
000010001
0
1
0001
01
1000000
0
01000000000000000
1
1
0001
1
1
0
001
1
1
001
1
0001
10000
00001001
0
1
1000
0000001
0100000
100000000
1
0001
1
1
0100
1000
0001
010
1
001
01000000
1
1
1
1
01000
11
001
1
1000
000011
00100001
1000
0001
000001
1
0
1
1
1
0
1
000001
1
1000
1
0
1
0
00001
1000
00001
1
1
1
1
1000
000001
1
1
0
1000
0
111
1
1
11
0
1
001001000
1
1
1000000
01
0
010
1
001000
0100
000001
01
1
1
1000
1
001
1000
1
1
010001
0001
1
1
1000
0001
1000
0100
0001
0
10000
0100010000
1
10100
1
00001
1
0
1
101000
001
10001000
0100
0
1
0
10000001
1
00001
00001
0
1000
00
01
0001
0
10000
01
0000001
0
1000
0001
1
0001
11
1
1
00001
01
0
100000000
1
000001
0
10000000
1
001
1
1
10000
00
00
0000001
100000
1
0001
1
01
1
00001
1
1
00
1
10000
1
1
000000001
1000
10001
1
0001
0100
0001
1
0
0
010
100000
00001
0
1
1000
0
100000
0001
1
1
0001
1
0001
1
10000
0
0001
1
0
1
1
10000
0000001
0
1
1000
001
1
11
0001
0
100
1
00001
000000000001000000
1
1
0001
1
100000001
1
0001
1
0001
10
1
