011
01
1101001
01
0
11
0001011
1
1011
1
01
011
110
0
00010001
1100101
110
010000100
11
111000
1000101
01111
0
100001010000
110
1
0100110100
0
1011
0
0101001
1
1
0
1011
00100011
1101
100100010
1
1011
10000101
1
1011
1
1
0110101001000010
0111
00
0001001
0
011
010101
11100
0010101
00111
1
0
001
1
1
1
1
0011011
00010001
0
110001100
11
0001001
1
0111
10000000010000
0111
1
010011
1100001001
1
011
110000001
1
0101
01
11101
1
000010100
0001
1
10
100110000
1
1
0
010
0
1
0
0111
0011001
1
01110
1110101
00010001
00101
110100010010
11
1
01000010000
101100
1
0
01011
001001
1101
1
1
1
10
0
1
1000
001100010
0110100000
01
100110000
10001
0
11010
0110111
001
1000
01101
1
0110000
01101
10101
0
0000011001
001001000
1
0111
1
0
10111
01
01
010
0010001
101
100000
0
1
10010010011
11
1
10000010001000
0
001
0
0
0
0
01101
10011000
0111
011000100
0111
10000001
10
0
01000100
10010
0
1
0
1
11100001
01
00111
1110
0111
1
1
11100
00011
0110000
011
10101
1001000100
0
110000100
10
11
0
1110
01011
0100001000
1
1
0
1011000
00011
1101
10101
110001
1
100111
110001000
01
0111101
0111
00001
1
11
00101
0111
1001010
011011
1
011100
00101001
0
1101
11
1011011
110001
111
001001000
1
1100000000010000
0100000
01111
000010001001011100000
0
11000001
0111
1
110000100
11
110100110100000
10101
110
1
01011
1
10001100
11000000000001000
00000000000001001
1
0000101
0
1
10000100000
01101
00001
1
0
10001000000100
0
1
11010
11
00111
110
0
010010101
11
10001001001
00
0
1
001
001
1
10101
0111
0011
110
00100010
1011
111
0
0101
011
0
01101
10101
0
1001001000
1001001000010001000
1101
011000010000
0
1
10110
111000
0
1
11
011
0
101
1
1
1
011
1
1
1
1
10
0100010111
1
0
0111
1
1
11
0
01101000
01101
11100
011
011
011
11101000100
10110000
00101001
1111000
1
1100000000000000
1010000
0
1
00010001
1
1
0111
1001000010001
100000010001
01000010
01101
11100
10
00010001
001
0
0
0
01101
10011001
1
100000001
0000
00000100011
1101
1
0
100011110100
1
10100
1000010010
1101
1
000101
1
01
100000001
1
11
1
11001
1
0
001
1000110
01001001
0
0
00011001
11100
011
0
1001001000
10100010000
01010001
1110
100010001
00000000001000001000000011
1000101000
110
00010101
11100000
010000000000001
010011
0
1
10010
011
0
1
1
110
0
1011
011
01
1
100001000
10
1100
0100
1
001101
10
00100010
0
000110001000
0101
10001001
0010101000
000111
110
0
1
11
0
00111
0
1
0
110010000000
1
010101
11
01
1
00010001
1100000100000
01
1
01
01011000100100010100
1111100
00001011
101001
1
001
10
10
000100011
10110
00001
11
1
01011
0011010
1
01
011
00011
0100001
0
11100000
011
11
01
1
01101
10
0111
11011
01
0100000000
0011
101100000010001
0
010110
01000001
1100
0
1010000
1101
010111
10000100
011
11
01
1
11000100
11
00001
100000101
0
0
11100110
100100100100000
100101
1
01111
11
011
1000
1
0101001
0111000
0
0
01
1
1
111001
011
0
00011
10011
1
01111
1001001000
01000001
011
011
00101
01100110000
10001000010
0
001
01
1
1
1
1
010101
1
0111
10100001
001100100010000
1
00
1
1100010010000001000110
1
0110001000
0
011111100
0010010
10010
0000100000010000
1
01110
0
101001
01
10
1101100001010
100000001
1000111
1101
1
010100001
0
1011
1101
1101
10101011
0110100
0
100101
1010001
11
001
1
01101
01
00001100001
011001
10001100010
10100
00010001
1110000
1
00111
1
1101101
011
111011100
000001000100
0111
1000101
1
11100010
11
100001000
1
1000010000
1
1
1
11
1
1000
0111011
00
10
00111
011
0110010
010001
1110
01110111
110
0
1
01010000100000001
0011000100
10110011
1
0111
11
01011101
101111
1101
010000101
100101
1
011
0111
0
01
01110111
11001
1
0
01
0001
1
1
11
1
0010001001
11
110000
00111
10001
110000010000001
1
01
011
101
11
01011
1
11
101000
110100010
1
1
11100111
0
011
0010000
01
1001100010000
10011
1
01001
0
110011100010
011
01000101
01111
001100010
1101
1101
0111
01
0
1100000001
10010000001
0001011
0
1
00011
00011
1010001
1
1
1
1
1
1001100
01110111
0
1000
011
10
0111
10001000110
110010
1
0
00111
100001000
0
101100
1001
1
01
10
110
0110001
1011
1
1
10111
11
100000100100000
01000001
10110
1101
01000100100
1100010
0
1
01010001000
1
1
0
1
1
1
00000100
0
0
0
01
0
11010
101
10
0
