0
101
001
1000010
1000000000000001000
0
00
1
0001
0
00
011
0
1
11
00100001000
000
11
00
11
000
100100000
1000001
0
0
00000000000000000
1
10
00
1
001
1010
01
11
010
00
1
10
00101
1
10100
0
11000
11
00000100000010
1001000
01
100001
010100
0001
0000100001
10
0
0000000100000001
00
0001
00001
1
01000000001
1001
1
11
0
110
01
1001000
000101
10001000
0
00
1
00
01010000
001100000
0001
10010
00
1
01000100000
0
100
10
1
10000
0
0000000
001
1
1
01
01
0
0
011
11
1
1
0
01
00001
00
0100001
1
0
0001010
1
00
01001000000
000001001
1
01000000
1
001
1
1
1
11
11
1
1000
0100000010
0100
0001
100100000
010000000000000000010000
1
011
1
1100000
1
1
100001
11
1
000100100000000
001
0000100001
1100
1
11
10000010000
10
01
00
01
00
10
0
1000001
10
101
01
11
10
1000100
0010000001
0
11
00
110
00
0
01010000
1
0
000011
0100010
00
00100
0010
110000000000
1
010
00
1
1
11
1
1
00
01000001
110000
00
11
01
10001
1
0001
1000100000
011
1
0001
011
1
100
000100000001
1
0
00
1101
0011
1001
1
1
10010
00000011
1000010
0001001000000
10001000000
011
100100000000000
101
01
0001
10
000001000100
1
1
011000000
0
1
1
00
1
0001100000
1
00001
00
11
00001
1001
11
11
101000000
001
110
10
1
00000000000011
11
00
100001000
0100
000001010000000
000100100000
1
011
01
1
1
1
000011
1
11
0100000000001
1
11
1
01
1100000000
1
01
1
1
1
11
000010001
0
1
00010000000
1
1
1000000000001
11
00
1
1
1
00000100100
00001
11000
000
0100000001
00
1
01
01001000100
1
011
11000000000
00
0
1000
0010001000
011
11
00
00
0
010
11000000
00
1
001001
01
010
00
