1
0
1
1
0
1
1
1
1
1
0
0
0
1
0
0
1
0
0
0
0
1
1
1
01
1
0
1
0
1
0001
1
1
1000
1
0
1
1
01
0
1
00001
1
1
1000
1
1
0
0
1
0001
01
0
1
1
0
0
0
1
0001
1
1
0
00
0
1
1
1
0
0
0
1
1
0
0
00001
1
0
0
0
0
0
1
0001
0
1
1
0
0
1
0
0
1
1000
0
1
0
0001
1000
1
0
1
1
1000
1
0
1
0
0001
0
1
1
1
1
1
0
1
1
1
1
0
0
0
0
1
1
1
00
1
00
0
1
1
1
0
1000
1
10
0
0000
1
1
0001
1
1000
1
1
0
1
1
1
1000
1
0
0
0
1000
0001
0
0
0
0
0
1
1
00010001
0
1
1
1
001000
1
1
1
1
0
1
1
1
00
0
0
1
0
0001
0
1
0
0
1
0
0
1
0
1
0
1
1
0
1
0
1
0
1
1
1
0001
0
1
1
1
0
10
0
1
00
00
1
1
