1
01
1
011
100101100
001
1
1
1
100
0111
1
011
110000
00101
1
101
1
1
00001001
01001
01100000
11
1
1
011
11
1
1
011
1
1
011
10000
1
11
1
11
1
110110000
1
1
110
1
1
011
0101000
1
1
1
11
01
001
1
1
001
001
001
000000
1010
1
11
01001
10100
1
1
1
0101
0111
1
1
1
001
1
1
0001
1
1
1001
1
011
0011
0
010010
0001000
100
1
011
011
1000
1
1
011
01
1
11
1
101
1
1
1
0101
1
0100001
1
1
001
100100
110000000000
1
1
1
1
1101000
1
1
101
101
0011
1
01
1
100
10001
1
1
1
1
010011
1
1
1
100
1
1
1
0001
1
1000
011
011
1
1
11
1
11
1
0111
1000
11
01
011
1
1
1
1
010001
00001
1
0011
101
1
1010110
01100
110
011
1
011
1
10
0001
1
011
1
01
1
011
1
1
001
1
1000
1
001
0011
1
1
1
1
1
1
1
0011
10001
1100011100100
1
1
1000001
1
011
0011
1
1
1
1
001
11
1
1
011
1000
1
11111
11
1
011
1
1
001
1
100
0001
10110
1
11
11
0011
1
1
1
1
011
011
1
10000001
0001
01
1
1
1
011
00101
1
10
0111
1
1
011
10010000
1
1
101
1
1
1
1
01
1
10
001
1
1
1
0001
101
1
011
0011
11
111
1
1
1
1
1
01
1
010000100
1
1
10001
1
011
1
1
1
11100
1
1
011
1
111
1
011
1
1
1
1
1
1
1
011
1
1
011
1
1
1
1
1
0001
0000001001
