010000001
100001
11
01000100
11
01001
01001
0110000
1001
00001001
1001
01001
100001
0011
100001
0001001
11
000101
1100
01001
10000
00101
0101
01001
10100
011
001001
11
001001
100010
0101
01010000
0011
011
10100
0011
10000001
101
1000001
11
1
101
11
01001
10001000
110010000101001
010001
100100
11
001001
1100
011
1010
110
1000001
11
011
01010011010000001
01000010
1100
10001
00011
0101
10010
00010001
001001
11
100100
011
001001
00001000000000000000
00000000000010000000000
00101
011
1000000000
011000
011
11000
1101000100100000
1010
01001
10
10010
00101
01000
11
0000001
11000
11
0101
00101
11
110
0001100000
0
0101
0100000
11011
01010110
11
00100001
11
0011
000011
10010
01001
110
011
011
1001
0010001
1001
100000001
1000100
101
101
11
11
001
0011
0110
101
11
0011
101
011
