10001
1
1
0000000000
1
001
1
1
111
11
1
1
1
0001
1
1
1
11
1
00000001
1
1
1000
1001
1
1
01
0
111
0001
01
1
1
011
1000
01
11
1
11
1
11
1
010001
1
0
1
1
1
0
10
1
1
1
0000
1
0001
1
1
0
10100
10000001
0
1
11
1
1
1
1100000
111
11
10
000001
1
1
1
1
0
0
1
1
101
11
1
1
00
11
0
0
1000001000
1
0
010100000
00
1
1
1
1
1
10
1
011
1
11
01
11
1
0001
11
1
1
01
01
001
1
1
0001
100000
0001
11
1
1
00001
110
001001
0001
0010
010
1
0101000
0
11
0
1000
0
11
101
1
0
100010001
01
1
1
01
10000
1
0
1
1
1
11
1
1
0
01
01
1
11
0
1
00000101
0100
11
0
01
011
1
100
1
1
0
101
1
1
0
1
001
1
01
100010
1
1
011000
0001
01000001
0
1
1
00
1
1
1
10
000001
1
1
1
10
11
1
1
1
1
0
1
1
01
1
10000
1
1
1
110
00010010
1
10
001
11
1
0
1000000011
01001000
1
1
00001
1
00100001
1
1
11
00
1
1
01001
0
1010
0001
11
100000
10
1
011
1
11
100000000000
1010
1
1
0
1
0
11
1
10
11
11
1
11
1
1
11
0
1
0
1
10
1
1
1
1
1
1
00001
0
1
1
1
1
1
10000000
00001
10
1
1
11
0
1
1
0
011
1
0011
00
1
1
1
1000
1
1
00001
0
1
1
1
1001000
1
0
0
0001
1
0000000100000100000110
0
0
11
1000
0
1
11
11
00100010000
1
1
000001
1
10
1
10
1
000001
0000100000
0
1
1
1
110
11
1
0011
0
0
0
01
1
01
11
11
0
0
001
0
1
1
1
1
0
1
1
1
01
11
1
0
0
10000100
0001
100
0001
01000010
0
1
1
11
10000001
010
1
1
1
1
01
0100
1
1
1
0
0
0
1
1010
010
0
11
1
10010
101
00001000
00000
1
11
1
000010100000000
1
1
1
1
1
1000
1
00001
1
1000
000100100
001
1
11
1
1
1
1
01000
1
0
1
1
1
0
101
11
1
1
00
1
001
000001
1
1
1
100010
11
1
100000001
1
00
1
10001
1
010
0001
01000000
1
0
1
100011
0
1
1000
1
10000000000000000000000001
01
1
1
1
1
0001
1
00
11
0001
1
1
1
00001
1
11
100001
1
10
1
000001
1
1
1
1
01
0
11
0001
1
1
001001
1
0000010000
1
