1
100000011010000001000
1001011000001
1
01
0100110000100
1
1
11110100
0001000001010100100000
010
1
1
0111011
1
11111000
11
1
1
1101000
11010101
01001001001000001
11
01
110
00000101001000000100000100
1
11
1110110001
0
010010000100001100
011000010001100000
00
1
1111010000000000000000
1
00
00100010100000000001000000001
1
110000000001
1
1
000000001110000000000011
0
011
111110000
100010011000010
1
01
11000
1
1
1
1001000100010001000000
0
1
1
100010000000110000000001
0001
101
1
1
1
011
0
1
1
000011000001100000100
1
010001000010000000
1
1
001
10
0
1
01
1
0
000101110000001
10010000000
00011
01100000000
1
001010
1
0
00000100100100011000
01
1
1
01110
01
1111001
1
10111001
0000101
100111000001
1
1
0
1
100001000000
1
10000
1
1
00000100110000000
0
1011
001
1
1111100000
0111101
10
11
0
1
0
1100000000000000
1
1
1
1
0
1
1010001
111000010001000
1000001000100
011100100000001000000
0001110010000001010000000000100110000
1001111
1
1
0101
00011
1
1
11
1
11
0
10001000001110000
1
1100
0
1
1
1
11
0010111100
1
1
1
000
00
01
1
1
1
1
1
1
1
1
1
0111
10101000011000000
10
01
100010000000100000
110
1
01001000001100010000000
1111100000
100000010000001
1
111110000000000
01
01000101000000
01
011
1
1
1
1
00001
100000
1
0100001000000
1
01
0
01
10
110
1
1
1
011
00100000100001000000001
11
1
111001
1
1
0000011
10000
10000001000000001
0
1
0
0
000000100000100100001001000
1
1
01
0100001
1
10110101
00000
1
00
011
0
0
1
1
1
00
1
1110011
010111000000010
11
1
100001000000
1
1
1
0100010000000
011
1101010010
0011
00100001000001
10
1
0
0000011111
1
1
1
010110011
101
1
0
01
1
01011
1110000100101
1
110
1
1
1
00001111000001
111001111000000000000
1
01000010000010100001
1
1
1
11110010000
01110100101
1
1
1
1
1
101100
101
1
1
1
1
01
1
11001
011
0
1
1111111
001000000110100000010
1
11
100001011
1
1
1
1
1
1
11110001
0
1
1
01000010000000
0
1
11
01000001
11
0
1
1
1
000010010000100000
10000100
1
11110100
1
1
101110
1111100000
1100000000000
11
000111000010001000100000010100000001
111101
01
1
000000100110000000100001000
1
111100100000
0000001000100001000010000010
1
10000
100000000100
00
0
1
1
11
0100001
1
1
110110000100
1
011
0101011100
01000010000000
0
11
111110
111001100000
1
11
11110100001
001000000
1
00000000000
1
1
0100001000110000
1
1
0
011
110000000010
1
000
1010010001100000000000000000
1
1
110000
1
1
1
1
1
00
1
1000010000000
00011
100001100000000100000100000
1
1
0
0
1011
1000000
1001000000000
1
1
10100000
1
0
0001
1101101
1
11
0
111
00000010000001000000
1
1
00001111001
1
11
11000000000000
100100000000000
0
0
0000100100000
110
0
1
0
11110100
00010000110001010
1
1
1
1
0
101
1
111
11
1
1
1
1
00
1
110000110010000
1
100111010000000
1010001110
0101111
1
01000110010100000
1100010101000000
1
11
1110110000
111000
1
1
0
11
1
1
1000001000000
1
0
11
11100000000
1
111010001
00001
1001110001
010000100000000010
1
10
011111
00
00
111101
10000100100
0
1
100
10000110010000001
110010010100000
001000010000000000010001001
11
1
00
1
0110111
11001
00111
1
111110
0010111100
0000100000100010100000
0
1
1
1
1
1
01
111
1011101
11
1
1
1
1
00
10
011
100001111110000001100
01
1
1
0
1
0
1
1000
1
11
1
100001000000
1
1
1
11
000
1
111111111
1
0
1
1
11
1
0
1
1
10
1
1
1
11
0101100000001001
0
10
11000
010010110000001
1
1100
1100010010100000
1
10001101000000100
110
011
1
11
0100011
0
1
1
01
11011001
1001000110001000
011
111100001
011
1
1
000000010100010000000
11000100000
01
1
11110001
110111000
0001011100000001100000000010110000111000
0111010
000
1
1
1
011
1
0
1
011011
1
1
0
0
11
1010
11
01000100011000000000100
1000000
1
11
0010010100000
1
10000010000000
111
1
1
01
0
1
0
1
1
1
1
000
0000
0
1
1
000000
0
11
0
0
0
1
1
1100001000001001
1
100000101000000100000100
1
11
1110
11
011
1
11000000
01000010000001000001000000
10110010000
11110000
1
1101001
0
010000100010000000
11110110111
1
0100001
11110100
0101111000000
1
1
1
1
1
110
01
10000000001
