0000011
1
0
1
10
0
1
11
1
10
1
1
1
1
1
1
1
01
0
1
0001
0
10100
001
0001
0100000000
1
1
0
1
1
1
0
1
1
1
0
1
1
1
1
0
01
0
0
01
0
0000001
0
1
11
1
011
1
1
00010
1
1
1
1
1
010
11
0
1
1
00010000
01
1
1
0
1
11
1
1
0
0
1
1
0
0
1
0
0
1
1
0
1
1
00010000
0
001
0
01
1
1
1
1
10
1
1
11
01
0
0
0
01
1
1
1
1
0
1
1
0001
0
1000
0000001
1
1
1
11
1
10001
0
01
0
1
10001
0
0
1
0
01
0
0
1
1
1
0
0001
100100010000
0
1
10
0
1
1
1
1000
1
0
001
1
0
1
1
0
1
11
1
0
0
10
1
1
1
0
1
1
0
0
1
0
01
0
1
0
1
010
1
0100001
01
000
1000
1
1
11
0
1
001000
1
11
0
0001
1
0001
0
100
0
0000001
0
0
0
1
1
1
1
1
001
1
1
1
1
11
111
0001
00
1
01
1
1
1
0
11
0
0
0
1
1
1
0
0
0
0
11
1
1
011
0
0
0
1
1
010
0
1
0
1
0
0
0
0
10100
11
0001
0
1
10
1
1
1
1
0
