11
01000100011
11
0010001
0001
0100
1
00011
11
10011
1
0111
1
111
1000100000000011
111000
0000100
100000001
0001
10
11
01100000010000001
100000110
11
010001
01000010
1
1010000
0001
0100111
0000001000100000000000
100100
011011
0001000001
1001000000
1
0100010000001001
1
110100100010
1101
1001
110001
1
11000
1
1
1100000101100001000
000101000100
110
1
01000101000
11
1001
01011001000
101000000
100011
01000000
100010000000010001
1000010001
01
1
100010
111
00100011000000000
100000011000001
11
010010000
0100001
010000001
10001
1000
0000001
0001
11
00010001
001010100010100
1000010001
11
001110010000
1
100000001
00110010
110010100
0001
1100010001100
101000
01001
1
10000001
100010000110001
10100000
001
1
11
0100001
001
00011
110
11
1100001
100010000100001
000101
100000001
011
1
10100
0001
1
11
10010000000
01000010
101
01000001
11
1
1011
0001
010000111000110
11
00010001
01
0001010
01
101
00011
111000
01000001
01000
10100001001000001
1100
10001000100000
1100001010100010
0100
00100000
000100101001
1000011000
011000000000100
100100010000
1
1
110000
010000001000
100100000000000000000010
01101000100
1
01
01000010
001
00001001
001101001000
0100000100
1
100010010
11
10001000100
0001
110
100000000000000000011100
1101
00010001
010100000
10001
011000101000
01
1
1100
10000100
1000101
11
01
110
0100
1000
0001
0100000000010
10
1101
10000011000
000100010001
1110010
1000010
1
110000001000
101000
10010000100000
11110
01001
010001000
00011000
1
00010001
10010
001
1
10000001000000
1100000011000
100100010000
1010010
010000001000
100110
011
1
0101000100
1000100011
11
0001100100
01
11
110000001
100010000
1
000000011
11
10001
01
111010
000101
11
1000
11
01001100100
10001
1
001100010
001011111
1101
1001
01
1000100000
1000001
1101010
00001110101110010110001000100
01
010
10
01001101
10001
10100
110110000010
1
100100
1
11
000111
101000
1
101000
10001100000100
11
00110
1
11
111000000010001
101010
1000
1
1011
0100
100
1
10011001011100000
11000001000
10010000
11
0110001
100010
11
001001
00101
1
11
100011
1
1000
10101000
1101
0101
11000100
010000000
00101000
0011
11
100000001
01001000000
00010001
11
1
00100001
011
101
11
0001
1
00011
11
11
0001
101000
01
1
0001
11
1
1001000
111
11
00101
0011
10001
1
0111
10000000000001
010001
11
011
1
00011
11
1
101100
111111010000
011
010001010000
1
01
10
11
100
1
001
01
1
0111000010
0100000110110
011
1110
00010001
1000100
1
100000100100000000
1100010000100010
010100
0001111011
11
000000
00010010
101
11101
0100000001001
0000110110
11
1010001
1000010
11
11
01000000000
11100001
1111
1
10011000001
10100
11
0100001
1
01000011
1000100
11
0001
1000001000000
00100001
10000001
11001001000010001000
100001
01000
01
11
00111110001101
11
110
101000100000011
1100
11
0101001000
1
1
1
000101001000
0001010
11
1
1
1
1000100
000110001
11
0011
01000001
11
011
0001
1
1
000001001000110
01
1
11000
010100001
1
11
111000
000001011100
100010001000010
10001000
1101
1
10000100100
100000010
001
1
01001100010
001001
100010
100100100000
111
01
11
000100010
1
010010
01001001
100000100
1
1000100100000
1
0001
1
111001
11
1
11
101
111
1
0001000100100
0111
0101
010100010000
1000001
1
11
10010001
101
11
10000001
11
1
01
1
1
11
1
1000
00000100001
10010
11001
1
110001100000
10001
11
11
1100
00110000001
0011
1
00000101110
011
010001000000000101
11
11
00010010
11
0101
11
1001100
00011
0111
1
0011001
111
0001
101
0001
101
111
1100
01000001101100
101
0001
1
1
01
100010011
0000100001
00100000010
00010010
0001100000000100000000000
100
10100000
00100001
0100000011000
10110010
000110000
11000000
00011
1
1
1
0000110000
10000001
100011
1110000
11
000000001010000000100000
11
11
01001000000
11
00011
10
1
0001
010001100000000010
1001100
001
1
1001
11
00001
111
110000
0100001010000
101000000110
10001000000
011000
0100001
11
111
1
1001000011
1000000100
000101
0001010010001000010000
10001
0011
1
110000000000
01110000000010000000
1000100010010000
010001
00010100
11
100
1
1
00010011
001010
110000100000010111000
11
0000
00111
100100000
11
0001
100100000010
1000011100000
101
0110001
1
11
001010
10001
001001
