111
1
110001
011
01100110000
11
01
11011
1
010010001
00011000
11
1
11
1100010000001
1
1110
111
01
0
0101000001
1
1000110
01110000101001100010
0
1
0011
1101
0100
00111
0
10101000101100
1
11001
0
0100001
1
1001111000010110000000
1
1
01011
1
1100
101
1
0
0001
1
0100001
11000000100
000010110011000
101
0010000100001
111111110011
0111
01
1
11000100
0
0100101010101010000010001000101010001100001000
11000000010011100
0001
1101
000
1
0
1
11010
1000000
00
001
001001001
0011
1
1
11100000111100
10000010110000
1
10
0110000
0001
01111
1000100000
1
0
1011
000000110111000
10000
1
0111001000
1
01000100000100
1
1010
0010011000000
1100001001001
1100101
0100101110010
110
1011011001001001101100010000000001101
10001110
01100001
100100000001011
0100
010011001
1010100010
111000
00
0001
00
110011100
1
1
1
000100010000
01
00100
10001001100
11010000001000100
1000010000
0100100
00
010000010010001
1
11101
001
1
1100000001010011000
0
01110010000
000001011100000000
100111001000010010
0010000
1
1
1
0001
01000000100
0
010
11
011
110000000
1000001
00011
0
00010001
100100001
010000000011
010001
1
1000100100010010
11000001
11111100
0
0
111100110100
10100100
111
0101001000
10001001
0
1100
10001101
100100010000
1111111001
1
0
000000000011000000000010000010101000
000
00110000001
0
00
1
11
01
1
011010001
0
101011
10001
00101001000000010010010
1
0001110
1
00
101000
0111
11
0
1
1
10000100
10010010001000
11001
1
0
1
10
0
0
11
0000100000011
0010111
1
010011000000100
11
0101011000100
00010110001000
11101
011
001011010010010
100010
11100010
111001010000
1
0
001011
1
1
101
01111
0111
1
000101010000
01111
0
01
0011
100011011001
1001001001
0
0100000110
001
111
1000100
10
101
1
0
00
1000010010000
011
01110110010
1100000
0
1000100001
100001001100000
0
01010011
10
0011
00
10100000110000100
11110000
0001
11110111
1
000100101
10011000
1100000010001
0100110000
00011
0
10100
111
11
0100
1011
1
1
1101
01
0111
011
11000
011111
110100
000
1011010100111
10
0
1
1001
0
1
1
1
10001
01
1110101
1
1111110100
11000101
0001
10100
1000100101000010100
100
111000010
1
111
10000011001100111010
1100100
01100010010010
10111
1
00000001000001001000
0
01
1
0001100000100
011001000001010000
110010
11000001
01
1
1
11100100
0011001000
00
00111
10010000
0010010110000001000000000100100010
00000000000001000
01101000000100001000000100010010001000
1100000101000000111
00100001
1
1001101
1000000000
1001101010
010010000
1
000100010010101010
110
111
00001
1111
1
0001111
11110010000000110011
1
111010
11111
0
011000011000
1
101
10
1
1110
0
0001
110100
1
0
01000100000
00011111
1
00111000010110
0001010
0001
10111
0100000100
111101
1
0000010000111000
01
011
1
0
111001
001101
1001010000
010001000
10000001
010010001001
111000000010000
001000001001001000000001010110
010001100101100000110101110001101000110111
0
111010
1
01
1011111
11
11
1
1
1
011
011
110010100
11100001
11100100110001101
1
001101
01
01000000000000000
010101110100000
00001
0110100100
00
1
1
001
110100111
1
0011010001
001
01
111010
1101
11000
0
10100010111
0110001
1010
1
0000011
110011000100
111000000001
1
100010110000
11000
0
00000010001101000001100010101
0101100001
0
1100001101
1110100
000010001000001000
11001010
000001
10
1
10010110000
11
1
0001000111101100000
01
0
0
1
1000100011001101010010
00001
101
0
0011000010
1000100000100001000
01101
1
110000111
010000100
0001
100100011
1
001001010000000
0000011010010000000
0
01111
011000
001111
1001101000001101000100
1
00000100
11
1
01
001000100001
0100110100001000000
110000
0
1
0
1100
00
0
100111
1
0010100000000101
1
100100100010
1
1
10001101
011
10010100
1
1
10000001001010000
1000101001001000
10000
00001001010010101101
1000
0001
10
00110
01
100001111011000
11
0110000010000
1100
111
1
111
111100
0
011
0
100
1
100111
001001000
10000100101100101010000
1000
0
0
11111110001010
0
011
1
11
11000
1
1
01
1
0
111111101
0
110011000010
110001000000100100
01111
001010
0011
11000
0
0001001001100000011
1
010010001000001
1100110000
01100000010000000
0
0
010111
1101111111
1000110
0011
000100010100000
11110
0001
001000001010010
10000011000
1
10000100
1111000
10000011100
11
010110000011
011101
10100
01000100101101000100000
0
01011000
1000011
00000011
0111000010
1
10010010
001000010
0
1001100
11
1
010001100110010011
01010101
11
1
1
0
11
0
010111
0101
001011
1
1101100
11
11100101111001
100001110
11001
11111
1
1
1
0111010000
110000100010000
1111001001
01001000100000100010001000
1000000010100000101000
1000
0010001
10011000
00001
1
011
111111101
0000110000111001000000
0
01101100000
1111111
11011001
0
0000110001
11
0100001000101001
1
1
1100011010
10011
0011000100110001
1
00001101
1
0
11
0111
01
1
01000001
010000101
1111101
0101001
00110
111
110101
0
011111
1
1
0001001001100000001000
111000
1
10
1
01000000101
00100
0
0
00111
100101
01110001
1
11
1
0001111
111101
01
1111
1110
01100011
11101101
01101
0
10001011000
11110010
000010100001010
1
10
00000000000
1
000
11010101100
11
110
10001
1
1
000010000000101
1
111001
1
101000
01
11
111001
1
11001000010011000
0
11001
0
00111
1
1
10
1
10
10100011
0001100
01000000110110110010010
11
1
010001101
011
1
0
11
1
0
1101000
0101
0
1
0
1010101
00100001
1
011
1
1
011100100001000
10010100
11
1
11
1
1
000101
010010000110001001100010000100000
0101010000
1
1010111001110
100000000001100
0011111
00111
1
10
111
11110101
0001
0
1010000001011
1
1
1000100
110001
1
011
0101
10001
1
0011
1
11101000
1
1111
1
11011
01100100000100
1
010
011010001
0
00110011
11
0
01011011
101100
10001101
01111
01011010
11100
11011000010000000
11
10
000010001
110011
11
1
110000010010
010010101
0
000111
1
10
1010001001000
111
0
11
0100000101001000111001
10011
010101111
1
011110
10000001011010
0
01
01111
1
0010100010
00
1
100000110000001
01
011
111
1
01001000100
1110001
1000000
001010001000010001
00001111
1
0111000000000000000100
11100
10
0110000000001001000100
0
010111001100
001110
01111
1011010
010011
1011
11000000100
11010001000
1
0
1
11100110100
1111
01001
111100101
01
11101
1
10001000110
00001
1000011001000
100001
0110001
11100
1
0
11
1
1
11100
1100000001100
010000100001000
0
11
0
01
1
1
11
11
00111
0
000110010000100
1
10
00010001
0
10
00110001
1
10001
1
1100100100
1011
00101
1
1100011
011
1000101000
1
110101000
1011110010100
00
0100001100101
11
111
0010011
01100010100011000100000101
0111001000
1
01
0000000000000010001010001001001000
1
101011
1
00
11110
1101
1
10101001001
11
1
101100
1
1
001100110000
000111
0
0010100100101000
001
1
0
1100010000
0
1
10001000
1
1
11001000
11101101011000
1
01000
11
10011011
0001010000011011
1
1000000100
001101000101000
0
101
0
10
1
1000
1010110011
1
0101000010001
01101010
01
1
1
10
1
1
