1011000000111
1
0111
1
0011001
1
0111
01101
101
1
1001010001010000001001010110
01
1000
110010001
10010001100
0101000
11
1010101
1
0100010011
111001
011000110
00000101110
0101110
1
010001100000001
1111
01
11
1
10
000010110
000001
11100
00001001001
01
010101010
1
1
1000001101
1
1
101011000010100
001
1110
1
11001100
1
000001
100
11101
01010011
0101011
1111
0011
1
1
1000011
1
00000011100000
011101
001101
1
11000110000
11101
0111
10001
1
11
1
01
01
0011
10111
01000001010101
011011
0011001
1
10000110000
00110000001
001000
11101
1
1
1
1000001100
01
10100110
0001010000
0100011000001111
1
00010010010
0000101100
10001010000
010111
11
100010010001
11
011000000000101
1
00111010
000001
1
00101100000
0100001
1
1111
1
1
011000000
0010000111
100010100000
10111
01
1111
01111
001111
1100101
110001010
1
1111
10110010
000100111
01111
01
101101
1
11101000000
0100000011100
01
1
1101
0011
0100101100
0110001001
11
1
11010001
01001000000011011000
100100
01000
100000011001
11110
1
1
00001
1
1111
10000010000001
100110
00111
01000110
111001
1
011001
11110000000100101010
1
1
0000000000001
01
000110
0
001000011000
01000100100001000000
0001101
1
1
1
110001011100000
11
010111
001
01
00110001100000000110
1
1111
11000
001
1110001
111001
0001101
10001100
010
0001
1
1
000000110
1
00011111010
0010011000
01100001
0011110
1
1111
111001
10100111001110010
111000001
1
11
0111
0101
1111
1
1101010
00000111
1111
01101
101010010
100111
11000111111
10000000000011100
11
1
1
0111
0101101
011
01101001
11100
111001
1
11101
001001100
1
11
1
10101100
1110
0000111
1
1111
000011111
0001010
0111
011001000000010
1
1101110111
11011
100000
1
1
10111
1111
11
1
10110
1
1
0000001
1
1110001
10
1111
001
100001011111100
00011010
00001001100
00000000110001
1
1
101101
1
1101
1
01001100
1
110111
0001110
1
01100010
1
1000001100
1111
1100000
010000110
111
1000101000001
10111
111010100010110
010001
101110
1
00111
1
0000001000000001010
1001000110
0100000000011100
1
01000
0000011
1
100000100110
00010010000000
1101
001100001
01101
10000
10111
1011
10101001
1
1
00010101101110
11101
100011100
110
0001100001
01101
001111
0001
1110
110000101000001
10011010
0111
100111
1
1100101
1101
011
1
1101000
1111
1
1
100000110
1
111
1000
010000000001100
000101000
01
100101
1
1
001
1111
1
100010001000000000001000
1010110
1
0100000001100
1
1
1011010
0
1
0100110
110011
100001100010
0001
100000100001
10100011
01101
00101101
10010010010
1
1
0100110010
00011001
1
00001
1111
1
1
1
1000111
0000101000
001101000
001
111010
11111011
101101
1
1000100010001000
10000100010001
10100011
000011001
0100000001101
000110101
1
1
1
1
1110
011001
1111
0110001
1
1
1101
01010000001000100
10011
0000011
100100001
01111
0110000100000000
1
1001011
01000100110
0100011110000111000011
1101
1
01010
01111
0111
100010001
1011
