00
00
1
0
1
1
1
1
1
0
1
0
1
01
0
01
01
0
1
00000000
10
10
1
00
0
0
0
00
00
0
1
0
0
10
0
0
0
0
00
0
1
0
1
0001
000
1
00
0
0
0
0
0
0
1
1
1
0
0
0
0
0
00
0
01
0
1
1
1
0
0
00
0
000
0
0
0
1
1
1
1
1
1
1
1
1
0
0
0
01
001
1
0
1
00
0
0
00
0
0
0
1
1
1
1
1
0
11
0
1
10
1
00
1
0
01001
0
0
1
10
1
00
1
1
1
1
0
1
1
1
0
0
0
0
0
1
0
0
1
0
0
0
1
0
0
10
01
1
1
0
0
0
1
1
0
01
1
1
1
0
000
0
0
1
11
010
111
1
01
00
0
01
011
1
0
110
01
01
1
0
1
0
0
0
000
1
1
000
0
1
1
0
1
00
0
0
00
000
1
0
0
10
1
0
1
1
0
1
1
0
0
001
1
1
0
0
0
0
0
1
0
1
1
0
11
1
01
1
1
0
00
0000
0
1
10
1
1
0
1
0
1
0
1
1
10
1
00
1
00
1
0
1
1
01
00
1
11
0
1
0000001
00
00
0
1001
1
1
0
1
1
1
0
1
0
0
1
0
1
0
0
10
1
10
1
1
1
1
0
0
0
01
0
1
1
11
01
1
1
1
0
0
0
1
1
0
0
0
00000
0000
0
1
0
1
1
1
0000000
0
1
11
0
0
0
0
0
1
1
1
0
0
0
0
0
0
0
0
0
0
1
00
0
0
0
0
1
1
0
1
0
0
0
0
0
11
0
0
1
0
1
0
11
0
1
0
01
01
0000
0
0
0
1
0
0
1
0
1
1
0
0
10
0
1
1
1
0
0
00
0
1
0
1
00
0
00
0
10
100
0
1
1
0
1
0
0
00
1
0
10
0
0
000
0
0
0
1
0
0
1
1
0
0
001
0
0
0
0
0
1
1
0
0
0
0
0
1
0
0
1
1
01
0
1
01
