1
1
1
00
1
1
0
0
0
10000000000
0
1
00
0
1
1
0
0
01
1
00
1
0
1
0
01
1
1000000
0
1
1
01
1
00
1
0
0
00
1
1
0
0
1
0
1
1
00
0
0
1
0
0
0
1
1
0
0
1
10000000000000
1
1
1
0
1
1
0
100000
00000000000000000
0
0
0
1000
0
0
1
1
0
1
1
1000
1
1
0
1
01
100000000000
1
0
0
0
00
0
1
10000000
1
1
1
0
0
01
0
0
0
0
1
0
001
00
0
1
0
1
0
1
0
0
00
1
0
1
1
0
00
0
1
0
00001
1
0000
1
0
0
0
01
11
0
0
0
010000100000000
10000000000
0
0
0
0
00
0
1
0
0
1000000000
0
0
00
0
10000000000
1
01
0
0
1
0
01
1
1000000000000
1
1
0
0
1
0
11
0
1
0
0
1
0
0
0
0
1
01
000
0
00
1
0
11
0
1
0
01
0
0
0
10000000000000
0
0
1
1
0100
1
0
0
1
0
01
0
0
100000
00000100000
0
0
0
00
0
0
0
0
1
1000000
0
0
0
1
10
0
1
1
1000000000
00
01
1
00
00
