011
001001
011
100010
010011
111
10110
001001
111
1100
01001
1110
111
1
11000
011
100000001
0100100100100010000100000
1000001
011
100001
01000000111100
10011000
01001
1101
01
000110000
11
001100000010
111
0000001001
00100000000000100
11000100
1
1
10010000000001
11000100000001000000
0010001
001100
00000000100110001000100000000000001010100100001
10
10001001
011000100
10010001
0011
01000
010010
00011001000001100000100100010000
0001
1001011000
0101010001
1
0101
1
01011
1000000100
1110000110010000
00000000000010010
1
0100001
10001
0011
0011
011
10011000
100000001100001000
0101
011100100100
1100100
11100001000
1
01111000010
10000100
10010000101
001
0110100000
001
10000100000
01101
000110000
1000001000000100001
1
100100
01000
010100
00100001
011000100000
0100101
00100010
00111
111
1
0110101000001
0110
0111011101001
01
001001
1110001000
10001000
000100000011
0001001
101000
100000001
1000100000101
10001
001
011010000010
1000100000000
0100000100
01111100100000000100
1
01000000110010000100000
0001
010010
011
0
011
10
110
100000010001000000001
00101
101110
11
010000
001001
10010100
0101
01110000
111
0000011
101
0001
010001000000100001
100101100
100001
00100001
001100100010
1
1
1000100
01100100
0100010100000010
011
1000010000100
01100000100
000111
1000110001000
001001
1000100
1
1001000100001
011
1
0101
1001000101110
101111000
0100100
0011
0011
1101010
001100
011
111000100000
001011
011010100000
101000
111010100000
1
101010001000
000010001
10
010001
0000100011
10
0101
010000101
1001
011
00101
011
1010010100
1010101000
001
11000
0101
1
101
1000100
111
00111
1
1001000
1010001
100100
010001
011
10010100
011
010001000
110000
1
001001
111
00001
10000100001
101101000111110110110110000001000010000001000001001000
01000000000001
0100010
101010000
0100001
011
00101000000100
1000000000000000100
0101001100010100100
100010000
1010
1100
011
1011
100100000
000010001
01
100
000010001
11
10001
001001
10
101100001000
10100000000
111
101000000
110
100100
1
001001
10101000
1
11
100100100001001
001001
10010
1
001001
001100
001
11
10010001001
0001110101011000001101000000000
1000100
11
100011000000
010001
1000100
001000001
1
1
01100
1
1000010
00010001
10010
00100001011
1000
1
0011
0100001
1010
0100000001
0010001
1
0010001
1001000
0100101000010000101
1000100000
1011
0001101111
10000000110100
1001010
01000100
1000011000000100
110
111
100100
010000001
011010000
1
1000000101000000100
1
00
101100
11000001100010010001000
0001001
010010
01
011
100100
010100000010
1010001000100
1000100
001000001
011
1
1
100100
1010001
0110100100
00001001011010010100001000
100000010
00011
111000
001
100100
0100010
1000110001000
000010001
1
1
001000000001
01
000011000
1
1
1
0000100011
10000100
011
0001
11100
100100000
10001011001000100
11
11000100
00101
11011100
10100100
0100010101000
010001
111
010001
010001
101
01000100
1
0010001
10000100
10001000000
0100110100
111
00111
110100100
00001
1
101
1
1
100100000101
00011
01011000
11
1
01000001
100001000001000
0000011
1001001
010001
100100000
1
100100
0001
010100
01000011
011
100010
0011
001001
10100
00101
100001000001001
10000001
0101000
010001
1011000100
010001
01010000101
110000100100000
00000000100001000001000
1000100100
0010111001000100
1000000010
0111
1001000
111
10010000100
10001
0011
00010011
101
0000011
10011
111
11100000
0101
0001111000100
1
1000100
1
100100
0101
1001000
001000100
001
10010
111
10000010
000111
1
110
1000000010100100100010000
0101
1100
01001
10010010000
001
11100
011
11000100
001
0011
101010100
100100000
0000101100011010
000010100
1
1000100
001
100000001
1000000100
01000000100
1
100001
0100001011000010
1
1001000
10100
1
1
0010001
0011
100100
1000100
0001
010001
111
1
11000100000001000
001100
1
1001000000100
1
1001000
01000111000100
01001
0100
0
111
11010
1101000001000
10100001000100
1100000000001
001001000000010001
11
100100
000110
1000100000001000
11100000000
1001
011000010000
0000100100000100
100000101
01000011000000000
00001000000000010000000
1
110100000
101000111000100
1
100100
011
011
1
01
100100
1
01010111
111
10000010
011
10001100100
001
1100
00101
1
100
0011
111
1100
101
0100100
0110011
01100
1010101100000100
100010
11010000
100001000
111
0100001
1
011011
1
1
1
11100
0111
111
011
0
100100
0010001
00010001
00000111
111110
101
0011
0001001
0010010000
0010001
110
01
0100000001
110100
01001
110100000000000
101000
1101
1
010001
1
0011
10001
01000001
1100001
010001
01100000010
000010001
0100001
00001
1
100000001
11010000
111
011
1
011100100
0010001
11001000
01000101
100100
111
0010001
100000100
1
110100
1
0100100000
01
001000001
1
0100011
001
111
1000100
1010001
110000010
010001011
010001
1
00010101
11001000
0001
10010
01000100
00010001
101000
010001
11010000
1
011
010001
1
001000010011
00011000
00100001
0100100
1
001001011
000100001
00111
100010
11000100
10010000
1
