1
1
01001
1
1
10
1
11
001
01
1
1
1
1
1
1
1001
11
1
1
01
01
1
01
11
1
1
1
001001
0100
01
01
001
01
1000
01
1
0011
001
01
01
0000101100
1
10011011
01
01
001
11
10
1
11
1
1
10011
00100100
01
1010
001
01
110000
00101
11
111
10
001
0101
1
100
10001
1
1
1
001
001010
01
1
10001
1
1
1
1
01
001
0001
1
01
011
1
00001
101000
0001
11
1
001
1
1
01
0001
100
0001
1000
10
01
1
1
11
1010000
001011
1
1
10
1
001
11
01
1
1
10000001
1000
100
010000000000
1
1
1
1
010
1010
00
01
1
001
1
1
011
1
01
1
1
1
1000
1
01
01
11
1000
001001
11
01
1
1100
0111111
1
01
01
1
11
01
0110
1
0001
001100
1
01
1
001
001
1
100
001
1
1001010010
01
001
1
100
1
11
11100
10
1
001
11
1
1
1000
11
11
1
0100
1
1
001
01
1
11
10
1
01
100101
1
001
101
001
10001
1
01
1
1
11
010
1
11
01
01
1
01
1
001
011
001
001001010
1
001
01000010
1
01
111
10
011
11
1
001
1
1000
1
001001
0110
1001
0101
100
1
1
1
001
1
01
10
1001
01
011
1
10
001
101
0011
11
10001
1111000110
1
1000111
1
01
1
1
100
1
10
01
1
1
101
1
1
1
100000
001
11
11
01
1
1
1
001
100
11001
1
11000
001
01
110100
11
01
1
1
0110
010
1111
100
0001
1
1
01
10
1
001
100010
010
001
001
001
010
1
01
001
11
1
11010
001
01001
100
1
001
1
10
101
01
01
01
11
01
1
01
01100
010
100
001
10001
1
10
01
1
1
01
1
1000
1
1
0001
01
01
11100
01
01
001
1
010010010
01
0
1000
1
01
1
01
1
01
100
01
101000
10
001
001
10
10
10001
1
00001
10
1
1
1
1
01
1
001
1
1
001
1
1
11
1
1
10
01
111001
01
10100
10001
11
01
110
1
1
1
001
1
100100000
1
1
0
10
1
1
01
1
1
10
100
00101
01
1001000
01
01
10
100
1
11
1
01
100
1
1
01
1
1001
1
1
0010010
1
01
11
1000
11
01
1
1
11
1
101
1
1
1
01
10
1
01
01
1001
0001
1
0
11
0101
1
11
1
1
11
001
1
1
01
11
1
01
1
1001
10
111100
1
11
011
10
01
01
01
01
01
11
01
1
00011
100
1
01
1
1
01
010
011
001
11
1
1
010
1
1
001
11
1
1
10100
1
1
01
11
10
001
001
1
1
1000
1
1
101
1
1
010
1
1
011
0001
01
1
001
1
0001
01
10
0001
11
1
100
1
1
1
01
11
1
1
01
11
1
0
1010011
1
1001
01
01
001
0101000
1
1
1
1
001
1
1
11
1
1
1
111
010
1
11
1
001
1
1
1
101
1
00011
10
1
1
1
1
0101
001
1
00101001
01
10
1
1
01
01
1
001
1
11001
1
01
1000
1
10
001
0001
11
111
01
0011
01
1
1000
1
0011
1
001
10
1
1
1
001
01
10
10
0001
1
00011
11
0011
1
11
1
1
1
1
