1
0
1
01
1
1
1
10
0
1
00001
0
1
0
1
1
1
000001
1
1
0
1
01
1
1
1
0
100000
000001
0
1
0
0000000
1
1
1000
0
1
001
1
1
1
1000
1
0
0
1
1
11
1
1
1
001
01
1
1
001
01
1
1
1
1
1
01
1000000
0
0
11
1
1
1
000000000000000
1
00000000000000100000
1
10000
1
000000101
1
1
1
0
0000001
100
11
1
1
01
00000
101
1
1
1
1
100000000000
10000
1
00000011
00000100000
1
0
1
1
11
1
1
00111
1
0000001
0
001
1
1
01
1
1100000000
0101
0
0
1
1
001
0
1
0
1
100
0
1
01
0
1
010000
1
0
01
0
0
1
1
1
0010000000000
0
1
0
0
01
1
1
000001000
1
1
1
1
0
1
10000000
001
00
1
1
1
1
01
001
1000000
01
0001
11
1
11
1
0001
0
1
10
0
1
001
0
1
1
10
0
1
1
000
1
1
1
1
00001
11111010000000
0
0100000
1
0
01
0010000
1
001
1
011
100
1
0
1
1
1000000000
01
1000000011
0
1
1
1
1
1
010000000000000
000001
11
1
1
1
01
111
1
1
0000011
1
1
0
00111
1
11
0
0
1
1
0
0
0
0
0
100000
1
0001
1
0
0
1
0001
0
01
10
0001
11
001
0
1
1
0
0
1
1
0
001100000001
1
0
10
01
000011
1
100
1
1
1
001
1
0
1
1
100010000000110
0
0011
0
1
000000000
0
1
100000
000001
1
1
1
001
1
1
1
011
1
0
0
0
00
101
01
0
0
1
1
01
1
11
1
01
11
001
1
1000
1001
100
00110000000
0001000
1
1
1
1
1
01
101
0
1
00
0
11
1
0
100000
0
0100011
0
100
1
1
0
00100
1
1
01000000000000
100010
1
001
1
010000000000
1
00
0
1
01
0
1
000001
1
00001
0
011
0
0
1
01
1
000001
01
10
1
0
1
000
1
10000
1
1
1
0001
100
01
1
10
0000
01
1
1
1
1
0
10100
01
1
0
1
1
1
01
0
0
000001
0010000
0
01
1
0
11
0
0
001
0
0
1
1
1
1000
011
1
1000001000000
1
1
000
1
1
1
010000000
001
0
1
1
1
1
1
0
0
1
0
0
1
100000
1
000001
1101
0
1
0
01
100000000
001
1
001000000
0
1
00000000010
1
1
1
010
0
00000000010000000000
01
1
1
0001
0
0
0
01
1
110
1
0
1
00001
10
1
1000000
1
001010
110
000
1
0001
11
0010000001
1
1
00
00001
0
1
0000101
0
1
010000
1
0
0
1
11
0
001
0
001
1
1
011
1
1
01
10000
001
00010000000000
0
01
1
1
1
0
1
1
1
000001
1
1
1
1
1
100110
1
01
01
0100000
1
1
0001
1
1
01
1
01
0
1
1
100000
1
1
01
0
0
1
0
1
1
1
0
0
000001
0
1
100
1
1
0
1001
0
1
0
1
0
0000
1
1
1
100
1
1
11
010
0
00
1
1
1
1
0000
10
1
0
0
01
1
1
1
011
0000001
10
01
1
1
0
1
0001
1
000000000000000
1
1
