11001000011110
011110000000110
101110010010001010100010
0110000100011
1100000001001
1001
1001010011101110000001100101000000001
0111111111001000000
00101001011011101011
1
111101
110111000001000011100010110101100110110011100
0111010110000010010
001100001001100011010100001100001001000011100
1110
1100000000110100010010110000
01100100011110101111011000110000111101111
0000010100
00000000101111110000000010010001111111
11111110000
11011010000100
0011100101010110010110000100100010
10111100000010011001101000
11111111
11
1110010
011100010000000111110
101110
11111110001
110
111111110000100
011100000010010101110111000
0100100010010010010110
0110
0100111000110010010110111110001
01
1
11
0011000
01001100010100100100000100101000010000000
1110011111110001111
0110000000010000100111010111111000001011001000
0100010
1111
1000001000101100010001001110100000
10001000001100101111100001110100010010001000100
01011101
10111
000010001110110110110011000000000000100101010010010010
0100010001100011100
010000000000111010000000000010000100
0111010100001
1100110001011
01110000010010000100
1010010111
11011001110101011111110110000
11000010011011100011101110000100
011110001
00000000000000000000000000000000000000000000
1
00101101000000001000110001010000010010010001100000010000
111011011000001111110111
11111
000000000101000000100000100110000101000100111000000101000001001000100010
010010011000011111000001101010111111101
1101011101
01100001
10000
000010000110011010011100101010
010010011010101101100001
00000010000001000010100100011000100010001100000010000000000000000000000000010001001000101000101
11111111110010
1
0001110101001101010
101
10111111011110111
101001100000100001
1010000110100
111011100100110111
0011001100011001001100010000001110100010100010100100001001100000100000000
0100111011011101100011001001
1100111110110001101
000110010000000001000100110000111001000101100000100
11110000100111110
01101110
01110100010010111110
0110110011011000010000110001010101110110011001111101110
11000000
111001010000000100100001100
1
001000000000000000010001010100111010000110010101000000
0011010001001011111111110000000010010001101111001000001
1010
01001000011000101100110000100110100110010010001000
100001011111110000
0000000000000010100100111001010000001110
010110101001100
100111111111011
01111111011011
1000101101010000001
00100000111001000100010001001011110001100001110110011000
10
01111111
101010010100
101
00110000110111010110001111011011001110100000001001111
010010000010011001101100101000100010010100
0001101000111000011111001011001001010100010010
0100010010000000110000000110010101001001001000100011010000000100010100001000000100000100011000001101000110001001000010
110
011
01100011011110
100000000111101100101111
110111
11101110101111101100
1
011111111011011110
111101100111
10110001
0100111000111101000001000
11000010010000000001000000010
00000000110001000111111001
1
111001111111
11010000001000100010
1001001001011001001001001001000001110100100000001000011010100
0010010010010011100010010001111100000010000011
1010000001100010011
1
001001110111010101110110111000101110001010110100000000111100100000100010001100011
010100001100011000000100110001010001000
1110011110000101100111
1111111111011
1111110100111110
1010010011011
11110010101001111
1001001
11111000011
1110010
1
10110000010001
111
01000101
110111001
01000100000010
0110101100101011
1100000110010000111001100100000
1100000000
0100001000110110011001000010
1000011111101110100000010
0100111
110010
111
0101001111111100111
001000010011000000100011001100000000100000
01111111101111
11111111111110001
011001
1011
1000000000001110010000010011010
00000100000100011000100100010110010000
00011000000110
1
1111101100
11100
1110001100000000
11111
11000
1100100
111100
10
1
111111111111110001
1111
1111
111010000
1000100111000001100000011100001100010010000
0000111001000001000010101011000001001101001011000000000
1111001100
100
110110010101001
11110000011001110
0001001000010011000110101
0
1100
0101111001011001110011000100011000000
01101010011110010000000011
111111
1110000000000000000000
1100010011010
100011110000101101000010010000000001000101000
1111100001101111000011011101100000000000000000000
1111100100110
11100010011010000001000000
1101
1
000000001000000000100011100100000100100
00100011000100010000101001101001001000010000110000010000111010
0001000110101001001011010110010000100
011
010010000
01001001001010110001000001000000001000101
00101111000111100000
000110000000011111001
1111011
111
11
100
000100110001111
1111
1110111100100010000000
0000001110101000101100101011011110000010
100110
11111111
101110000000100010000000000001001110001000110
100000
0110101010101110
1111000010101100001100101111000111110001000111110100000010100011
01000110000100001000000000110001000100010
1100
11111
10000101001111101000110000011100
0000010011101011011111110100
1011
111111
011010110011110111010
101110100100000101011111110011000000
010000001
110100001100000011111110
11111111
00110011111100111001110010000000
0000000011111000000010010110
0101111111
1000001000000011010
00000000000001100111011000100110000010101010
0001000001010100111000110000000000100011
000110001010100111000100
110001100110
01001000000100001010100100011
0011101110011110000000000111100000101100100111001001001100100
10110000011000111101111011000
0000111
111111
11111100000
1
11000001000011110001110
0000000001100010001
0100011001110101111110011
110000000101101000
10010
1
1111011000000001100101011010011000001101
101111111101
101000000111000000001100000010000000000010110100000001
000110111001011110110011
111111111111100100000000
11101
111101011011111011
10111100111
101111
000110010100111101000
10100
01100000000000000010000001101
1
10010001110101010011100110101010001101000000100
1
011
010001100100000110100010000010101000010011000011101110100001011010000000
100101001011
100111010111110
11111011010001110100101
00001000011001000111000101111001000001000100011
1101011
110011
00001110001010101000000001000011011111101011001000000
011110011000000110010100010000000111000011100001001000000
101000111111000010011111010
01
10100001110000110011111000001010001110
0011011111100000000011000
0100001111001101100101
1
10100
1111101000000000010101111101110010010011010100011101001
01
11001101011
00100011
0100000
10010000010001010001110001100010
00010000100010001110
00011111110101111
10010011
1
1001110100100010010001000111
1
1000100011001011001100001000
00111001000000000100001000010100001001000100011000010111001
00000001110101010011001
1000100011010000000101
111110100001001100010001111000100010001
10100
100010001000101000001011010010000000
100010000110100100000111011010001000100011111010100100001100010
11101
11
111011111
1000
1111011
1111011111
10001000001000011111011001
0010000001100001100011010101110010010110000110001101011110100011
010001000111001101
110000
01100001101110110111110
0100100000100101100010000111001001111100110000101001010000100001101000101100010011001110111010000
01001010001
10001100000100100110010010000111000
0100100001011010001000100000001
00000010001100010000110111011100111110011
1000110
001100000001010100000100000110010111000111010000111101010
1
00000100100000000001001000011100010000011000100110000000000000101000000000
11
11111
110010111101111111
1110010000100
001110001111000111111110
1111101010
11010100
011111010111000
111001010111100001100010001101
11010
11000010010
1111111
0000000000
1110
00000010000100111100
11
111
1110111011000011100010
1110001
11
101
001100000110000000100000111
00000000100000110000001010001001000010000010001000001000100010000110000000000000000000010
0100
11
00010000100000111111100110011000011110010001001
0000101101000111111
01
0100010110100000011111101000010011100010100110110011011000111001000010100
1101
0000100011001010011001100010000100001000001
0100101110001000000010001100001110110010100011101
11111101110
100011101000010101000000011010011111010000000110010
0000011011000110010000011111011000101
0000000111100011010000001111111011010000
1101011111110
1000010111000100110100100010000010
010111111011001001
101
01111101111110101000110000
10
1100100001
101
1101100010110100011011100011000010010000011
01111
100100010101000100010000
00100010010010011011100000011011100100101
10110010000101000100100001001000
1100
00110000110100001001001011111110000011001000110
111001111
11011011111
111
01
0000000100010000000000000
10001000111101011111
10011011111100
000010001100011011111000001
110000000101111110110
1011111
1110000011110101010011
100
0111001000110010000
110
1
0110000010010010110
010001000000011010
111110110
11100001001
01000
111111111
1
01101101011111000110001100
111110010011
0100
1111111
1001011010001000001
111111110
011
1
0001000110001011100000
01111100101100001
1111000100
01111101000110001001
010000101100010010011000100010010010010011100011000100001101010100001010000
011
11
1111111100001111
111000111101111
1111110000010
000111010010100000111101101
100010
111001
110110111011001111
001
10100
010010000000010
1100000
110010
001000000000000000011100001001000110011010001001111
1111101
01110001101100011100010000011010
11111110000010
110
01000010111000111000011000101111000110101000000
11110110100101111
1000000000
111101111100110000011100011
1
010001010100100001000010010110000001000010010101000000011
011000
101110011111111111
100111011101110010110
1
001000101000010111000000110011100000011
010110111010000010000100001001010001000100010
10001000101001001111100111001000100000001000010
11101010111001100
11000010100010000
1
1100010100010001100
00011
000
11010100
1000100010100010001100100011001100000100011001
110010011111011101111000011100010
00110011101101001000100000100000100011001000000
0100000100
110101011000111100000101
01111111
1000000101001001
01
0100010011110011100000100001000000000000000000000000
1
0011
0000010010001011011111111011000111101
11111111011100001
1101111111
1111110000100010100000
1000010010010000000001
1
00111
110000111101000
1111
00010101001011000010100100010
111011110100100000
101000
0100011100000
1
1011000011001010001110101101110001110010010001100
0011010111101
11110010000111101110
100100010010100000001010010010
1111111101
0001100110010111
1011110001000110010101000100
111111001
11111111
010001001011111100000001
11111
0001110
100110000011000000
10110101110
000000101110000111011110001
00000010011000000100010010000001011100001
010
11111100101000
1010111111011111111
101000
1
11010101010000101000001001110001110000000010010011111110100110
011110
1101011110
1101011111
0000
11
111100010001110110001111000001000110
11101
10100000011111110
1111111
1001
1111000011000011001001000000100001001110010000001100010100011001000000
00011000000101000100111101101100001011010010000000100
0110100111111
11110010000010
000011111111010100100100000
1
011001001100100111
0111111111101100001000
1100010000110110010011001010011000000
0001000011001110100101010101000000111000
101000111111000000111111000010010101000011
11011111
10111110111111011
011000000000100001111110011000111000000001001100110
11001
0100101011000010001000000110111111000
110111
111010001
11
1000100010100100000001110010010010101100000001010100111
11101111
111
1111111101101
00010010000010100000000110100001000010001111001000000111
100001010010
011
1000000010101100100101
100001011101011010011100010010010
10110111
001101110111101101000000010
111010100111010
01100000001010110010011000110100
00111010101001010011101001100101100011
011
1001
111101000010
000011101000000100001110000000001000100110010011001
11111
0001011000000000101011011010000000110000
1110101
010
0110011001
0010000011110001100110111000
1
0100111001101001000111110000
000000000000001000000
110011111011111101111
111011001000110111
0110111000111100
110001000010100100011110001
010010101000010001101001110011110
1111111111
11111111111
11011011111001
00000001110001101101001000010001110110011
0001
00101000010001001101110000101100001001000
1000011000010010111110010
010001000101111001
10011010101011000110100000
1110000100111000100111000111100001000001001000101
1101
1000101010
001000010011001000000100001001010001000
110011001100000001001001001011100101010000
11
10001010000111000100010010000100000000010000100001110011010001
1001000101001000001111000001000110
0010010110110000101111010001001000100001100000110000
0110000000001000101000110100110010000011000
1000000001010000
001000111001000010100010001100010000000000001011011100010001
1000111111011
111000000
1110111111110
11111011111111
11
1110111111
0110000010110000
11
0010110101110000101000100
000111000100010011100000001000001000101
1001
1000110100010
1000101110
010010100100001101010
0
110100101110000010000111011
100010000000000111100010110000000
100101100110000001100
10100111001000111011100111101000000010001010
10110000110110100000010001000100000000100001001001110010000111000
11110001
100110010111000111100000000101110000100001001001
1100
10100100001101100000
0110000011011000100011101
11101101
11000010000010000100
11000110010101101
01
10001
