1101100100001110110110100010
010000110100000100000100
111110100010011101
010100011010011111111011
01110000000100
1110000011110010010
01
11110
0000001011010000001100
010001000000000100010010
1
0000001000100010100001010001010001000001
11
1000100100000101011000000010000000101000
1000100000000101000000
001
1
10011010000
00100000011000011
11
010101111111
1101101101110100101
100000111010110
111
1
01111010101000
1
1
11110011111
110101110110
100000000
1
1
10001100110000001101010000
1
010001000010
0001
01000010
1101
11010001
1000010001100100001000010000
111011
001011111011011010100000000001000010
01
1
11101100011100
01100001000100
1
111111111
0111110011100
0001101
110
001001001000000100100010000
1
1
011101100010000
1101001
01011
1100000
0000100100000
011001
10000
111
011011
01011
011011111110
011101
1010011
010000010001000010
00100010000000100001
11111101011
1
1100
101
011
11111101101
011010010000
01010110
00100010000010010110110101
11110000101100
01111000101101011100100000001
1100
0100100000001001100000000
1011001000110111
1101010101101000010101100
01
11
0001000
0001100010
01
11
010101
10
01
0101001111
11
000000001
0111101
1
11111
00001001000100100000
1110110010111
00001
10010001100000
1111111111
000110000
111
1
101
1111111001011100000
001110111111101
1100
01
100111000
010011001110010001000101000100100
000000000000101000011001100
01
11000000001000010000
101110010000111101011
10
000001011000001000010
01
101
1
11
00010100101000000
10011000010
11101111001010011
1
11110110111110
01010001101101000001001
01000101
101111101111110
00100010110000000101100000
11
00000001100100000100000
011010000100000
001000000001100101111100111001
111
01000100011
01
01001000000000000001000000010
1110000
00011101011011110110100001010100001
110000000110
111
01001
1
1
1
111
001
11001101111110010011001000001000100001
0
1100110111
1
100
1
00000101010
1
1
11
0000110000010001001011000000
01
1001010101111110111
1001110100011
000001010111
000110100010000
11011101101000100001
1
10
110101
1
1000001
1111001000000
1000110001110000001100101110010111100001011
01
01010000001000000001
1100001
10
01000100010001
1
001010
010
100001000010000000001111000010110010110101001100010
10000010000000100011
01001100101
101101101011
1
01
001011111011000100100
1110001
11
00100101000001011000011010001101010001000
00100001
1000010010001011110001100111101
111000
01001
1000111011000000
01
1
110
0001001
1111001011111
1
11000000
100000
11110010010100100
1
1
1
0111010110101101
110
00010111000000101101010000001000010101000000
1
1100101001000
110001000000001000
0
1111010101011111
100011000100000001
1011010001101101011000010001000100
100000000
100001
100
100
11001000100000
11
010001000
1000100000111111111100
0000000000000000100010000110011000100010000000110001000
100011000100000
01
111110110111110
1
0100001100
110
1101110001011
11
0100001010001
1010100
000001100010010000
1110111111
10010001010
1
111
0100100100010000
10111
110000
11
011
10010101000
0110100001000000
01
010000000010010111
10000100010000100100011111110110010
11
0001001100010000000001000010010
0100000100010000111000000100001000010000000
10101100000
0101000
1111101111
1
10000
01010111110111001001000001
11011111101
100100000000101
1000100010000100
1
1100000000010001
1
010010100100100100000001000110000101000
01
101111011010110101100111011000001000
11110000
101010001100010
110111
001
11110111101
1
101
1101101111010011
1100100000001000110000000001000000010000
010001010111100
00101
1
11101
101101011011100
11
010001001111111101
010101010000
111
101011111110
1000011011100
1
1
111
1
0110110
00010000000000000000001110100010000001010011000010000
11111
0001010011010101110000100000111110101011100100110011
11100000100100010001001101010000
11
01000100000010100
0010000001010100
01
01
10111001
0000100010001101000111111110110100
111101100000011
00001000000100001000100001000
01100110100000000
0100100000000000100001
00011100010000
01
10000
00010000101000001000000
111000011000000010000
011
1
010011
0000101000010010
0000100100010
100
101110111100100001
10000
01
01110000010010000100
111
000001000100001
10
01
11111111
1000110010010000110101001
00000100000001000
1
0000101010001000010
10000001
1111111111
10001000000000011
111011111
001000010000101001010110110100010100101
1101000101001100000000000000
11
100000100000010
1000100000100
11
1
0101011
0000001
1100100010
010001000010000000100000
1
101
0001000100110000100000100001
1000000111001111110
11
10000011000010
111101111100001001011010
000010111111111000001101100000100
011100
1011
111100
01
01
011111001
11011
1101111101101
1110010100
0001
101110
01
1
11
1
0001000010001101100010110011
11110100
1
00000000000001101010000000000000000000000
1
01
11101101111
00010011010011111000000001000010000100
01000000010
01
0100010100000000001
1000101110
11111
11001000000010010111010
0111000000000011010010
100000
01
0100010100010000
11001011000
111010001
010010110000010011000
01
0010100000001000000110101000000000000000000110000000
1
1100111100010011110111110
1
1110110111110
00001000100011000111101111100110010
1001100001001101101111010
11111111
11
111011
01
011111111111110111
01000010000000010010000000000111000000
11
100
11
011011100101111
10100010000100
0111010100001000110
10
1
1010
01
01
010001
1111101111
000001
000000000000
1
1
100010
1
1
11110101100100000
1010000000101001111000000
10011000
111000
001000010100000100000
1000100001000100001100
01
1110111111
11111011111
101000110000000
10100110001
101000
000100010011011100000011001000
00011001101000111000000100101000
010100100010000
01
011001000100
1
100011
001
0010110010
10110110111001
10000010000100010001
1101000
010011000100111
00001111000000110000
1101000010011101010011000001010101
1
1
010000000
11010111011
11
01
1
00011
101
1101
101
11011101011110011
0111011
1
1000000100010001
11
1
01000000011000010
00100011100010111101101
110111101000101101010111010101000101010101111001010111010
01
1
0000011010000100000
11000000000011000000010100000100101010001000
1
10000
110001011010000
1
111111111011
001110
01
111010001001
1
11
0100011111000110110001001
100001
001000101010001000000101
111110111110101100000
11
100
1
1101010001010010010110000101000011111
1111
1
1000010010001000111111111111
1101111
111011101011
1
011011101001
10
1
1111000001000011
01
1
010100001001000010000110100100
01
01111011011011010
111011011111010001011
11010111
0010001000010001001101101110011
110000
1101
1101110001110111
10010001000010000
100010110000010
11000100
110011
10000
01101
01
11
01
11000010
1
11
0000100011000010000011
10010000010100
01
110101111100001
1111011111
00100
10000010000100
1011
0111101101000110000
0101
11
1
1010101
11110010111001
1
00110111101100001
100101100
1
11110001111011111000
011110
00011111011101010001000100001000
110001000100
0111111111000110000101000001
10001
100010
100000
11010
0110001010001111111100
100100000000000001000
1110010011010000001101010000001000001110100001
010100100000100000110
11011
10111
1
011
1
11
100011110000010000011
1
01000010001000010011000011111101110001000010
0011
111000
1010101
11010101111001
11110111111000110
11011110111111
111011011110
11011
110
0001
100000000110100010001000
0001101000001000000100000001
10001000101011000000010000
1
11010101111101
10010000000010000100
111011101101
01001111110010101000
11101000001011
1
11
00001
010010100000
01
1
11
1100100010
00010111
01010100111111000100101101
101
100010
111111111
1
111111111000011101
1000100
1
0011
00101
111000100010110101
001000011000100000
1
1
10000
000010001000101001010001000100
01
11
1100011
100
11
01100100100
1
011000001100000000101111111111111101
11
111
0110000
11000000100001001010001000001000001
1
11
1
1
01011110
1011111111110001
0100001101
01
011
11100111111
11010001111111101
10000000
010100100010
0111
001
1010
0000100010001000000010
11001001
11000100110000000000
0000100011000001000
1000110
11
1111111101
1101000000
00100010010111011101111111
001
0100010000010001110101011011010
001
1100
01001111000000000000
00010
011
0110
1011011
1
001000100000100001
1011000000101
1
0100000000100000000100010
1010010011
1011111101010
0100000010
010000110100000100000100000000
01
10
0100000010100101011000010000001100
111101101000110
11
0000011001100
0110111
1
01011
0111101110011111
100000001100010000001000
00010100010010000111011110011101111111101
1
11100100100
111010
0000100000100
1
010000000100100000100000
111101
1
111111111110111000001
0110111111000101011
101100000100
1111100010110
11
11001110101101
011
1
101000000101
000010000001001
010000100010100000
1
1
01
1000010000010001
010
011010011011111110111
1
110001100000011010111010000111
10
100100010100100
0110011
11011
10101111
10100010110
1000000
0000000000101110001010000000001001
10001010001000100001000000
00001000001110110
000100000010000
101011011111100000010011
1
1001110
011000001000100
1100001000100
1
1111011111
0101
11
10001110000000100010000000
010100000111100011101
00001110010000
1
111011010001001
1
0100000000000
10
1011110010
01000000100100100000
1
00101000001000
1
10001001100001100000
1
0100001000001001
1
1000110111011101
1110110
01000000000
111001001
0111111110
1100011
1
1101110111011000010010100
1000100001100111111
111011
111101101101
10100100
00111001101
01
1
10000
11111100000010000010
1001
1
1
11
100000001000010000100
111010
001100000001
0101
011000000100011001
111011
101100011
1010011010000100
11
1
0110000110111011011100
0100110010000
1
0010000001000011100111111010010101000
10
1111000011010110111011
01001001001000101110000100000100111000011000100111
0111
110001100110
101111111011
00100001000010011010101011101111
11
111
0011
111101101011001101011110100
00000011101000101000000010000001000
011
1110001010
01
110010100
01100
11
000110000001001
001
10
0110101000000100011000000
100001010001110111010100
1111010000000000001
1101000001100
110011000010011
1110101111011110
1110011001111
00000001
01
1
01101111110111111111
1111010111101
00111011101111111010100001011101
01
1
01100000100000000100
110000
111111111
100000011
1110
1
100110111101011
1
11
1001000000110000000000001100001000000110000000
10110000100000
100
1100000010100100
110110011010111111
11
111011101111
1110
010000100100100100000000100101100001000
10
1100010000000000100000
11
011101000
11011011
00001010000001001
1111100110111
101
11
0100100011
0010000001001000101111110111001
0111011
011
10010000100000100000
01
01101
011
1010110110111
1
1010010101
10000010001001000001000000
1111
1000
001111
111110011111
1000001000010110
000010010001000
1011
011
0001100001000
0000001000101000100000
100010100001000
1101101111000001
11001
0111101
111101101011
101010010111
100111
1
1
0001001010000100100001
1111101111
0011
1
10110000001
10
10000000
1010101111111110100
0010
101101
11
11110110111000001
11111
0001100001000100
100000
1
11
1001
111110111000100100100010000
100000000100001000010000000
100000100100000100000000010010000010000
11111111111
111010111101
001010001010000000000
01
1
1
01
11000101000001000100000
010000100
1001
01
10101011110
01001000110010
0
00001100000101010
110000111011010011100
01
10000101100000
101
010100000110010001111111111
10100000000100001
1
0101
10001000001111001010010110
100
1000100010010010001000100
010111111110
1000000
01
10110110
0010000000
11111101011001111111
00011
000010101000010011010100110111
010010001000100001011000
110001000000
0101101010011111
11111010111
11110101111010111101
1000
1010111000010111
10
000100000100010000010001111011110000101
1
11111111111
100010000101
11
10000001001000001
11100111111000010011100
110011000000010001001
01
01111001000100
010010001000100010001000011100000101000100101000000010
1000001000000100000100
01
11
001
11100010000000101
0000100010011000011111101101101
0101001100000010
100011111100011
100
000101000000000000100100010000001001000
10
10101010111111111
11111101101
1111
1100
01111
11101
11
1
0101
1011011
1000
1
1
011011
100010
11
1
011111100000
0100011100000100000000100001000010
01000010010010000
1
000
01010001000000100000
1
11101101011010011
011
01111111011
1
1
010
0100001000100011000
01010010101001011100000000100100010000010
1011001110001100001100000010001000110
10
110001010000100100000
0111011
1
010100100010000
00001010100
1
01001001000001
010001001000100100
00000110000101
1100010011000000
1111101011111
100001000
101000001101100
1
0011111110011
001
