0
11
001
010
01
1
1
1
1
01
1
001
11
1
1
0
100
011
0
1
1
100
1
1
1
1
1
01
1
1
1
1
001
1
10
001
1
1
0
0001
1
0001
11
010
1
11
0
1
01
1
1
1
1
1
1
001
100
001
1
1
1
11
11
01
1
01
1
11
11
1
001
1
1
1
0
001
01
1
10000
0
1
11
001
1
0
1
0
10
1
1
1
1
1
1
1
1
1
0
1
0
1
0
1
0
1
1
0
1
10
00
0
1
001
10
0
11
1
1
0
1
1
111
1
1
1
1
1
0
1
1
01
1
001
10000
1
01
1
0
1
00
01
1
1
1
0
1
0
11
1
1
0
11
11
1
1
1
0
0000000
1
11
1
1
1
1
0
001
1
001
11
1
0
1
00
1
0
0
0
1
10
1
01
00
1
00000
1
1
1
1
1
0
1
01
1
1
1
1
1
1
1
100
0
1
1
01
0
100
1
1
1
1
11
1
1
1
01
1
1
1
1
1
1
1
001
001
1
1
1
0
1
1
1
01
1
01
01
1
111
1
10
001
00
0
1
1
1
1
1
1
1
1
1
0
1
1
0
01
0
1
0
1
010
1
0
1
1
1
1
1
1
1
1
1
0
001
1
1
1
1
1
0101100
1
1
1
1
1
1
1
1
0
1
1
1
001
001
100
1
0001
1
0
1
001001
0
01
1
1
0
0111
1
1
1
0
1
0
1
1
001
100
01
1
1
1
100
1
0
1
1
01
1
1
1
0
001
1
00
0
1
01
01
1
0
100000
1
001
1
1
1
1
0000001
1
1
01
0
0
1
01
1
1
1
001
1
1
1000
0
11
1
1
1
1
1
1
1
1
1
001
0
1
1
001
0
001
1
1
01
1
1
0
1
1
1
1
1
1
1
1
1
1
1
1
01
1
001111
1
1
