11
01
000101
10
1
1
000001
01100000
1
01
0
0001
01000001000
1
000001
1
000100
00001
1
10
1
010000000000000100100
1
0011
00001
1
00001
0001
10000
001000000000
00001
001010
11
00100
01
1
01000000100000
100100001000000
1
1
0001
1
1
0001
00001
110010
00001
01
01
1
000010000
0001
1
1000000001
00100000000
000111
0001
001000
011000100000
0001
0100
001
1
00100
010000000010010000
000001
01000000
1
00010000
00001
1000
100
00001
01
00001
1
0100000000
1
0001
01
10000
1
01000000
01
1
10000
1
1
01
11
0100010000000
1
01
1
0100000001
00001
1100000
0100000000
00001
000001
100000
000001
1
0001
1000010
001
1
01
11000
00001
10000
11000000
1
00001
10000
001
01
1
1
1
1
1
10000000
10000000010
1
01
00100
1
1000000001
00001
010000100
00100
0000001000010000100
00001
1
11
1000
100001
1
000
1
1000000
010
00001
100000
00001
10000
0001
1
000000100001
10000
0000001
1000
000011
11
000000000000001
1
10000
000101
1
10000000
001
1
00001
100000
000001
00
10
0001
1
01
0001
1
1
00001
1
100001001000000
1
010000010
0000100001
100000
00001
0100
00001
100000
001
000001000000
01000
01
001
00001
00100
0100
00001
10000
00001
1
010000010
0001
00001
1
0100000000000
1
1
10000
001
0100000001
00001
01100100000
0100
1
00001
1
10000
1
00001
1000
10000
1
1100
1
101
00001
0100000000000
001
000001
11000010
1000
0001
1
00000001
10000
01
100011
1
0001
11
100
0001
1
00001
1
1
01000
1
000000000001
1
00100
0010001000
00100
1
1
00001
100000
0000010
100000
1
010000
1
000001
00001
000110010000001
01
1
1
00100
100000000000
100000
010000000001
00001
1
1000000
0111
0000
00
10000001000001
100000
1
100
1
11
010000
000001
110000
0100000000
1
1
100000010000
1
10000
00001
1
1000
00001
10000
01
10000
10
01
1
00010100000000000
1
1000000000
1
10000
01
1
1
00001
10
11
001
00001
000000100001000001
1
00001
100000
1
001
000010001
01000
000011
100000001
10000
000
1
1
11
01
0001
100000
1
00001
00000000010100000000000000
00001
11000
01
11
1001
11
1
0001
1
1
1
00001
0001
1
00001
1
10000000
10000
0000010
001000000000
1
00001
1
001000
010011
100
1
00001
01
1
1
1
1
00001
1
100000
00011
1
1
000001
10000
000011
10000
010100000000000
100001000
00100
00001
1000000
1
1
000001
10000
1
000010000000
0100
00001
000001001000000000
1
100
00001
1
100
00001
1
1
100000000
100
1000010000
00001
100
1
00001
000001
1
0001
1
1
01
1
00001
0001
10000
11
01
1
100000010000000
0
0100
00001
00001
10000
00001
10000
01000000
00100
01
0000111
1
1000
001
01010000
00001
001
01
00100
1
001
00000001000011
1
000100
10000000000
1
0100000
1
001
1
10000
000001
1
01000000
1
01
1
00001
001000000
0
0001
1
1001000000
10000010000
1
1
1
10000
001
0100
1
1
1
001
1
10000
0011
10100
00001
1
1
100001000
000001
1
1
100
11
10000
111000100010
1
1
100000
00001
1
100
000001
1000000
1
01
00000001
1
0000
00001
0000
0001
001
11000
00
001000
00001
1
100000000
11
001
1
1
1
0000
1000000000
1
00001
00001
0100000
1
00001
00001
10000
0000001
0001
1
00001
1000
1
0000100000000001
1
1
1
1000000000
10000
010
10001
01000000000100000
1
10000
10000100
1
00100
000011
100000
11
1000010000
001
100010000
100
00011
001
00011
10000
01
10000
0000001
1
1000000000
00100
0000000
00100
10000010000000
00001
010100
00001
01
01
01
1
001000
0000001
11100
001
1111
