0001
1
001
01
1000
0001
000
100000
1
0001
1000
10
01
0101
01
00100001
0000
01
010
10
1
000001
01000
1
101
001
1
10000
1
001
1
1
1
00001
1
10001011
0001
01
1
1
0100001
00001
000000000000
00100000
1
1
1
1
0101
10000
1101
1
00100000
1
1
00100
1
1
01
01000001010
1
1
1
001
1000000
0001
1000
1
01
1
0010
1
1
001
000
1
001
100
1
1
00000010000000100100000000000000000
1
1
00001
10
001
1
1
01
10000
000001
01
1000
0001
1000
10010011
01
10000
0001
1000
1
1
1
1
1
1
1
100000
100000000000
1
1
0001
10
010
00100000
001
1
1
0111
10000
001
001
10000
001
1
01
1000
1
000001
1000
001
01
0001
1
1
1
1
00001
1
01
1
1
001
1
1
1
0001
1010
100001
10000
000001
1
01
100000
00001
01
1
000
00101
1
10
000001
1
1
001
01001
0001
1
11
1
10
1
1
001
001
1100
00011
0001
00001
1
1
00001
10000
01
01
1
000000011000
01000
0001
1
010
1
1
000001
1
1
00010
1
1
000000001
1
1
0001
0001
1
1
0001
1
001
1
11
001
1
1
1
1
00100
10000100
1
0001
001
1
1
00001
0001
10000
1
1
00001
100
1
1
1
10000000000
00100
001
1
01
01
1
1
1
01
1
00011
1
10000
001
100
0100
1
