100
0001
00001
0011000
01
0001
1000
00001
01
10000
00001
1
10
01
01
01
10000
1
01
001
100000
00001
10000
1
01
11
001
1
100
1
1
100000
10
00001
1
00001
1
0100
1000000010
01
00010
001
1
10000
1
01
01
000001
1
01
10000
1
10000000
000001
1
01000
00001
01
1
01
1
01
1
0
1000
1
1
0000
00001
1
1
1
0001000001
1
10
00001
1000000
00001
1
1
00001
1
10000
1
1
00100
0001
01
1
1
1
1
1
1
01
1
00001
10
11
00001
1
1
001
1
10000
1
100000
010
00100010000
01
11
000001
10000
001
1
1000
0001
1
1
00100
01
001
10000
00001
01000
00001
010
01
001
000
10000
001
00001
00001
1
10
01
1
1
11
10
00001
1
1
101000
1
01
01
100
1
1
0001
1
1
10
1
1
1
1
1
1
01000
01
1
001
1
00100
01
1
1
1
10000
10000
010
001
1
1
01
1
10
1
1
01
00100
1
1
00001
1
1
1
1
1
01
001
1000000
1
1
01
01
1
00000
01
1
1
0100000
00001
01
00001
01000
00001
10000
10000
0000
1
00001
01
1
1
1
00001
110000
1
100000000000
01
