1
1
001
0001
001
1
1
1000
001
1
001
1
1
1
0100
1
001
1
001
0001
010
0001
001
00001
010
100
0001
1
1
001
00
0000
001
001
100
1
1000
1
1
001
1
1
0001
001
001
100
1
001
1
001
001
1
100
00001
00001
1
1000
001
11
1
1
001
1
1
10000
01
1
01
1
001
1
001
100
1
1
1
001
001
001
100
0001
01
1
1
001
0100
1
001
0001
1
010
1
1
1
1
1
001
0011
1
100
0001
001
001
0100
010
1100
001
1
001
1
01
1
1
100
001
1
1
00001
001
100
1
1
001
1
001
001
010
01
1
0001
001
0001
100
1
001
001
1000
1000
1
0101
001
100001
001
000001
1000
001
1
00001
1
0001
001
001
1
0011
11
001
0001
1
1000
1
000001
1000
10
00001
001
100000000
1
001
001
001
0
010
1
001
001
1
1
1
0001
1000
001
1
0001
01
1
100
001
001
001
001
100
1
001
0000001
1
1
1
010
1
