011
1
0001
1
00101
10001
0000011
01000000001
1
1
1
10000100000
1
11011
011000
11
1
100010000000
100100000
1
11000
000000101
001
1
1
0000000011
1000001
0000011
1
110000
1
011
00011
1010
000000101
011
1001
0011
10100
011100100
1001101
100000
1
000011100111101010
1
1
1110
1
000001
0001
101
1000
00011
10001
1
1000
1001
0001
00
110
001100000
1
100010000
1000001
1
1
11000
10001000000
01011
0101000000
1
00001
100000001
001
011
1
1
1
01
1010
01111
000100000000
010
011
1
1
1
1
101
1
1111
001
10001
11111010011
1
1010
1101111111100
00001000010
110
00000010001
110
1
000011000000
1
010001
1
1
1
00101
11000000
011
1000
1
0110000000
001
110000000
011
110000000
011
01
0101
1
11
0
0101
011
011
1
1100
0001
01
01
1111
11
00000011
01001
1001
1
0
101000000
11
1
1
1100000000
11000000
1000100000
00101
10010000
10001000000
1
10010000
10
1111
00000101
001
1000
110111
1000001
1
101001
00101
1100000
0101
1
100100000
0000011
1
110
001
000000101
110000
001
011
0101
10100
10000001000000000000001000
1
01010000000
0101000
11000000000
00010000
011
001
01001000
0101
00001
1101
0000001000
1
1
01
00001
11
1010000000
011
0101000000
1
00010
1
1001
101
1
11
1
0000000101
