101
11
1001
01
10
11
0001
0001
11
1
01
1
01
100100000
11
11
100
000
000010
1
1
10
10
10001001
1
1
100
01
000000010
0
0100
0100
1001
001
0001
010
001
11
1
00011
10
11
0011
10
01
10
00000100001
10
001
01
1
1
01
0
1010
0
0001
00100
00000
100
100
001
1
10
010
001000000
11
101
110010000
1
01
01
0000000000100
0100000
1
00001
01
000101
110
11
0
100000001010
1
1001
01
01
110000
111
1
100
01
01
10001
00010000
10000
100
000010
10
1
1
0
000000000000000000000110
01
0
1001
1010000
11
11
10
01
1
0
11
10
1
10
1000
001
0
1100000000
001
101
1001
0000000
1
01
101000
0101
0
11
10
10011
0001
100
0
0
11
010010000011
01
1
1
1
100001
00
100
1
1
0101000001000
000001
011
11
1
1
0100001
1
110100
101
10
1
01
0
011
001
101
010
1
00001
11
11
100
01
01
0011
1
10
0
1
1
11
001
00
11000
0001
1
101
11000
0
1
0010
1001
11
01
1
1001
010000100001
0
01
100001
100
1
100000011100000
11
001
11
1
00100
11
1
00
100
00001
11
100
100000
100
1
0
001
0
011
10
10
1100
000101100100
0001
000100
00000000
100
11
0
000101
1
10
00001
01
1
11
1
1
001001000
001000
1
011
1
0
01000001
00000001
100000001
010100000
01
11
10010
1001
100000
10
10001
0
1
101
11
10
11
01000101
1
010
0
01
011
001
0110000011
0100001
100010000
011
0101
0100000
1
1001
11
110
01
011
11
1000
01
10000001
001
000101
1100000
000101
01
01
00
10001001
01000100010010000
001
01
10010
0
0
1
0
001
1
11
1
10
10
01
1000100
00001
1
10
1
11
00000011
001
1
1
0
01
00110000
0
1
11
1
100010
11
11101
1
101000
10000001
11
110
11
001
1
11
100
01
11
11
001
00100
01
11
0
000001
101
10
1001
01
0
1
0000101
01
1
101
01
11
001
01
0001001
0
1
1
0
01
01
001
0100
011
000100001
101
001
00011
1
11000
1
01
10100
1001
100000001
1
101
1001
1
10
1
000000001
1
0
1
1
11
11
1111001
11
1
001
1001000
000
101
1
001
0
01
0
011
011
11
110000
1
01
00001
001
01
0
11
00
00
1
01
00
001
11
01
10
01
11
01
01
1
11
11
1001
01
1
1000
001
1
1
0001
10
00001
00001001
001100001000
01
100010000
01
1
1
1
1
0
11
1
010
01
1
01
001
010
0
1
01
001
11
10000
0001
00010000
001
001
01
11
01
011
000111
10
00010
1
1
10000
010
11
001
010
00000001
1
1
010
