0
0
1
1
1
01
1
11
0
1
0
0
1
0
11
001
11
0
0
10
0
0
0
00
0
1
0
1
0
00
0
00
0
1
0
0
11
001
0
001
0
1
11
11
1
1
00
00
0
1
1
1
0
1
0
10
0
0
0
1
0
0
1
0
1
1
1
1
1
00
1
0
00
0
1
001
1
00
0
1
11
0
0
0
1
1
0
0
0
10
0
0
0
1
0
1
1
0
1
0
00
0
1
010
01
01
0
0
1
01
1
0
0
1
0
0
0
1
0
011
1
0
001
0
01
0
1
00
0
1
1
1
1
11
1
00
11
1
1
1
0
001
01
0001
00
1
00
0
01
1
1
1
0
0
0
1
0
1
1
0
0
1
0
0
0
1
0
1
0
0
1
0
0
1
01
01
11
10
1
001
0
0
110
11
0
0
11
11
0
0
0
1
0
0
0
0
001
001
1
00
001
0
01
10
01
1
0
0
1
0
01
0
0
1
00
1
00
1
00
1
0
0
11
00
0
1
0
01
1
0
0
1
00
11
0
1
1
1
11
1
00
0
0
00
1
111
1
1
0
0
0
0
0
010
1
0
10
11
1
01
0
0
0
00
1
11
1
0
001
0
0
0
0
1
010
01
0
0
1
00
0
0
1
00
0
100
1
00
1
1
11
10
11
0
1
10
000
1
1
0
11
0
000
1
01
1
11
1
001
00
1
11
0
0
1
1
1
00
1
11
0
00
00
0
1
0
1
11
1
1
00
0
1
0
0
0
0
1
11
0
0
11
1
1
0
01
0
1
