101
11
1
001
11100001
11
11
1101
0101011111111
01
1111000000
1
000001
110000
0001
11
0110000
11
01
000011
0101
1
11
1
101
1111
1
11
01
101
011
00110000
11
101
1110110
1
1
01100000001
010000010
11
101
11
11
11
01100001
1
11
101000
0001101
1101000110000
101
101
11
11
1
1
010001
010111
1
11
01
10011111
11
10
00011
101
0100
11
11
01
1010110
1
1
01001
110
0101
01
01010000000000000000
011
1111
011
1111
11011
1100010
000001
101
110001100
11
1
1110
11
100
011
1111
111
01101
1
1
101
01001
0001
11
1
10111
01001
10101000111
111
111010010
01
1
11
011
01
101
011
011
11
1
1
1
1
1
1
11
01
1
1
1
011
1
1100
11
101
001
000001
11
101
1
10110011
10010001
1
1
1
001
0001
101101
1
000101
11
100
01
1
11
01000001
11110
011
11
11011000
1
1100000
100101
1
11
110000010010
010000
010000010000010011100
001
1
010001100
101
011
010000
011
11
011
11011
001001
1011
10001
01
11011
1000010
10001
11
11
11
1110
101
0010001
11
010
1011
1
11
1
1111
11
1
11
1
1
0011
100110
1
110101
111
1
101
11
1
1
01
101
110110
11
0100000100
1
011
11
010101
1
011001
1
1111
11001
111
1
1
11
11110110011000
1
11
1010100
101
11
01111001011
110000011
10101
001111
01011
11100
1
1
11
11101101000
00000011
111011
101
011
1
1101
1100001
0100001
10001
1
1
111111
11110
1
1
0111
1011
1
11
11
1
01
1
10001
1111
11
000
11
111111
1100
0011
100
01000110
1011
0010001100000000010
11
101
10
11
1
1110
0010101
11
11
1
1
1
1
1
101001
1
1
1
01011000000001
1
110
11
100110011100
011
0111101
111011
11001100
01111101
11000
101
111
1111
110
01
11
01
111
100110
0
000001
1
1101101
11
1
1
1000100
1110100000
11
11
101
011
1
1
0001001
01
01
011
1
11
11
011
11
01
11
1
1
011
0000001
11
01
111101000
011
0001
11
1111
100001
1
101
111
1
1
0011110111
110
0000011
1
101
100000100
1
11
11011
1
110
11
0001
0011
0001000001001
10000011100
1
0001
1111
1
1
01
110
1
01100
10000010
0011
1
010001110
010001
1111
100101
1
1
101011
110000
11
11
11
001
1100
1
11
101
11
100011
110
0001
11
111
1
1
11111
11
11
1010
1
111
1
1
1001
0011
1111
10000010010010011010
1
1111
11
101
1
11
01101011
001
011
1
011
1
1
001
1
111
11
100
0000101
1
01101
101
101
01
111001
11
100
1
1
01010001
1000110100
111
011
101
110
01
011
11
1000001101
11
01110000
100101
11
0110011001
11
11011
1
1
11
01111
1001
11
10
11
11
11
101
1
01
11
110
011
010000111
1
10
001
01
1011
101
011011
1111
1
111
100110000
101
10000011000
00011
1
011000000
011
001
100100001
01011
1
1
11
1
11
11
1
00111
100110000
01011001
11100
001
1
0101
101
0110001000000
111001
1101000110100
110
0001111
11
1
011
1
