101
011
1
100111
1
11010
00010000001
1110000
1
11
1
1
11
0101
11
1
010011
11
001111
1110
0000010001
1
111100101
011
0101001000
1
1
0000110
1
100100
1
11
1
111110011
11110001
111
1
1
11
1
111110
0111
0001001
1100
1
0000011
1111
11
1
1
011111
001
11
01
11100000
1
1
011
1
1
1
1
111101
000101
1001
111
1
111011
1
001
01010000
1
1
1
110111011
010
00111000000
1
1
001
10000
11
1000010000
1011110
010
1
1
1
000001001
1
111101
0000100011
000011010101110
11
1
1
1
1
1
011111
1000
1
1
00000100000000110000000001000000100
1
1
00110001000
1
1
1
01
11
1
1110
11
11
1
1
11
1
1
11
0111110
1
011111
1000100
1
11
11
11
1
001
011000000
1
00101
11
1
1
1
1
01000001
0000010001
1100000
01001
111101
1
1100000000
1
1
01100000001
1
001011111
1
11
00001001
1
110111110
1
0001
011
11
1
1
1100
01010000000
1
11
1010000
01
1
1
011111
1
1
11
01
1
1
1
1
0010001
1
1
1
1
1
11
1
1
011
111101
1
1
10001
11
1
1
1
0011111
11101
1011111
00011
1
11
11
1
011111
1011
1110
01
1111011
1
1
1
010001000
10001000110010000
1
10100000
1
00100100000000001000001011
1
011
01000001
011
1
1111011
1
1000000010
1111
1
1
1100000010000
1
111011000
1
1
1000000001
111100001
11
1
1
11
11
111111110
01
111101
1
0100011100001
0000101
1
111101001
1
1
1
11
01010000
1
11
110
11
0
1
101111
1
1
11001000010001
1
10100
1011111
00101001000000000011
011
1
1
1100010
000111
11
1
1
11
1
1
11011000001
01000101001001000
1
1
1101
111
1
1
11
11000000
10000
1
11
00010001
1
