00001
0
1
0
0
1
0
1
1
0
1
11
0
0
0
0000
010
1
11
0
10000
00001
10000
00
00001
0
1
01
0
0
1
1
0
10000
0
0
1
01
1
1
01000
0
00001
0
1
11
0
1
0
0
0
10000
1
1
1
0
00
10000
0
1
00001
00001
1
0100000100
1
00100
0
0
1
0
1
1
1
1
10000
1
1
01
00001
1
0
1
00001
1
0
0
1
0010010000
001000
1
00001
00001
0
1
1
1
0
1
1
1
1
10000
1
10000
0
1
1
0
1
1
10000000001
1
1
1
1
0
0
1
10000
0
00001
0000000010
0001001000
00001
1
1
1
1
00001
1
10000
0
1
1
0
1
1
01000
0
0
0
0
1
1
1
1
1
1
0
1
0
0
1
1
1000
000011
0
1
10000
11
1
0100
1
00001
0
001
10000
1
1000000001
1
1
1
0
0
1
11
0
0
00001
1
1
1
1
0
1
0
0
1
1
1
0
1
1
10000
0
1
00001
10000
00
0000
1
10000
0
0
00001
1
00001
0
0
0
10000
0000
0
0
1
0
1
0
0
00001
00100
11
0
1
0
1
0
10000
1
0
1
1
1
1001
1
0
1
1
000001
1
1
0000000011
1
0
0
01
0
000001
1
0
1
00001
0
1
1
0000
1
0
1
1
0000
1
0
1
00001
1
10000
1
1
01
0
10000
00001
1
1
0
1
1
0
111
0
1
1
1
0
0
1
1
0
00001
1
1
00001
1
0
1
1000
0
0
1
1
1
0
0010001000
1
0
01
1
0
00001
0
1
1
1
1
00001
0
0
10000
00001
0
1
100000
1
00001
1
1
00001
0
1
0
1
1
0
0
00001
000011
1
1
0000100001
0
0
