11
11
1001100001
1001000
11
1001
11
11
10100
11
11
11
100010
11
11
11
0101
101
11
1001
11
111
11
11
00010001
110000
11
11
10100
11
011
11
11
101
11
011
011
0001
11
11
11
101
11
00101
11
11
011
11
0011
11
0010001
11
101
101
1
11
11
101
000001
11
010001
11
10010
011
11
1001000
0100010
11
11
11
101
11
0110
0101
101
1000001
11
11
001001
011
11
1000100
11
11
01000001
010010
11
11
11
11
11
11
100000001
11
1010000
1100
11
11
11
11
000011
11
00101
0011
11
11
011
11000
0010001
11
11
1000001
0011
1000010
100010
001001
10001
1001000
11
11
11
011
0100100
11
0100000
11
11
11
11
11
00010001
011
0101000
1000000001
11
11
11
11
00101
0100111
11
11
11
101
101
0010010
11
1001
11
11
11
10100
1000100
11
101
100001
11
11
11
11
1
11
00011
100
