000111
111111
110000000010000
111
111
0000100010000
1
1101
0110001000000000
0111000000000
0111
1
1110110
0110001000
0100001000001100000
11111101111
0111
011000001000
11111
1101
110000001
111
11010000
0110000100000
1010010
1111000
000010100000001111
11000001000000
0110001110000001
01000000111000001000001
11001
111
110000100000
1
0000000000000
1111111111011
1101
010000011000000
01011
010101001
11010000
111000
111
1011
111
111
1011
00010011
000000100
0111
00000000000001010000010
111
00001011
1000110000
1101000
111
1111
111
1
1110000110001
01101000
111
1011
11111100
100011
1000100010000
1011
0001001100
11111011110111001
0000010001000001
1110
0101
11101000010000001
1101111110
11100
1
1
11
0111
101010000
111
10000000
110101001100
1011
111
0001010001000
0111111010010000
00000001101000000000000
100010001000000
0111
1101
010000100110000001
11100
11101111101
011100010010000000001
111000000
00111
0111
10011
111
0111
000100011
1110
111
00
1101
1
1011
1101
1110111
000011100000000000
1
1110000
11110000
1000110111
01110100
111
1
11000010000000
111
10101000
01001000001
111
0000000100000
011001000000
1101
00111
10000100001
100101
011010100000000
11011101111
001100001111
111
010010001000000
1101
111
0111
11
1110000101
1
1110000111
11000000001
100010001010110000000
110000001
111
1111
011000001000
111
11000
01100100000000
1
0111
11111100100
1001000000010000
11111
11110100000
000000
1110
1110001
000000000111000000100000
1101000
00010000000010
0111000000
111000000000
111100000001000100
111
100100100000
1
111
1
111
111000
0111
01110000000
1011000
000111
11100000
001111
1
00101010
1
0111
10110
0101000000001
1011
1101
111
1111
111101
111111111101
1101111
00
111
110100
1101111
11010000
00111
1111111
1
1000011
010111111101
1011
1
1101000
00111
0110000000001
100001010000
011000100000
1
0
0000111
111
010001000100001000100010000
011001
1101000
110000001
10100001000000000010010010
01110011100
000
01000000110011001000000
010000110001001100
11011
01111
111
1
1101000
1
0010000001110000000000000101
01000101000000
0100001001010110000
10001100
011000010000
0111
10101100000010
1100101110
11001
00010010001
110010
11
1
11100
011010000000000000
11000010
10110000
0111
111
11010
000000010101000000000000000000000000101000000000
01110000000000
001001
1101
0111
0111
0001001010
000101001000000
111
01100001000
010000000010000010001001
0100001000010000000000010
100010010000
0000111
11100
11111
0100101
1101
0111
1100010
100010001000000
01101
0111111000000
11100
10
1
000100000
0111
100001100000
10011000
1101
10101
00111
1101111111
0001010010000010010001000
111
1000100010000
000110000001
