1111
000000101000010000
100000000110
111
0100000001010
10000010000001000
01001010
10000000110
00000110010
00010
110001000
0100001100
10000000100001
100000110
10010
10000011000000
11100
100001000010000
11100
01000011000
10000000110000
10000010010
10000000000110000
01000010001000
10000010001
000100010010
111
0111000000000010100
1000000001100000
1000000110
111001101
01100001
100010000000
000000100000100000
010000100001000
000000110000100
1000000010010000
00000101010
0000110001001100000000
001000
01000001100
01000000000011000
10000101000000
110100000
0000000100000010101100
0000000010100
0000000000010001100000
0000010000010000
00000001110000
111
111
0000000100010001
001010100
10001000001
10000100000000100000
01001000100
1000010001000000
111011
00000000000010001
000001001010000
10011
100000110
1010000000001000
01100001
01000011
100110000
01000001000001
01001010
0000101000000010
10000000011
0000010000000110
111
000010000000011100100000
010000000101010001000
0111
0000100001001
0000001000000100
10000010001000
010000100001000
0100000101000000000
001110
010000011000
1000000000010100
00000110000110001
110001
1000100010000
1000001000100000
1100001
100000010010000000
1000110000000000110000101000
01000001010
00000010010000
10000001100
000100000000001100
10000000000101000
10000010001000
010001100000
100000101000
10000110
101010
01000000001100101000
01000100000010000100001000
10000110000
0000001010000000111
1000000010010
0100000100000100000
00001001000010
100000100010000
01001010
0100000100010000
00101000001000
1000001010
01011
01000000110
011
00001001100000000
10000010010000
0100001010
01000001010
0001010000001101
10000001000100
00000011000001
