0001001011
000011010000010010000000
011111000010
1
1000010
1
000000
10
11111000000001000001000100000000000000100
110010000
0011011
10110
010001100010000
0001
110000010101
0001
00001111000000010000000
0110000110010100101
0111011000
100011111010001000101011110001000100100101000100100
1
111110101000000010000000010
1
00000001110010000000000100
1
10000
100100001
011000101111100
0000000000000100001000100000100000
0111
110001000000
0010101010001100000
000110100
1001110010
1011
010100
01
01
1000001100001
1000
110000100000100
10100000011
001
011001011001010100111
011001101001000010100010
1
10010001
000111
010100000
010010100000
10101011110100101001000110
1
011111100001000
1
10010001010010000
110100001001001
1101010
000011
010101000000001001
00001000000001
01100011
100
011111
11100100100100
01
10001
01000
0100010010010000000001000111
1100100010000
1
01011100000
11010101000
010011011100011000000000010101000
1
010100010000001100
10111111101111100000001000101
1
1
101000
1101000100000
1010100100010000
100000001100011000010001010
11111101
11100010110
0101101000001001000
110000000000
0111
110000101
1
0001
00001
1
100
0100010000011001001001001100
1000
01
0111100001001000
1000101
11111100110110010
100000
0110001101
01
01011101111000000001111
0001001000000101001000100000100
1000
0101000010001100
0010100001010000000100001000000110101010001000100000000010001000110010110
0111101100000110
0001
10001000000
0110001100000
1
11001000000100
001
1
01
1
1
111000100
0101000001000101110
01
100011100011000111
10
010001111001001001
011111000100
0111
0100100010011000000100000000101
100010000101110101100011010100001
1
11100
0001
111111001
110001100001001000
0
10100010000000000100000001
100001
01010010001000000
10010011010100100110
11
001100110001000110000001000101
00111
100010001
1
1
000
01
1
10
101010001011000000100011
1000
0001
0000001
1
00010101000001001000001
100100100001
1011100100000010
11111011100
010001101000000
110000001
010010100000100010001111101111
01
1101
1010010010
0010111
101000
01100111
1000100001101001010011100
001010100000000100
110010001001
0011000000010
0100
0001011
0100000
001
000001
1
000101
01
1101100100000001010
000000001
1
01
0001000
00000
111110
000000001000000000001001000
001
1101000000000011001
00001
1001011
00001
010101000100
1
1
1000100100
100000010001000
1000
1
1110000010
11
100001
1111101
00000100000
0011001010101100001000000000
1
1010010111111000110010010000001
0100100011
00001
0100001100000010000100000000
01
1101000100001000
1
1
100001000010000000110100100001001000000000101000000000101000000100000
10000
110100110000000
1
1
1
10111
111100100
0100100000010100
10
1
0001
011000010000001011010
1
1
000
0010110001000100010001000
0100000000
001
1
01100001
10101010000100001000001000110000010
00101110101111110001100000001010
000010000110001000010110000100001000100110000010000
101
11000
01011111
01100011000
100010000110000
1111110
01
11100001
0011100000100100
1
100001000
11101
0110010011000000100
1000011010111100101001010000
0010100000100101000110001001010100
1
001
0001
10000
1111010000010100000100
11000000000100101100000101
011110101000
10000010000
011000000011010101111
1000001001000010100
01
01000000010
011
01
010100000
110001001001001100010010
00011000011000010000100001001000100100
0110000001010101010010001010000
1
111001111010011
110
01
101111111
01
01010010011100000000010010001010
1
101
1
000000001
000001
11001000000001010
10001001000000
110000100110
0011
1
1
010010100100001000
0111101100100101
1
01
011001010100
1
1
01111100
100110001000010000
1
11000001100001001100000001100000
110000000000011001
1011011
1001
0001
11000010000001000
1
01
1
00000001010010000001101010
01100000011001101001000000010000110
0000000010001100000010001
01100011000010000000011001010
01
11100001100000
010000110000
11110001
011
10
0111001000001001
100001000
001
01010001001000100
01
10100000
000001
111
1
0010101000000000
10000
0111
001111
1000
01111110110000110100
00101100000000001000000000000110010001000101000001010100000
01110101
110000000101
11100100
01
0100100
011101
1000
011100001000
0100000100001101
10000
000010011101100101000101101011110
1
01110100100111
1101000
10100010000
1
0010101010000001
100010010000
0
01010100000101100010101111000000000
1
1
01000
0001
0001
1010010000100100001000000
100100
0001
001001111101000001000
11100000100
1
01
011010000101
0100000101100011000010011
101000
000
100011000010000000000
10111111010000101010000
100011010001000100000001000011
1111101110
0110011
11
1000
10100001001001
0100
11010001100101010010000110010000100010
0011101010
11
1
110001000
0001
10001011110000010000
00100
1
01
0001
111111010010000
01101010001010010010011000011
1
011011100101000
00011001
100
100010010000010000010010010
0111
0100
01
11
100010001000000010010
01000001
11
1
1000
00001
00001
1
100010
0000110100000000
110000001100001
1100010100001001
00000100010010000000000111
001000000001000011110000000000000011011000010
000100
00000010100010101100001101
110000
10000100001000011000100001000000100010010100001
00100
11100100001010
1
100
1
000001000000000
111101000010010
0011000101000100000
000110001000110000010001000000100
11
1
01
100100001000000010
111111101100
1111
1100001
010001101011000
1
1111
1000000010100000
01100111111001010000
00001000101000000000
1
010000000
1111101000
001011000011
000100000000101010110100000010000000
11111100
01111101010100
1100001010001
1000011100110100000110000
100001110000100000100100100
01
10
1
001
1
1000
10000010010000001110010000001100000000000
10000001000
1111110
11
0010001110001
1
010000110000100001000000100001000101
0000
00001
1100001000101000000
0110011100000001
10
111010010101000
10000
001
110
0001
1
1
1011000010
110000100000000
11
00000000
0001
01110100000
0000010101000000000
100000001
0001
1
00001010001011000000110000000000
100101001001000011101
100000110101101000111
00000111111111001011011
0010011111
1
1
00101011001100100000001000100
00011
0110101
1
01
111000100001110010
01
011010011100000
1
1000010000
1
00
1
001011001000101000
1110101
0101001100101
1010110011111100001100010010
110000
00000001010110010011010000000100
1010100100100
01
11
1
110000010011100
000001
10000010
1
111111
101
011001001001000
100100000000
1
01
0
1
1101001001000010101
01
111111
000101110001000110000
11011
1
10000
000001
010101101001
101000
0110001
1
111100
011000
1
101011011011100001000100001100000110
1
11
101100101000101
10010000011010000100000100010101111
0011000000100000000
10
111000000000000101
00001
10000
0000110001
100010010
001
1
1
1
1100000100000110000
01000001010010000
1
1
100101000100
00001
00000000
011111100000100001
111
10000010000
11111
0110100000001000000000000011000001
1
01000
1001100110010000001010000
1000
01
110001001111100
01000000001000000000010
1
10000010
0000
0000100100000011111000000100000000001000010
1111101110011010000101100
1000100001000
11011
0011010110001001100000000001000
100010010100000000001000000
110100
1
11100011010001100010
0
01111
010000001
0001
10010010010000000
11011101
110001000000000100000
0000100101100001000000010001011000000011001100010001000001001
0110111000000
0001
100001
100010000000
100100010001
10001000
1011011
1
010000001
01
00001
1
01110000011000
10111001
1111101
0000110001100000011
110000
10000001
0001
01110100100
10100
001000000000000
0001
1000
01
0001
1
11001100000
1000001
00100000000000000000
01
1
0110000000000100000
1
00001100000001000000000000001
100000
01100
01000
1
1
01
1000000001
00011
1
01
1
10000
1
00001
1
1100001000100
100001
010
0101010000000
100000
1
01010011111011101011000
1
0
110111
1111111001
01
110111111111111110100101010111
1
1000
010000111001010011000100
1
11000011010100000
0111100000
0001
1000000000
00111
01
10000001000000
1
000101000110101101000000100000100010
1000
00100100010001000100001000101000
1011000000100
1000
100010001000111
010000101000010000000000
10100101000
11010000100
0001
01
1
0001010000110000000000000
10000
110001100001011000011000
111100
11
010
110111011101
000110001
10001001
01
1011100111
00110
110010000000000000
1
1
10001100010010011001
000110110000000101000
0100100100000
00001000100000110001001000100000011000
1
01001101101100000001011
0001
1111110000100
0111
11010100001
0001010001
11000
11000011001000110100
00001
011000
01
1001100011000000110
1100010001000010000010000
101111
100000010
1
00110010010000101010000010
01
10000
1
00001
010011100101
10110001
1000000001
1100010000001100
10011101
10000
001101101000100
00011000000010010110000000000000000000100
000000010
10
00010110001
100010000
0000111010000001000
000110000100000100110001
10
0000001
110100110
10
00001000101000101
1
01011101010111101
1000
01010000011
10100100100000111010000
01
1
111100010
1
1010101100
1001000001001
000100100010000010001100100
1
11110001000
1000010011000000
10000
1
0100010100000
01000100001
1
11111100010
111
0001
1000000100010000000
11100100101001
00110100100001
01000101010000010010000101
11111111110
1000
1
10011110
00010100101100000010000100
01100100100000101
110100000000100
011010
1000010011001
10100001100001
10001011101101000100001100100
100111
010
00001
1
10
11
100
01100001010000000100
111100010
111111
0000001
110011
11111111110000100100
1
1
1
1
1
0001
