111
1000001010
001001
1
011000000
1
1
11
1
1
1
11
10010
0001
0100000000001010
11
11
10010000
11101111010000000001
1
0011
11
11
1
1
011
000110101010100000000010000
010000000001
1101100100000000
1
11
0
1000000
11000000
1100001000000100000
011
1000001100000000000
11011001
1
100001000000000
01010000
00
1
101
000100100100000
1
1
011
11
0101000000100001000000000000000010001
1
1
000111
11
1
001010000000
00000110010
11
000010
010111
100101
11
111101001000100000
11000000
1100010000
00110
0011
10000010010
1
1
011
1000000010
010011100001
10000000
01
0011
111000
1000000010000
1100100
100000101101
0
010100
100000010000000
1
1000100
1
000001010000000
1
100110000100010010
01
1
01000100
111000100
11
11
111101100000001
1
11
0100001
1
11000000000
100000001010100000100
10001000000
1
0111000010000000
11
0101000000100
1
110000
1011
111000
110000010000000000000011
0110000000000
011011010
11010110
00111
01000000
110001
001001000000001001
11010001000000
011
10000000011
1
00001
1
10000001100000110000001
1
1
01001
101
10000000010
11
11
011
1
1
01000101
1
0111
100010000000000
010001000010
11
1
10010000
010010000000001
11
10001
110011
110000000001
11
000100010000000010100000000001000010000000000000000000000000000000010
1
011
1
1
11
1101
11
000000010100000001
11
10100000000000
0111
011000000
1000010000001100
11
1
11
0100000000001000
1
00010
101000000001
11
1101
1
01100000100000
011
1
1001000000100000
10100000000000
0111
11
110
00001000001
0100000
011
011
111
111
11100000001
11
010100000100
0011
11
1
11
11
00100110
10100000
01010100100000
00001001
1010
1
1
1
1
111
001011100000
10000001
0110000000
0000000010111000
0111
11101
011
100010000
1111
1
1
1
1
11
10000010
1
0101010000100000
0000000000000
1
1110000100000000000000
11
011000000101000000001001000000000000
0101100000100001000
111100000
011
11
1
00000000001000000
11
1
011
1000000010
11
1
11
00000000111000000000000
1
111
111
1
11
101
1
1011111
1
1101
10001000000
1
0000000
111
11
0111
11
110010000000000
11
111
001
01100011
11000010
11
11
1010001
1100111110111
1
001010000
111
1
11
1
1
1
11
1
1
100001000
100
11
01001
1000000010011001000
11
11
01010000000
1010000000000000
000000100000
10000001
110101
11
001
000011100000100000000
000001000010
11111
11
110001
010100100010000010
0001110000000100
0111
111111
0
0001
11
1100
0100001000010010000001000
11
101
0100000010
1
01001
1
11111001
0100010010
0111
000011011000000100000
000101000000000000
0001000000001010
110
1
11
11
100000100
010000010000001000000111
01010000010
11
010110000000000000
11000000000010000
0100100010000100000
11
11
1100000100000000
1
1100000
01100000
1
100001100
01111000100000111
1
0101
1
001000000
01000001
1
0000
10100
101
1100000000
1000000100001000100
11001000111100
00010100000
11
1010001
0111
1
00000000
101
110
11
11
01000000010
1
110111
00111110
1
1
00111
1
11
10
1
000000011
1
10010000
000101
1
1000100000100000000000100010
1
11
111000000100110000
011010000
11
111010
1
01000000000010
10
00001
000000000000000000110101000000000000000001000
10
000010001
11110
111
1
10000100000100000
1
11
1
11
11
000010011110000000
1111
1000001
1
0001000
1
011000100100100000
110000000001010
1
1111000100
100000
00100000000100000000010001000
10000100
0100000000
10100100000100010000000010100010
0110001
1
11
1001010
11
01
010000010000
100111
1
11
1
01010000
111
1001
001
100000011
01
000000000000000000
000000100000000100000000000100
1
000000000000011010000000000000000
11
1
0011
01000010
01000100100001000
1
100010000000000
110
11
11
1
0111
1
1111
11
1001
11
1
1
11
11
00000010110000000000000000
11
11
11
10010000000000000
1
10000001000000
1
10000000000
01001001
10
000111
110100000
1
01
00101
11
11110
0000110
1
1001101
1001
1010000
10111000
001001010001
110
000000100001
1
1
10010
10000100000100000000000010000
010010000
1110000011000100000000
1
001000010000100110001110000010001001000101000100
0110000110000
1111
1
00
01111
10100
1
1
1
11110000100010
1
010100100010000001
11
1000100000
011001
000001000000000000010010110
100010000
1
0011
001
111100
1
111
1
000111
11
00001000
011011
1
0110
111
10101
1
11
100110
1
111
000000011100010000000000000000000000000000
111
111
1
000000
11
1
1011000000100000000
01000010100000101000100000000
010100000
01001010
001
111010000
11
0100
0111
01000100001
01000010010
111
111
11
011
0000010011000010000000100
1
11111010
11
10100010000000100000001
10110
11
111
10
1
1
001001000000
111
11
11000000
11
1
1
1
0011
11010011
10111
00110000
10011110
11
11
1
10100000
101101
1
11
10100
11
0111
01010101
00000000010
10001
00001001
11
1
00110000000010100
1110000
1
11001
00010000111
101
11
11
1
111000100
000100010010000100000100000000000000000000000000
11
11
111
1000100000000
1
11
1
1111000
1
0111
1
011000000
1100111
11110
10000010001000011000000
00001100000
00000010000
11
00011
1110100
00000111
11010011100
0011
10001000001100
1
1
1000001110
111
01100010000001
1
11
011
1
1
1
100011000100010000
000000000000100001000000000010
1
0000001001
1010110000
11
1
0110001000000
0000111000000000000100000000000001000100
11
00000110
0
10111
1
111
1
00
11
1
011
0001000000001100
0000010011
1
1
00001000000000
1
10110010100
0000
11
01011011000010000000
001000001000
11
10000010
11
10001
0000001
001010
1
