000
1
01
1
1
1
0
1000000
0001001
0001
1
00001
1
1
001
0100
1
0001
00001
1
1
1000
000011
100
0001
100000
001
0001
01000001
01
1
101000
0001
1
11
000
10000
00010001
1
1
10
1
1
1
01
0001
100000
100
001
1
01000000000
1
1
0001
10
000001
0001
1
1000
1
0001
000
1000
1
1
000001
1
1
1000
100001
0100
001000100
1
1
0001
1
1000
1
01
1
1
01
10000
1
1
0001
1
1
0001
1
1
100
1
000010001
1
1000
1
1
1001000000
01000000000
1
1000
1
0001
0100000
01
0001
0001
110000
1
000001
0001
1
00001
1
00001
1
0001
0001
1
1
1
1
1
1
000001
1
0001
1000
011
001
1
01
01
1
1
001
00001
1
001
10000
1
001
000
1
10000
00001
01
1
1
1
1
11
1
1
0001
0001
1
1000
1
0001
1
1
1
1
1
1
1
11
001
11
1
1
1
001
100
1
0001
1
01
1
1100000
11
0001
1
0100
1
1
001
001
11
1000
001
1
1
1
1010001
0001
001
1
1
1
001
1
0001
101
01
11
1
1
001
1
1
001
001
1
100
00001
1
1
1
001
110
01
1
0001
11000001
1
1
01
001
1
100
00001
1
0001
00101
1
1
0001
1
0001000
1
00100
001
0001
10100
001
1
1
0001
1
1
1
1
10
01
000001
1
1000000000
00
001
01
010
001
01
1
1
11000
1
0000100000
1
000
01
1
1
1
001
1
10000000001
1000100
1
1
1
1000
0100
00010001
0001
1
00001
0001
001
1
0001
1
0001
001
1000
001
001
0001
1000
1
0001
1
1
1
0100
00010
1
1
10000
1000
00001
0001
100000010
00001
100
1
