11
11110110000100000
011001001000100010
01
010
101010000
11
1
11
11
01
1
1
1
110100100010001010100000000
0010100000
11000001000000
001001110010001
0000000101
1
1
1
1000100100000
01000010
10000000111
010010001111
101
111101111
0
11
11101000
0101111000010010
01110001011100000
1
10
01101110110100000000000100
011
1110000011001
1
01
111110001000001
1
11
1101011001
11111000001
1
1101011011101100000100000
01
0
11101101
01
1111101
110100001010100
000
1010001110010100
111
1111
10100
0001001
0011000000001
11
11
0000
01
0
10001000011
0
000010000001
11110000
000010001
10
0
1
1
1111101011
1011000
00010
01100000000010000
1010110100001
1100
1
01010000000000000
0
1110
01100000000001000
1111010010
011
011111000010000000
0011
1
01111111011100
11
010001000
11101000010000001
00100
00101010111
1
111
1
00001000000
0
0110001000010000010000001
0
1
1
010000010
1
1010001001
1
00011
1110101110
1
1
100010000001001001101010000000000000000100000
1000
0011000
1
001100
11
1
000100100000
0111111
001000001
1
11
111
10
0011
101
1
1
011
0
0110000000000000001
1
1011011100
0010101000
0
0000001001000000011100100000100010001000001110
10101010
1
11
11
0110000011
0000111
100010000
0
000001000001
01
101111101
1010
01
0111111
110010000100
0101
1
1111101
0
11
0100010001000000000
00011
0
00001000001
0
10010
10001101
00
111
0111111
1011111
10000100
1000000010000
001
11
1010100101001001000000000
0010001000010100101010000
10000000
1
01111
11
1
0101
000001
1
1
00011000
11
1111
0100010001001010100
0
1
100001000
1
00101
100000010000
00
0
1
1
1
11000010000
011111011
01111
0000
11
0001000000001
100100
1
000110000
01
101011
011010000
10111
111010
1
010000001
101000001
11
01000010010000000
0
001111010001110001
1111110100
10
010
000010001
0
111
11
10110000
0100110010000
11
10000000
1
0
11011101
1
00010001
1000
01
000100001110010001010000000000001100000
1100
1
1100000011
011
1
00111
1
100
0
1000001
111110001
000100001
10
1111
0
0000100010001
11
1001001001
0
000111011011
01
110
00101
00110100
001101111100011100000
1
0000000011
1
111
1001
1
0
1001
1001
01110111
01
11
1011001101
111
10100
1
01111110
1
101010000
11
0
1000000000
1
1000000001000
001
11
1101000
1010000100000
1
0001000000001
11001101001
0101000
00100
01100010000
11
0001
111110101
100110100010000000
110
11
1111100111
01010010000000
0
0001000011001
100011100000001100
1000000000
1100000001000
100001000
001110001001001
0
0
111
0
1
1
111111
1001100
11
1100010000
11
111
1
0011
0
0
101011010100100
11
1100101000101
1
1000010
0
111000101000100
11
11
001
0
1010110
01001010100
0
10010000
11
1
0011111
100100
01
001011
1
110100100
11
1
0111001001001
010100000010
0011101001010001100101000
100011000
11111111100
010001100000
0
00111111
10100010000
0
0
1000010000
11
10001000
01001000011
0100100000100
011010100000011
00
01
11101000101000
0
111
01100111000010010
100001000
10001101
1000000010
00101
00101100010001101
111000000100
10000001100
1
111111001
011
100111011001110000
0
100000001
1
1
1101
01100001000000000
1010
001
1
0100001000
000010001
0
0110000
11
10001000000000
01110001000000000010000001000
0
111111100000
1001100
11
010001000
000011
01101000
1
1
11
1111101000101
1
0000000000010100100000000001000000
1000100
11
001
110011110000
111
1000100000
1111001001
01
1
1
11
0101101000
1
1
0001110111110000000000100
111
11
0
1001111110001
100000001
11
0
1
1
1010111001
01
0111
11000
11111
1
1
0
1000001
00
100
1
11111001
1
11
01
10100010001011
11
0
100100
11100011010
010000001000000
0111111
1
111
00011
00
1110111
1111101
100001000000000000000
01
010010000
1
10100000
0
010
00010001
11
1
0
0
1
11
1
101000001100010010
100001100000000000010000
1
0
11
0
101100101000010
1
1
1111
0100101000000
1
01
001110
000001011111
1
01010100
0
0
011
0111000
00
100000001
11
0
110001000
11110001101100100101
1000010000
10
1
0
1
1
01
11
1
01111101001
1
01110010
11
0
0
0100000010
010111
11
0101
0
01000000100000
0
111
10110000
1
01000010100000
1
111
111111
0
01100010111011001000000
01001
00
00000010111
010100010000
101111100
11
0
0000001000001
111110011
00100000000000000001001101111000100000
11101101
11
00111011000000100000
11010110
1
1
11
110000
1
1
0100000
001
1
1
001001
1
11
00001011111
0
0
0
01110011000011
0100000010000000
0
110000
10
110100000010
0
1
1
1
1110011000000100001
11
101
0111111
1
1010100111101
1
1001111010001
11
1101010000
11
1
000100001
11
110000000001
1011001001100000000000111
1
1
100001000
001000001
00111
00
100000000
1
111
01001000000
1
100000000000000011
01000100
0
10010101011
1
1
000100011
010
10
1
011
1001011101000
11
0
1
11010000100000000
1
10111
010000
101000001
10
1
0001
01
11
1
111010101
1
11
1
000010000000
01
111010100
010010010000
11
011
01000100000
0100001100000
111111110001
