1
1
1
1
1
1
0
0
1
000
1
1
1
0
010
1
1
1
00
1
1
10
1
1
0
0
1
11
1
0
010
1
1
0
1
1
0100
0
1
01
1
0
1
1
1
1
0
1
11
1
1
1
1
1
1
1
1
1
01
1
01
1
1
1
1
1
1
0
00
1
0
1
11
0
1
1
0
01
1
0
1
0
0
1
0
1
1
1
1
1
1
1
000
1
001
0
1
1
10
1
1
1
11
1
1
1
1
1
0
001
001
1
1
0
1
1
1
0000
010
1
0001
11
00100
1
0
0
0
1
0
1
00
1
1
1
01
1
0
1
1
1
1
1
1
1
1
0
1
0
1
000001
1
1
1
0
1
11
1
0
0
0
1
01
100000
1
1
01
0100000
1
1
1
1
0
1
1
1
1
1
0
0
1
1
1
1
0
1
1
0
0
111
1
0
1
1
0
0
11
1
10000
00
01
1
1
1
00
1
11
0
001
0
010
1
0
0
1
1
1
0
1
1
1
1
0
1
01
00
1
1
0
1
1
01
1
1
0
0
0
0
0
1
1
1
0
1
0100
1
