0101
01011
1
11
1
101100
1
1
00001
1
01
1
0001
10000000
0010000100001
10
1000101
1
01
00001
001
11110000
1
00101
01010000000000000000
1
10000
001000000
1
00010011
1
1
1000
000000101
0001000
001000010
1
000010
1
101
110100
110000
000010
10000000010000
01
0010001000010000000000000000
11000001
1
101000000
0100000001010000000000
00001
1100010
011
01
00011
1101000
0100011
1
1
1
1
001
011
10000
100000010100000
010000001
1000010000
1000
00111
11
1
0101101
11100
001011
0
100000
001000010
100001000
11
100000
00111
0100000100000001
1
10000001
00001
100000
0111
101000100
01000000100000000
1
1
1
1
0001
10101
1
010001
1
10011
101100
10000001
00000100011
0100
0001011
100
1
10000
00100100
1
00010011
100100010
11
01010000100000
1
100
100100000001000000
110010
1
10000100001
01010001
0111
101010000
11000000000001
1101101000
101000001
01
1
1
10001
001
1
0
100000
01
1010000
001
1100001
1000010000
1
011
1
0000110000001000
00101000001
00011
101000100000
1
0101
10
0111
100010000000
0010000011000000100000000000000000
0
1
010011
11000
1010000010000
01
100000100
10100
00001
11
0000
11001
0111000
10001
1000
00001000011
0
10011000
00000
011000000000001
1
100101100000
01
100001
0
1001001
11
0001
000000000001
1
00000001
1110000
1100010
10000001
01
0100001000101
1
011
00000001
100001000
0110010100
1
1000
10
1
01
1000000000
0110010000
10011000
1
0000000
1100100
1
001
100000
0001
10000
101
1
0100
00010011
11000
1001000001
1
0011001000
01
100011
1
0100001
00
000100011
0100100100000
0000000001
1
0001010000
00100
0001
10011
1
1
100010001
000101
100001100100010001
000011
0000
10000
0000
00001
01000011000
001000001
0001
100011000100000
1
1
1
11
1
0
1
0000000
100100100000
10000
1100
01000
1
0
1
1
00000101100000000
1
10
001
10000000000010
00101100001
10000000
1
1
1
000011
1100000001
0011
11
10
000000010
0000
110000010000
1100100
11
010001001000000
1000000001
0111
100001100000
10000
000011010000100000
10010000
1000110000100
101000001
11000
000001
1
100
1
00011
1
1110
01
1
11
11000100
1
1
100010
010011
10010000
01
1
0000010100011
01
100010010
000000001
1
01010000000
001
01
10010
1
1
100100001
1
1
0001
1101
1
01
1100010000
0001
1
1100100
100000
0111
000010011
1
1
0100011000
1
0001001010000
01
0000
0001
00010110000
000001
1
100001001
100001000
000010001001
1
11000
00110001
00001101
01000
1
1
1
00001010100000
1
11
11000
1001
1
01
100100000
000001
1
1
000101
10010100000
0000
1
00001
10000001000
0000
01
01
1001001
00011
1
0001001
10000
0011
01
1
1
0000110000
1000000000
00001
01
0
10
1
1
1
1
0000010011
1
010
010011
00001
1
01001
01010001
00001
1
10000
1
01100100100
010000011000100010000000
1
1001
11
10000
1001100
1
11
1
1000110000
001
10100100000
101100
0001
1110000000
01
1010000
011
1
101001
00001
11000000100
1
1
1
10100
1
10000100000000
10001010000
1
010000000000
01010011
011000
11
1
101001
00000
1
110100
00
00001
00011
10100
1
110000
01010111
0001000
101000001000
010100000
1
1
00001001001
000000001
10100010000000
1
110001
01
000101
1
1000
0000100000000000000010001
1
11
010000110000001
1000
0
0
1
0
1
1
0000010101
11
1000
0100101
1
00000100
1000
0001100000000000001
1
1
1
000001
1
110
1
1
001
1000100010
10000
010000001
