1101101000000010010010000
0110110001000
00100010
10011001
1101000000
01101000
101000010000000000100001100010000100000010000000100000
0101111
101
10010010000
11001
11001
000101000001100000100000001100010011000
111
1
110001
1
10110
1000010
01001000001
111110
011
11111
0101110010100001100001000100000011000010
10000
01
000110001011100
111
110000110
1000
11
11000000110
110100001
0100000010000001000001
000100010010001010000001100100
11111001
0000111
010000000001111100000000000100000
11
0000011
101010001101011000000
11001001000110001001011001000000000000000010000000
111101001000
01
1001
0011111
1100100100001100000
10000100000000010000100010
101
000111000100010110000011000000000
01100
1110000000000010
110
0100100000
1
011
001000100000000001000101010000000000001000000100000001
01010001001010001000000000000000000011101001100
0101100000
11
10000110100110000000000101000010
100001000010000010000010000000
11011
11000000
1
1000
101
11000001000
00101100000000001
1
1
100000
11
0001
1010000000100010001000000
000000100001000010100
10000010
0110000101001000000000001000010000000000010
0001
11111
1111
100011
10010000001
1
1000000
000011
101011
11
0000001
10110
00111
110010
1101001010000
1
001101
0100110101110
1000000101001000100000100
10001110000000000001
0001011000000000010
10100100000
0110000001
0
1
10000000011011010000101001100
100
10111
1
1
0100100000001
1100100110
1000000
10000100000000010011000110000000000000100000000000000100
010001000010
11
11000110000000
1101111
1101101
001
110000
00100001
1010
0011111
10001100100000000010001
01000010011000011000
11101010
10000100000000010001
101011
0001010
110001000100011000010
00100011000000000010000010
00100000100010000100000100001000010000000
111111
0100011010000
111
100101000001
110001110000
11000001
01
1100000
1000010100
100010000101000
11
11
111000000110000100
10000100001000100000000001000001000010100010001011000001000000001000000000000000000
0001010001100001000100
111
1000011
1
01
1000001000001100100110000
110010000011000010000000000000000100000000011110
10000
000010000001001000101010000000011100000100000100
0111101000100000000000010100000
100111011
01
01001000010010000100000100001000
01
011
111000
1
0101
1111111
010000011001000000010000100
111
010
111110110
100001
1
1110001
00000111
10100001
1
1
0000001000011001100000010000000
1100000
11
00011
100000
0001010
00110000100000000
010101
10000
11000001100111010000
01
00010000010000101000100000010010000
00000001001001010011
1000010
00111000100100000101000100000000000100000000010100001100010010000100001001000
1
100
1101111101111011
0100011001000000010000
10
000000100010001000011100000000001000100000001
0010001000100100000001010001000000
1
1100000000000100000000
10
11
10000011000100001010001
101010100010
010010
0001
000001010110000000000
000110011001000011000000001000
1000101001101000111011010101100
1
1101
0001000000100010001100010000001000000
11
1
1
100001000000001000001
010001010001
11
11
00100000000
11111
01000000
00010111000101010000101001000000
100000
111
1
000000100000000010001
0001010001000010100001001000000001010
010000100000011000010001
00101100001000000100000
1
11
10010
0001000
11
01
1000100000
10000000110001100001000100101101000000000011000000010
011000010000010000
00100000011000101001
10011101000
1111
0000100001000000011000000
10000001
0001000001000011000000001000001001000000100001000010000
11100000011110
01
100000
01000000100000100000001000000100010001110
011
1100010000101
01
01010001000
011
110111111000
111
1111
01010100010010
1011100010001000
000010000101001010000011110001
000000110000010000010
0000011001000100010010110000001000000001000
1
010010011000001000110
001111
10111111
101000
1001000101110011
11
010001100001
11
11
001000001101000000000100
0000000010001100000000000000000001
0111000000
010100000001100000100100000000000001001001000
1
1
1
101000011000
1011100000
1110000
11
110000100000010000
11111100110000
110101000000000
01000000
10001
0111001000001000000
1101
11
11
10100001100000000
1110111
00010001100000100010000
000001
11000000010
11110000000000011
100
11
0000010100000100011000000000100001000010100
11
1001
11000
1111011
01
1
1101100
0001
1
0101001000000
0101
001000
00001100011100000000100000000000
1
01000001
0000111010000011
10000001
0000101000100000010000000000100001000000010
110110100010
1
110101100
00000100100101110000010000000000110000
111
100100010
1
0000100000000100000100100000000000100000000
011101001
100001000
01111000011010
1000100
1
01001000000000111010001001010000100
011101
0001010
0111
1100000000000110010000000100010000
011000001100000
011001000000011100001000010000001000
10000000000
1
001
10000
001
0111
000001000110000001100000000100010000001000000
1110
011
111111
00000100011110000100000100
0
01100000100
00010000101001100000000000
011010000000100000
1000101011110010
1000100
10010101100010000000000000000000
1
111
01
01101100100
100000000000000000
10000
1011
01000000
100001000011
11
1
0000010111
100000
1000011000001
11000010110111
1
11000
001
0000011
110110000
11001
0010000001
111
10010100
00001000010000001111010000
110000
00001101000100000010
100111011101
1001
000010000111000000000000011
0001000010100010100100000100
0010000001000001100000000001000000110
1110
00001000010000110010001010000100
1111
00000110000100000
000100110000000100011
11000
111010101
1100
11
01101001
11110
11010110
1100001111001101
11111001000001
0000010100100101000000000100000001
11000010001
1
0000000100111001010000000000100
100010110100000110000
10000001111000000
10011
01110000
111100101100101
010000110011100000001000100000
0000010001000010001100000000000010000000010
1000000
1101100000
0000001
1
100000
00110000011
111
0111100000010010
0000
011
0011100000000
01
0101010000
001000001
111010000001011
000001000010001000000100000
11000000
000001000000011
101
01
0001001000110010010000000100
000010010001001000000100000110
000010011100000010101000001000100
100110110
1001100110
110000000100
00010000100100101000000000000100000110000010
10
0111001000001000001010001
000000001000110000010000100010000010001000010000000000011000001000000000100
11010001100000000010010000100000
1
001000100010010000000010000100010
00010000110010000000010100101000
010001000000000001
11101111
1
01000
1100111110
1
01000
010111
1
1
01000001000100000100000000001000000000000000000101000
01
1010000100000101000010000010000100
0101011000
000001
0010010100000010000000000
011
1
1101100110
11001111101
00001100101001010
0100001000
0000001000011000110001111000000000000000001
01100011
100000101111010
11100111
110100100011
110000101000100
11
100101
0000100101010000
10
000011
01000000
0000000000000011110110000000010010000000000
000
1000
0011
1000010000100000
1
1100001
0100000100001010001000001000001000000
1
011101010010000
001000101100000000100000011
1
1100000000100001
11
1
1010
1
00000100011000000000
1100000
11111110001
1
0000100001111000101100000110
1
001011110010011000000000
1000001000100100
111010000000100010000000010000010
000010110
10001111
000010001000010000101000011000000000
000000000011100000000010000000
001100000
0001101
11000100001110110000001
001000000010000010110000010001000100101
111101
011111000000000111011010101000100101110100
11
1010000000010010000
100010
00101001
0001101000000
01010101100000
100100
101
0
00011
111111
0000000110001000000000001010000
01
010110
1
01111
01000000110000000
1001
1
110111011000011010
1
100000
1
0111010000010
1
01001
0100101000000000101
111100010000000
0110010001001000
1011
000000111100010000000
010
010000
010001111
10000
1
011001010000000000010000
011
11110010
11
10000111110001000000010000
00001111
100110000001000
0001
1
1011
0101
110000000000
010110000
101010000
00001
0100000000000
1000001110101
00011000010000000001000010
111111010010100101101
1111000001010
0101
00000110010000000100001000010000100000100
01
11
0100001001000100000
1100
1000001
11101
0000001
111
1000011101110000000001
100000
100010110010110000010000010000000000
1000010000
0110001000000
1
1100011000000011
100010000100000
1101000000
1000
1
00001000000100100010000001000010000000000100010010001010000001000100
11
0000
0001
100100000010000000000000000010000010000000000000000001
1
00100
100101
100010110110000000
111111111101100
10000000000100101000001000100
010100011
000000001010000000000010001
11111111
11
11000
111
0001
1000001000
11
0010010000000000101010000100000010000000001010000000010001100010000
10000010000000100100100000100001100010000010000000000000000001101000000010
10001
0110000101000000
010001
10000
10001
001
011000010
1100000100001001
10010011000
00101000000010000100001010
11
1001001110000000000010110001
1
0001
1001000001100000
100000
000001
0001100001000001000100001000010
010001001000
1001001000010100000000010000
000010000000000100101100000000000011001000100
000000110110000011000000001
10111001000
000
100001100
000010000000000011010000010000001001100000000100001001000000
111
011100111
1
10000011
11
1
000010001
0100001010
0101
000001
110000001000010
101
1
11
1101
000010
1011
00100000010001001000001000010000
1110101010
01000010010001000
010000100000011000010011001000111111000100000000000010
11000011
10
1101
0001
100000100001010000010
100000
11101010000100000000
001
1000000010001
00100000100000100000100000010000000000000000011
1000010
11111011110
10010010001000000100011010000010000100000
0110010
01
10001
10000
010011000000
110000100000000000001010
001000000010000101100000010000010000000000000000000
110011000
11100001000000000010000
0100000000000001000000110000110000000110000010000000010100000000
11000000
00000100110000010000000010100100000
10011
0100
11
1010000000010001
0111
00010000010001000000000000
1
1000000000100000011010000000
00010000001000100000100001
01010001010000001000
1
0010100000
110110000
1
1101
1111110000001
0000000000101110000010
1100
110000000010
10110000
10001101
11011110
000000000000000000010001100000110000100000000
1
001000010001000100110001000000000001
1
10001111
1111001
1110001
1001001100000101
000010010100001000000000010001001000
10000
110010010001000000
110101
11
101
100001
11000000000000001000
11
1001100000000000110
111
01
011
1100000101001
000000001101100000010100000
10010000
000111100100010
010000000100110
101
11101011
100011
1110
00001000011101011001010001010
1111001
0100000001010101011100000
10
110010100
01010010
1
1
1
1110100001100
100000000010100000100100000
100000
0001
10101000010000100
010000001011110010100000100001000000
111
1111010111110
0110110000100
11011110001
000000011001000000011000010000010000
111000
11000001000100000010010000000001010000100001
0
000011010100000110000001000
01001010010010
1000000
0000000100011100000000010100001000
000010100000110100000110000000011
001011100000110011110
00100
1000010011
000110000
0001110010001001
0000000
0011
11100001000000
11000011000000000
001000000100000000001010001000000000010001
010000
1
010001000100010010100000000100001000
1011010000011101001
1110000000010000
11
001
10001010
1100011001100
100000001101000000010010001
0101111100
00100000000100000000010000
0100000001001001100
0100000000100000100010000000000100000000100001000001000100010
11001010011
1111
1
11
111
011
100010010
1010100111
1111110
1
10111100001010
000000010
110000001010000100
101000100
11111111
1000001000010001000000
110010000000
1101100001100
10000010
1
0010000
11100111000001
01
000011001001001000000100
000010001
000001
1
0100110000000000000000100
1
00000001000000000
1
001010000000001000001
000100101101
11011100000
001011000000110000000000000
10000000001
01001000000
01000101101010010000000
11100000000
011000010
11100000101010010010000
00000000001000
100000000000010
0100000
1000000001
1001000
00100010010000011000010011000100000001100000111010
1100000000001
000010000
111010000010000
01111000
11111101
1111
010011100000000
00001
11011001000
010100000
1111
100000
11111111
110010000000000000001
011
1011100000010
0101000000
1110000111
11011000
1111100011
1
01000001010001000001101000001000000010010000
00000000000000010
100
1111
001
11101
111
000100011
111011101010
11010000101000000
0001
1000001110010000000001
0100010010001100000000001
01010000010000000100001100000010000100010100
1100
1000000000000000010
100
10000010110111001000000001000000100
010001000
011
1000
111011111101
000111
11111
0010000011
10000001
000011
100000000000001
000100110010000000010
000001
10
101
1
010101010000101000100010100001000
10000000
111110
11001
00100001000000101000000010001000010
1000
00100100100000
000010
001
11101
110110000100
0100101100
1110001100010
000101
0100001000
10111
111100001
11011110
1001001100000001
01010010000001
1001000
1100000
10101111
11110000
0000101000101100001001000010000100000000000001000001000000
100100011011010110000000
00000001000001101000101110000
01100001100
001000010000000111001100000000000001000000
11110100110
1
0011
011110000110
111
1
1111
11000000
0001
10010100000010001000000
10000100101
1
110000000000110010000000011100100000100000000000000000010000100000000010000000000000000000000
001011111000011100
11001100000
11
0011000000000101000000000001110001000001000000100010000000100001000010000
010110000
11011
11
10000001100010001010010000100000100000
010000
01
0001
11
01101111000000001
1
0101001000100000100100100001000010
000010
010100100001000011100
11110001
110001100000100000
110000011
01100000
0000101000100100010010000
11
00001
1
1011000000
1111
1010
00000010010101011001010010100000
1000111000000001010010000000001000100001000001001
0100000001000
000010001100001001000010000000010000011001000000
1111
110010
1000100101
0001000000000101000000000000010011100
011000011001000000
11000001
0001000001
001010000100000000000000001
100001
100100010000010001000010100
110
111
11000
00000000001000010
0000000011001000001
10000
1111001001
1
100000000000111110001
0110000000000001110
000010010000000100001001000000000
100
000001
001
00000110011000000000000001
110100
0001000011000000100000001000100000000010
1101000000000000000
1
1001
1
1
10100000100000
00010000
1000110110000
00100001100000011000011000010000000010000010000100
11110011001
11
100000000011
001010000110
110
110000100
00000000000001000100100001000100001011000
000010000000001011000001000000100001000
1111110000000
100001
0100010001000000001101000001000000000000100
111101
11
10000000001110010000001010010
1
010101101010000010110
01011000110010000
10
1000001010101001
0000101000010
110111010
11001010
01
01111
1100000
1001000010100001001001
100000111
11
1001
11111000011000
0001000000010010000000100001000001
11
010011000000010000
11000
11
1010010001000110000
10000
10
11000100110000000
1100010000
01000110001
10000
010
0010000100000101000000000000101101000100000
11110
1100000111010001100
00111101110000000100111000
110001110
0000011000000100010011001000100001000010001000000
001
0110111110000
01011
1000
1100101110010000001
010010001
0000000
00100011000001010000100010100100001000
10000
0000011
10000100100001000000010001000000110
111100001
0001
1
11110110
010010010000
00010010
000001
0100011000
1
101001000011101001111000010000000010000000
11000
111
00000010000000000111000000000000010010000000000000100001001000100
1
1001001
11010000000000
11
1001
00011
1001110
1010000000
111111111
0101000000000
100000
111010110011101100
10100
01
000010
00100101001000001
11001001000010100000
11000010
10001
000001000000000
11101100010
0000010010000100000000010001011
1100001000001000001
1000110111000
0100
000000
100000
00001
1010000011
100100
01000011000101111
10100000110
1
100011000000
11000100000010000001
111
001011001
001
1000001000000
000001001100000001000001100
11110000101
00001001000000000
1
11111000
011
111000
1
0011000000
00011100001010100000100001000
00000100100000000000001000010000010010
11000
101100100
11
0001000001
1110100011000
1111
0000011001000
01001
1000
0100000100110000000
000000010010000100001000000
100001100011000000
1000100001000000
01101001000001000001000100
1111111
1110000010
100100001100000000000001
1
0111010010000100
101000
01111
11
1110010000010
01
00010000001101000100000000100000000011001
110111
1000010100000100001000010000
01
01101111
0101
1100000001010000
100000000101000000000000000
1
1
111110000
1000000
0000101000001101100010000000
1
0000101000000
1011100
1
01000010
110100110000000000000000000
11000
1
01000010010000000001100
00000001000010
110
1010001100100000
11101
1111
00101011101001110000000000000010010
1111
01000100011000001100000000001000000001001000
01000111100001
10010000000100101
010000000001001101000000001000010000001
101000
001
1000001
0010
1011011011
110000100000
1000111110000011000001
1000111
0100001001100001000
100000
111111000011
1
1010000
1111101100001001000000
1110011011
0100
01001
000001000100100100100000000010100001000
11
100000
1011
11011110
01
10000110
1
0111100001000
01000000010
1
001010000110011000000010000
111
000000001001010000000000110000000
11000000
011
01100000000100000001000100
000000000000100000000001100010000100000
1
110110
011
010000101000000101100000
000101101000000011
1
00000000001001100000001
111100001
00000010011001000100000000000100001000
010000001
011
00010
10000010000000000000100101000000000000000000000000011001000001000100010010000000
00011011010000000100001
01010001000110000100
001011
0100000000
0001
100001100011000000000001100010
0100001000000010000
10000110000
0100100000001
111
0011
1110110
0100001001000000000101
01100000010110000010
10010110000110000
11
000101000001000010000
0000010001000000001110000100000000000000010000
101101100
000010001
1
0001
1000000
011111111100
1
1100001000100001000
01000010100
000001000100101000000010001010
0101100100011
11000101001
1
111100000
1000110000001001
11001
1111011
01100000000000000001
0100000100100000010
11
001001
101100000
01001000001000000
110000
001
001111
000100001100011000100000000
01111
1
101010001000
11000
110000000100000
1000000101001000000
1
0110100000000011100011
00101
1
0011
10000100001000000001000
000000000100000111100001000000000000000001
1100000
1
1
000000100000000000011000000
10001
111101
1001000000100001010001001000101001000000011000000010000001000100000100
0000010010010000011000000100000000100
1111
1001111010010001000
00001001010100000010000100000000000000001000
01111
110100010000100000001000100001
1
11
1
001011
110000010100011
1
11
101111
10000000000010001
0000000100010000000000001
011001110000011000
00011
111
1001
001
10100
00001
10001
