001
0101
1000011010001000001
10
0001
1100000
1
100100010
1
10100000000
01
11
011
1
1000
01
0001
010001000
01001
110
01
01000100000
11000000000000
10
01
001
100
10
0000000010001
1
1
1
01
0101
011
110000
01
1
101
0
1010000
1000001
0101
0101000
01
01
001100000
01
01
01010000
0001
001
01
01
1
1
1
010011
01
011
11000000
01
001
100100
001
1
01
0110100
01001
11
000
100
01
01
01
1
0100
10
1001
0100100000000000
1
110000000
001
0100000001
1000
0010100000
01
010010000
100000001
00110000
11
10001
0011
010001000
01
01100000000
01
011
100
0001
01100000000000
01
01
1000100000000
0100000
1
01
1
01
11
01
00
01
00001
10100
10
1
01001
01
01
01
110000000
0001
10
0101
00001
01
10
00001000001
10
100
01
0001
01
10010
01
01
0011
11
0110
01
01
001
0001
1000
011
0101011
0100000
01
1
01
11000000000000
01
0
100
01
001
01
001
10
0001
00001
10000001
00010001
1
100
01
000010001
1
00011
010000000100
11
00001
10010
00101
0001
10
01
01
1
11
1100000
01
001
01
1000010
01
1000
100010000
1
11
10
01
010000000001000
100
0001
0110000000000
01001
01
11
01
1
01
010001000000
001
01
10
110
01
1000001
10
001
001
01
10000001
