0000001001
001
1
1
1
01
1
001
1
0001
011
1
1
001
0101
1
01
01
1
100
1
01
001
001
01
01
10
001
1
1
0001
01
1
1
1
001
1
001
1
1
01
1
11
11
1
01
1
1
01
01
01
0101000
1
001
01
001
1
01
10
001
01
001
1
001
1
10
0
1
01
001
1
1
00
001
1000
001011
1
01
1
100
1
01
1
01
1
1
1
11
11
1
10
01
1
0001
001
1
11
1
01
1
11
0001
1
1
1
01
1
1
001
1
1
1
1
1
01
1
10
001
0001
01
01
10
1
1
101000000
01
1
001
1
01
01
1
1
100
001
1
1
0001
1
01101
001
001
1
1
10000
1
1
1
00001
1
10
100
0001
001
1
1
001
1
1
1
001
1
1
10011001
1
1
1
1
01
001
001
001
010
01
001
100100
1
1000
01101
0001
1
01
10
001
001
11
10000
1
1
001
0001
1
001
01
00
0001
1
1
11
001
01
1000
1
11
1
101
1
0
1
100
01
1
1
1
00
1
001
100
0000001
0001
10
01
1
1
1
1
1
1
1000
1
1
1
01
