1011
11
1
10110100
1
01
100101
1
0101
11
001
10
10
11
1
1
00001
110
101
1
01001001
00010111
111
1
1
001
000100011000000
1010010000
01
111
010010100
000001
1101000
1
1000000
1100010100010001100
01
00001001
111000
010010000100000010
0
001
110100000
01
1
1011
0001
10000
1
1
000001
101
11
11000
0101
111
11
111
01000
1
1
1001
110100101110101
110
011
000010001
00110
0000001
10100
1
1
1101
10
00001
01
10
1
11
1110101
10011100
1
111
110
00001
111001100110
0010001
1
10100
0101010100011
1
00101001000
11000001
1000001
000010001
0100000
11001010110
1001001
00110000
0001
010101000001
100000010010000010
101
00101001000000
011
00010001
010
000
100000100011
100
1
100001
1
01
1
1
0010100000000
0011
01001100000000010
10000
0
0000
10000
101
1110010
0100001001
000111
100000001
1011001
1
0110011100100
11001010010000
0001
10000001
1
1
1
1
0100
1
00011
110000
001
10010000001
0001
10000
0100001000
1
1
10000000
0101001
100011
01001001000000
000000011
11
011100
1
01
110100101001
0100010
101101
100110000
010000
101
1001100
010000100001000
1100110010000
01
0110100100001
1100001000
00001
1000
00
11
11
0011
1101001001
100011
10001011000
11
10111
001
11
11
11
1
11010000
0101001101
0001
111
1
1
001
1
11
00011
110000110000
10001000100
1000001001000100
0100
0010001
1100001000
1
1
1101
110
01000001111001000101100
11
00001
1
1
101010100001
111
1000
1
111
01
0100001
011
111100
01000100001
111
0100000011
1
11000
0010001100000
1
10010010
0100001
01001
10000
111
00
0001
10001000001
1100100100010
011100000000
0001
110111000
1001
1
11
10000000000
110
110010001000001
0110110
0001000011
11
001010101
0100001
10000
01
1
1100000010000
1
001
1
10001
1001101
000001
1001
10001
111
1
110010
110
0001011
00011
1001000
111
111
1
1101
000010
11000
1
01
01
0011
1
111010
0001
1110011
01000100001000100
00000011
1000
01
00010
0011
000110100010
111
101011
10010
11
100010
0001
1
11
10010
011
1101
00001
01000
100001000
00110010000
1
1
000101
11000
11000001
001001
01000010000010
0010011
1100100000
1
001111
1010000
010111
000101
10000
001
0010101
111
1000
0001
110
0001
01000100001
100010
0101
01110001
1
0001110001
110
001001100011
11
0100
00001
1
10110000000
100010
100100
0100
001000100
1
00001
1101
001000010011
0001100
00001
11
10
11
1011
100
1000
0000111
00001010000
1
0100010
01
11
111
00001010001
1
001101111010
1
000000101
00100
1001
10101
001
11011
11
01
1
1
1100
11
1
001
1000
000000001000001
11000
1
100011110011
00001
110001
01
001
10000
0
01011101000000010
001
10000
001
1
00001
1
001
11
1101
011
1
0100000
00011100000100000
010001100
0001
1100000000
001
10000
10110000000
0111
10000
0100100000001000010000010000
001
111001
100011001000000
001
01
1000010000
10010101
101
1100010
00001
1
100001010001100000
00001
100000
01
001
1010010
01
1
1
111000010
11000001
0101
1
11000
001
000001
0101
1
0001
1001
0000101
1000
1000100
00011000
0010100010
000001
0000100001
100000001
100111
111
10000
010001
000110010000
1
011
1001
0001
000111010011
11
01
1000000
10
0111
000001
00001000001101
01
1011000
0
101100
01
11110
1
00110010000001
1
0000000101
101100010010
100001000001
001
11100100
1010000
1
0001
0001
110001000
0101
1010100011000001
111
010011000
00000011
001100
011011
1
10
1101
101
10000
0111
000001
101000
01
001101
00101000001
011
11
010
100011
0010100000000
01
01
001
1
01
1
0000001
001
1000
0001
1100110100
010111
010000001
100011
0110010000
11
1
11000
1
1000
1
1000
100000010001
01
0100010010000
11000000
110
11
111
110001
10001010000
00001110000
110
11000010001
0001
0011
11001
11
0001000100100100100100010011
0111
0000001
11
01
10110
101
11000001
10100000101
00001
01
01100100
0100100000000000
01
1100110110
1110
0101
1001
01
111
011
1100
11
000101
101
11
1001001
1
10110
1011
010011000
01
0001
101
001
100001000100000
10
000001
01100001
01
1000
100101
00100100
1
011
110
0001
1
1010010
000101
1001000
111
0100010
111
10
001
001
001
1
11011000010000
0110100000
1101
10000000000011
111011000
1
0011
10100
01
10010
11
0101
10110001
0100000001
1
101
01000001000
0100
000011
01
1111
1
01
00100
1001
11110010000
1100
1
1
1
001
1000
0001
01
10
101111
01
1
1001001
100
00011
1101
011001
1101
0001
10
1
00000001
010010000000101
000010
011
1110100
11
10100
0001
10
100
00000001
10
1111
11000000010000
100011
00101000001000
00011110
01
11
0010000100
1100
1
001
0111
100010100000
011
10
01
01
010001
1
0100001
110
11
000
110001
00011
11101
101
10
110
001001
1001
00000001
1
0000001
1011
01
100100000000
1
010
0
01
110000
1
0001
11
00001101
010010
0001
1000000001
0110001000000
1
1101
010001000000
10000011
111
1000000
0001
00110000
1001010
1011
1
1
1100
10111
1
101
10000000011
10011000
01
1
01
1
01
001011
1
1000
010000001000
1
111
101
1
010001100
0011011
001
100001
10101110
11
1
11101010
0000100001
1
110
111
0011011
11
100
11
1
010001000001
00011
010001
0100011
10111
11
1
001
00000100000001
1
11
1
0001
11
1000000
11
1100
0000001
011
0110001000
10101
01
010
10001
1111
1
0100100011
11000
0110100100110000
0100
11
101
011010001001000
1
1
1100100001
1
11001000
1
01000010000
0011
000001
1000
001
1000101001
11
1000
00001
01000
0001
00110000
001
01
10001
110101
11
00001
1000
1
1
110010010
0010100100001000
011
11
0001
100001100001
0001
101
001000
1
11
01
1
1010101010000
1000010101001
0111001000
1
1
1
100000
01
1100000000100001
10
111
01
1010001000
1001
1011
1
10001
0001
11
1
01
1
00001101
11000100000
00011
1
1
1
111000
000100100
11
110011000000
11100
000001
1
11
001100
1000
01
1
100011
0101000110010000
0100
100100100
000000011
0001
10
010001
01011
11
11000
001000110001
0
100
01
11
11
001
00001
1
10
010100001
1
11000
001
010000
001001
101000
100
0001
000001
001
110
11000
1100011
001010000100010
01
100010001000
0101
011000010000
1
1
01
1110
111
011011010
0000001
001
000100
1
