001001
11
11
001
101
11
11
000101
11
11
011
01
001
10111
1
10
001
11
00010001
10
0001
00000000
100
0000001
1
0101000
1
01
01
1
01
01
11
11
10000010100000001000001100000
010
111111110000000000
1000
11
0001
1
0001
10
01
1
010
1000010
101
11
01
01
11
01
001
110000
00010001
11
110
1100
000111
11000
11
001
001
001
11
1
11100010
1
11
11
0001001
0001
1
00000001
01
11
0011
000001
11
00110100000001
001
100001
1
00010001
001
10
1
000000011
1
01
0100
01
01
00010001
1
1100
1111
01
11
110001001
0001
001
001
11
001
1
11000000000001101111
000010
11
11
100
01
11
10000
000001010000000000000
001
1
1111
1
11
11
001
10100
01
11
1
11
11
11
010001000
10000
100
1
1
0001000001
1
11
1111
1
01
110000000000
1
11
0101
01
1
110
0001
1000
001
1
11
1100000
01
000111
10100
0011
101
10001
100
11
1
11
01
1
11
001
10
11
000011
01001
11
000001
1
11
1
01
01
11
1
1
100000
1
01
00110011010100100100000000
001
0
1111
100101
00000000
1100000000000
001
101011
0000011
001
100
011
1
1
1
11
001
1
0100
0100
001
001
11
1001
100
11
01
01
011
1111101100
11
00011
11
010
11
001
1000001
11
11
10
01
1
11
11
1
01
011
1
10
000001
1
1
001
11
1
10
001
1
01
111
001
11101
001
1
01
1
11
11
10
11
11
1
11
01
011
11000000
001
1000000
010
000110001
01
01
1111
0
1
0001
01
101
001
11
0001
1
1
101010
11
11101
11011
100001
1
1
11011
11
00010100
001
11000
01
10001
01
