0111
1
100111
10111
01
0001
1
1
1
10000000
1111
1
1
1001101111000111001
1
1
10011001
1
10010000
1111
101101001100
11
000010000
1
00100000000110001000000000000000
111
1
1
0001
1
01
1
01001000000001100011000
10
0000000001000100001001000
1
001
10
1
111
010010000010010100000000000
1000000
1000000000
1
01000000000
0000000100100100000000
1
1
1111
1
1
0100111
1
1001
10000
01000001
00000100010000010
000000011100
1
000100000000110010000000000
1
000001
00100
0001
1
1
00111
10000110001
1
10000000000000000000
1
00000010001
10000000010011
1
1
1111
0100
1
000000000000010010101001000000000
100
000001
0001001100010
1
111111
10000
111
001
1011
1111
11001010110000000
0001000000010100000000010100100
010000
01
1
1
011
01000000
10
01000000001000101
111010
00100000000
0000001
0001111
1101
011000000000000001001000
11000000001001000001000001
1
00000010010011
111
01
1
000000011
00100011
1
0001
1
1
11100100
001
000000001
00010000000001001000
01
1
1
1101
10000001000010000000010010000100100100000000000010
111110011
111
11101
1
1
111
1
1
011100001
0010000
1111
11010000
10000000
1
00000001001000
01000000000000
00010010000
10
1
1
1
010000000001001
1
10
111
1
111
111
1
0111
1
00000001
100
1
1
0001
1
1
00000101000010010
01
100111
00000000000
01100000000
1
0100100101
000111
1
1
10
1
00010110
00000001
1
100
100000000100000000000001110
01000000010011
111111
1
1000
0001
01
1000000
001
1111
1
100111
1
1000000000100100
0100
1111
000001
111
1
001
01
1
1111
1110000
1101000000000
000111
11101
1000000
1111
01000000000000
000000000000
1
00000001000000000000000
1
0000
0000000001000100
1110000010
0010001001000000011000000100100000000000000
000001000000
010000001010010000000000
0000010000101000
111100110
00100
111
00010000000
001101
1
0000
1001101000
1
1
101000000
1110010000000000000
1
0111
11110
0001
01
1000010011
111010
1001101
1
1
1
1011
0111
100111
10111
001
0011001001000000000000000
1
1010001100111
100
010011010111
111100
1
1
01000000000000
11100
01
111111011101
1
1
10
000001
111100
01
1
1
1
010
01001000100000
00100000001001100000
1111
01011
111001
001
010000000000000000000
1101
10110100
111
1
01
1101
11
1
1
00111
111111
1111
0000000000100000000000010010
100000000
1
11001
00001
010
111
00110000000010000001000100000000
1
010000
000000111011101001100000000100110
00001
00100
1
1
1
0000000
1
10100100
01
010000000
1000000010010010
10000
100010000001000010100
10000
1
01001000001
0100100
00000010110100000000
1
101011000
1101010
110000000100100000
10010000000000001000100000001
011001000
1
000000001010010
1
11
1
111001
10000000
01
1010
1
1
1
001101
00000001001000100000
10
00001
1
10000
1
1
111
0001
1111
1000000
1101
01000000000000
11
100
00100
100110000000100000000000000000000
1
1
1101
1
0100000010100000000000001
100110100
00000
000000010010101100
1
1
0000001
0000100000000000
1
001
1
1
10
0000000011101
10000
111000010010011
11100
1111
1
1
1
01000000
1
0000000000000000000000
1
1
111
1111
000000010000001
000100000000000
1000000001001
1
11100
00111
111
1101010
11100100
0001001011
1101000
1100100001
0001
010000000
10001001000
001000000100000000100010100
10
0001100000010
1
10
010111
1
1
1000010001
01
10111
01
10
001
1000000000010001
000000100101
1
100000000
1000
000000001
010000100001
111
1
1
01
1
1
0001
111
1111
1111010
01
0001
1
1
1
0000100000000101000
1
000000
0001
1
1111
01
011101
100000000100100001001000000
11000001
1000
111
1
11
1
01
1111000011
111010
0111
11110
1110011110110010011101
0110010000000
11110000000
10000010010010
000000000100000010010000000
01
1
0100000
1101
1101
1
1
1
1
11
00001
001000000101000
0000001000
01000000001100
1
1
1111
111
000
001
1
101
010000010001000
00001
10000
1
1
1
0010111
010
1011001
1111111
101001
010000100100100
0000001
00011110000000
01
00001
1
111111001
1111
00001000000000
1000000011010
01110000
1
00000000011001000000000100011
1
1
010
001
1
1111
0000000001000000100000000010000
1
111
01
01
001
000000001
1001011000000
01
00
0000001
110010100
1100
1000000000
001001
100010001
1111
111
1001101
00000000000000110000
000010011
1111
000000000000110010000
1111
01101
1
00001
100
01
000001
111
11111110
0111
1
1010000
1
1
010010
01
10111
011100010000
101001
1
10000100010001
10
0001
10
001
1101101011
11
1
11110
0011101
1
010011001
1000
100000001
1111
1111
01
100001001000000001
10
1111
0101100001111
11000100100
000000110000000000001001000001
1111
00111
1
11110
1
0111
0101
01
1
1
011011
0111
111
000100110000
1
1
10000000
0001
1
1
001
111
01000
1111
100000011000
1000
00001
010000
11111100101
000011010010
1
001
11
1
1111
10000011000
011100010000000
11100
1
000000100000000000000100110000
0001
010000
1
1
0001
0000
0010110001000
1
1
1
00000001100010000
1011
1111
11
00111
1010000010
100000
1111
0110011
1
000000010
1111
10
1
00111
1
111
00000001100000
1
0111
11
1000000
111111101
010111
1000000000000000000000
1
00001
