01100000000000010000
011011100011000
000010100010001000001
0100010001001001000000000
100110111
011100000100000100000
01000100
1111001000000
1
1
011110010
111101111110
100010000001000110100110010001000100000110001000000001001000000010010000100010
00010010000
0000010
01
1110
1
01
010000001010000010001001
00111000000000000011
111
11110000001
1
1
000001000000001001
010000001100000100001000
10000
1
1000101000010010000000001000011000
1110000000
1
00100001010110000000100000100100001011
1
0101001000
01
1
010001001000000100010010
10
1
10
00110001001000001
010111000001000
10011010000100
01
1
010001010010010000100000
000010001000000000
0001100001000010001000
001000010100010001000
00100010110001001000
100010100000
01101011
10000010000
1
00100100100110000000000
01
1
01011001001
001000000011000001010000000
1
00000000000000010000001000
1000000100010010000000000000
1
1
0010000000
1001000000010001
1
010000001010000011001000
100000
1
1
01
000000110110010100000010000010101
01011000
01000100010001000100
000110001000100001000000
0010010000010010100100010000
1000000001000
1
0000101100000
1
1
01
1111
000001000000100000000
1101101
00001011101
1001110000010010
111101
01
1
1111000
00000010101000010000000010001000000100
000110001
1
100010010000
001000000110001010001000
1
11101000000000000010
11
1010010000000100001
000110000110100000000000000
1
000100100010010100000010001000100000
001001000101100001100010001000010
0000
001000000000010000010101000110100001000001001000000
0000100001111000100000000
10110101
1100010000000001110
01
100001010000
01000100100010001000
1
111110001
01
10
0
1
100000001
1
0101000100000000000101
010100010010000010000100
11100000001100001101
01000110000000100001
101101101
1000010100100010010000
1
0000001000001000
1
100000010
1
110000100000
1
1
00000000011011000100010000
10000010010000101000000001000000100
000100001100000001111100101
10000001000100101000000001111000001
01000110010000001
10011000000000
110101001
1
1
0000010000110010000000000100000000000
1
1
000100110
01
0110111
000
01000100010010000000000000100
1
1110110
1101
10000010000000000000010
1
000000001000100010001000100001000
1
10010000010101100000000000
1111100000
110001000010000001
0010110000001001
100010010000
11000001000
000000010001001000001000100001
00010101100000000101
01001000
000001
110110000001000
01010000001101010000100101000100000100000100000000000001100
00001
11
1
001100001000
0000
1
1
0001000011001000010000100000001010101000001
0
00000011111
0011100100001
110000000000000
1
01
1
010001000010000000000110
1
1
110111100000000
100010010000
10001101011
0000100000110000100000000100000
1
10
1
0
000001000000
11111000000
1
01001110000000001000
01
1
100000000001010000000000001010
1
1111111110001
1
1
001000100001
10
01
11000001101
10
01
000011000001
10
100000
1
1101
01
00000100000011100010000000101010100
01
110000010000
10001000000010000
11010100001
10001000001
1
01110010010
1
010000001010000010001001
01000001000
100100010000
001001000001000000000101
1
1100000010100001000101010000
1100100000100100010000
10000100010000
1001111
01001000000
10100010000010000010
10000
1
1
000100011100010000001100100001000010000111010000
01
10110101
1
111
00000110000
1
01000101001000000010010000001001
1111010000000
1
010100010010001000
11111
1
11000001100000
0001000000001011000000100000001
1
1
00010100101001000000010000
100000011
00
01010011000010
010010010000001000001
011100000011
111111
1101000
100100001000
1
0
110101001
10001000000000100010001
0010000010000110001000000000
0001010000100000100001000100100100000000001000010011000000100001
0100010000100000001010000001001
000100110000100001000
0010010000100000000000000
11110010000010
01
111001100000000000
01
1
000
010001010100000001010001000000000011000000000100010000100001000110010001000
01
10000
000
1
110000001000
1
10000000011000100000100000
010001000001000100010001
110001000
001
111110110
11111
100010010000
100101000010000001000
1
1100100000100010000
00011010000000100001
1
01001000010010000100000
001000
01
1
1101000010010000
100010001000
101110000000100
100000001100000100010001
10
11110
00001010010000
100010000000010001
0000010010000000000100000
011000001
101010001000000000000100
001001000000001011
0001001001100000001000100010
1110110
011010000000100001
0001000110010000000110000
010001001000
001010000010010010001000010000100100100001100000
01000010010010001100
00
00000000000100000011000000000000000000010000
1
0000100101011110100100001000000010001
010101010001
111000100010010
1000000010100100000110000
010100100000
0
100000100001001010000000100000000100111
0111011
011000010000
1111000110
000001001100011000100001000110010000
01001100001000000001000
01
011100010000001
10011010010000000
000100011100100010000
10
01000000010100000000000
0010010100000
01000101000101000001000
10100100010001000
000000001100010010000000000000100
100100010000
0110001000000000000000100
001000100100100000
01000100000110001000000
1
10
0001001000100010010001
000
1000
10110001001
000010111001001000000
0000100010000100100010000000000100010000100101
01
10
11100111
010001100110
0001000011000000000000011
0111000000
1
1
101000001000
0010010000
1
100001010000
0000000100010000000000
1
111
00001100001100000000
111
10
000001001100010001000
100100010000
10000001
110100000000000000100
00000000010100000
10
0101001100001000001000010001000000000000000000000010000100
1011
010000001
1
1
1
10101000100010000000
1001001
1
1
1
11100
1010010101000
101000100110000000
101011100000000
1
000011101110110000010001
11011
1
011000110000100
1001101000100000
11100010001000000
00000001
011100000100001000010000
0001100010000010001000
10000010010
00011001000
00100110000100000101110100010
11000
000010110001000100000001001000100010
1
110000010000
0100010000000001000100011
0101
000100011
111101
0100100100010010000000000000000000
11000000000100000011
10010001000100010000
0000110011000001000000
11110011
1
1
010001001000000110001000
10101000101
1
011
1
0111
01
00001010110000000001000
100100010000
0111101
001
010011010000000000010
01111000000000110
1110111010000000
001
000011000010000001000100
0110001000
110000000001
100
01000001000010001
11000010000100100010
10
010000100000100011010100000100000000100010010
00100
101010000000011
1100100000010001000
1111100000000
100001010000
1011000101000000
10
100010000001101000000000000000000
00010101000000010000
1
10000
11000000100000
1
0010001011000110111001000
111100000100000000
111001000001
11110001
1
0000000010110001000001000
0000001
1
101
01001000000
01
000100010010
11
000010101000
0000011010001000111111100
10000100000110000100000
00
1
0011111
1
00
0100000010010101001010000000000011000010000
010000100000000010
1011111
1011101111
1110010000111000000000001000010000010
1
000011001000010100000010
001101000000100000100000
11100000
01100001000010000
11
000
1100000100000000001000100010
0010001001001
1
0101010010000001100100010
1
111111
1000010000010
110011100
010110010
1001000011
10
0001000100100001000100010000
00001000110000000000000000
0000
1000010000001
1
1
00000000011000100000000000
100001010000
0100
01
1
00010010000110010100000001110001
111000011111101
100010100000
1
10000
1
1
01
1110100000010
100010010000
01
1
1
00100010000110000010000100
1
0101001000001000000001
1001000000001001001010010010000010000001
01000100010000100000
000100010000
000001100000010000
111011
10
10010101000000000000010
111100001000000100
1
1000000
1
1
0100000100000010
1110011
1
10
01001001000100010000
011100000010010000
01
000
1000000010101000100000
1
1
10100000
00
11100011
0001001000
01100010010010000
1
1110110
1
1
00
1110000001010
0101001000
00010001
000
11100000000000001100
1010000000100101001000000000010000100100
001000101000000010000101
1010000100000100100001000
100001010000
0110
01001010001000000001
1
1
100010000110001000000100000
111011000000
0101010011111101100
1
0100011000000010010001000
01
1
111110100000100100
1
0111101111101
11100100010000010
1
01001010000010001
1000
00001001
