01
0001
00
1
1
1
1
1
1
1
0
0
00000
0
1
1000000000000
1
0
1
1
1
1
1
0001
01
0
1
1
0
00
1
001
1
1
0001
001
0
1000
00
1
00
100000
0001
1
0
00
1
0
0000
1
000000000
0
1
0
1
1
01000001
1000000
1
1
0100000000
0
0
0001
0
0
0
0
100000000000000000
0001
1
1
00
1
1
01
0
00000
0
10
01
0
1
100000000
0
00000000
100
1
0
1
1
1
000001
00
000
001
1
1
0
00
0
0
1
1
00
0
0
01
000010000000000000000
0
00001
0
1
1
00
00
0000000000000001
1
0
000
001000
1
0
1
1
0
1
1
0
0
100000
0010
100
000000
1
1
0
1
1
0001
0
01
0
0001
0
010
0
0
001
01
1
11
000
1
00000000
01
0001
1
0
0
0
00
1
1
0010000000
0
1
1
000000
0
0
1
1000
1
10001
1
1
100000
1
0
1
0
0
1
0000001
0
01000
1
1
00100
0001
0001
0
01
0
0000001
000000000
0
0
1
10000
01
1
1000
10
0001
0001
0
01
00001
1
0
1
100000
1
1
0
1
0
0
00001
010
1
1
1
00
0
1
0
0
1
01
000000
1
1
1
0000100000000
0000
00
00
0
0
0
1
0000000000
0
10
01
11
1
11
00
0
0
00
00001
10
1
0
0000000
0
0
0
000
1
0
01
0
1
100
000000
11
0
1
0001
00
0000
1
0
00
000
1
00
1
1
00
1
1
1
1
0
1
001
1
0
10001
00000
1
0
0
0000
100000
0
0
0
0
1
10
0
00
1
0
1
100
0
001
1
1
11
1
0
1
0
1
00
1
00
0
1
0
1
0001
0
000000
00
0
011
0001
00000
1
000
0
1000
0
1
0
0
0
10100010000
1000
00
1
00
00
1
1
1
0
0
0
1
1
11
1
0
0
1
1
001
0
1
001
0
0
0
1
1
000000
1
1
01
0
0
0001
1
10
0
00000
00
1
00
1
1
1
1
11
1
0
1
1
1
0001
1
1000010
1000
0
00
10
01
0
1
1
00000
0
1
0
00000000000
1
0
0
0
0
0
0000
0
1
100000000
0
000000
0
0010000000000
11
1
1
0
0
1
1
0001
1
1
1
1
0
01
1
00000000
1
000
1
1
0
0000
1
10
1
0
00000001000000
0
0
1
0
0
0001000
0000
0
01
00001
0
0
1
0
11
00
10
1
1
000
10000
1
1
11
0001
1000
01
101
1
0
1000000000
1000000
01
00000
1
00
1
1
0100000
0001
0
1
0
01
000001
1
1
01
000
1
1
1
1000
0
0
0
1
01
1
1
00
10010000
0
1
0
1
00
0100
0
0
0
0
1
0000
1
1
0
0
0001
1
0000
1
0001
0
01
0
000
0001
1
000
1
1
0
1
0
0
0001
01
0
1
0100000
001
1
1
0
1
0
1
0
0
1
0
0001
1
1
00001
1
1
00
0
0
1
1
0
1
1
0001
0001
