11
1
11
11
1001001
0101000100
100001001001
01111
00010101
010
101101
11101010101
11
1
100100011
0010000000011000
100
011
10000000000110000001001000
0000100100101
1000000000011001000000000000011
1010100
110000000011
11
01010001
00100000011
011010010110
10101000
100111
10010011
10000011011
11000100
1
11
1
01
10
00000011
1
11
01
0111
1
0011100
10101
11
1
11000000000100100100
1
0100100001001101
1
1
10100100000
01
10000101001
111001
1
1
1010000000000011000000000
1
010010001000
0010000010010000000001000001
1100001
00010001
1
001100000010010
11011100
0001
0100000110001000000100000000100
110000000000000
1001100
11000110100
11
011
110101
1000000010000000010000
11
000010100110000000000011
101110
111
0111
01100000000000000100000
10101
1
10000000000000010011110
100011000
1
0110010000
11010
110000000000010000010000001000110
11111
10
1
101000010
01
10000001000000000000100000000001110010000011001000000010000000100000100000
01000000010100010001000010
100000010
0001
010011000
011100
011001
01
11000
01101
01010100110000010000001
1
00101010000000000000100000001010000010000000100000000000000000000010000000
10110
01101
1000010010000001
01
1110
1
01101
0010110
1
10001000
11
0100010101000000
110000100
11101
1
0111
1
1
00000000100101000010
0110000110010100
110101
101010111000010010
0110100000001
000000000010000010100001000000000001000
0111
011001
01
00000100100010000000100000000001100000000
1
01
1000
10
11
11
110101
01000110010000100000110011000010000
010000001110000000000000001
1
1
1000011100
00011
1101
001
01001100
11010
1000100000101010000000000100
00110100011000000000001000
0000001000001000011000000001000000100001010000010001000000000000000001000
01
1010001100101001000110101000100010000010010010000
1010101
10000100000
0000101
1111
11101
11
1
01
11
001010001
1010001
01000100001000
1
010001
1
001
101
00
1
1
10010110
0001
1
00110000100000001000100000000011
00
0100001100
0111
11
11
100000100010000110100
1001011
010100100
10000000000101010000010100000000
011
111000
1
101
1001000100010000010000100000
1
1101
1
011
1011111
00010000010000000010000001000000010000
1011
01
1000101
01101
0101100
1
10000
11
0100000000100010000000001001000010
11001100011000
011001
1000000
1
011
01000010101
1010100000
00100001010000000
110001
1
100101000
010101
0100010011
1
1100001100000001000100
0010000010010110000000100000000
01
1
1100000
00000000000000010000000010110000000100000000000001000000010000000000000000
01000010010010000000000100
1
100100110
1
11
1011
1
1
101010000010100000010000000
01000010000001
1
1
101
100010001000
0010000100101000101000000001010000000000011
1
1110100
11
0100000111000100
1
01101
1
1111001
001101100001000000100
1
100000000000000000011
00100010001001000000001000
00000010011110100000
11001111
011000100
01
1
11
10
1
11110000
100010000000000010001
100000001
10000000
010001000010
000011110
0001010001000
1
1111
10100001
1101
1
01011
11
10000000000100000000100001100
10001010000000
11000
01
0000000100110110001001000000000000
1
1
1
101
1
100000
01000110100010000
1110011
0001001001101
10111
011
0010
1
00
1
011001
01
00001110001011010000
0100111000000000010
10101
1
1
1111
00010100010100000001000100
1
0101011110
1011
000000001000010000010100000100100100
00000111
00100001
11
1
01110000101
1000
10001000100000100
1
10000000111010100010010010010
01
1
00011000
1110
1001
1100
101010
0001000001010
0001000001000010001
1
1110010000
000
1000110100010001000000
00000010001000010010
1
00000001101010000100000100011000
1
1
1
1
01
11
0111
11
100100100010001100
01
111
1
1
011
1
110000001
011
001
0001110011000
10000010001001001000010000
10000010000110000000010010001
1111000001000
1
100000100011
01011100001000101010
000100011000000010000010
11
11
1
01000001001
101
11
01011
11
1
1
1
011
1000000001010
1
1
0111
1000
11
1000101
110
000010011
1
1
1
1
111
11
10
1
11
1
0001011
00000000100000100000010000000000101
1
110000000101010
111
0000100100001000010000
00011001000000001010100000000
011001010011
0100100000111
000100000101100000101010000000000
001101010
11
1
11
10000000000101000
1000001000010000100001000
1101
0110011000100100000
000001
1
1001000001
1
001
1000010001000011
01100100100000101000000
10111
1
1101
1
1
101
100101
101000001
1111
101
01
1000
0001
1101
0000000001000100010000001001010000010000000000001000010000
101011001
01
1
11
1001100000000001000110
01101111001
1
01
11
01
1
11
1001001
101101000
11
111
0101000010000000001000010
0001
1
0111
001101
11
01101
11
00000101000001000000
10101
1
010101000000000010
0111
10010001
1
111
1000
1
1
111100
10
1
01101
01001100
000001001
100001
1
1
1
101110100001000010100
100100000100011
10111000000001000
010000111
1
1111
000000010100000000000100000000000100000010001001
100101
0110001
1
110
11
1
1
1
1101
1110000000000001
1001000000000000100
100001000100000
11101
11
1
0100010001
00100001
0010100000000
0100000100001000
1
111010
01
10001000001000110000000000000000000000
1000111
1001
10
01
1
001
11
00000011001000001000000010
10110100
11
00100
101000000010011010000
11100
011001
11
0100
11
11
11
1
1101
010010000000010011010000000000010
1101
01000010000000000000000000001
111000
1100000000001
001111
10100100
0111
1
0100000100100010001011100000000010001
1
11
11
01101
11
11010
1
01101
11
1
0111000011
1110
0
1
01
1111000000101
011001
00011
11100000010000
0100000001100
0101001000000100000
111010
000000010001000100001000010010000000000000000000000000000
1
1101
0111
11
11
1
10000100000000
1000101000
1
11
1
1000100000001000000000001000000100001
01000100001010
101
1
11011000
1
1
1111
0010101
11
10011
01011
1000101
011110010000101010000
1101100
001
000001110000110000010
01101
111001000
11
0001101
01011100
1
1000101
1
0000001010000001
10101
01
1
011000010010010
110
01
1
1
110000010
00111
1
0001
01011000010000
000000000110000010
10
11101101
00000010111010100001010001000000000
000100000000000010
01010000000010000
11001100000100
0100000001
1
10111
1000000000001110000000100000000
11
10000000100010010100000001000000000010000
10101
1010000100110100010
1001011000
0001
1001
1
11
010011
10000000000100100
0001
11
1
1
11
1111000000000000100100
01
1011101
1011
0100001001000000001000010010
1
10
10110011
11
00111
01010000000000100
1
1
10110
01011
1
1
10100
001101
00110
11000000101000000010
0
01101001
01000101
011011010000001
1000110000
10000101
10
101010101
010010100101010000
11001
00001000001100001000000010
0000010010000001000010000000
01000000110
100000110010000
1100011
0010000101000010000000001000000000010
1101100
1
1
01
1
11
1101
011
10011
1
1
00000000111
10011
01
01110000101000
000001010100000101000000
01101
10011010
011010
01111
100101
11
0010101
1
0000000000000000010000010000100010000000
11
001001000010
00010000010010000000100000
0100100110
010010000
11
000001001000001000101100
00000111000000010101
1
01001000000110000100000001000
1110
10010101000000100000000010000
1
1100001
1
1
0101001
100
1000
