0000011
00010000
0011
010000000
1000001
0000100010000
01000010000
100000001
11000000000000000000
11000000
00011
00000010000111
0000100101000000100000
010000100
11
110000
00100010000
000010000001
100000010
10001
00011
00101
11
100010000
100000001
00101
01000000
000110000
0000101
1000100000
0011
100100000
100000100000
010010000
100010
011100000000000
0100001000000
010
00000100000
01000100000000
10001
100010
11
0000100001
100100000
100000001
00000000000000000010000
0100000010000
001000001
1100000000
00000
0000000
000000000010000000001
0110000000000
100100000
10
0011
010000000000
00001000000
01
0001001000000000
100100000
100001000
0010100
11
0001000000000
1001
011000000
100001000
11000000000
0110000
100000100000000
000100100000
00001
1000000001
1100000
10101
11
00000011
10000100000000
011000
01100000
101
1100
0111
0100000000011
10000100000
10000010001000000000001
0000001100000000
000000000001000000000100000000000000000000000000
1000000001
11
011
1010000010000000
100000001
0000100000000
10001000
11000001000100000001
1
11
0000000100001000000000000000000
011
1000000010000000000000
10000000001
01000100
11
0000101
11
11
0000010000001
110
11
0000001100000
110000000
0100010000000
11010000100000
00000010
10001000000000
101000
000101000011
11
110000
000011
0001001000000
000011
100000001
10000001000000000000000
100000001
10010000
000110000
000011
00010000000010
00
10
10001000
10000000
0000
110000
000011
11000000000000
01100000
0000100001
11000
0000101
000010000
10000100000000100001
1000000001
1001
1100000100000
00010000100
110000
010000000100
011
0100000000
0010000000000
100000001
000000
101
11
11
010000
010000001
010000000000000000
100010000
01000100100001000
1001000000
000001001000000110000000
110000
000011
1000000010
11
11
0101000
100000001
110
0000001
010001000
00110000000000
1
0001000000
000000000000000000000000000
0
10001
0100000010
000000000000001001000000000000000000000
010001100000
001000
1001
0011
11000000
0000011
00010000
000010001
001010
10000100000
110000
1000000000000
100000001
001000001
0000010001
