01
0
1
0
0001
100
011
1
0
001
001
0
1
0
1
1
01
0
0
0
00
1
0
0
1
00
100001
1
0
01
1
0
0
0
1
001
0
0
1
010
01
1
1
1
01
1
0
01
00
01
1
10
000
1
1
00001
10010
0
01
0
1
0
0
1
100
01
001
10000
0
01
1
0
001
1010
0
0
001
0
0
0
0
11
1
0
111
1
0
0
0
10
1
1
1
0
1
10001
0
1
01
001
0
0
1
0
01
0
1
0001
1
1
01
001
1
1
0
1000
1
00001
1000
1
1
0
0
0001
1
0
0
00001
0
1
0
0
001
1
1
1
1
0
0
1
01
0001
0001
1
001
0
1
1
1
0
00
10
1
1
1
1
1
0001
0
0
001
1
01
001
1
0
001
1
0
0001
1
0
0
01
0001
1
1
001
0
00
00
0
00
1
1
0
00
1
001
1
100
1
001
000010
1
001
011
10
1000
0
0
01
0
1
0
100
01
1
1
1
10
10
0
1
0
1
1
1
00
1
0
0
01
1
0
01
1
0100
1
0
1
1
0001
0
0
0
0
1
001
0
01000000
0001
1
0
1
0
1
010
1
1
0
001
1
1
0
0
0
11
0
0
0
0
1
1
1
0
0
0
1
1
1000
00
1
0001
1
0
1
0
011
000
0
010
0
001
0
001
1000
001
1
010000
0
0
1
1
1
100
000
1001
00
0
0
01
1
0
1
1
0
001
0
10
001
0001
1
010
0
001
0
1
1
1
1
1
0
1
0
0
0
000
1
00
1
0
01
0
0
0
01
01
100
0
01
1
1
1
0
110
0001
1
1
0
0
0
1
0
1
000001
0
10
0
0
0
1
1
0
0
00
1
01
1
01
0
0
010
1
1
0
0
1000
10
0
000
1
1
010
1
10
01
0
001
100
0
01
01
1
0
1
1
01
1
1
1
1
1
001
0
10100
1
1
001
001
10
1
