111
0
0
00010
100
001
1
1
1000000
10000000
0
0
0
10
1
01
001
00
0100
1
1
11
0
0
0
1
0
0
0
1
10
1
0
0
1
0
0
1
1
0
0
1
0
001
10
1
01
0
100000
0
0
1
0
10
1
10
0
0
01
1
1
1
0
100000
1
1
0
0
01
0
1
1
1
1
0
1
1
1
000001
1
0100
0
0
0
111
100
1
0
1
1
0
0
0
00
110
0
0
1
1
1
1
0
1
1
100000
10
0
1
100
1
0
001
100
1
100000
1000
00010
000
0
00
1
1
01
0
0
10
0
1
00
0
1
0
0
00
1
0
0
1
0
0
1
1
011
0
1
01
00001
0
1
10
0000
1
1
0
0
00
01
10
1
0
100000
0
0
0
0
100
1
0
1
0001
1
0
0
0
0
0
00
1
00
100
0
0
0
1
1
1
0
1
0
0
0
0
11
1
01000000
1
1
1
1
0
100
001
0
1
11
00
0001
0
1000000
001
1
1
0
1
1
1
1
0
0
1
1
0
10
00
0101
01
0
0
1
0
10
001
1
0
0
10000
001
01
1
1000
0
011
11
0
0
0
11
1
0
0001
1
1
0
10
1
01
0
0
0
1
0
1
1
0
01
1
0
110
0
0001
1
0
01
1
101
0
0
1
1
0000
1
00
00010
00001
01
1
101
1
0
1
0
0
1
10
00
00
100
1000
1
0
1
1
1
01
100
1
0
1
1
001
1
10
1
0
0
0
000
0
0
100
1
0
00
00
00
0
1
1
0
0
1
0
1
10000
1
0
0
0
0
10
1
0
0
0
001
0
0
1
1
0
0
0
0
0
0
0
01
1
0
001
1000
001
1101
001
00
00010
1
1
001
0
0
0
0
1
1
0001
000001
1
0
1
1
1
1
1
0100
0
10
0
