1
1
1
1
1
1
1
1
011
1
1
1
10
1
1
1
01
1
1
1
1
11
011101011011
01
001
1
1
0111110010111
001
1
01
01
1
01
1
1
1
1
00101
1
11111110
1
01
10
11
1
1
1
010
10
01
00111
1
1
1
01
1
1
1
1000
1
000001010000111011111110111
1
1
01
01
1
1
1
11
1
1
1
1
1
1
1
001
01
1
1
1
100
01
1
11
1
1
1
1
1
1
01
1
1
1
1
10
01
1
01
01
10
1
01
01
01
1
1
01
1
0
01
11
1
101
1
1
1
01
1
1
1
1
1
1
1
1
001
1
01
11100
1
1
01
1
1
100
1
01
01
1
0111010000010011110100010011
1
01
1
10
1
1
01
1
1011000
1
1
11
1
1000
1
01
1
01
1
1
01
1
1
1
1
10
1
1
11
1
1
1000
1
001
1
1
1110
01
1
1
1
01
01
111
1
1
1000
1
01
1
1
11
1
1000
1
1
1
01
0011001100111100101111
1
1
1
1
1
1
1
10
01
111
1
1
100
1
01
1
1
01
1
1
11001
10
101
1
01
1
1
1
1
1
1
1
1
10100
1
1
01
1
000
1
01
001
1
1
111
1
1
1
01
1
1
101
1
1
1
1
1
1
1
10
1
1
1
1
1111
10
1
1
1
1
1
1000
01
1
1
1
1
1
1
1
1
1
0001
1
101
1
1
1
1
01
1
01
1
1
1
1
1
10
1
1
1
0101
01
010
1
1
1100110111110101011
1
01
01
