0001001
1
11
11
1001110
100001
11
0101
11
11
11
011
0110
00010001
010010101000
0000101
11
010001
11
000101
11
11
0001111
11
01001
1001
000101
101
100000100
101
01001
101000
000101
110000
11
0110100001
10100
11
10001
11
1010
000101
11
11
101000
1001
11
1001
11
11
10111
10
00110
000011
00011
01
101
1100
11
100000001
01010
11
1001
11
1010011
0001001
010001
100001
01101
11
11
0100001
111010
11
011
010000001
000
0100100
101101100000
00010001
11
11000000
1001
01001
01101000
011
0110000
11
11
1000100
101
11
00001001
01001
00010001
011
011
00011
11
101000
10001
011
11
11
000101
10001
101
101001000
10100
010001
0100001
000101
110001100
100100010001
11
11
0101
11
11
1100001000001
100001000
11
11
100000001000
101000110000
10001
011000
011
011101
1001
11
01001
11
11
10001000
1001
1001
1
011
101
011
000101
11000
1000001
11
11000
11
0010001
011000
011000
1000001
1001
11
01000100000
110
01010000
001001
1001
011
1001
1001
101000
0011
101
00110
0001000101
1110001
00101
0011
11
101
11
011
101
1100
1111
1111
1001
1010
101101
110000
00100101001
011
100001
11
000101
000101
1010
00001001
011
11
1
11
010100101
10011000
10001
0101
11
1010
01001
1100
11
000101
101
11
10000011010
11
100001
11
0101
11
11
100001
11
1001
11
00101
100010
010001
110000
101
1000100
0110
10100
1111
101
101000
0001001101
01001
000101
1001
0000101010000001
11000
000010001
101000
11
00001
00110
000101
000101
1001
11
11
000011
11
010
00101
101011
10011
1111
10001
11
1100
10011001
1000001
000011
0101000
1001
1010
0101
100001
10110100
1001
11
1100
10001
11
1001
101000
101
1001
01001001000
1000111
101000
11
11
11
1000010000
00010001
01010
11
00011011
011000
100
101000
010100000011
11
0101000
101
1
101
1000001
0001001
011100100
01001
01000001000
10001
10110001
11
11
110000
100001
11
11
0110
0011
00101000
11
000100001
101
100001
010001
11
100001011
010110001010
000000100000010000
10000100
100010000
10010000
00011
1000001
11
1001
111
011000
10000000100
101000
1001
00001
011000
111111
101
011
1010
11
011
11
101
100001
110001
1
11
011
11
001001
101
1010000
11
11
0101
11
10100
00011
11
1000010000
100001000
10000001
10001
0100100000
00101
110
11
010100001001
010110001
100001
011
0100001
10000000010
0
11
10010110
11
11
0
00101
00110
000101
11
11
1001
0011
1100011
0101
110
1001
001001
00010000110100
101000
0100001
0101
1010
00011
11
11
1100
11
101
00011
011
11
101
11
000101
11
0101
