10001
1
1
0001
11000
1000001
01
1
1
1
10000
1000000010000000001
01
1
01
11
10001
1
000011
00
10000001
00001
110
0100
001
0100
000001
1000
0000101
010001000000
001
00001
10000
0111
000001
1
1
11
001
00001
1
00001
10000000
000010000100000
1
1000
000001
000110000
0001
1
100101011
001
10
1
00001
011010
10000000000001
10000000
1
1
1
1
1
01
01
00001
1
00100
1
0
1000000
1
00001
1
0000
0001
1
110000
010010001
1
001
1
1
110
1
0000
000001
100
100001000
00001
10
0001
01
11
0001
1
1
1000
001
1
0001
01000100
001
001
011000
0001
000
1
00001
1000
1
0001
01
1
1
00001
10
00001
000
1000
1000
001
1001010
001001
01
00100001
10000
001
0001
0001
01
1
00001
010001
001
10000
00010001
1
01
101000
1
000001
1000
000000
1
00001
1
0001
1
1
0001
1
10000
000001
1
011
10
0001
1
001
101
001
101000
0001
001
0001
001
11000
01
1
0001
0100110000
01
1
1
1
0001
10
01
00010001
01000
00011
0001
1
110
000010001
01
00100
000001
1
0001
1000
1
0001
100
01
001
10000
1
00000101
1
01
10
001
01
0001
1
101000010
0001
0001
0001
10
001
001
0001
001
001000001
0001
0001
1000
00010000001
01000
0001
001
10000001
0100000100000000000000000
010
01
1000110
01
010000
1001
01
01
1
1000
01
001
1
0001000
001
100
1
1001000
1
1
001
01
1000000
0001
100
1
100100010000
0000001
100000
0000
0001
011
0011
010
0001
1000
1
01
1001010001000
1
1
1000001
0001
01
010000
001
0000001
01
100
1
001001
001
0100000
0001
001
001
1
01
1
1
001
00001
1000
01
1
00001
1000001
0011
0001
0001
1
010001
0
00010000
001
100
00001
1
10000
1
000001
001001
1
1
1
00001
1
0011
1
1000
001
0000001
100
11
1000000
1
10
1
01
100
01
1
0001
1
1
10
101
001
01
1000
0100
001
001
0001
1000
000101
00001
1
10100
0
0
000001
00000000
01
00001
1000
100
1
0001
1
1
01
011
010001
011
1
0011
01000000
01
0001
11000000
001
1000100
1
1000
0001
0011001
1000
001
1
1
1
01
1
1000
100
1
001
11
100001
1
1000
01
001
001
01
10010000
001
100001
0100
0001
1
1
1
1
1
001
10000
00001
0101
01
1
1000
0001
00001
1000000001
1
1
1000000010
0001
0011000
0000001
0011
100
001
00
01
1
00001
1000
1
00001
1
001
01000
0000010001
10
1
10
0000001
100
001
1
0100100
00000101
010010
000
0000
01100
001
01
0001
0100000
0001
0001
100010101
01
01
0100100000
011
1100000
1
0001
00010001
1
1
1
0100
1
0001
0001
0001
100
0001
0001
00001
1
10001
1
0001
1
1
1
100
1
1
0001
1
0001
1
1000
00000
00001011
1000
01
1
1
0001
01001000
00000001
1000
1
1
001
0001
001
101
011
001
1000000001
001
100
001
0001
11000
0001
10000000
1
0000001
1
1
00010000000
01
00001
1
1
0
10000
0001
1000
10
1
1
00001
001
0100
01
01
0001
1
01
01
001
