0000001
01
10
1
1
001
001
010000
1
001
1
010
1
00001
0
10
010
01
1
01
01
1
1
1
1
11
1
1
1
01
0
00100000
0000001
1
1
00000100000000000
1000
1
1
1
1
1
100
1
1
01
1
1
1
1
1
1
1
10
01
00000100000000000000
1
1
1
10
1
1
1
11
1
01
1
1
1
1
1
1
1
0010001
1
01
100
1
0000000001
10
001
1
0001
01
1
1000
1
1
010000000000
01
001
1
0001
001
1
1
1
1000
1
001
1
1
001
1
1
1
1
1
01
01
1
1
1
10
1
1
1
1
01
1
1000000000
0001
10000
0001
001
10
001
1
1
1
1000
1
1
01
001
1
1
1
1000
1
01
1
1
1
1
1
1
1
1
1
1
1
1
1
1
01
1
1
1000
00001
1
1
1
0100000
1
11
001
1
1
1
0001
1
1
01
