11
1001
0011
1100
11
0011
01000000110001
00101
11
1
1001
00000
11
11
001100
00010001
101
11
010011
000101
010001
0000101
11
111
11
001000
000111
011
11
11
00001
011
1001
001001
0011
10010
11001
11
1001
0110
101
101
0101
001000
0011
10101001
0
010001
11
11
101
11
0100010
101010001001
1111000
0011
011101
11
1001
101
1001
00000011
11
000001
01001
11
10001000
0011
0001
00101
1010
00
1001
10001
1100000
0101
1100001
00011
1001
1100000
0001001
11
010
0110
010001
110
11000
101
11
0011
1001
101
100010
11
0001001
11
110
0011
100001
11111100
0011
1100
001
01000001
11
011
11
1100
011011
0011
11
100010
000100
0001010
010001
001110
001001
0011
100010
1001
00001
1100
11
00011
11
110
1100
100001
11
00110
1010
1001
0011
0101
00111
101
0101
00000
01110001
011000000000
0011
011
11
101
0010001
001001
1
0011
11
11
11
10010
00011
1100
11
11
00110
0101
00110
11
0
11
0100100
0010001
111010
011
11
110
0011
01000001
00011
011
01000
00101
00
01
00
1000001
0101
1011001
001000
0011
11
10010
0011
0011
0001001
110
101
011
11
001001
00101
11
11
11
110
11
11
10001
11
11
11
101
101
01001
101
1100
00101
10001
011
110
00
00011
101
11
00000000
0011
00101
100010
11
10001
11
1100000
101
10001
11
11
00011
00011
1100
101
11
00011000
011
11
1001
00
011
101
