00011
0
1
001
00
1
1
1
1
1
0001
1
1
1
1
1
1
00011
0001
1
000
1
1
0
0001
1
1
1
0
0
10000
0001
1
1
0
1
0100
1
1
1
1
0001
0001
1000
0
1
1
1
00001
100
0
1
01
1
1
1
0
0
1
1
0100
1
0001
1
0
0001
0
1
1
11
11
001
001
0100
0001
00011
1
0
1000
00001
0001
1
10001
1
1
00001
1
0100
11
1
1
1
1000000
1
0
11
001
1
0
1
0001
1
1
0
1
1
1
1
0000001
10
001
1
0001
0001
0
0
1
0000001
001
0
1
1
1
0
0000001
1
0
1
1
1
01
1
1
1
1
1
0001
1
1
1
0
1
1
1
0
01
100000
1
0001
0001
1
0
1000
0001
0
0
1
1
1000
1
1
110001000
1
01
1
1
0001
1
1
001
1000
0001
0
1
01
1
1
0
1
1
11
0
11
1
0
1
0001
1000
1
1
1
10001
1
1
11
0001
1
0
1
1
1
11
1
1
1000100
1
1
1000
100000
001
0001
1
1
1
1
1
1
1
0
0
0
0
0100
1000
001
1
0
0001
0100
1
1
1
0
1
0001
1
1
010000
1
01
1
001
1
1
1
1
0
1
01
1
0
0001
0
1
1000
1
0000011
001
0
1
1000100000000000000000
0000001
0001111
0001
0
0001
01
1
0
1
1
1
000
11
0
1
0001
1
1
1
1
0
1
1
0001
0
1
0001
1
1
1000
1
1
01
1
1101
10
1
0001
1
0
01
1
1
1000
1
0001
1
1
01
1
1
11001
1
0001
0001
0
0
1
1
1
00
000001
0010000
1
1
0001
1
0
1
1
1
1
0000
0
000001
1
0
100
1
1
0001
1
0
0
1
1
1000
0
1
0001
1
1
010000
1
1
1
001101000
1
00010
0001
0100
11
01
1
1
1
000
1
0001000011
0
1
1
0
001
0
1
00010001
1
1
0
1
1000
11
1101000
1
0001
1
1
11
1
1
1
1
1
0
1
0001
0
1
10000
01
11
0001
1000
1
0
1
1
0001
1
0
01
1
1
1
0000
0
1
0
1
1
1
1
0001
1
1
1
0001
1
1
0
1
