01000001
010
1
1
0000
001
0001
00001
01
0010000
01
1
110
0001
00001
00000100010
1
01
0001
100000
0100001010000000
001
01
00100
1
1000000100
01
1100000
00001
1
10
1
0001
001000
0001100
0001
000010100
010
01
10
1
000001
10000
000001
01000
01
00001100100010
0100
00001
100000
01
001
0010
1
0000101
1
01
00001
1
10000
01
01
1
000100
01
0101
0000100001000000000
1
0001
01
01
01
10
01
0001
1
1000
0001
1
1
010000
01
001
1
10
1
1
001
01
001
0001
1
01
01
001
1
1
1000
0100
00001
01
01
01
10
010001
0000001
0001
0110000000
1000000000
1
1
10
01
01001
0001
0001000
1001
0000001
10000
000100000000000001
0011000
010
1
1000
011
10001
100
00001
100001000
01
101000
100
010010
001
1
0001
1000
1
1000010
01
1
101
001
10000
01000
0001
01
00010000001
000001
01
10000
1000010100010
001100
1
1
01
001000010000101
010
0100
1
1
01
0001
000000
01
00100
10
0001
01
101
10000
10
1000010000
0101
10
0000001
1
000010000
000011
0100010
110000100
01
01
1
100
1
01
01
10000
0001
01
01
10100
1
1
1
01
0010
00001
10000
1
1
1
01
1001101
01
01
00110
01
01
01
1000010
10
110
0001
001001
1
1
0000001
1
01
001
11000
0100
01
10000
01000000000
001
1
01
10100
0001
1
10
0000001
01
10
00000
00100
1
01
01000
100
00001
00001
10000
000000001
00001
0001100
0110000010
001
1
01
001
001100
00001
1010
010011
10
0100
101
1
1
1
110
10
001
010
00100
1
000
011
1
11
01
100001000100
0001
1
01
1
00100
01010000
00001
00111
10
001
010101
01
01
1000
0001
0000101
100
1
00100
1
10
0001
01
0001100
1
01
0001
00100
00001
00001
01
100
1
10
01
00100001
0100000
1000001001
01
10
10001
010000
00001
1000
100000010000
1
1
01
0010010000100
1
10000
1
1
0011
1
0100010
01
1
1000000
110
1
01
00001
01
0001
1
10
1
00001
0100000001
11
1
0010
0101
1
101
01
1
1
000000
1
00001
100
0101
000011
00000001
10
0101
00100
001001011
10
01
01
01
1
100
0101
1
001010000
01
01
01
1000
01
001
10
01000000000010
1001
10000
01
1
01
0000001
001000
1000000000
01
01
01
1
01
10
01
0100
001
001
01
0100000
00001
001
11
1
10
0001
10000
1
00001
10000
1
01
00001
01
0001
1001000
01
1010000
01010001
010
01
0010000001
01001
011
01
010100
1
1
1011
000100010
1000
00001
01
01
00010100
10
011
010000
10000
01
01000010
010000001
10
1
00010
01
0001
00010000000000000000
0010
00100
1000
0001
1
10
1
01
10000
100
01000
01
0010
01
011
01
01
01000
01
00001
1
000000001
10
1
0001
1
01000000
01
011100
010
01
1
10
011
11100000
00001
01
001
001
10100
01
01
00000101
1
1
0001
00001
010100000
10
000100
1
00101
100
01
1
100000
01
000001
10
00001
10
100000010
0001
0001
01
1
01
00100
0
0000001
1
000001
01
01
10
0000000
1001
001
10000
100
0000100001
00001
1
1
10
0010101
010
010
11
1000
110
01
0101000
1001
001
0100000
01
01
010
01
0100
00110000
01
01
0001
000100100
0001100
01
01
01
1
0100000
1
0001
001
01
1
01
10
0100
01
0001
01100000100
1
0100
10
1
011
1
1
01
1
01100
00001
100000000
1
01000011000
10000
010000
01
1
1
01
000001
10
0001
1
101
1
10
01
00001
01
10000
1
01
1000
01
00001
01
100000
1000
100
0001
01
00001
1
001
10
110
001
10000000
000001
1
100
1
01000001
100
1
10
1
100
0000001
10
000001
1
1
000001
1000000
1
0101
10
01
101000
01
0
01
01
1000
00001
1
01
00001
01
101
10
100000
000001
100000
001
000100
0000001
001
1001000000
10000
11
1
1
01
01100
00001
01
1010010000
1
0001
00001
00000001000
100
00111
01
100000
001
1
10
00001
0001
11
0001
10
001
00000
0101
1
10101
0100
1
