1
01
0011
01
10
01
01
1
01
101
10
01
1
1
1
001
1
1
11
01
010
1
1
11
1
10
1
1
001
01
0
01
100
1
1
01
1
0001
11
1
01
1
001
01
1
1
011
01
1
0001
10000
01
01
1
1
1
1
1
1
00100001
1
100
1
01
01
111
1
10
1
1
0000
101
1
10
1
01
001
01
01
01
100001
011
01010000
01
1
1
10
0001
001
01
10
1
01
01
01
1
100
01
01
01
01
10001
1
01
001
1
100
001
0011
01
1
1
10
1101
1
11
1
1
10
0001001
0
0100
1
1
00011000
1
0
01
001
01
10
10
1
1
11
101001000
1
001
0001
1
001
01
01
1
1
0
1
1
01
01
1
1
01
0100
1
1
01
1
0001
100
001
10
000100001
1
0001
01
1
1
1
01
01
001
1
1
1
11010
1
00001
1
10
1
1
001
1
0011
1
01
0
0010
1
01
1
1
111
10
1
1
1
1
110
01
0
1
1
1
1
1
001
10000
001
01
11000
1
0001
1
1
1
10
1
11
01
1
01
1
1
0
1
1
1
1
1
01
01100
0001
1
0011
0
100
1
1
01
1
1
01
10
1
01
01
1
01
00
1
1
01
001
1
1
00
100
001
0001
1
1
10
0011
1
001
0
010
01
001
1
01
1
1
10
01
1
01
001
001
100000
1
01
11
110
01
1
1
1
001
1
101
001
001
11
100
001100001
101
1
01
001
1
0100
00001
1100000
01
1
1
1
1
11
011100
0001
1110
00001
1
10
1
10
01
11
1
001
10
11
00011
11
100001
01
01
1
1
10
100
1
001
1
1
1
1
110000
1
00001
101
01
101
1
1
1
1
0
01
1
01
1
0101
010
101
1
1
1
110000000
001
0
11
1
11010
01
0
1
1
1
1
01
0
1
1
0001
1
01
1
100
1
0101
1
01
01
1
1
1
1
01
1
1000010000
1
0011
1010
1
01
001001
1001
101
01
11
010
1
1
0001
001
100
001
011
0011
1000
000100001
100
0001
001
1010
1
1
01
1
01
1
10
01
01
11
1
1
1100
1
1
0101
01
1
10
10
1
1
01
001
10100
0001
010100
01
01
1
1
001
10
1
1
01
01
1
1
1
1
01
01
1
01
1
1
1
100
001
01
11110
11
01
001
0011
100
1
001
01
01
01
11
001
01
01
1
1
1110
011
1
1
01
1
1
1
01
11
1
01
1
1
11
001
1
1
0001
101
1
1
001
1
01
1000
0001
01
1
10
1
01
000001
1
01
10
1
1
01
10000000
001
1
001
00
1
1
1
1
1
01
1
1
1
1
11
00001
01
1
01
10
0
1
01
00001
10
01
1
1
01
1
1
1
1
100
1
00101
01000
1
0
01
1
1
1
1100
10
01
1
01011
001
01
1
001000
01
01
110000001
1
010001100101
1
1
1
01
110
10
01
1
001
1
01
100
1
001
100000
101
0
1
1
1
10
0100
10
001
01
1
0101
1
1
0011
01
01
1000
1
1
1
1
0
01
100
1
1
11
1
001
11
1
00
001
1
1
1
0
0001
1000
0001
001
10000
11
1
0011
1
1
001
101
11
1
1
01
011
011
1
1000
01
001
011
10
1
001
11
01
1
10
01
1
1
1
01
01
1
1
100
1
11
01
01
0
1
1
001
01
01
1
1
010
1
01
1
1
10010
1
1
01
01
1
011
1
01
1
0
