1
01
00
0000000100001
01
1
1
1
001
10000100000
0000001
1000
1000
0001
0001
00010000000000
0001
001
100
000010000000000
010000001
1
01
1
1
11000
0001000100010000
1
101
1
00001
0001
100000000
1
10010
00010
0100000
00010001
10001001
0001
01
10
00000001
100
1
10000000000000000000
1
10000
1
00001
010000
0001
0000000000000000000000001
10
000001
001
0001
0100
001
0001
1
000001
11100
00001
0001
1
0000000000000001
00010000001
001
0101
011000
000001
111
0100000
00001
0001
100000
0000011
0001
1
001
10000000
1
0100
0001
000
1000
000001
01
0001
1000000
0000101
0001
011
1010000000
0001
100000000000
1
00000001
0100
1
10000001
1
10001000000
01
0001
1
1000100
0001
101000
00001
1000
100000100000
0100100000
110000100000
001
001
1
10000
1000000000
1
010100100
1
01
00001
001
1
01001
1
001
00001
11
0100
0000
011
101000
100
000011
1
000000001000000000
1
001
101000010001
1
11001
1
0100
1
0001
100000000
0001000000000
0001
001000000
11000000000000
1000
1
1
100000
0001
000100010
00000001
01
00100
0001
1
10000000
0001
1000
00001
0001
10000000000
000000
0001
01
1
1
1
001
00001
100000000000
0000001
00100000000
1
0
0001
011
1000
001
1000
1
0001
000
100
00010001
1
0001
01000
1
0001
000001
0100100
101
001
0001
01
1
000100001
001
01
0100
0000001
1000000000
101
100000001
1010
000
00
1
0000001
0000010010100
001000000
000111
010000
00001
0
00010001
001000
00110000010
000000001
0000
1
0000100000001000
100000
00010100000
011
1001
000
0001000000001000
1000
110000000000
01
1
0000011
010000
1
0001
000010000
0001
0100000010
00001
1
1001
1
0001
01
1
0100
00001
1000
00001
10100
1
1
0000000001
0010000
100001000
00100010
000000001
10010000
001
1000
001
01010000000
1
0001
1
000
1
1
0001
0001
1
0001
0100
101000
1
0001
100000
0001
1100
1
00000001
0001
1000
0001
1
100
10100
100000000
1
001000100000000000
0001000
0001
100100
010000000000
1
100000
0101000
1
0000
1000
0001
1
1
10
1
01
0001
1000
0001
1000
000001
0001
0
1
1
100
00011
10000
001
011
1
1
1
0001
0000001
001
00
001
0001
1000
1
0101
1
11
10001
1
1100
1
01
010000000
00000100100
1
100000
001
0001
0100
1000000000100000
0100000
1
1
0001
0000100100000000000000
100000
001
100000
100
1
0000001
0001
1000
0001
0000
01
0
10
0100
1
1
1
01
0100000000
100
01
0001
1
001
0001
0
1000
001
1
100000
0001
10000
1
01
00101
0000001
1
001
1
1
1
100000000
1
1100
0001
1
1001000
01100000
1
01
0001
01
10000001
001
1
010
0001
0110000000000
01
1
000
10000000
1
00001
0110000010001100
01
11010
01110001000000
0110000100000000
0001
1000
000001
100010
100
01
0001
1
000100
100
0001
1
0000001
1000
1
1
000111
1000
1
01
01
011
0001
00010000000000
01
1
10000
000000000000
000
100000
1000000
100100000010000
000000010
1
1
100
0001
1
00100001001010010000000000000000
01
01
010000
00111
01
10
1111
001
1000
1
1
0001
