000
00001
001
1001
100
0001
01
1
001
001
1000
10000000000
000
1
1
1
001
0000000
111
001
001
01
0001
000
0001
0000000
11
1
1000
1000000001000001000
10
0001
0000
10
000000001
00
1100
0
0
01000000000000
1000
00000000000000000100000000000000000000000000
1
10
1
0000011
0100001
00001
10000000000000
1000
010000000000
01
01
0000000
01000000
0001
1
000000000001000000000000100000000
01
10
00001
0001
001000
001
10000
00010000
1
01
1010
1
01
1
0001
1
00
01000000000
1
10000
001
10000000
0000
01000000010000
10000
00100000000000
00100
01
00000001
1
10000
00001
0000100000
1
1
0001
1
1000
1
1
00000100000000000
00100
0100
1
10
0100
0000001
00100
10000
0100
0100000000000010000000
1
100000000
010010
1
0001
1
0001
0100
01
1
001
1
000
000
100
1
1
00001
1
1
100000
00001
0001
0001
1
1000
01
001
11
10
1
1
1
001
1000
000100000000
0001
100000000
0001
000000010
00100000
1
0001
000
001
1
1
1
1
0001
00000001
1000
010100000010000
1000
0001
1
010
10000000000
000
00000000000
1
000001
01000000000
001
0001
1
010000
000001
1
100
10000
001
1
0001
0100
1
000000010001000000000000000
1
10
10
1
000001
1
0001
1
01
10
00001
01
01
0001
10000
001
0100000000000000
10000
1
01
0100001000000000
1000
0000
1
00001
1
11000
1
1
1
1
01000000000000
100000000000000000000
01
1
10000
00001
101000
0001
1000
1
0001000
010000100000
001
1
00
1
01
00001
10000000000
00000001
1
00
01
1000
0001
1
1
00001000001
0001
01
0001
1
0001
1
00000001
1000
0000100001
01
1
1000
001011
1
1
1
1
1000
1
001
100000
1
00000000000000100000000000000000000
1
1000
00001001
10
10000000000
1
01000000
1
00001
000000
1
1
0011
0100
0001
01000000
01
1
1
100000
10
1
1
10000000000000000000
010000000000000000
00001
10000
100001001
10000
00000000000000
10000
101
01
1
1
0100
0001
1
00000
1000000
0001
100
001
01000000
1
1
11
1
0001100
1
100000
0001
00
1000
1
0001
0000001
1
1
10000
0001
0001
010000
0000
1
100000
1
000000001
1
010
001000000
11
0001
1000000000
0001
000000
0000
1
10000001
0001
1
010000000
01
0001
01
1
0001
1
0000
00001
1
1
00000001
0000000
100
001
000001
1
0
0001
01
0001
0001
000100001
0000000
1
100
0001
0001
001
00100
000001
1
100000000
100000
001
00
11000000
000001
10000000
1
1
1000
1
1
11
10
1
10
010
01
0001
1
1
1
1000
00001
0001
00001
1000
0001
00001
0000000000000
0100000000
10000000
0
001
1000
00001
1
01
0100000000000
0001
0001
1
01
10000
00001
1
000
10
00001
00001
0111
1
1
0001
0001
01
1
0000001000000000000
0001
1
1000
0001
00010000
010
011
1
1
0001
1000
100000000000
10
1
1
1
100000000000000000
1
1
00100
1
01
0001
0001
1000
01
00000001
1
1
0100
1
