0101
0100
1101
1100001000000000000010
01000000000
1
10010000100101
1
1100000
1
010010001
111
00000010100000
100000100000001000000000000110000100
1
011100001000000
01000000000001
0011
110000000100
101
1100010
1
00011000000000
1100
1000000000001100010
111100000
1
100000100000
1000000001
1
10001
1
11
00100000010
1000000001
010000000000000010
0010010000
100
1000100
110010000
011100001000110000000000
0110010000000
1
1000000001
1001
110
11010
1
1010000000000
0000010011000100000
1
1101000010000
0001000010101000000000
1
100100000
100010000000100001
1
10000000001
0100000100
1000010000
0010010000000
000100100100
101000000000000000100000
11
10000000001
10001000000000000000000
00010000001
00000
000010001
100001000
01001001100000
1
0100010000000
0111
1
0100000001
0000100001
0000110001000000
00001
1
11000000
100000001
010000010000000
11
10000100001000000001
0000010010000000110000000
0010010000000000000000000000
11
1000100000000
0000001001000000000010000010
0000010000000000000000
1
1
000101
00000000
0100000001
0000100010000000000
0001100010000010000000
10000010000
10110
010101
000100001000000000000000000010000000
00000000
011
100000001
00
100010000001000000100000
110000
1
0000110000
0010011
000110000001
1
1
11
1
1
11000010000000100001
000110000000001
11
1
1
100000000001
10010000000
000010001
1
100001000000000
1
1100
0000010001
11000000001000000
11010000
0010100000
0101
0110000011
100000001
01000000100000000000
1
00100001000010000001
11
1
11
100000001
11
01001000000
1101
1
1
000
00001100000010000000001
0110010100
1100000000000000
110010000
00000000000010
0000100001
10100
000100001
110000000000
0000011
111
1010000
101
110000
0000011
010110
00
101001
11
0000000000000000000100001000000000000000000000
0101
010110
000
1
010000001010000
1000000001
11
1
0000100000000100011
1
0011
1000000001
00100000100000000
0001010000000001000
1000000001
1100001
000001001
01101000
000100000
10000101010000
00010001000000
1
010010000
110000010000
011110000
01000000000011000000000001
0000100100
0000100001
101
11
1000000001
0000001100000000
111
10000000001
1
011
1
1
110001
100001000000
00100010001
1
001001
1000000001
1
000011
011000000
101
000101
10001000000000011000
11100
1001111
1001000
100000000000010
11
10010000
1000100000
0
10001000100
1
00001000100011100000010
0100011
11100
001000011010000010
1
1000000110
1
1
1
11
00110000
11
000010100000000000
10000000000001
1
111000
1000011
0100000000100010000
000010001
1100
011001
0
1
11000
0000000101
100000001
11
1000100110
0100000001000000
01000010000000100001
0000
1
01010001000110000000100
0000000001001000000000110
01100000000
100000001
00100100000110000000
000100001
01100
1
10001000000
100010000000
001010110
1000010000
1000010000
10101000
1
1100000000
000011
000
00000100001
001001000000
0000000011
00000000
1
1000010000
01000010
000010000001
1
1
1
0111
011
10001000010000
010000010000100000000000000000101
000001000001000000
0
11000100
0000000
11100
010000100000000000001
00000010000100000000000000000000
11
0100000001
000100001
1100000
000
1000100000
0001100000010000000000000111001001000000
000001000011010000000000110000
000011
01101
000
1000000001000000
0011
00000000000010000
00010000
0100000000010000
1
01100000010
11100000
100001
10010000000
10101
1
010100000000001000
00010001
0110000000
11
1000010000000
1000000001
010100100
1
0000011010100000
1
110010011000001
1100001
01000010000000
10001000001000001
101000000000000
111010000
00000001000110000000001
1
00100010
11000000
10000000001
0000
100000100000000
111
00100001
1
10000011
0100
100100100010000
10110000100000000
11
1000001
1
0101000000000010000000000
1000100000101010
0000
10000000001
11011010100000
00010000000100011100010000000010000000
00110000000000000001
011
100000000
1
11000000000
0100001000000000
1001010010100000100
100000010000
00010000001
011
0000
1
0011
01100000
1
11
00010000000100000000
1000000001
1
110000000
011100000
100001000
1000100000
100000100
0010000001
1
11111
11
0
100010000
01101
00000010100000000100001
11000000000
000000010
000110000
100000000000010
00001001000010010
000000000000
10001000000
11010
1
0000001000010001000001000
10000001
00
1
010100010010000000000
1
0000100001
1
0001000000001
11
100000000001
11000000000
01000000101000000000000001000000100000
1
0001000000011
0010000010
0000100001
010001000
0
10000001
0001000001
1
1000010000
1
10010100
0000000010010001000000000001000
000000000101000000000000001
11
1
0100001
111
1
110000000000
11
1
010000001000010000
1000010000
10000100000000000
0001100000
111000000000000001
10011
00011
100001
10001000000100000001
11
00000000000110000101000000001000
10001000
1
1
0100000010
00000000
00
110000001000000
11100000001
011
110000
000
101010
11
11
00101
011
0011
001100000100
100000001
00001
110
000
000010001
0000000010010000000000110000
0111
1
0000001100000
10111
10110
01011
1100000001000
11
11000
1
0100110001000000
000
10010110
11
11
10000001
11
1100000
11000001
0110000000100
00010001
100010000
0100000001
00011
1000000010
11
10100
01001000000000000000
000011
11
01000010000
1000010000
10001000000
110001
010101
1
0001100000
1100000000000000000
11010
0110001
101
00010000010000
01000010010000001000
101000000000100
1100000000100
110100
0000100001
11
0000100110100000000000
100001
000011
1
1
1000000001
011
1100100
1
010001000
1
001011
1
111
1
00011
1
1
100000001
110000000
10101
0010000001
11100010000100000000000000010
11
1000000001
1
1
1
1000000001
0010000001
0000100
0101000
01011
110000000000100
1000000001
011
01000000010
1
1
01000001000000000000
011100100000
1000010000010001000
1
0000101000000001000010
0111
1
101010
0
010110011
1
000110001
1
1
