0001
1
1
1
01
010
1
1
0001
1
01
100000
1
0001
001
1
1
1
00001
0001
1
00
0100
01
1
0001
001
10
1
00001
100000
100
1
01
1
1
00001
01
10
001
1
001
1
0100
010
1
01
00001
01
1
1
1
000
1
00001
1
10000
1
001
01
01
1
0001
001
1
00010000000000
1
1000000
00001
1
1
10
100
1000
1
1
1
1
01
1000
1
101
1
1
1
01
01
001
10
100
00001
00001
1000
01
1
1
1
1
1
1
1
1
10
0000
001
1
01
1
10
01
1
0001
001
1
1000
1
001
1
001
01
1
000000001
10
1
010
01
10000
01000
1
1
10
00010000001
10
1
1
0001
1
01
001
10000
01
0001
10
10
1
1
000110000
00001
1
1
0001
001
1
1
1
001
000001
100000
1
0001
01
1
0001
0
0001
01
1000
01
1
1
01
1
1
1
0001
001
