1
00
0
0
1
0
011
1
0
0
0
01
0
00
1
0
000
0
0
1
0
0001
00
0
0
01
1
11
0
0
0
00
110
1
0
1
0
1
0
0
0
1
00
0
0
0
1
00
0
1
0
1
0
0
01
0
0
0
0
1
0
00
10
0
0
1
1
00
0
1
0
1
1
0
0
0
00
1
1
1
0
1
0
1
1
0
1
000001
0
0
0
0
0
1
0
0
001
0
00
1
0
0
0
1
0
0
01
01
0
0
0
0
1
0
1
1
1
0
0
101
1
0
1
1
01
1
01
0
00
0
0
0001
0
1
0
11
1
0
1
0
0
0
0
0
0
0
0
0
0
0
1
1
0
11
0
0000
0
0
1
1
1
0
0
1
0
0
0
1
1
001
0
0
0
0
0
0
0
0
0
01
0
0
000
0
00
0
01
1
10
1
0
1
0
0
000
1
0
1
11
0
0
1
0
0
0
1
0
1
0
0
10
0
0
0
1
0
0
0
1
00
1
1
0
0
0
10
0
0
0
1
1
0
1
000
0
1
01
1
10
0
0
0
0
000
0
00
1
11
1
0
0
1
0
111
0
1
0
0
0
100
00
0
0
0
1
0
0
1
01
0
1
0
1
011
00
00
0
1
00
1
0
0
00
0
1
0
0
1
0
1
1
0
10
00
1
0
0
00
0
1
1
01
1
001
0
0
0
0
0
1
0
0
0
0
0
001
0
1
11
0
0
0
00
0
01
0
0
01
001
0
1
1
11
011
0
11
0
1
0
0
0
1
1
11
1
11
010
0
0
0
101
0
1
00
0
0
1
1
0
0
1
1
0
0
0
0
0
1
1
0
01
0
00
0
1
0
1
00
0
1
0
0
1
000
0
011
001
1
0
0
0
0
0
0
1
0
01
111
01
0
0
0
0
0
0
0
00
0
0
0
0
0
00
0
00
0
11
1
0
1
