011
1001000000
111
11
00010000
0101
11011
11
0000011
11
1001
101
11011
1100010010
0101
101
0000001
000010001
1010
00000
001011000
1100001001
101
011000000
11
11
110
100000000
11
10100
000011
11
1
11001010
101
11
101
1000010000
1010
11
11
0001000000100
101
10001000
000110000
0000001
110
11
000101
111000010
11
1100000
1000000
11
00100100
0001010
100010000
11
100001
11
1001000
0001001
11
11
10111
0101
101
01111
11
101
000101
11
1000100000
1001
0100000
0011000
0000001
00010001
11
1000110
11
1000100000
11
11
11
11
01110100000
1010
011
0000000011
011
011000000000
00011
10001000
11
011
1100
001100000
101
1
100010010000
11
011000
111001
10001000
11
0011
11000
101010100
11
11
011010010
11
11
1000001
11
1011001
11
11
11
11
1111
1111
01000001
01000001
11
011
1111
0101111
11
1001
00010001
1010000
1000001
101
11
10000001
101
001111
001010000
101
11
11
11
11
11
11
11
01000000
00011
1100101
1101010110
0001001
010000100
11
11
1100
00010001
01100110
0100001
11
11
