1
11
001
1000000
1
1
01
1
1
10100
00001
11
01000000000000000
01
100
1
001
110000010000
010001000000000000
1
00101000
1
1
11
1
0001
01
1
0000100001
0011000001000
11
001
1000000
010000010000
00011
10000
1
1
001
1
100100110
1
1
1000
1
101
1
01
1001000
1
00010001
1000
1000
0001
001
1
101
0001
00001
1
000011
010100
1
00001
00001
1
1
1
10001
1
0011
11
10000
10001
01
11
01000
1
0001101
01
10
010
100000000000010000
0000001
1
1100
1
10000011
11000
1
1
1
1
001
1
110111
10
100
1
0001
0001
101000
0001100001
10
1
01101
0001
0001
101
1
1
0010001
01001
010001
101
1
0001
1100
1
1
0010001
1
01
01001
1
001
1
10000001
000000000001
001110
11
0001
100100
1
0001
01
1
1000
110
1
01
10001
10100
1
1
10001
1
1
0011
1
1100000
0001
01
100000001001
0
01
0001
0100
000011
11
0001
1
0100
00011
00
011
1
01
1000
00001
1
01
1
1
1
01100
1
01
1
1
10
0001
01001001000
11
10000001
0111
1
10100
10
00001
01001
1000100
1
1
00010001
010
01
1
11001
001
010110
0010001001
11
11
11
1
01
10001
10000001000
01
00001
1
1
11
1
011
11
1
1
1
1
1
10000
1
1
101
00011
11
010
1
01
1
11
1
00101
1000
11
00001011
0100
11
1
001
01
01
1
101
1
1100
1
001
1
1
01
1
1
10
10
1
001
0001
1
1
1
1
01
00
000101
1
111
1
1000101
1
001
1
0101
100
1
1
0010011
111
1
001001000
1
01
1
10100
01
01000100000000000000
0001
000
01
0001
10
01
0001
1
1
1
1000
1
0001
1
11
1000001000
01
01
0100001
001011
00001
1000
011
01
001
11
1
00111
1
000010001
10000
01
01
01001
1
1
1
010
1
1
1
00000101
1
00000000100010
00011
1
1
01
01111
1
111
100010
0000001
1000
1
1
00101
1000
01
01
00100000100010001
00011
10
1
1
11
1
01
1
001100011000000
010
1
01
001
1
101
000011
1001
00001
00010010
0001
1001
0010
10001
11000010000
0001001
11110000
1
1
11
10
1
1
11
1
1
1
0010100
00001
01
1
1
1
101000
1
1
11
1
001
1
10
1
10000000001
1000
10
01
0001
001
1
1
1
1
00100001
1
1
1
1
1
000111
110010000000000
1
01
1
1
100001000
00001
0001
010000
00101001001
1
0001
0001
10001
10
1
001
10001
1
0100
0100001
0
00001
11
11
101
0001
01
1
1
01
11
100
011
1
0001
1
11
001
1
01
1011
0001
00000
10
001
1
1
0000001
10011
001001101
10001
100000
001
1
1000
0001011
11
1
0100
1
1
1
1
01
1
11
111
1
1
10100
11
0001
11
1
1
1
10000
00110000
1
10010
1
11
0001
10
01
1
00001
001
1010010000
0001
10100000
01
110
00001
10
1
1
0011
1
11
00101
0100
0011
01
100
000101
100000
01
1
100000000
011010001
0001
010000
0011
10000001
10
00010001
1
100010001
001
100000010
0100
1
001
0001
010
0001
0001
1
0100001
1
1
011
0001
01001
100
1
1
011
1
1
0000
1
01
1
11
001
11
1
1
10000
1000
001
1
01
001
11
11
1
1
00011
1
01
0000000
00010001
1
00001
1
1
1
00010001
10000001
1000110000
00011
1
011
0100001
1
1
