0101
00011
11
1001
11
11
11
00001001
1001
11
0000101
11
1010
0000001
101
0101000
00
011
110
010001
01010000
11
011
11
1110000
10001
100001000
0101
1100
11
01010110000
101
011
010001
011
000100000000010
1010000
11
101
011
11
100001
11
11
11
000110000
00000101
11
01100
11
1001
00011
10111000
11
00010010
1000001
100000010000
10111
00101
11
101
11
01010000
0000101
11
0001001
11
01010011
11
000000101
00110000
1000010
11
101
11000000
0000001
11
110
011
101
100001000
01001
11
10001
0010010
11
11
11
001001
000000100
11
0101
101000000
100001000
11
1
1111
11
011
11
10010
011
0011
101
10010
110000000000
11
0
011
101
0000101
11
11
1
110000
11
11
0110
00101
011000
1000001
11
11
11
011
10001
11
011
11
11
0101
1110001
11
11
11
101
1001
00011
0110000
00101
1001000
1101
11
11
00011
101
11
11
00100001
1001
1010
1111
11
000000100
010001
00000010001
11
111
00001001
100
11
11
1
11
10001
11000000
11
011
00101
0101000
11
11
10010000000
10000000001
11
11
101
11
011
1010
11
11
11000
11
11
11
101
11
001010000
11
1001
11
10010000
101
001001
11
11
11
11
11
11
101000
110101
010001
11
101
11
00001001
11
11
11
1100000000
1001
1100000
11
11
11
10010
01100000
00000101
01100000
00011
11
0
1011
110
1000001
011
000001
10000
1001
0000101
101
0101
11
11
101
11
11
011
11000000
0110000100001000
1100000
00011
11
111
011
100010
11001
00010101
