1
0001
1
000001
100
00011
010000000000
1
1
00001
0001
10
01
0001
1000000
11
11
1
01
10
00001
0001
100
00001
10
001000000
1
1000
1
11
1
001
0001
010001000
1
01
1
0001
1
001
1
1
000
10000000
00001
1
11
1
1
1
1
000000100000000
1000
001
11
1
010000
00001
0001000
01000000000000000000000
001
1
1
010
0100010000000
00011
10000
1
1
0000001
1
1
00001
1
001
100
0000001
100
00001
01
0100
1
0001
1
1
1
10000
1
1
1
1
01
10000
0001
11
1000
1
01
1
1
0100000
1
00001
1000
000001
1
00100000
1
0001
1
1
1
1001000000000
1
1
00100
0001
1
1
1
1
0
001
10
01
01
0001
1
1
100000000000
00001
1
1
00001
000011
01
10000
1
1
00001
100000
1000
0100
00010001
1
1
1
1000001
1
1
1000
1000010000000
0001
100000
001
010000
11
010001
00
1
010000000000
01
000
1
0001
1
1
1
11
00001
1000
1
001
00001
1
000001
0001
100000
1
0001
1000
1
000
00001
100000
1
1
1
10000
0001
00001
1000
0001
10000
01
01
1
10000000000
1
1000
10001
1
00100
1
1
01
0001
01000000
1
0001
10
1
1
1
1
0001
10
1
0001
1
0100
00001
1
1
1
01
1
000001
0001
1
0001
1
1
001
1000
0000001
0000010010
1000
1
010001000000
01
000101
1000
0
100000000
0001
01
1
1
100
000
1
1
1
100000
1
1
0001
01
1
0001
101
1000000
11
01
1
100
001
1
10000
00010000
110
00010
1
1
01
1
11
1
0100
0001
01000
1
1
0001
0001
1000
1
1
01
1000
1000
1
0001
10
01
0001
1000000
1
01
1
1
1
01
100
000011
000
10001
1
00010000
1
1
001
1
01001000
00001
1
1
10001
1000000000
1000000
0001
1
1
00100
1
1
10000010000
0001
1
1000
0100
1
10000
00001
10000
1
1
100000
100
11
1
0000001
1
0000100000000001
10000
1
0001
1
1
1
0100
000001
100
1
01
0001
1
0001
1
0000001
1000
1
00001
1
010
1
1
0001
1
0000
01
000001
1
0100
000100001
1000000
1000
10
000001
0001
100001000
1
1
1
1
00001
0001
1
1
1
1
00001
100000
1
00001
1
1000
1
0001
0001
10000
000010001
0010
0001
01000
01
00001
1
100
1
1
0001
10000
000011
1
1
01
1
1
0010000000
1
1
001
1
1
1
01
1
0100
0100
1000
0001
1000001
1
1
1
1
1000
10000100000000
1
000
010
1
001
