000000001
01111
10000
0101010001000100101110001
011
100100010000
10010
1
0100100111000
110001000010000100000
111101
110000000
000001
11000000
1100000100010000100010000010
11010
1001000001110000000110000010001000100000
0001001010100011000
1
110
1
101000010001000100000
10000
1
1
01100100000100001
1
100000
10000
0011
1
00001011010
1
011
1
01010000010
00010101011000001
0100101000101000000000000010001
100010111
100000100001
1
1
1101000
100010001001000
111
1101000010001
011
11000010100
01000011001000101000
1001010110000000000
110001000010110000010010000
10000000
0001
10001
0
0110001000
0001
1
1101000000
11100000
01000000000110001
1
1010010010000
010101001100000000
11000
001101000010001
11100001
01001010001000010000000001
11
111101000000100000001
11000
1100000000000
1000000000000000100
011
0001110000001010
001000000110010100000011100011000
011000110001
001000000000000000
01001
1000
001011001011
101
11
1
001101
000000101111011
0010000000
00111
100
001
1
111011000111
1
0011110000010100
100010100
0000000001
1
01000100010010010000
01010100011000
1111000000000010
1000000000
01
000000000100010010000001010
100000
11110110000101001000000
010000010001001010
1010000010000
1
011101010010000
11
110000000001000
1
0010001010001000000000000
110010
01011
11
1000010000
01
10001000010001100100000
1000001
110
011
001000000001100
1000001001011000011101
001000010100000001000000
1
10
01001000100100010000
00001000010110000000010000000010
110001
10001100001001
0000000000000100000000000000000000
00010000
001000001100111000000000101000010
01010000
011
1
1100000000000
11001000100100
100
1
11100100010000
1
110
00100010000100011
00
00001
01000001001100100
1100000000010001
1
10000
100100100100000001
00101100000
1
1100110010010000
100001001000100
110000
1
100000000000
011001100000
1000111011
101
00001
00010000000000
100100100000101
1101
1
000001
10110
1000000000
00011
1
000000
011
11
11000011000000000010
100011
101011000
1
100000000000
010001011001000000001000
10100
011011000100000
11001010
011
1100001000
10001001011
1
00011000000100
000000010000010000000000000000000
1011101101
001
110000
01000000000
010010100010010000100000
111010
1100100000010000100
010000100000110001000000000001
000001
1101
010101
1000
1
0010001111000000011001
100101101
1101001001001000
100000
01000000001
1001010000001010000
110
0001
000001
00100
0100001
00011000100000001100010000001
1
00
1
1100011000010000010001
1000001
110010000010
1
100010001
0101001000000110000100000100000001000100
100010011000100000000100001000000
01000000
1
1111001001000100100
1000000000
0011
001010100000001000100100
001000
00001
1110
00101000010001000
10010100010000001010001000
1010000011000000000000011
01
001
11100
110100000000
11
00
100101010
1010101
1
010000100
0001
1011
00100000
1011
0011
1100
001000
1
00010101010000000010001000
0101
00100
00001
11
10
0
010001010011100000000
000100100010010000001000000000000000000000000
11
00000
101
00100000110100010001100
11
100001
0001101
1
001
11
111000010
0001
0001
1110
01
10010000
011
101001
1000001000100000100100000000
110111010
000111
10100110
010000
010010110000110000000110000
1
111
1111100
01001001000101000001000001
01001100001000100000
00001
1000100
11001001000000001000001
11011010100
010011000010010001100100010
1111000100
0110110001111000
1100000000
11
01
01000010000
11100001000100000
001
01
1
10010000
0100101
1
100000000
0000011
00010000
1
1
010
00110001
0
010011
11000
01
100100000
00001
011000
11000000
10011000100000001011
101
1101
1000000000
001
0110001
0000100001
10
1010100000010010000000000
0000010001
010010101
1
010111011
010
0001
1011000101
0100110
1010001100001
011
010110000
110000010001100000
10000
100010011001
1
11100001000000000000000000
11000000100
101000001100100000
001
011
0110100010001
0000001011
11
00011
11
00001010111001000001100
11001000110001000000
101
01011
01000000
0001
11
11000000010001000
1
1101111110010101
0100000
0011
11110
1
001
0
01000000
01101
101000100000
111001
1110
10010010010000000000011
0111
010
0100
1
100000011001
00010001100100100010000000000
110000
000001
10000101010001
1111
0001001100100100000
10000001
1
000000100
1
1100000
00100000011000001000
01
010000000000000
1
1100000
1
00000001
001
1110110
000011
00
00001
0110000100
011000001010000
111
100000000
010110010000100000000010
1111
011
1100000101001
10000
010010010001001000
10000001001001
01010001000100000
001001001001001000010000
10100011000000000000
00100010011011100000000001001
01000000
01001000100010111101000
110
0000001
0001
00000
0000001
1000100010010
100001100000000001
00010100000
00100000001000
111011
0100010010001001000000000
11
100010
101
101
1111
101101
1
100000101001000100000
1
1
1000
1
0000101
11100
101001000000100000
0010001000010000010
0000001
1
0000000001
100000001100
11010100
0100001001000011000
1101001000000010
000000111000010010
000101000000010100
0100101000010001
10010000010000
1111000000010000000
000000000
1000000
10010010000
00001
100000
000100000000000000000
10100001
100
0001
00000011
10011110000000
1110010100000000000010
001
10100
00010010001010000001110101
00110000
1101000000000001000000
011
0
1
11
00100001001000001000001
010111010010011000
00001001001100010101010
010000000000000000
000100000010010001000000010000010000100
10
1001000101010000000
100100000100
0100110111000000000010010
1
100000
01
11000000000000001111001000001100000000
0
1
0100110000001000010000
1000000
1
1
0001
0111
10100
11
0000001
00100001100
1
000010011001000001000
1
01001100111000
00100000010101000001000000000
0101100
00111001001000000
100000
00001
11
000000
1
0111
100000000000
11000000001000
10001
1
11001001010000000000
1000000
10010001001000100000
100
10
0111
100000
0011001
1
00001
1
0001001001010000000000001
01
000001
0100000100
1
000001
1
1000
11
00100111
1
110
01
10000000000000
1000000
1010001000000
10000
00011011100000
001
01100001000001000100000
1
11001
001
0101001000000100010
0100110000000000000001
010000100
001000
100100010000
111100000001000000
1010001000000010000101
0100000000000
001
100110100
1000
0010101001
1010000010000001
0
01
0100101000
0010101001100011000000010001000
110000000101001
1
000001011111001011000000
10010010001100001100001
1111
1
001000101101
000001
1100101000100
010000000
1100001000
1010010010
11
1100001101010
00000011
111
011
000001
01000000
100000000000000110
00000000001101100000001001100
01
0100000110100001011011001
100001000
00101
101000001001001000000
11100100000
1
011100001110
01100001
11
1
011
001
011
001000
01
001
010
0101001001000100001
100100001000000
0100100010010001000100000
1
1001
11010000010001000
01001110001101100
100000010011101
1000
010000000011010000000010001
1011
00000000010010
100
11000000
1
101100000001001
11111111100
1
11000000000
01
1011100100
01000000
1
11
10000000000
0010100100000101
110100
0
00110000010011001000100001000000010011
010000101000101000
0000000
01
111000100
1010111000
10000000000001001
00001
1001000100100100000
10010101010001000000000010
101100001
0011001000100100000000001
0
00000000000100000010010010000
000000000000
100001101000
1
1
1
101000111010000000
010000000000000000000000
001000000000100
100110010000000001101000
110011010
100000
11
1
10011000
100100000000
11100100000010
00100110001000100000
00001110000001000
1
1
00001
100000
11
00101
100100000000001
0010001011011000000000
100000
001001000000000000
1100
1001100000000000
1
00010001
1
00001
00011
1001000
0000001
1100010000000
01000110000
010000
101
01100010
11
1110000101011000100
00000100011100000100000000
00000
11
100001
100
001
001011
10000000
1
000100000100000000101000001
100
1
000010000
01000000
100110000000011000000
010000001000
101011
10010100000
00111
1
010
010000100
10100
01000000000000000000
1
1
10000100
0000000
0101000100000000110000
011010101010100000
000001010
00100000
010101
00011
1100
100000100100
01111000
01
011
0000
00011111100010100000000
11110000
10010000000111101100
0010011000110000000010001000
101
1000000
101
0100100010010010000
01
1110100000100
1110110
001010000001001001000000010010000000
0111
110001
01100110010000110
1100
0101110001
001
1100001
0
1
0111
001000110001100000001011000001
010010000100001
11100001
011
110001000111001000
010
1
1001000
1000000000000
11
0001
000001
00001
010
01
00010100000000
0100100010000
01101001000000
0001
10
01001100010000000000000
101
011111
0100000
01
100101000010
1011
000
101011001
1001000
110000000100
1001
000100010001001000000010000101
011
10000000000000
001
001100001000101
10100000001
111010100
000110010000001100001000
01000001100
1001001
1001001101
0010111
1000000
001
10001
1000010010000000010001
1000000
111
1
00100010010010100000110010100100001
110000
11
1000000001
00100
0110111
10000
1
011
00110000
01000001001011001000100100000
110
00001
000001
1101
11
000010000
11111001000000011
00100000000
001
110001101
1111
100000011000010
1001101
001000
0110000100010000
000100000000
000011
1011001000100
1000101
0110010110000100000
0100100010000000000
010000000000000000
1000001
1110001000101000100000
1
0011
00
1
00111
0100001111101010100101000
1
01000011
111000010000000000000101
001000000
11111010
1
1100101
000000001
0
00000001
001001001
01010100001100
1001001001000010000
1000100001
10100000001010010
1
1110010010000101
1000000000
11000000100010000100010101000
01
0000001
10000
1001000000000
1100000
10001011011
00110
1
111111010000
0100000000000
100000000
10010001000000011011
01010101100001000
1
1100000
00101000010000000
01
10001100000
001
1
1
101
