01
011
1100011000
10100010000
01
11000010
11000
0001101
11
0000
1
1
1
110100
00001011
11
111000011
1
01
000011
111000
000111
11000
01
11
001
10
11
11
11
1
11
1
110100000
11000001
100000001
11000
10000011
000101
11
1101000110
11
10011
0010100001
110000111100000
1
100111
100011
101000100
0111
1
1000001
11
1111000
0000001101
11000
00000011
1001010
101000
000111
1
01001
1110000
0011
1
1001000
1
11
101010
00011
11
10000111
01100000000
10100
000011
110000
1
1
1
00011
0110010
101000
00011
1
11000
0
001110
011
00101
10
10
1001000
100011
1110
01
00011111
11
11
110
11
101
11
10100
11
1
0110010001
011
1100
0111
01010110000
0001000111
1000100
1101000
101
1
1
1
111
000111
1110
100011
1
1
11
1010000
001
10001
10
11001
000111
10100
11
100010001
1101
0001101010000
0000001
1
00101
11
11
11
00011
1
1
000001100000000000
1101
101100
1
1010001100000
1
101
1100010
0001
00011
11
10
0111
101
00111
1
101000
1101000
11
11
1
1
010
0000111
0111
11
1
1
111
1
00011100000000
11
110000
1
1
1
11000010001
1
1001
1100
1
00011
00011
11000
00001
011
11
11
0111000
1100001010000
011
1100
0010101
01001
11
110000
100011
1
00
101000
111
101
111000
11
1
11
1100
00011
11
00011
101010
111
10100100000
11
11
11
111
10001
100
011
11
1
0111000
01
0011
0001
11
1100
11
1
1
1001
11
11
11
110
00101
1110000
0110010100
1
1000011100
1101
010110000
010001
11
011000
10010000
1
00011
101
1
0000101
100100100
101000
000001011
101000010001
01
111000
1
11
111000
11
1011100110000100
1
0111
11
000111
11
1100
10001
0001
10110
1011000
11
0101010
1
11
001010100
011000011
11
0101010
00001
1
10100100000
11001
1
100000101
100010
0111
101
1
100010000
011
1
0001
1110
11
11
11
011001
1
00000100011
11000
000011000
110100000000
1
111000
1
10001
1
0110001
00011
11
101
110
00011
010000110001000011111
11
1
0000110
11
1000
10000101
1000
1
00001
0110001110000
11
000000
11
1
0000111
100011
011
11
11
1
11
011
10
01000100000010110001
0100
1
011001
10100001
110001
1
1
0001011
1
111
11
1
11
11000
11
000011
11
10100000
11
1
11
10000001011
110
001
0010000011
110000
0001011
01000100000000110
0110
1
110001
11
01
11001010000
01
1
111000
001
11
11
1
110000
1110000000
1
0100110001
11
11
1
0000111
10100
11
1
11100000000
1
1
1010000000
1101
0000111
11
11
1
101010000000
11
01100000
1000011
101000100010000001
10
000011
01
11001
001
111000
1
11
1
11100
010001100000001
11
11
11
11
101
1
1001000001
110000
0000111
0
1
11
101000
11
1
011
100010100
010100001
00111
101000
11000000000
11
000011
1001
11
00000111
11
00111000010
11
100
110000000100000
101
11000
1
11
11
110
1
0011
101000001
0111000000
100000
1
11
010110000
100011
110101100000000000
0011
11
00100101000
01
011
1
111000
11
1
110000
011
1
1
1
10
0011001000
111
011
1
101
1
1100
11100010
100011
1100010
100001010001
110000
11
01011
101000
1
1110000
0000111
110000000100
00100011
1
1101000
111000010000001
1101
011
11
1
1100
0011
1
01
11000
1100010000001
1
10001
1100
11
10001
101
11
01
11110101000000000000
110000110000
1
1
1
01101000000000
1
0000000111
111000
10011
1
10001
01
00011
00111
1
11000000
00011
1010
1
10001
