1
00000110010
11001
0011
1
11
1
1
11001
1
1
110000
00101001
101000
00000111000
000000001110
1
1
00011
0111
111
01000001001
0100010000
1
1
100000011000
0011
110000001000
1
01000110000
1
1
1
00100100010
011
1
1
100010010
11
1
1
1
1
1
0011
1
1
1
101001
01
00011
1001
1
0100001
1
1
101101100
011
011
1000011
1
1
1
1
1011
1100100
1
1
1
1
101001111
011
0111
1
011
00011
00100100
1000000001
0011
0000101010
101
11
111
110000010001000
1
1100
001101
1101
01
101
1011
11
1
00101010
1
010001011
1
011
01101
0001000100
0011111
1001010000000000001010000
1110
1
1
1
1
01000010001
1
1
1
10
0101
0100000101
0100010000
00111
1
1000000010100
1
01001000
1
1
1101
1000000010
1110
110
100000010001
1
1
1
101001
011000
100100100000
1
1
0011
1
0010001
1
101
0011
011000001
00001000000001000
1001
00000000111
001001
1000101
100100001
1
1
1100
1
000100010
0100101
011
1
10000001001
1
0001100100001001
100101000
1
0110011
11000
1
1
10000001001
0000101
001011
1
100000100010000
1
1
1
1100100
011
0111
011000
1
1
11
11
000110100
111
001011
1
011001
111
1
1
10110
11
1
0110000
1
11000
1
011
1
1000000000100000
011000000
00111
110101
1
111
1
0011
011
1
0010000001
1
1
1
1
11001
1000011
1
1101
1
100001
110
000011
1
1
11
111
1
111
1
1
00011100
01
1000000000110
00011
110
1
11
00011
10001001
1000101000
0011
10110
1
1
011
10011
1
0000001101000
1
1110
100000010010
011
011
001010001100001
1
0011
1
1
011
01
1
1
100000011
1
01
1
1
1
1
10000100010
1
1
01000010
00010001
11
1
111
1000010000
000011
11000
011
1
1
1
0100101
1
100000010010
0011
1
1
1
1
1
1
0011
1
1
1
1
1000100
01001
0011110
1
1
1101101
1
0011
1
001000001010
1
1
1
1
011
1
110
00011000001
0101000
101010000
1
1
1
111
00101
10010010000
1
1
1
1
1
1
011
000111
1
1
1
011
1
1
1
0011
1101
1
1
1
1
1
1
1
1
1
1
1
1
1011
1
1
011
010001010
0000000101100010000
11001
111000
1
10111
10000101
1
1
1
100000011
1
111
1
1
1
110000
0010000000010010
000100000
1
011
110
1
1
1
0111000
1
1
1
0011
0011
1
0010001000010000100000010100
101
1
1
1
011
1
010001010
00100100
100100001
1
1
1
1
011
1011
11
1
111000
10011000
01000000101
011
10000100
001001000
1
10000000000110
111
1100
11
00011
1
111
0101
1
1
10001010
1001000
1
01
011
00010100
01000001
100000110
011
01
000010101
