01
1001
101
100100
1
010001
1110100
101
00101
1
1111011
001001
1
0101
1
0000001
1
11
1000000
1
1
1111
100001
00000001
11
1000000
10001
111011000100
0101
101
0001
0100000
000001
1000100000000
010100
011
101
1
0000000000000000000000000000000000000000000000000000000000000000000
0101
00000001000
1
1
10100
01
1000000
1001
10001
10
10000
10000000
1
000010010000000
100000000000001
101000
10
0000001
11
011
1000000
0000001
010000
1111
11
1011010
101
1000000
1
11
0000001
01000000000
1
1
0
1
011
0001000
001111
11
01
1000000
01
101
01011010
0000010
100000
11
1
10001
01
0000001
110
01
01
10010
01
011
10010
01
0100000
110100010
00000001
10000
0000001
00010
0000001001
011
1
11
00000000010010000000000000
1
1010000
0010000000
1
0001
1001
001100
011
1001
1
0
00100100000
11
10001
10
0000001
101
101
000001
1000000
010000000
0
0001010000000000
1000001
0000101
1
00100
100
0
11
00001
11100100000
01
1
1
11
1000000
1
001
0100001000000
1001
0110000001
10001
1
11
011
0000001
1100011
11
01
01
10000000000001
001
010111010001000
0000001
10
10001
0101
1
01000100
0000001
11
10000000
0000001
1
0001010000
000000100000100000010000000000000100000000000
001
0000001000000
100000
010001110001100
11
110100111
11
0101
1000000
010001
1
0100000
0000001
0100000
01
0000001
11
1
1010
0
010001
1001
10010
00001001
0100000
000100001
1000000
0000010
010010000
0
1
0010001
1
1
0100000
1
11
100
1
0100100
11
11
11
10001
1
0000101000000000000
1000000
0100000
0100001
0100000
0101
01
10
0001
1
010010
0000001
01
11000000
0100001
1000000
10001
010100
101
11
1100
1
01
10011010100010
10111
0000001
000000
101
011
00110
10
0000001
1
0001001000000000000
010000000000
1
1
1
01
100011010101
11
00000
0
11
01
0001000
00101
1
101
01
11
10
1011001
11110101011
11
11
110
100001
011
1
01
0
1000000
001
01000000000
11
1000
1
101
0
0100100
01
011
01
0110000
0000001
100000000
11
0
00001
0
00001
00010000
0011
110
11000
1
10100
1000000000000
10100
0000100000001
1000000
01100000
1
00001
10000001
1
101
100000000000
011
01
10000000
011111001
0110
00001
11
11
11
1
0
1
100100
01
011
110
1
1
01000100000001000
11
10000010010
01
1000000
01
1
01
10
01
10001
0001
01
1
0001
10001
11
100000
00000001
0100100
0000001
11
0100000
000110000
01
010001
01110010
011
1100011
1
1
00000001
1001
100010000
100010000
00100000000000000000000
0000001
1000000
001
1111011
01
010000001
