1
1000010010
1
01000100110010
010000001001
011
1
1100
0000110001000000000
01010000
1000011
110000010
0100011
0
0110100100
1000000110
100100
100100010
01100000000010
0011
11000
01
1
00111000000000
1
1000
1001001
0011
1
110
000001000010001
0011
1100
1
000001001
101000
001
100000100
0110000001
001
1
1110
00010100000
001
1000
1100
10100001
000011
1
1
011
001
1
100001000
1000001010
1
011000
00001000100010
11010
1
1
11
1
1
000101
01100
01
01001
110000001
1
1
101000
00010001
1
1100
1110000001000100000000
000010000010100000000001000000000100010100
10001
1
1000001000000100100
01000010100000
1000001
1
011
001001
1
0001
011
0001100010
110000
1
00101
1
0111
10000001
11000000000
00010001000
01
1
100100
00011
011
0100010100001000001000001
1
11000
000101
1
011000
001001
011000010000
100000100010
000110001000
011
1
00011
10010000
100010000000
001
1
101
1
00
00011
01
1
1000100
1
0001001
0011
1110
1000100
1
1
00011
1
1
10100
01
0011
11100
0101
1
10001
001
1
1
0011
1
1
11000
001001
1
010100010
1
1000110
1
0011
1110
1
00011
00001000000101000000000000100000000000010
1
01
01001000000000
1
1
1
1
1100010
00010100010000
000101
1
0110000
1
00110000
010
1
0101
100
010010000001
01110
011011
01100001
0011
00101
000100010010000
1
1010000
00011
0100100010000
00
0001
1
11000
001
1001000
110000010000
010
000011
11100
10000100
0011
10100000100
0001
00
1
1000001
000101
01001
001100
1
1
1000001000000010
1
1
1
1
11000000000000001
01100
100
1
0001001001000000000
0101001100
0101001
1100
001
1
0110
00010001001
01001000000
1
1
11000
000101
1
1
1
100011
0000000111110001000010
0011
0100000100001
1
001
10000
0100001100000
1010011001100
1
10001000000101000000
1
0101010
1
1000010
1000001
110
1000000100000
1
1
010001000
00110101010010000
1
1
011
1
110000000010
110000000110
100001000000000000100
10100
01000100100100001
1
1
011
1
1
1
101000
0001
1
1
0010
00110010000
1
0000000011000010000100
1
00101
0
0101
1
00011
10001
00001001
011
001010010000
00011
110000
000000110000010
100011010
0001011
0001001
1
0000001000
00
0001010010000
111
1
100
1
00000101010100
1
0010010000010010
10000010000
01
100001
100000010000
01
00011
1
001001
001
10100000
001
1
011
1010
01001
1
1000010000000
11000
10011
1
0101
1
01
0101
1100000
10
100
011
1
111
00011
011011011
0001
01
01000100001000
1000100
1
110000
1100001
1
00011
110
001001
1100
1
00001100100
00011
10000000011
11000000000010
1100
011
0001
00101010
10010010000
01010010
00101
10010000100
1
100010
00010000010
00100010
1
010100010
10000000011
1
0010001
0001001
1001001000
000101000010000000
000101
1010000
1101
1100000
1
001
1010001001
01000001000010001000000000000000
1
1000100010000
100001000010
1
1
0000101010000
100000010000100000
010000100000001
001
00010001
101000
1
10010010
1
1
01
000101
