0001
011
010
1
1
001
1
01000010
1
1
001
0100000001000
01
00000
1
1
1
001
0001
110000000000
1
01
11
001
1
100
0000001
000001000000
1
1
1
1
001
1000
1
01
001
01
1
100
100
001
000
1
00001
1
1
000000000
0001
1
10
001
000001
001
1
1
1
00
001
1
001
1
1
0101000
0001
11
1
1
001
1
001
1
01
1
1
001
11
1
0000
0
1
000010
00101
1
100
000000000100010000000000000000000
000
1
00001
01
01
10
1
01
00001
1
01
1
1
1
10
01
1
1
11
00
0011
1000
01
01
001
100
0010
1
1
1
00000000000000
1
1
001
1
1
010
01
1
1
1
00001
1
1
1
001
0001000
01
000001
0001000
1
011
1
10
1
1
0001
01
1
000000001
0001
01
100
01
001
1
001
1
1
1
100
1
1
1
1
1
1
1
00010000
001000
1
0001
001
0100
01
000001
1
11000
0001
0001
00100001
