1
00101
1010000
1
00001
1
1
0001
1
1
1
1
1
110
010001
011
1
1
011
1
1
011
10
001
1
100101
1
011
00011
10100
01001
1010000
1
1
001001
1
001
00011
10000
011
1
001
1
1
01
1
011
1
110
10011
110000
00011
1
1100
000011
00101
1
1100
110
1
1
011
000101
110
1
0001
1
1
1001
0101
1
10001
1
010
011000
1
011
011
01100
10101
1100
000001001
101
0001
0011
11000
01
011
1
1001
001
0011
10000
011
0101
1
1
1
1
001001
1
1
0011
1
110000
011
1
1000
101
00101
011
011
1
011
101
1
1
1
1
010001
110000
011
10000001
1
1
01
101
011
1
10
1100
110
00110001
10000010000000
1
100010000
000101
0100100
001000
001001
1
100100
1
011
1
011
1100
1
1
10010
1
1
1
0000011
1
1
1
1
0001
1
011
1
1100
000011
01
011
01
1
1001
1
001
0011
101000
001
1
001
1
1
1
1
1
001
1001
1
1
1
1
1
101
0100
1
001
1
01
100100
1
011
011
1100
1
1
01
001
1
100000011
1000
1
001
00011
101
011
1
01110100
001001
10001
01001
10
1
0101
0101
10
00001
11001000
1010000
1
100001
1
101000
1
011
1
110
11
001001
100
001001
1
1
1
1000010110
101
1
00001
10
1000000
1000
1
0101
110
001
00111
1
1
01100
011
1011
01010
1
1
0001
1
110
00011
001
1
10001
011
1
1010
0101
011
10100
011
011
1110
1
1
1
1
1
001
011
0001001
1
1
0101
1
0010001
1
011000
1
010001
1000
1
011
01
011000
011
011
11
1
0101
0011
1000
00001
101000
000011
0011
1
011
1011
10000100
00011
1000
011
011
110
00001
0110101000
0011
1000010
0101000
1
0011000
01
001001
1
1
1
10010
000101
1
1110000000
10010
001001
110
011
0001
00000000
1
0101
10000
0111
101000
010001001
1
0001
101
1100
011
1
1
1
1
1
1
1
1
000101
0101
1101
0001
011
1
110
1001
00000100000
01
1
11
1
1
1
11
0100
000001
010
000000101
101
1
001
011
1
1
1100
0011
1
10100000
011
110
1
011
1
101
101
011
011
1
1
1
00011
10001
1
0001
1
01
1100
011
001
010010
1
011
011
1
10
00001
1
1
1
1000
10101101
011
1
1
1
1
1
110
000011
011
11000
01001
011000
00001
1100
001001
11
1
110
1
