1
00000000011
100001
11000000000000
110000000
1
000011
1
01001
10000100000
1000100000000
110
011
0100000001
100010000
1000001000
00
1
1
011
1
1
00010000001
010100000
00101
1
1
1
0110
1
011
011
1
0101000
1
1
1
01100
1
1
0011
1
1
1
10000010000
1
1
001100000000
011
1
10000000010
1
00100000001
100100000000
1
1
1
1
1
1
10000100000000000
1
1
010100000
11000000
0000001
1010000000
101000
1
001
0010100001
0101
1
100010000
01000001
1
1
1
1
00000100001
1
1
1
000010001
1000100
1
0101
1
1
1
1
1
010000001
1
0101000
011
1
1
1100000
1
1
011
1
1
1
1
1
100010000000
000011
001010000
000010
1
1
110000
1
1
01001
1
011000000
01001
1
1
1
000101
11
11
1
110
00000010001
1
00001100000
1
1
00000100001
1
1
010001
0001001
1
01001
1
1
1
100000001
1
1
01100000
1
000011
00000010010
1
1
10000000001
1
1
1100
100000000001
01100001
1
000011
1
1
1
1
1
000011
1
000100000
1
1
1
11000000
1
000010010000000000
1
00010000001
1
001000100000
1
100100
01000000001
11000000
001
01001000000
1
00101
11
1
1
0011
0100000001
000010001
1
0101
1
00100001
1
1
