00001101
0011000
111
110000
111
0000000
000101
1101
111
0110001
1011
1101
111
000000
010101
0100011
1011
1001100
000100011
111
00011
111
1101
01100110010000
111
111
111
000111
1100001000000
011000001
1010100
00011
0
111
101010000
11
1101
111
111
111
1011
0
000
01101
1111011
010011
1110
00010001
111
111
111
111
0110000001
111
111
1000011
111
0110001
0000101
100110
111
111
0010110
111
101000000001
01101
100101
00001110111000000
1000011
11
0111
00110010000
010001000001
10011000
0101001000
111000
1101
111000
0
111
111000
111
111
111
000100011
00
000100011
111
00000111
1001010111
000101
110001
111
0111
111
111
010010010000
010011
100010001
111
110010000
11100
1100010000
1010100
0111
0110100
111
111
111
10101
00100100001
11001
11100
00110001
111111
111
1101
101001
111
11010000000
1101
111
01011
111
111
01101
11100
111
1011
111
1000101
1000100001
0
111
111
111
1
0101001
11000001
111
111111
