1000111111000
110
1
1101000000010110000000000100000100110010010
1100
1
1100010100101111000010000100110101000
111111111101101001110
111111111011101110
1
0001100100100110100100
11110000000
010100000000001000
1
1
11
011100100111110110
11101110110111110111001011100000110001
1
10100100001001010101110100010001110100101000
11010011100011001001001000100001000100010000
1
1
01100101001
011010000100
0101000100100
111111111111001100001
111111111110011010100
1
11
1111010
1101101000111011111010011110101110110010
0000111
1
01101100000000100110000100010010000
00001101010110001110100000000000101101000001
001001010010010000000001
1101
1
1110001101001
0100001010001000010010110
1
01000111
111000001000
001010001000000001000
0101000000100010010010001100010
11010100
01011011100100
11010110000011
1
000110111010001111
1
1
1
00000100010110111000110001000000
011101111111000110110100
010000111111111101100001100
10011000010111000101000001101001100000000000000101011011100001010011
10011001100101001110011000001010001000100100
110000100110
10010110101111000001010011000110010101000
1111111110111000001110
01000110111001110000100011000100100100
010000101100011001000
00100000000000100010010000010000010110010000010
000001010000000000000000
111110101011111011110
00011
11011
111
00011010000
0010000010011
01111010101111010
00
1110001010000
10100101000010
1110001100001000
001000000111010000000101000010
1001111100011000000000
1
1
001010100000000000010101000001
110
0000001011
1
11100000111
00100011100011001000101010001001
01100010011110000
110100
0010000010110111111000101001101100
0101110000010100011110110000100110001010100101
1100000000100110010110000010100010000000110010010001100101101001000010000000001001010000001010100010101
011
11
0001100010100010000111000001001001110000110
1
0100101010000
110000000101000010110000000011000001110110010
0011000100100001001010111001110101011100101101110000011101011011101
1
101101101000000010010111100011111010010110000000010001101000000
11111111110011110001
1001110
01100111101000100110100001000100010011010
001011010100011001010
0000100101000101100111000110000011000110
11101010011011011011000010011101000111
1000
1
1101000010000
100111110000001111111111000000000000000010
10001010010010000010110001110000100100010000110001001
0100010000001001
1110100100011110000010010101
0110001100010000101000110110001010000101000001100110000010
10000001000000001000110000100101100100000010011100111001011000000101010100010001101101100010
000011010000110111101010100010100100000
111111110111101101111101101001111001101101111011
1
1100000010000000010011000000100
100
1
01
1
1
0110101000100000
1010010010000
01000001111111100100110000011101010
1111111111111111011000111111111111
1111101001
1
01
1
010100000101
101001010001100000011001011100
0110
111001101100000000
00011100000011
011000101
1000101001
010101001110111110100110000
1
1
000111111111001101111
11
0111001000100
00000100000101001000111001000000100000110100011001000110111111111100111011
1101010001010000000
0110001010011010010100100100000110001011010001000
0000101011001001000100
1011101011010
100100
00011000110010010000000100110010001000100010110011000
001011111010001001
1
1010100010011010100110111111000000000010000110111100000000000000100000001001001001010101011000
1
101111000000000000100000000
1111111111101010001101
110
10001010110000101001010110100111111011000101000100
000011001100111011100000100001010001
1101010010
001101101001000011000000
1111010011111111111000101000010001111001000101100
111111
1
1
1
1100100100
11010111011111010100001011100011011
1
1000011100000000
100001001001001000010
1111
0010000011001010000101011010000
1
1
1111001010
100010010010111000000110011001101
1
00010000101001
00010000100100010000110110100000001000
001000100010001
10111101000
10010000111100100010
111100
00010000001000100110000010110000110
1
010000100001000000101001101011
00110101010101100000100000100000111
10
11110010000111110010100111010100110
01110111101110011001100001011111111
1
1
01010011111101000010000010101110
01001111101
1
010101111010000010000100011001010001001001110101010011010
01000011110100
11000010001000
1000001100001110110001000110111
1111111111001001
0010011000000001
1110011111000
1111110001000
1
000000110000001000010110001
00001011001100110100001000110000100100011
00111000011000010011000010001101000
101000001110110000000011100001001
11110011101000111111100000110000000101010001110
011100110000
1
1
00000010010111000
1000100101100000001
10010111100110110000
1000010100000010100
00110010110011100010001
11111111111110001101001
0010110001000001000100000000
1
111
1101000000
000010001000110001010111010000100001100110100100010111010110100100101000
00100110000011110101100100000011110
00100000010011001110011111010111010001000110000000000
110000010011100
011101001110100000110001001100000
000000000000010100
110
0101011
100
11110000000101110001000001000000011011000101
1110110001
00110000010111011100111001100100011000000011
00110
0110001000110
1011
1111
10011100100
0010000011100000110100010011101101
01
1111
00001010100111
00100110011
00010001101100100000
100111100000001100001100100000001110000
01010000010100101010100000110000010100110
00010000100001
0000010000000001101000000001110100000000000011010011100001100000000000001110100010110011100001101010011
11111110110101111110
100010100101000011010100001000100011010000
0111001111
111111110101101110
0001000100000101111110000011001101000100
111000100
1
00010011011000101111100001
001011111111011010000000001101
110000110111101011001110111100000110100010001
01
10010000100101000100
0111010010001000
10111101111111101110010000001000100
101010100000100100010000010001
1
100011111011010001100110101110
1000010100111110110111001010101101110000110100
1000001
010000100000101010010011001101100
001110001000001
1010001100
1
0000011000000110001
01000101010010101010010
11110100011011000111100011
00100100011000100
1111111111100010100100010
0101111001100101011100101010
0011000010001000
01001000000000000010000010
000110011001001011100000000110100011
1101010000
1
0111110111011100101010010001010001110
10001001001001010000001001000000000110000010000000100
001000
1
00010001100110100100010001010
100101100000001001100000011001001001000000000000001000111
0110010
1
11110110111101110000
1111110101111111110
0100100110010000
10
11010010111000001100101111000110110100101
0110010
00111000001000011
1
1111110100011010011000010001101001111000101
11001000010000
001001110000110100010000000010100001100001000010000011111000101000000001
1
1
00100000010000101101110100
0011001001010100010101110001000000100000011101100010011
11100011100001000101101011010000011110001001000001000010001000001000000101
01010010111111110
010
1
1001101
1
10100000111111011100010000001100001
01010101110000101011000100010100111010001000010001000011100001100001
11000100
000110010011000000010000
1
1110001011011011001100001
110111011111111101100011110000
00001011100011111101
111010000100011
111001
100111000
10000010010001
11010111011110011010100110101011
11100000011100000000100010000000111010010010011000011110100000000111000000000010100010000
10110001010100110101101
1001011000000101000100011110
110000110001000101
100101101001101011100101010010001101110100001
011
1100110000
0100000100001100011000001000
10100011101
0101100101100111000000000000100011101
11100111111010010101100100010001110000110
1
111
0000000010
0111111111011010001111101
000101001000010111101001000001111000000100000110100010001001101001010111000
1
1
1
1010001011000110011000100000101001011000
1001100101
00001
100100100000000010110101001
001111111110100
1001001010000
101100010001
011010000101
10000
1
1011110110111
111111101110111111
11001
11101100
111
1
100111000000000010111101000101000
011110100011011111111
01001
100001011010000000001
1100010100101100000010000001001000010010110001101000010101001000010110010
1000000000000010001000001001000010010001100010
1111011
0101110101010
1111
10010000000000011100000000100001010
0110011010001010001
1
11111101010110000100100001111000011110100101
0011101010000
010010101101100010010100110001000100100010110001010110010
11111010111000
11010
1011001010000
11101111101000111011010100000101000100
01010010001000
01100010000010000
01110001010010100101000000001000010001
1110
11
0101000001100
1
1111111110111001101
0011000000011110101010011110000110110001110000000000000000
00001101001100101100011110000101001011000
1000001010110100010000001100000000000101001010101001100
010001
1
1
10001100011010011011000000100110101000
00100110000001
10100010110010011110011000010100010011100010010101
01000010000110100110011110000000100001011000
101100101111110010
01110001100011000110000
0110001
00011110
100010100001111101100010100000111000
011
010010
0010111001001010011100110011010001000001000000001001010110100010001100
10001000
00110100100010000
111000100010000010001101110000000110110011011001100111
1
100100010
100100100001
11
1000010000001110
110101010100000101100011110000000100000110001001100010110
11
10000010010110001110110000000011000100011000
111111111111101001
1
000010110001000100110001101000101100000101000100001001100
1
0100011100100100010001001111101110000010001
000101001110001010001010000011000011100010
1
1100000101011111000101100001110000
1
10001000111000001000000001001111100110
0101000100111100110010100101100001000000010001100100001001
1
00110100001010010011001010000111000101001000010000010000111100000010000010000100001
111111000011
00111000000000
1110000101
0110011010100011100100100100000000101100
0000001001001101110111000101000101010000
00100111100000000001001000100001011000001001001000001010100000000110010
000100010000000110
01000001000001000001000100011001000000100001000100011
100001100101000000010001000001001011000001000100101
001
100100101010001010001100010111000000001000100001001011000001000100
1011000
1
11000010011000000100
01011000010011000001100000111001000000110010011010100010000000110
110000100001111100010010011000
010001010100001110001010000101100010110100001000110100100
11
000101001010001101001000001011011010010
0011
1111001
1111111111001111010
0101100001101001100001000001111011010
100100010011000001111000000111111000100110111010100100011110011100
000001111001010000001111
0000000000000000010100001010101000001000101001
0000000001000101100101100011110110000000101000001
01111111111010101110000
101010000101011000000001011000010000001000001001010
1100001
1
111111111111001101
1110111111101101100010
0001010110101001100111110010101011011000100000010000001010001010011000
01100110000
11001000101001001
1
1
11010100
11
1
0000100110100010000
010100011111011010100011000011000
0101001110000011000111100110100000000000000000000100001100001
0100100000010001000
11111111111111110101
1011011111111
11
111001000
110010100000
11
001
100110010101010101001011100001000110000101011010
010011001000100
10
0011001100010111001010001100000111
00100000000000000100010111000101011100010000001101
1
01111111001111011100011
010010100001100010
0001100100001001
1000010001001000101010010000010101000
0
0110110000
000100111
11000
0101100101000100010000
1011111101100010100000100
11101111011000
0000010100000110000000010000000100011001100110010000000000100100010000
10100100101010110010011001001100001110
001010
10000000100001010000000010000010001101000000000000
0101000000010110001010001111100011000101110000000100011101
1000101010000000000000000000
101000
0110100000010001
1010110001101110
111000010100000000010001011000
1
101011000010000100000
00110
10001
010110011000010010011110101001010101001000011000001011010010100010100110100101100100
10100001111001010010110100110101001000011101110111100011100
111010100
1
1
11101011100
1
1
11111000110101
1
11010111110100010000
1
010110100111110111011001110001101101
00010111010010100100001001010100001000000111100010001001010011
1
001001011101001000100
1110100000001110000000011110000111110111000010001100000
1
11
1
01011000010100010110000000000000100100101010
0101000010011000111000000010001
010
00010100101100100010110000100110000100011100011000011110010
1
1100000010010100000
0011000011101100010111110001000000010100001100000
1110001
0001000
1
11100001000
1
01001000101101001010
001
100011010010
01
111111011001111110
001000010011011011010001111100
11
1
1101000110000010010101111100100010000011100011001000010
1
00011010010001
1
1111001011111111
11100001000
01110000100000010100001000001010100000000100010000000000000000000000010010001110000110000000001110001010000010000101000010110010100100000110
101010100
11011010
11111100101111
10100011000010100000010011100010110100
010
101011011000000010101100010000000010110011
011001000100
00000100010100011101000100011001011000
1
110111111111111010101101001100
111011
11
1111111111110000010011
1
1000100010001100101
10101010010000000101
10100010000111111010000010000000110101
0000111001100001100011
1110000010000
110111111111001101010010000011010100001
100001000000010110000000001010100100100100101011001000
001101110101010010011001100100100101000110010111001010101
100111
11000111010000101
110010111001
011100100
001001
1000
01000011111101
00110100000011000
1100000100010010010000111000000110000000100000000010100000100100
1
0111011000
1000010000110111000100
1101111
00011
1
1
000101001000
01000
11000111110111101000001000010011010
1
11001011100000
110010110101001000010101001100110100100100110001010100010111100101001100000
1
111000001000
1
000010010001010110010101000101011010000
001100111100100000101
0000111100010
0111
1011010000
1110101101000011100101
10001110010001001000000
0001001101000010100001010000011110100100111010000100110111110
1
01100100000100010
00101000100110000001010000001000100000000111100000
11100000111110000111110010101000010101100
00100001001010001000001000010001010010001100111001010000010
1110000011111011000011011110101000001110111111011
0110000111011110001000000000
0111010000001
11
1
0000101
00011000000010001011111000100010001000000101
1
111
11110
01110110000000
0000110001110110010000011111
100001111
1001000100101010100010100001011000100101000
1
000101000000100000101011011110000000001101000000
100101000
001100110000001100110010010100000001100000001001111000000010
1
1100001110101100001000
1101100000000001000100
0011
1010111000
00110001111001100001000100100000000011000011000111001001010
11101111101101011110110000000010111111000
011100100000100110101101010000010000000100010
0100101000010011
011001001000100110
000010001000010011000000001000000010100010000011100010001010000001000001000010100110100010100000
1111111111
11111
10010100010001110010100000110110110
01010010100100001000001
10101100111101100111
110011001
1
0100101011001011
000001100011111
100101001001000100000
101010010000001011001011000000001101001101011100010000100000011100000000011
1
10001100100100011101010000100101100010
01100000100010000000000011011100010000
1010000101
100010001000010000
101000110011110011010100101100001000100000110000001110010100000
1011000011110110000000100000101111000110001100001101010001010
01111110111010111101110101001111000111110
0111110011001
010010000000001100000100000001101001110000111100000000000010000001000000110000000000010010
010100001001110100100011000111
1001100110001101100000001111010
1111001
1
000000110010000
1001100
101010001001001
000101000001111000100000000100100
11111111101100101100100
0
01110000011101000
10101111
01010000000101010001111000110100010001010000100001110000001
10100
001100011100010100101100010100101010000
100111000010011010101010101001010011001000011100100
011
001000101000001000
110101010000
00000011001110010010101010000000010001010010001
1
00011001110001000010101010111111000
101111010
010011111000101
010100011000011000001000100010100001010101001
1
1
01000011101010000000000110000000101000000010100111010
01000100100000010000
1
10111101111110111011011
10001100111
00000101000110001100100010000100100101011
00000011001100001000010010010001010
0110
1
1011011111
1111111010111101101
100001000000100110000000100010010010000110000000101011
1111000
1011011000000
1
0111110111
110001101100000101
1000011101000010000000000010100000110001010000010101100001000010001100100101010011110
0010110001101000000010100010000000010110
01101111
11111000000111000100001000111111000100011011010100001010001
01110000001100010010101110000010011000000011011000101000110110001011
01110010101100111100001000110011001010010
100101001001010000
11101
1100000100000011010001
11000000001111010011110111111
01011101
001100010001110100
1
110110000
100010
10100
1
1
110001010000111100101011001001110100011010100110101
111110110101111111
10000101001
1010000110
1111
1
10
00011000000111110010010101010000001100011101
1
10101110111100100000110110011001000001010100010
100110000011111000001100001001110100000110
10011100111111010100101
001000110000101010111010001110000111000101001
011100110000100100100010100111000111010
1
000101011100111000010
1
1
101101000
00000000111000101
11101101
01001
0010001100000010
1
1
101010000010001
11000101000
1111011101011011111
01111101
00000000000011111001101011010010110000000001011100000010
0110001101110000000001100
11010001001011111000001010011000110100101
1100010100111000010101001100000000010001010101110000011001
1
0001100110001010110110001100010110000
010101000011100000100001100000010010
11101110010010
10100101101011000010100101000011001011
00100011110011000000100100
0010000000000001101000001100000000100
10010
1
1101
0011
100101010010000
1
000000000000000000000000000000000000100100110100100000010000001101000110
011111101101100011
1
1110
10100100100101100010000
10000
1
00011001100111101001000000001100011111
000100001011100
00011100011010000100000011
0100100000110000000000
11011011111110100001110000
000101001110000100110100001010001000011010
100011000101110111100000010001010100
00100000001001010001000000100001000000011100
110
10000
0110010011000
00111000110100010001100010101010001000111100110000101001011000
0110001110110
001101
1
10000001111001010001011001
000001110111111010111100111111
100100011101000010101010
1
000110010010110001000
1010111
1
01110000110011011100001100000000111000
0100
1110
1
1000000100000
01001001
100011110110110100010011010010
10
10111111000100000
10
1111111110001011111
110101000000000001
1001110101000001000
0011001101011001100011110100010100100011000100100111
1
110110011000001
0000110101010001000100000
0111100000000
0111100100
1
1
111010000110000
001110000100010
111100101111
101000100010001
0000100000100000011000101000000100001110010
11001010001001000
1
