01
1
0001
1
1000
1
1
01
1000
1
10
001
01
1
01000100000
1
001
1000
0001
001
11
1000
01
1
0100
000000
001
000101
1
1
001
01
1
1
00010001
0000
100000
1000
1
001
000
1100
0001
1
000
0100
1
01
101
000
01
001
01
0001
10
0001
11
10000
01
1
001
100
1
11000
01
001
01
100
0000
1
01
1
0100
0
0001
1
001
1
1
0000000001
100100
01
001
001
100
001
001
11
1000
0001
0
01
010
1
01001
1000
0011
1
1
01
01
100001
1
1
1
1000
00
0001
0
0001
1000
001
010001000000000
1000
000
110000001
001
01
10
01
0001
01
00
0
01
01
00
1
001
0
11
0001
001
1000
0001
100000
10100000
1
1
10
0
1
001
1
1
0
1
0
1000
0001
100
11
001
1
1
1
00100
1
001
001
1
01
1
011
11
1
001
01
1
00
01
001
001
01000000000
01
10
1
00
1
01
00
100
001
1
1000001
000
1000
1110
001
01
01
1
00
1
001
1
01
010
1000
00
0001
1
11000
001
0
10
110
1
001
1
01
10110
00001
1
001
1
001001
0
001
10
1
001
000
1
0
1000
100100000
01
001
00
1
101000
01
01
011
0100
0001
100
0010100
01
11001000
01
10
0010000000
1
01
10000
00001
00
1
1
0
000
001001
01
11
00
0001
1
1
01001000
1
00000
1000
00001
10
1
1
1
1
1
000001
0000
01
1
01
0000
000
000000001
1000
0001
1
10
100
1
01
00
0
10
0001
1
0
1
0100
010
0000000
0001
10001
01
000
01000
001
0001
0001
000
0001
1
11000
0
00011
00
0
001
0001
10101000
001
001
10
1
011001
1
1000
001
1
11
01
10
00000
001
1000
01
0001
1000
0
001
1
01
1
1
1000
001
0
00100
0001
01
000
100
0000
1
0
1
01
1000
00
1000
1000
10000
1
0001
100
111
00
1
1000
01
01
1000
1
001
001
00011000
0
0011
000
01
00001
1
000
000101
1
100
100
001
1
001
10
0010010000
01
01
001
000
0001
0001
1000100
01
1
01
1
11
001
1
1
100100
0001
1
1
100
00
0001
1
0100
0001
0001
1
10
1
001
01
1000100000
0
000
1000
00001
1000
000
001
1
1000
1
10
1
1
00
0100
010
000001
000
01
1
1
101
0
01
111
1000
0010001
1
10
1
01
1
000
01
1000
1
001
001000
001
0001
1
10
100
0001
01
01
000
1
001
1
01
1
1
10
01
001
01
1
1
10000000
00100
1
01
001
001
1
1
0000
00
01
1
1000
01
0001
1000
0
0
0001
0100
1
1
0
1
0
11
0100
01
0011
001
10
11000
0
0001
100
1
00000
0100
001
1
0001
100
01
1
1000
1
01
101
01
