01010010011
001000010000001001000000000000001000
0010000001001
100111001
1
11111
011110010000
00101011
11111
000001000101000000000000000010
1110010001000
1010111
11110010
1
1110110
110010001001
110101001
0000
110010101
1001100101000
110000001100000100
10110011
111101
1110000010000
0000111001001000
00100010010000000
0
1101
01001000010100000000000000000
110
100010001000001000
1001000110000011
1000101000010
001000000
010101
1110100
0011111
1010001101
1111111111
0011010010010
1
1100010000010
110001000000100
1
100011000100000000
100010101010
111101
11001000000010000
010101011
1010010
1010100001000000000000000100010000
0011111
01110011001
00000
1
1100000000001
000000000010100001000000100
010010010001010001000
1
1100001001001
0
1
1011000101
011010100100
1
101111
11111
010
1
010001010001000
10111100
01000111
1
100
11
0
1
1001111
11
1
10101011
1
000000010001000000000000010001000000
10101000000100010
1111010
00010111101100011
1101110
00101111
111010001
11
000
0000100001000000010
0000001
1001
0110010000000
10011110
0111
00111
101010000
110011001
01001001001000000000000000
01001001000000
000010000000001
1
01111000000000
011101010
1011101000
010
0110110010
1
111101
000001001011101000010000000
11100010100
1110011
010001000000000010
1110101
0101111
11
111011000
00011
100010000101
11
11
0000100011
11111
110111
1
001
1111001
01011001100
1110011
11111
0110011111
1
11
110001110
110001001001
1
0100111000100
110010011
0001110000001
11001000100000
100110110
0110000000001
100000100011000000000
1111001
0011
0
01100010
1
1
10010000110000000
00
1
011010000000000
1
000000010000010000000
111011
01000011000000
0011101001
1111010
01000100100000000010
100100100000110000000000000000
0000000
1010000100010000000
1
1
1100001010
1000101000010010
01
000000100100000001000010
1
1
1
01101101
10000000010001000000
11111
00001000000010
1
1
1101101
11100
100000010001
001110000000
1
10000100000000100001
000011
01011010
1010011010111110
0001010110100000
01
110010000010000
10100111
111000011
11101010
111011
10010100000000001
111110101
01000000
11111
011011001
001
0000010000100000000000000011000001000000
1001010001001
1100000101
11110100
1001100101
111011
1001100101
01001010010010
01001001000000000
1001001000001000
1
1
0100100001
1
1
1110101
1
10011001001
1
10111010
0000100
11101
11
11101100
1
101101001
0111
100111100
00100001000
1100100000000000001000
00000000001000000
11010010001
101110000000010000001000
1110101
01000010000100101
011110100
110111
1111100
0000101000010010000
1
000100101000000000
1
111000011
1
1
1100111
1000000
1111101010011010
1100111
1
001
0110101000001
1
01001010110000000010
111100100
110100101
10010001000001000
000001011100000000000000
1100011010
1101001001
00111
11001
00000000
1
00
00100101
0111101
101111
11000000001001
10010011100
1110110101011101001000
11110100
1
100100001000000001
1110000100000000
1
11011100
01010100101
