1
1
1
01
11
001
1
00001
10
01
01
1
1
1
0001
001
010
1
1
01
001
01
100
1
1
1
01
1
1
1
1
1
011
01
100
00
01
1
1
1
10
001
1
1
1
1
1
1
1
01
1
1
11
1
1110
001
1
001
1
0001
1
100000
001
1
01
11
01
101
100
1
1
1
1001
1
1
10
010
100
000001
1
0000001
1110
01
1
1
1
100
1
01
1
11
1
1
1
1
1
011
1
1
1
1
1
1
0001
01
1
111
1
01
0011
0001
001
1
10
1
1
001
1
00001
1
1
1
1
1
10
1
00
1
1
1
1
0001
1
1
1
1
1
100
1
1
1
1
11
01
1
001
1
1
010
01
01
1
1
1
1
0001
001
10
1
1
01
1
01
01
1
1
1
1
11
1
11
1
10
01
1
1
01
0100
01
001
1
1
10
1
001
00100
1
1001
1
1
1
1
01
1
1
01
01
1
00001
1
1
11010
1
1
1
1
01
1
1
1
1
001
01
1
0001
1
01
1
10
11
1
1
1
1
10000
1
01
1
1
001
1
01
1
11
1
1
001
01
1
01
1
001
01
1
1
1
01
1
1
1
1
1
1
100000000
1
001
1
1
1
001
001
1
01
10
1
1
1
1
1
1
1
10
11
1
1
1
1
10
111
01
1
1
1
1
1
1
1
01
1
10
1
10
000001
1
1
1
1
01
1
1
1
1
100
01
01
11
001
1
1
1
1
1
1
10
1
1
001
1
1
10
1
1
1
1
11
10
10
001
1
1
1
1
1
1
01
1
1
01
1
1
1
