01
1
0000001
01
1
1
000
1
000001
10000
1
01
01
1
10000
0001
1
1
1
10000
1
1
1
01
01
1
1
001
00000
1
1000
1
1
0001
000
0000010
00001
1000
00001
1
1
1000
1
0001
1000
1
1
0000001
1
1
1000
0001
01
01
1
10
0001
00001
10000
0001
1
1
1
1000
0000001
010
01
1
100000
1
100000
01
00001
1000
1
01
1
1
00001
1000
0001
0001
100
001
1
01
1
1
1
10000
0000110000
0001
101
1
01000
00000001
10000
0001
000
10
0000001
0001
100
0001
001
10000
1
1
1
0001
1000
001
1
1
01
1
0100000
1
000001
1
0010
00001
1000
0001
01
1
0100
1000
0100
1
000
