0001
0001
1
1
1
1
10
1
1
1
00001
1
1
1
1000
01
1
00010001
1
1000
1
11
000001
01
11
1
1
0000
01
11
1
11000
1
00001
1
11
1000
000000000
01
1000
1
1
1
00001
1
1
1
10000
01
0001
0001
100
01
01
1
1
1
000000
1
1
1
1
1
01
1
1
0001
010
1
01
000001
1
1
1
1
1
1
1
1
1
0001
01
010
0000001
001
011000
1
000
1
00010001
1
1
0100
1
1
0000001
000
1
1
00011
1
1
1
1
1
1000
000001
1
11
100000
1
1
1
1
000001
0010000
1
000001
00100
1
01
1
1
1000
0001
1
1
10
1
1
1
00011
1
010000000001001
1
0000
0001
0001
1
1
1
100
1
01
1
1
11
01
0001
1
1
01
1
0000
1
1
1
1
100001000
00001
0100
00001
01
10000
1
1
01
1
1
01
0001
1000000
01
0001
10
0100
1
0001
1
0001
1
1000
1
0001
10000000
1
