1
00001
01001
11000101
0000001
01
101000
1100001001000
01000000
001
1100000000001001010
1100000100
10
1
0000010010
1100010
0001
001001100
1
1
001001
1000000001000000000000000
10000000000000
10000000000
1
000111
011
010
000001
0101001
10000
011
01010001
1
10010
000001
00000011000000
001
10010111
0001
10001000000000000000
100000000000
000001000100
1011
01
01
11010
100
01
100000
001
1
00100000000
0011
00000000000000
001010001
000001
001100
00100
1000000
1100010
1000000000000000000
1
10
1000001000010000000
1000000
1
0010001
0100000000000000
101001000
01010000000
0000100000000
00000000000000000000000000000000100000000000
000000000001000000000000000000
1000000
001
0001000
0
1
0001
01
001
00001
11000
01
000001
01001
1000
0001
0110100010000000
00000000001001000001000000
0100000000000
0000000000
000010000
0000011
00000110001
01
11
001
101001000
01
101000
1000001000
100100001000010
11010000001
10
0
1010010000
01
010011001110
0100000000000000010
100
1101
0100000
1
000011
010000000
100000000
10011010
000001000000000
0000001
10
11011
100
01000110001010000
1000000
1
010
0000001
0000000010000000000000
11000000
010000000
1
01
1
10000
01000000000
100000
000100001000000
1
10000000
000000000000
0100000
0000001
1000000
010
01000000000000
10000010000
001000001
11
001
111
01000000
0011
100011
001
10000
000100000010000100000110000
1
01
1000000
101000100
00000001
1
01
00000100000000000000000
110000011
1000000000
1000000000000
001
1100000000
001
0000001
1
0000001
001
0001
10000
1
10000001
0001100010
01
1
01
100100001001
0001001
11100100
0010100000000
0100000000000
101
001
10100
0000001
000000000000000000000
10000000
0
0101
01
110011010
01
0001
1000000
001000
1
0001
0100000
000000
1000000
001
00001
000010000
0100010010
1
100
0000000001
00001
1
000000000001
1000000
0010011001
000000001000000000000000100
010000000
1000000
01
01000100001
1
001
1
001
100
101001000
1000
00110100000
001001
001
0011000001
001
1111
10
0000000
1
0001
1
01
1000111110
010000100000000000000000
000000000
0101
01
0011
1000
001
0000001
0110
0000010101
10
1
1
01
1
000001
101011
001
110
1000000
1001
0100000000000000
0000011000000000000000000000
01
1010
0000000001
000000000000
10000010000000000100000000001000000100000
100100000
01
1000000
00001
1
00001
1
1001100
11001000
1001
010000
10000010000000
0100
1
1
00011
0100000000
000000001
10001
0001000
00001
1
0100100
10000000000001
010000000000000
100000000000
001
010
0000001
1
0100001000100100010
100000
101100000000
1
1
100001001
10010110
01
001
010000000000010
00001
10000100
01
01000000000000000000000
00010000
1
00001
100000
0100000110000
001001
01
100000000000
0001110000
01
001000000000000000000000
0100011100000
00001
10100
11
00000001100000000000000
0001000
100000000000
10010
100
1
0101
10100100000
1
1000000000000
0000001
10
0000
001
000
1
00
000100000000
1000
1
010000000000000
00011001
001011
1
0000101
10011110
1
001
1010001
101000
0000000000000000000001
1101
1
1
01
0001000
0000001
1
000010000000000000
10001000
010000
001
000001
00011010000
1
0001
1000000000000
000000001
000001000000000000
00000001
01
1000
000000000000
0100000
00000000001
1100
1
001
100
0100
111
0001
001
010000000000
00000100000010000000000100000000
10000000
11000001101
00000011
010
0000001
000
0110100000
001001
110
000001
0101000000000000
1000000
0100000
00000101000000000000
10000000000000000000000
01
1000000000000
0001
11
1
001
000001000000000000
10100
100000000000000
100
1000000
0000
0000001
001
1
001000
0001001
10
0011
1
01000000
01
00001
1000000000000
1
1010010010000000
01
100000000000000000000
00101101000010
011
01
1
11
10000000000
101
100000100000000
1
1
10000000
001
1000
0000001
10000000000000
1
000001000000000000
100001
1
1001
01
0100000
1
000001
00000000
010000000000000000000
11
0100001000000
01000
1
100000000000
000000000010000000000000000
01010111000000
01000000
000001
100000
10001000000000000000000
1
101100
0000010000000000000000000
010110100
000000000000000011010000000000000000000001
00101
11000010100
01
10000100000010
100000
1
110000000
00001
10010
0100000000000000
001
1010110000
01
1
11
1
1
100000000
000000100000000000000
10000000000000
100000000
01000000000000000000001
10001001
001000000
01
1
001
100000
1
00011
000000010100101
00101
000000000010010000000000
0010000100100001
110000000100000
001000
0
00011
1
100100101000
1
01010010110001100
0000
010000000000000000000000
0100100
00000010000001
1000000
010000000100000000000
101
0001
100
0001
000000000000000010000000000000000000100
0
101
000001
100
0100
0000010000000000000000000100
1000000
101000001
100100000001
10001001
0100000
00001
010000000
0000001
1
1000000
0001000
1111
01000000000
000001000000010000000000000000000
010
100101
0100
1
000001
1
100000000000
000000001000010000000000000000000
10100
0010000000000000
1
0000001
1
00001
0000001101000
001
10000
01000000000100000000
1000000
1
000000
01
100
001000100
100000000000000000
011001
100000
011000000000000000000
11
1101
011000
01
100010000
0001
10
000000000001010000000000000001000
00000000100000000
010001
100000
010001000
1
1000010000000
100101
1000001011000000
1
1
11000000
00001
10000
010000000000000
101
01
10
1
0000101
0001
110001
0000001
01000001000000000000
10000001000001000
10010
001
1010
10000100000
1000000
00001
000000
001
100000000000000
11001001000
0100000000
001
1
00000000
001
0000001
10100
0
0000001
0000000000010000000000000000000
1
0001
001
11
1
1100001
0001
11000
001
10000000000000000100
00000000100010000000
11
01
100000000
100000
100
001001
001
100000
01000000000000
001
11000001
1000010010
00100001
001001
1
10100
0000001
10010100
1000000000
00010100
000001
0101
01
1000000
011
000010000000001000000010
100000
001
1000001
0100000
0100000000000
1000000
110000100000
1
1000001
0000010001000000000
1100
0011
10000
010101
1000000
0100000000000
000000
100000000
000
00001
100
010001
0000001
100000
000001
000100001000000
10010000
1010000
100000010000001
0000001
11000
000000
000
001001
1
1000000000000
10001100
000001011
000000
001
0000100000000000100000000000000000000000
010010000000000
100011
11
01
10000100
0111
1000001011
0100
0
010000
1
1
10000000000
00000000010
0100
01
001
100001
10000000
0100000000100000000000
0100000000000
001000000000000000001000000000000001
10010
0000001000000000001000
001
01000010000000
0100001
001
0000001
10
00000
001
1
1100000
001
000001
01
110101
00001001
101010
1
0001
01100
1
100
0001
00001
001
111001
000001
1
0000001
1000
1
0000001
0100000000000
1
11111
001
0
1
01001
001000
001
0000001
0100000
0000000001
010000
00100101
0001
100
0001
1001
00100000000000000
001
1
1000000
101111
1
1
110000100
10100
0011
10000000
1
1000100
00011
10000
10000010101000000001
00101
001000001
101000100
0001
010000
011001
1
000100000001
00001
1100000
0001
00000001000000010000
01000000000
010011
0001000
0000001
010010
000010000000000
1
0101
00001
0000000000000100
1
010000011010000010001
001
11
1
010000
0111
00000000100000000000000
10100110001
10000001
1
00000001
1001
0000000000000000
10
11
00001010000000100000000000100
0001100000011001
1000000000000
1000000
0100000000000
100001100000000
0000001
10000
011
110000000
000010000001
10000000
001
0010001
111000
101
000001
01010000000010000
1000000
10000000000000000000
100000000000010
1001101000
1001000000
0000001
100
10010100
01000100000001
10001000000011
10
1100000
0111
001
0000001
1000000
1000100100000001000001000
10000
001
1
0000000000000
100000000
01
11000000000000000100
0000001000000
000001
10010001
0100000100000000
1
001
1
000001
1
100
000000001
10
100
000001
0001
0100
10000001
01
000000
0001000
000001
0100000
1
000001
1
0100000
110000000001
010
0100000000000000000
0000
01000000
1
1
10000001
10000
1
0
001
1000000100000
1000000000
11
110
000000000000
11000000
00000011000000000000
1001
1000000
11001000
000001000000
11
10000000
010000000000000000000
1
0000001
1000
00000000000001
0100000
01
00001001
1
0100000
11
001
00000010
100
0
1000000
00000010000000000
00000100010010000
100000
100100000000000
10100
01
0000001
1000000
00000001
111001110010
1
0000001
0100000
001
0001000000100000000000000000
000001
0000010110000000
100000
011101011
10
1000000
0111100011
001
0001000
110101000
000100001001
00101
10001
11
011000100
001
001
0
110000000
00001001
1000000
001000
0000001
1000
1000000000000000000000
1
11
010010000
1000000000000000000000000
1
101
110
0001
000001100000
1
001
100001
001
0110000
0001000
0100001000000000000000
0
100
00000011
1000000
0011
001
1
0100000000
10000000000000
001
10
01
1000000000000
01
0001
0000000000000
010000000000000000
00000010000001
00000010000000000000000000
00000000100000000000000000
00000000100000000000000
0001
010100111
001
1
0001000
0001
100
0
0000101100000
1
00010010
1
000
0000001
01000000000000000
100000000
0000001
01000101010
100000001
1
000000000000
01
1001
010
0011
1100100100
1
0001000100000000
01000000000
001
00000
000001
001
0001
1000
1
1011
00011
1
0000000100010
00010000000
001
000000000000000000000000
1
010000
00001
1000000000000000000
0000000001000000000000
1
100001
0011
1
0010000
0001
1000011
11000
100000100
100000000000
1000000
0010100000
10000000000000
01
10001
10000000
1000000
100
001
010000000001
100001
11
101
1000000000000000
1001
1
1
1
1000111
1
0000001
01000000
11
001
1100000
0100000000000
01000000
00001
01
101
00000000100000000
0000000
1000000
10100000101000
111100
0000001
10000000
1
001
00001
10111
011
000011000000
101010
01
001
100000000000
1011
1000
0001000000000000000
1000
0001
010100000
00000100000000001
10
10010000000001
0100000
000001
0010
0100
011
01000001100
000000000001
10
100000
100001
01
11
10000
1
000000
010000000000
001
00001
1
0000000
00101
01101
1000
0000001
0001000000000000000
001
0000
0001
00001
0100000
01
1
1
01100
100000
101000000001
000001
0001000
00100011
110001100
10001
0000000000000
1011
