1
11
11
1111
10000001000
101
01000001000
000000011
1
00010
101
0101
0100000100000
11
011
100100000
1000000001
11
0000000000
011
1
00010010
1000010
1
101
010000100
001
010000110010
11000010
110
101
11
010011000001000
101100010
11
10001
101
00000001
101001
1
11101
1
00000100100010000000010000100
001
101
01000010
101
1
011
01000000001
0101
11
00100000
000001
001
100000
00001000001
1
11
0101
1
1
11
1
1000001
011
11000000
0011
001000001
0001
0001
10000
11
1001
1
010
10000000000000001
0101
00100
11
011
0001
11
1
11
1000001100001100010000000
1001
00001
11
110000000
101
1100000101
11
100101
000100100000
011
1001
00100
101
101
101
1
110
0001
10000110
1
101
110
1000
1
10000000100000
011
101
01
01001
010000
0
10000000001
10100
1
1
101
1
01000000001
001
10000000000010
11
01
011
10001
01000010000
01000100000000100100
100100
01
0100001000010000
01000001000
1
10000010
11
010000010000
1
10000110000
101
100000000
1000100
0001
1
10000
001
1000010
11
101
1
10000
1
0001
101
010000000001
001
1000010000
1
1
1
01
1100
0101000001
10000000
01
110000000010000
100000000100
010000100
11
10001
1
00011
000010010
100
11
011
01
00001000010010100000
11
011
1000010
11
001010000000000
11
1001
011
11
001
0000100
10010
011
0001
100000000
00010001
11
0
00011
