0101
1
11
11
11
10000001
11
11
11
011
11
10100
110111
11
11
101000
11
00010001
100000010100000
10000101000
00000000
11100000
11
11
01000110000000
11
0001100
1101
011
11
11
1
111
10010000100000
10001100000
11
110
0011
0011
10000001
0110000
0000100001001
11
11
11
0000110100000001000000000000
1100
11
001001
0011
01100
10010001000000001000
110000001000000
00011
11
111
11
11
1001
11
11110000
11
1000111
10010000000
11100000
00011
01010
11
11
0001
00111
100110
11
00011
101
10011000001
11
1110000
10100000
1000000101000000000000000
100100000000010
11
00000000001
00000101001
11
11
11
101
11
11
11
010101000
10001
11
10010000001
11
0000011000000
11
11
11
11
1001000
1000110000
11000000010
11
100010000100000
01000000100000100000
11
11
00100010000000110010
1100
100000010000000000001
11
11
111
11
11
11
000100001
0101010000
11
00000111
01001000100000
101000000110100
11
1
0000111
10100
10000000010000011
11
0111
1100
000111
11000000000
11
111
11
10100000000
11
011
11
11
11
11
100
0100100010
001010000001
01000010
000101001
11
0111
11
11
1001000
0100000000
11
000010
0000
001000
11
11
11
11
10000010
11
11000010000000
10000000011
100010000000
1100001
10000001
1000101000
1000110000000
11
011
00010001
0011
11
101
11
1010000
11000
011
11
11
111000
0001
11
11
00011
11
11
11
11
110000
0011
010000001
11
11
0000100
11
101
001001
11
11
11
11
11
11
101
11
11
11
11
11
