11111111000100
1
1000001101001001000000000011011100100
111
001001000110010100011001110101001
10000100000000000110001001100100100
101000
01010100100110010000101100000111100010000100110111110
01000100
10110011
100101001110011
11111
1
11000010001100100010000001010
01001011001010010100000101101100000101111010101001110010011000100010001
10010101010
1
11100111
11000010100010011001101010
1
00100111000100000101111000000000
0000011110111
11
111
11111
0100010100000100000011101000000010100010100
1111111001
1111
1100111110010010011100
11
111100
110111110011101
1
100001000110
011011010000100000000100011000100000
001001011101110010000000010010010010
111111010
1111110
0111000101101010100110011000100010001
1110011101000111100
100100011110
011010000011000000110000001001000000
011110
1111101101
111101001101
00000110100110011000010000101110111001000001011010110000100
11000110111100010000
000010001010000
0110110101100101111011011011101110
01110011101100000111110
111
111001111
10110111
10110100
0101010010101000100101000110000010101000000000
1110000100111111100001010010001
10000
1
10100100100100001000010000010010000101000001
1100111010011100000
11
010101001111100
100100001000111000001000100000100011
1111
01000011000100011010111001111
10001011
1111
010001000100000001000101100001100001000000101001001
1
0011010010000000000010111011001111000100000000011100001
010001010101101111
00100100110000100100010000010001100011000
1001101011
111001100111101
1111101110
1110001
011
1
1
1
11
11011
010001000101000100100000100000001000
1
1
011101011
1001000100010001000110011011110001000
0011000010000001001000000001
110100011110000101000110101001111111001001001111001
11
11111101
01100111101000001110101
11101
0111100000010010000000
1000
100010000100010010000001001100001001000001001000
1000010000000
10100000111000001000100000010001001010100010010001000000000000010000100000001001000100001100010000010
0010010110010000000100010100001
1
1
01000100000010100010
1110100000100000
0001000000110001100001010000001000000000000100101011101100001000010010001001000
0110010110010110001100111000011100
01000010100111
1111111010100001111
0110111001011
1111110111110111111001100010000000000
100110000000010000000
00000000000100001000000011
111001
111111001011100
00010010100100010000100001001
0001111000010010000100000001111110101010000000
1101111101
1101111001
111
1
110110110
0000010100100100000100001011100010000100
100
111011111
01001100000000101011
1
010100000100110001000100010010000
1111
11100001
01111000000001000011101
11001111001
001
001001000001001001001000000
1
11011111011001101100
0000010100001110011000001000000110000111000100001110101011110011010
11110111001110
1
11110010001100000001
110011011111000010111101
101110000001010010100001010010001011001000011000100010
01011000101100010000000100111001010000111000
000010
011000100110000000011
000010000111110001001110100010101100
011100001101
11
000101011001
00110000000111111101100111000001110001
0010111111111110111001001101
001000000000100010110010010001
1
1
111
1111
01000100111001100000111110110011100
01101101
11
1
1110010111100
1111111
010110011110
000111101111010
00100010001001000110010001000000100000100000100010010010000011000000000001010100
1110100011100
011
0011011111110000001001010001
0001000010010110100100100000110001110
1
01100001111
100010000111100
11111111101111101
1000
01001000101001001100000011010110101000101000000010001010001
0110000
111101000000101110000
0100001000111
00001010011000100100000011100000100000001000001111001010000000100001111001110000000011000000000111
110011
001101111000010111110000100101000100000000101
0000110000000010000100000010001000111001001001001000100100
1110110
01001
1011010100110011110
00011110000110101110
001001000011100
111
10001101
0
000110001010111011000011001010110001111010000000000100011
11
11111010001
0000011110000
10010110000001010010011100000010000101
111011010010001
11111
0111001110
1011101100
00111
1
1
101
11
1000100000001011
10011011010010111100110010000110011000001
011000001001000000111010110011
01001000100011111010010110001000100
01000001010000010000000000001111010001001001010000000001100100010
10110010111
100100100010000000101100100
011100011110
101101
11100001111011100011
111111101111010
11100111100
01001100010
01100010010010010010000
11101000001000000011000100001000011110000111010110100011101
0110100001000100111100101110001111
0011000110011101100011001100010
11110011001010001111000
001011001101000101001000111010100011110110001111100111111
00010010001000000100010001110000000001100001000
001000100011011100000001111000101111010101001001000010000111100000011010101000000100100
001100000110011101000010010000011000
1
100001001010100001
01000010000100001
000010110
0110000000010000010001000000100001100001001010111100000010010100010000000001000000000000000010000110010000000000001100100000000000000000000000
0110110011110100111
111101010
00010111101100101110
01011011110011
000100001
1
101
0011000110000000001010000000010000000010001010
010000110100100011000
0101001101001110
1
10111101110000010
0010001100000001100000100000111011111010
00000000000000000010001001011110100110101100000000001
1111001
11111101
0010000100000111000110000100001001000
11111
1000011011101101101
01011111
11111
01100110011000001
11111
1000100000000000000010100101000
0011000000000010010
10111100101
11101
001001000000001000010111100101000000000100110001001100110
000001000110
1
11011010100000010101001011101000000010001
1000000010101
0111011111100
11
1111110
00100000001101011001010000100010
100111001111111110000111010000010001010110
1
000000000001001000001000
0
000000000001000101110010000100010001001010100101111000100100001011101100100
1
001000001011000100000011001000011110011110101010000000
1100000000001001000010101010010010110010000100000100
1111011101
1000010000010100
11111101110
1000000010101000000
0010000000100100000001100111001010011101100010011110001000010000001001001001
1
00010010100100000111000000000011010010100100010010010011101110000000010000100100100
0100000
0100111
11111111100
01100010001111000
11011111111110110
1
000101101111101
111
0000001100110011001001000010110
10000
1100000001111100001111101
110011000
100010001001
00001100000010000110111100110101
1
10000001100110111001100001011001000100110
1100010110000010100100
0100000010000000000010000000101010001001110000100100000100000001000
1000100001111010110010111100101
0000100100000
010010010001000100111000001000
1110111101110011
1
111111011
1101000001000010010000100010010000100
11
11100100101001
11111001111
011001001000001010101000001110100000000000001
1100100001100100
010
111110001111110111100100
1
00000010001111001100000101010000000011010101001010000111100
1
101
00110110001000100011000001010000001010000100
100000
010100010100100010000
10110110000010000101110011
1000111001100110110001000000
11000010000000101011110010000000
010001000000011
10111000
1
011110101110100101110110001
0000100010010101001111000001010010010001000100
1111111100
1110101001100
11110111101
000101100000110010010110011000001001000001100010000
010000100010100111101
10
1
000110000110000101
111101110010101111110101001
111111001
0010111110111000011001100010001001010000000000
111111
111111010111
11000001110
01110011111011100
0010000010011000100001000
0100010001000010001001
1
11111110110000111
1111101000001001001111100000010
1000100100010110010010001000
111
00011
01000010110000000
0001010000011011110001111001100
1110011101110110001
111101110001
1000
0111110001000011
010000
1110110001101
001001001011000101000010101000
1010001000100000000111010100000000000111000011011
1100010010
1
000000
000111111001
011110011110101110
10111101111111011111110
1
001000000000001001000100000111100010110100101011000010000100
000100101000000010010010110000000000000
000010100100001100000010001011100110000010
01110001110
000000010001001000100000100001000001000100010000000100001000100010010000001000001000100011000001
110111
1111011110011110000100010
0101110100010100001100000001000
11
1110101111
11101011100111101
1
100000000
11111110
1100111100001
1
101110
01101100000111
1101000
01110111100110101111111
1010001110010000
101000100001
1
011011000101011100
100110001101000000100
11
100000001010000110001000101000000011100100010100101101000100
1
111111011111
10111101010011111010000000011100000000001
000111010000100000100010000001001
1100100
111011100101
000100010100110000010110000
111111011
10001000010000010000001111000010000010
01000011100000101100001000010010000100
1101111001101
1
1
1111111101
100100000010000
1
000110100001000100000
0100010010000001000111000010000100001000100010
001000000001001010010000
1110111
001
011101001
111111110101111
001
0000010000100100000010001100001110000001111000100000010011000100
01000000001100100100101000100000001000101000010000000100
1111
001000
110010011101
0001100010100111100001100000001110000101010000000100
11
011110001
001100001001110001010010001100
100010101001011010100010111001
010001
0111111111011101110110
110110111001
00011011011001010001010110
011001100001
1011011111010001011111011
0010010001110001
011111101111011111111010111
1
01000011010000000011010110
10100001000010000000001
10011110000001000000100000000000010000110010
1101101000111101
1000101011000010010000001001
1
11011111111111101
1
10111001001
00100100010110010101100010000001010101100110100000011
11110010
1010011000000011111111101110111010100000
101100000000111100000011111010111111
100100111000110001101000001
10010000000010000010110001101100100001000100
11
11
1001111100
1010111
0000000000101101010011100111111101
10101010010100011110001101100
001111000111111
101110110001011111111001010100100010000
100100
1010000000000001001
1
10010000100110001000100000000000100
11
11000011101111010
1111
01001000110000000010111001001001111110011010001111111000010011001000100100
01111111001011101
110111101
11001
011111110010000001000001011
11111111100110100101
1111110011111000111011101110110
0111110010111101101011101010110111000001
0001000001010111000111100010010000
11010000110000000011011100000001110100010110
0110000001100000000
1
0000110001000101010110100000000010000001
101001110100011111
0011000001101000100101001010000
01010110100001000000110100100
1000010000000000011001
000010010110010001
1
010000000011001011001111000010100000100010000001100001
000101010000010010001100000001001001000100000010
11000111000000100011001101111001101110
1101101111100000010100100001100110000100000100100010011010000000100100010000100110
010000000011000000111011001000100100100000010000001001
111
100000100000110101101100101111110101111100
1
0000000000011011011100000001011000000111001100010000100000100010
011
01111110001
010000100100000001
1
011000000011101001100
011110110100100101111011001111110
10011111111010110111011110110
110001000010000110
0010111111111011011101101111000
1
11100111
11
1
1000000010001010111101100001000100000100
1
10010
1
00111101
1110
0000010011010100000100
111001010000
1
11111011110011
111101100000
01
110000000000001010000001
010111
1001101
10000010000101001000011101000101000000000100101001
101
1101001000011111101000011
01111100000
0111011110111100010100010101101101110
010110101111101101
110000000001010001
1
11000001010101000010001000000100101
100110111110110000010
10
1
00001001
111
0010000101010000111111001001011001001000101000
10101111000011010011101
0100110000000010111100110
00110101001100000010101000111000100000
1
000101110000000110000010101000100000010000000110110010000001010000110000001000110011000100
0110100101
0001000010011110010011001010001010001110010000100011000111000000100
111101
011000000011111000000110100101000000
010101110000010010
10111
01000100010000001000110
010100011000
100111000001101110100100000011110100000000000000
1
0100000101010111100
1000011001101001110010001
1
0100100000000010000111101110000000000000
001001100001000000100100100010010110011000011010010010101011010000100100
11
1
00001110010000100001010100001001101010101000010000001000010000010000110000111100001101100010110011000010000100000011010000
11
000010010110011001110010000000100100001000100001000010000
00100110100000010100010001000
1
10111001001011001101010010010010
011010100001000
1010110000
01100011110111000
1111
10111101
0100000100101001100
1111111
0010001001000111000
1110111
1111
11001100000001100
10000000000000000101100001000011100100
111
11100000001100001110001101100111100010010100011101011
100100100010011001000110000100100010010010001000100000100001100000001101011010110010000101010010010001000
01001010010000000000
111000110
101111
00001000100100000110001000100001000010
01000101000100010
11000000111110100
1001000110
000011001110010111000011
0010110101100000010001010010010000
0111011110
00010010011000100011011001
1011011010011010000100100010011000000
100
1
00000100000001110000000111100100010
0100100011
001000101101110011000000010100000
010001000000000010111010010010010001000100
1000010001110011001001110010001010100
111
00
01111011010000
100100010001100111011100001001001010011000001110010
11
1
110011
11111101
11
100110001111101100010001000000100001
000000110010000111010001
11
01100000
1011100
1
01000100000110000101
01000001001101001100011111100001001100000
11
0100100000000010001100100100000110010001000
00001000010001101100101
1111110000011001001111101100011
1
1
0
0001000100101010011001000111110110011010000
1
10000010111
001001111101
101010
1010001100111111000101000000001000110000
1000110110000100010000
1
0100000100001000111001101010011111001001110
1
0000101100111
1111
0010010100110010
10011110011100001011101101110100111100111001
0010100100010110011011011100101111110011000000100000001
1100010000001000100000
1111100000
1
111011110110101
000111100000111001011001101010100
0010010010000001011010100101000100000001010
001001110101110000010111100010000
1111
0001111100111011111010
1
1
011001100100110010010110011001100
0001110110100000110001
001000100000010010000000111000001000000100000010001100010
10010100100010
0110101110
11111011
110010010101101
1
0111011000111111010011110000100000
11000000000100011001111110011111
11
00111000110010011001001100001010000000
01110010111
01100000000000000000
1011111011
111111101
11111110110011101
011000100
011011101010010010001000001000011110001000010011110
1
11
11001111
11
110000101100000000000
00111001101010111111101101111010000011000101011000110010001000
1
1111110111111011
0101101001110111111011111
11
010000100110101101
111000101000
11
101110001
10010001001000
0001011000101000001011010111111000
11
01111
1111110111
11
10010010000101101100010001010000000100000101001000001000000000001111001000011001001000010110010000001
01
0001001110000110011001010000
11100001001000000
100110001000000100010000001001
011100000100000101011100000
1000101011100
1101110110101010001
111101111110010
111011001
1000100001
10101
1
0100100100000100011
111
0100100000011010010001000100100
010010110101
1001010010001010010010001000001001100100000001000010
001000100111100001000100001
10000100000011101000
000000100100011011001010000011000
10010010010101010001000000101110001111001
0011101100011110001101001110110011110101000101000
1
1
11110101100111101101111110110
1001010001101001011111000011110001010111
011001110101001
10001001000100001011000010000001011011100001000101100000000000011
10010010010101000000000000110010001001000010001000101100100011011001000100000
00000001010001010000000
1110001000100111000
01111011100010011111101
111011111101000
001001000000100010011110100000101001000010110110010
01110100000001000101111110000010
0111101110111
00010110001000100000010
1101001001101000001111100010
11000001000001
01000100
0001111011110000100010001010010011000000100010000010010001000001000000101100100000110011110000100000000001000
11000011110
11
1011
000110011100001
0100100101000
0001100010
11
00100000100011001001000111000
01110000110
0000010100100010011000111100000110111001110000010011011011100
0100000100011000110
100110001000000100001000001001
0110001101
1
10000100001000100
1100100000000101001001010101000000101101100000100101010100100110100
11110000011101
11100101111101
1
111100111
101111
111111101
01010011111010
10010101
1
000000111000011010000
1
1101010
1011
001100100001001110111110111
1011111010110110111100011111
0000100100010011001000
10111010
1101001100100010101110100111110101101
11111100
000010010010000001000100000000001000000
101011101011101101101110101011
011001011001
11
1000101000001
1
10
1000000000
00000010000111110111111101
00
0010000001010010010001000010110000111001001001100010001000
1
11000000010111
000010110100000
1001001011100000
1
011001000100000
1111001001
1
1001100110100100010000010001100010110000010010011001000
0
1
10111000001010100001001010
10001010001110001111010100011110001010010110
1110010001
10001111001111100
1101100001001000100000000010001001
111111011101111
10111011
111111001
01100001000110100101000001111000010000000
111111
00101000111100010100011000010011
11
011100010000001
0100011011100
1
0100101101111101
10100010001011100111110111100111101111111
111110101
01001010010010001000000000000011101010000110010010010001100100001001100100100100100100011
10
0111110001
1
0111
11
00011111011111000111101100000110110
101
0101
1010011110111110111111
00100101100101000010010000
10100000100001100111101001000000000001010000010000000000000110000000000101
01010011110
111110111111011
01000011101111011100101001000011
1
10011101011100001011
1
00100100100100000100010000000001000100100100000011000001001
11
1111100000111
11
100
1
1
11010000001110
01000101001000100100011000
11
0000001011000100111101000010000110000010
01110111100101000010110111100100101
1
100010000000
11000100010111000
01110010000
010000010101100000010000000
0110011110100001111001
000100100001110000110001111100001110010100101110001011001001010111011
10
11111111010011101
1
010010001000100000011000100000010010010010000100000000000011000000110001000
0100100010110001101100000111101010011110
011111100
111100100
000100000100101111101110100001100
01100111111110110010110000111101
000000100100110011000000001000000
011
011101110011100111
011000011111
0000000110000011110010100100000010000100110010000111000000010001100100000100000011000110000010000000000111100001110101100
1
1100011
100000100000100001
1000000010010111101110100101010001010101110
11111011101
0111110010
11
1
1111111011
00111110011
1
0000100000001001110001111010010100
11
111111
110111
1010110100000100010000000110011000101011
01000100100000000011001000100010011100010100000000110000000000000100000
1111001111101101111000100000000100000000
11
10100000101001000100011001001001000
1
0100100101011100000
0011001110110100111111000111
00001000000000001100110000111001100100000
111100000000
0110000010001000000000001111110011000000000101101
011011101
111100100000100001000011101111101100
01001000100011100010000000010011
1000100110010001100
01110001101011
000100010
10000
011111110000101001100110000001
111111000000001
1010101011000000
11101
1
10001000100000100010001000
0000100100110100000100010100001000100010010000
11
1010010100000101000110100110000000101101000010111000000011000100010011000
111
01101111010000000101000000000000110001010000111010011100100100
11111111111000
0100100010101000000010000010010000010000
01111100001110000
1010111011
1111010
10011010000101011010001010
1110110010
01001011
0100010001011001001000000001000100010010000010001001100001001000010000100000010000111100010001000000011
01010010010011
10101010111111100000
110010000000100010011100000011011011100000000000100
110000011
1111011011011100
1111110010010001
110111101100011110
0111000010010100
11110
11
101010000111000100011
0000011100100000
1000011100110
00000000100000100001000100
1
111110101001011101
000101000010101011010010000110001010000001000
1111111000000
0001101
11111111
1000110110101010
111111001
1
11101111001001
011010100111101101011
1
100011010000000000011000100010001000100001000000000100011000001110000000100
100110010101000101111010000100
1111011110011
1
000000000101000001001001001110001000010000010001000001000000101000010000000001000000000000001000000100100100010001000100
1110101101
1
111101111100101
1101111
00000100010010000100101100010100010000000
10000010100001111110
010010001110001
11111111101
11100
11110001011000101
1100100
001010101010001111111
011110001101000110110
111
1
100100000011
0010001100001100100001000010000101000100001101000011
0101100100001010101011100000001001000100001
1
010001000010000100100100100000010011110000110010001100100000
100001100110010000
0110010011000000010011000
110110111001
001001001110011
1
10000101010001000010000000100100100000100
11110111
0111001001001010100100010110010011111110101101101101111110000
1011100111010
1111111101
1111001011000000000000001000001000000101010000001000101000101110001
1
100011
1
1
000110111111011011111
1101
1
1100001000100
100111011
010011000011011010
010100110
000101100010110001110101000
1111111101101
111
11111
0001
011110101
11
0010010010000011100110001100100100101111000001000100010000000
00011101110001
1111100
11001101101010010111
1
0000011011101110100110110100101010111
1
100110001101111101
11
0101110111000001111
10001100000010000001100010010000
10000100101100111101111
11110101101111
1101
11111011110111
1000110010
111001
0001000000100111000110001000100000
01000101111001
1111101110
1110011010001111011001111100100010110
1
110111110100010
1
111111001
1101111101001010
011011011011000010001000010111000000001010
1000000101000101011000001000110010010000110
111100000110000101110000111010010001111001
1101001
1010111
1
01011101010011011100101110
101111101
111111111
001
11110111101001000011
1111
0100001101100111001110001100100010001
11001011101
11
11
000011101000000011111101
000101100101010001
0011
00111111111000101111001001
111011101
11111110110110111
01100010000000111000100011
10001001
0011011001001000010001111100001010100000111010110010001101100000010001001001001
10000010010001011011011011101111000001000011000011100100010000000011001110101000000100
1111111101001111101101
111000111
110000011111100000110000001
1100000101001110011
011111111011
11
11000010000100100
11
010011011100000000000000111100000001100
00100000101110010010000101000000010001000000001100010
1111100100100110011101000101000011000100100
1100010001000
010001010011010000
0100100010111010001000011001100110110101000100010010010100101001010010001000
1111111101111
110000001101100010010111001
01100100001000010000100001001000
00000010001000011000100111001000010110100000100
000000000111010000000110001
000001111001100110
100001001001000010
1
11
0100110101000010001111
0100001111001
01100100000000000101010100100000000111100010010010000000100110011100110100000000000100100001001010101110
0111111011111110
0100001000110001000100011100000100001101000000110010000010000100010001000100
1101101
01000101000001001
1100
110010110000010011110000
100011100001110100001100111
10
11011000010110100010011001
1
000110100001110100110001001001100000111
01111010101110001
110001111101000110001100
1101
01111110100100010011100
1
1010000010001010100000010100010
11011001100111001111101
11
1
11111
10111010
01100001110000000000
110110011
111101111111010010100001111
0111001111000010111
10001000110
00001000000001100101001001100100000000010010010010000111101001001001
1
1
1
11111
100000100100001000001100000
000010110100110011111000100010
110011
110001000001000100100
0000001010001010000000011000110000
1111010111111101
1100101101011
101001000010101011001000000001001000010001
0100010110100111011110011
1111111100100110000011111110101110000001010010001
0110000000110011101
001101100100101010011111001110001
100111
11
0000100111000100110101011
10001110
010110001
010011100000101000011001010101100000010001000001000100011010100
0110010000010
1
00100110101010010000001001110011110010
010010100000010110011101000111000100
1111010111
0001011010100000001110010011000
001000000001000001100111101
1000000110100111001000000000100
10101001
10000100010100
11111
011110000010111010110001010101000010000
1
111110101001110100110
10000000100100101100010001100001
1
110110
0100001
1011111010000000110000101111100001000100100
10000110000000100100010011000000010101100011100000110000
000110001001000100010010
100001110011111101101000011000101100
0010000100100100001000100110001111010011001
1
00111000100010001010000100000100
1
10000111001011100
111100100110
01000100001001000010110010001010000110000100010110100100001000
0100000110001111010000101000101000100
00010100011100100100000000000
1111101
00100001001001000001100000100001100100100
110111101
0001000100010100100001
11
010110001001111000
1111010000
1011011111011
11
000111110101000001111
011101111101111
1110100
1110001010011111001011
111
110011001011101
1111
11
11111
01110001110000011000011000
00100100111000000110000110101001000000
1100010
0110010110000010001000000010000000101001000011000000001100100
0001001
010001100100100000111000010010000100000000010001000011000000100100010001
0011001010010010000011100000110110000
1000
000010111001000100000011010000101
1000101110
0000111010110000000000011010000100000001011010101000
1111101001100
110010010011010
0010001011000100100000001010101010001011
111111000
011101110000
10001
11
000000100
1111110111111
11
00001100010101010011000001100010011000101010000101100001100010001010
0110100010101001101100100011001011110100000001
1110010
000010100001100000000001100001011000000110010110000100101000000000001001000100001000
111111
1
00100001010010011100100100011101100111000101110
1
01100110000
1
10010000010
1101011011101100
10001000100
01001010101
01001000100101011000111011010
101000010
0000100011
00101010100010001001000100001
