1
0001
1
00001
1
1
1
1
10
0001
0001
1
1
1000
1
1
1
0
11
0001
1
0
1
0
1
00000001
0001
1
10
1
0001
100000010000
1
1
1
0001
1000000000
0001
1
0
010000000
00001000010000000000
1
1
1
1
1000
000
10
0000001001
001000000
0000000000000000000000
10000000
000010000001
0001000000
0000000000000000000
1000
11
1
1
1000000000
0100000000000000000
10000000
1
1
1
1
1
0
1
1
0
0100
1
001
1001000
00010000000
0
1
010000000000
100100
0
0001
1
0000000
000
1
1
1
1
001000000000
1
0001
1
01
1
10
0001
1
0000010000000000
000000001
1000
0001
000100000000
00000000000000
0
10000000
1000
1
0001
1
0001
010000000
0
1
0000001000010000000
1
1
1
1000000
1
1000
1
01000000
0001
00001
11
1
000000000000001
0000
1
001
1
1
1
1
1
1
1
1000
000001
1
0001
0001
1000
100000001
0001
1
1000
0001
0001001
0100
0
0001
0001
1
00000000010
0100
001000000
0
1
000001
0
01000
001100
00000
1
1000
0
11
1
1
1
1
1
1
000000000000000
001000010000
1
0001
11
1
0
1000
0001
0000000
100000
10010001000
1000000010010
0
1
1
00000001
000
1000
0001
00001
1
101000
00000010
0001
1
1000
1
01000000000000000000000000000
010
0000000000
1
0100
010
0
000000000000011
1
000
001
11
1
00
00000000000000
1000
1
0001
1000
0000001
00001
1000
0001000
1
1000
0
1
0
01
1
1
1
1
0100000000000000
0001
1
00000001
1
00010000
0
10000000000000
1
1
1000
0
1
1000
1000
1
0001
0001
10000000
0001
0001
011000000
1
0001
1
1
1
00000000
1
1
0
101000
1000
001
1
0001
1
01
1000
000000010001
001000000
000
0
10000000
0001
001
1
000
000
1
1
1
1
01
1
0
1
0
0
1
1
10100
00001
1000
1
110000000000
00
1
1
000
1
1000
1
1
000001
0
1
10000000
1
0011
0
1000
1
1
1000100000000001
100000000
1
1
10000000
1
100000000
001000000
0001
1
0001
1000100000
0001
1
1
1
0
1
0001
1
1
000000
000
0000001
0001
0001
00
01
0001
1
10000
1
1
0100000
0000000001
0
1
0001
0
01
0001
1000
1
000000001
0001
1000
1
1
0001
111
111
1
1
0001
1
0
0001
0001
1
1
0000000000000
1
010000000
10000
1
1
1
1
000001
0001
10000000
0
1
1000
000
1
0100000
0001
0001
100000001
0
1
1000
0001
01000
0001
0001
1
0
0000000000
01
0
010
0001
0
0001
1000
1
0001
0001001000000000000
000
1
1
0100000
1
0000000
10000
1
0
01
1
1
10000000
0001
1
1000
0001
1
1
0
0001
11
00
0001
00001
1
10000
1
0100000000000000
0001
1
1
0
0100
001
1
1
000000000010
1
10
1
1
1
0001
1
1
1
10010
1
0001
0100000011
1
1
1
00000
0
000
1000
1
0001
0001
1
00110
1
1000
1
1
0
1
0001
1
01
100000
0
1
1
0001
0001
1000
0
1
00001
1
1
00100
00
00001
1
1
1000
1000
0000001
1
1
0100
1
1
01
0
0001
10000000
11
0010
001
1
0000000
0
1
1
0001
1
0001
1
1
1
1
01
1
0
1100
1
1
010000001000
01000000
1
1
1000
001
1
00100000
0000000100000000000
10000000000
0000000000001
1
0001
1
11
1
000010000
000000000000010
0100
0000
1
