0
0
0
0
1
1
0
0
1
0
000
00
1
1
1
01
1
1
1
1
0
1
0
1
1
0
1
0
1
00
0
11
11
0
1
11
0
1
00
00
0
0
0
0
0
0
0
00
0
0
0
0
0
1
1
1
0
00
0
0
0
00
0
0
0
0
0
0
0
0
0
11
0
0
101
1
00
0
1
00
1
0
0
11
01
10
000000000
1
0
0
1
1
000
0
0
1
0
1
0
0
11
1
0
0
10
10
00
00
0
11
1
01
11
0
00
0
0
1
0
0
0
0
010
0
1
11
0
0
000000
10
0
0
0
0
11
0
0
1
0
0
0
0
1
0
0
11
00
1
0
000
0
0
0
0
1
1
1
0
0
0
000000000
00
0
0
0
00000000
0
1
1
1
0
000
0
0
0
0
0
0
000010000
000
0
01
0
0
00
1
10000
1
0
0
0
11
0
0
0
0
00
1
0
0
1
11
11
1
0
01
0
0
0
0
00
0
1
00
0
00
0
01
0
00
0
1
0
0
0
00
1
00
10
0
000
0
0
0
0
0
0
1
0
01
00
0
00
11
00
1
0
1
00
0
00
001
0
0
0
0
010
0
0
000
0
0
0
0
1
0
0
10
1
01
11
1
1
1
0
00
0
11
1
0
1
00
1
1
001
0100000
00
0
0
0
0
0
0
1
0
0
0
0
0
11
0
0
111
1
0
0
0
0
0001
1
0
0
0
0
1
0
1
0
1
111
0
011
0
0
0
0
0
0
001
0
0
0000000
0
0
00
1
0
00
0001
00
1
1
0
0
0
0
0
00001
100
10
0
0
0
00
0
0
11
11
11
0
010
0
000
0
00
0
1
0
0
0
0
0
0
00
0
0
0
00
00
1
1
1
00
1
1
1
100000
00
11
0
0
0
1
0
0
0
0
0
0
0
0
0
0
1
0
0
1
0
0
1
001
11
1
0
1
1
0
0
0
1
0
111
10
0
0
00
1
0
00
0
0
01
0
001
0
00
0
0
11
0
00
1
1
00
1
0
1
1000
11
0
0
1
1
0
0
0
0
1
00
0
0
0
1
10
10
0
1
0
00
0
0
0
0
00
0
1
0
000
0
0
0
1
0
11
1
0
0
1
00
0
0
1
0
01
1
0
11
1
0
1
0
0
111
1
0
0
0
0
000
0
00
0
0
1
1
0
01
11
1
11
1
1
00
1
0
1
0
0
0
00
0
0
1
1
1
00
1
1
1
1
0000
1
0
00
01
1
0
0
0
0
0
0
11
10000000
1
0
0
00
00
1
1
0
0
1
0001
0
0
0
01
0
000
0
1
0
0
0
0
0
0
1
1
1
1
10
1
10
0
00
0
0
0
0
01
0
10
0
1
0
0
11
0
0
0
0
0
0
00
0
00
0
1
10
0
00
1
0
1
11
00
0
0
10
1
0
0
