0001
0
1
011
001
1
1
1000
1
011
1
1
1
010000001
1
0001
01
011110000
1
1001
1000
1
01
1
1
001
0100
001
00001
101
0100
000101
0001
01
100
0000010001
11000000
1
000011
1
1
1
1
1
001011
1
00101
1
011
0010001
011
1
0000011
01
011
1000
1
0001
1
1
0001
1
100
0001
01
01
10
100
1
1
1
0
1
001001
100
1
1001
01001
001
1
110
0001
1
011
1
00000
11
011
00
1
1
1
1000
00101
01
01
011000
1
1
0001
00100
010
1
0001
1
001
111000
001
001
1
0100100000
00100101
1
1
1
1
1
1
0111
001
1
1
1
110
0001
1
011
001
1
1
1
001
0101
001
1
1
1
01
00101
001001
10001
011
1
1
1
01
01
11
1
000011
1
1
1
11
1
100010
1
1
1
0001
1
1
1
000011
10100000000
1
1
0001
1001
1
1100
000001
1
01001
1
101
0111
1
001
001
10
01
00000010001
1
0000011
0001
1
1
1
0000001
011
1
01
1
1
1
1
0001
0001
1
101
1
0001
01
0011
11
01
001
0101
1
1
1
1
1
10
01
00
00001001
1
01
1
1
1
1
01
1
0011
1
01001
0001
1
101000
1
01
1
1
0001
1
1
1100
1
001
0101
1
0
11
1
0001
1
011
01
101000
0011
11
001001
1
1
1
1
0000010001
0100000
00011
1
1
001
1000
0000011
01
1
1100
1
1
0000010001
1
1
1
01
0001
1
1
0001
1
1
1
1
1
1
1
1
011
001
1
100
1
1
0001
1
00101
1001
1
1
1
1
011
1
1000
001
1
011
001
011000
1
1
001
10000000001
0110
01001
1
1
100
1
0001
1
001
01
10
0001
1
1
1
1
1
1
01010000
001
01001
01
100
00111
1
1
1
1
0111000000
00001
11000
101
00101
10
1
