00011
001
1
1
1
100
001
1
000001
1
1
1
1
1
1
001
1
1000
01
1
001
1
1
10
10
1
1
01
1
1
1
1
1
1
1
1
1
0
01
1
1
01
10000
1
11
01
01
1000
0001
1
1
1
1
1
1
01
1
1
1
01
1
011
11
01
1
1
01
11
1
001
100000
1
00001
1
1
1
1
1
1
011
1
1
10
1
1
1
1
001
1
1
01
1
1
10
1
01
000001
1
10
001
01
001
01000
1
1
11
1
0001
1000
1
1
1
001
1
10
1
0001
1
100
0100
11
11
1
1
1
1
1
110
1
1
1
001
11
100000
1
1
1
01
1
01
100
1
0001
1
1
1
1111
01
01
01
1
1
0101
0001
01
1
0
011000
1
01
1
1
001
1
1
1
1
01
1
01
01
1
1
10
1
111
01
1
1
1
01
10
11
001
1
1
01
1
1
0
1
1
1
000001
1
10
1
1
01
1
0
011
10
10
1
0011
1
0001
1
11
00001
1
1
01
01
1
1
01
1
1
1
000001
1
01
0011
01
1
1
1
10
001
01
01
0001
10
01
1
1
01
1
1
1
1000
1
1
1
1
1
1
1
1
01
100
011
1
1
1
1
10
100
01
1
1
1
1
1
1
11000
1
01
00001
1000
001
0
01
1
1
1
1000
1
0001
1
01
1
1
1
1
1
1
001
1
11
1
10
1
001
1
1
1
01
1001
1
001
1
1
1
1
1
1
000101
1
1
10
1
1
011
1
1
1
010
001
01
01
10100
1
1000
1
001
1
0001000
00001
01
1
1
1100000
0001
1
100
01
1
1
01
1
1
1000
1
1
1
1
1
1
10000000000
1
1
10000
01
1
1
1
1
11
1
1
1
0001
00001
1
1
1
10
1
001
1
1
1
10000
1
1
1
001
1
1
1
1
1
1
1
1
1
1
1
1
1
1
1
1
1
1
01
1
1
01
1
1
100000
1
001
1
01
1
1
1
01
1
1
0001000
0001
0001
10
1
01
0001
1
00001
10
1
