1
1
00110001
1
1001
1
1
01000010010001
1
1
0
1
11101
0
1001
1001
0
0
01
100
10
101
01
0
10000
01
11
101000
0
1
0001
010
1
1
1
0
1
1
0100000
1
01
1
01
01
1
1
1
1
1
01
11
11
1
1
1
1
0
0
01
1
1
0
1
1
1
0
0
1
1
010
001
1
11
0
01
1
1
0000101
1
0
0
0001
01
10
1
011
1
1
1
01
01
1
101
0
10
0
01
11
01
10
1
01
0
1
0
0
1
0
11
1
01
01
0
1
1
10
1
01
01
1
011
01
1
1
1
1100
01
1
01
1
0
10
1
0
01
01
1
0
01
01
0101
1
1
10
0
0
0
1
01
011011111
110
1
0
01
1
01
10
1
01
000
010
1
1
0
1
1
1
001
1
101
1
1
01
1
0
0
1
001
001
11
0001
101
0
10
01
0
0
001
10
01
1
001
100
0
0
0
01
1
1
10
1
1
11
11
0
0
11110
011
1
10
0
11000
1
01101010000011000000
01
00
1
1
11
11
1
1
110
011
1
0
1
00001000001
01
0
11
0
001
1000
01
0
0
01
1
101
1
001
0
1111
1
1
0
1
1
11
1
01
011
0
11
101
1
1
0
0
1
1
0
0
1000
1
0
1
1
10
0
1
1
000001001
1
1
11
010000
1
01
0101
1
1
0
001000
1
01
01
1
0
1
000011
10
10
1
0
000011
11
1
1
011
1
1
1
1
011
1
1
1
110
1
0
11
1
1
10
