1
0011
00011
1111
0000011
110000
1
1
001100
11
0011
101
0
1
1
0001001
110
1
011
011
010000011
01000110000
101
101
0
1
1
0
11111
111
101000
1
11
0101
1
0000101
0100100000000000
0011
0
0000000
0
1011
00
0000011
1
1
101000
00
00011
001100
0000011
100010000
001001
00000000
0000
10001001000010000000000000000000
11111
00
011000
000
00
1
111
00
11
0011
10000000
11
0011
01100001000
10001
110101
101
1
11
11
011
11
11
011
1
1
1
011
00010000000000000
11
0
0100001
101000
11
0
011000
110001001
11000
0001
0001
110
1
1
0
00011
10001
0001001
00
1
100100
0110
110000
10001
11
10000001
11000
11
00011
0001
1
00011
0
0
0
10000001
00011
1
0
000011
110
1
1
10010000
1
1
1001
00100100
00010001
1
1
11111
11
001000100
0001
1
0
1100
11
00011
010000001
10000100000
10110
1
0
100000000001
1
0011
1
110
010001
11
0100001
11
110
1110
0100001
10000001
1
01100000
100001
00101000001000
1
0011
1100
0011
001001000000
011
00001001
001110
0010000100
0
00000000000000
00101
11000
0010001
0
01
000100010000000000000
1000
00010001
1100000000000000
011
10000
0000
01
0
010001000
0101000010
0011
11
001
0
1
01000100000000000000
1
01001
1
011
11
011
1
001
0001000110001
010001
1
0001000
1
110000100
11
1100000
1000100010
1
110000000
0
00010001
101
10001000110001011
00001001000
1
0110
000010001
0
10001000000
010000001
100100000000
0
101
10001000000010000
11000
00100011
101
000110000
1100
10001000000100
10001
1100
0
000
1
11
011
1
0001001
1100000000101
10100
011
11
01
01000001
01
0
10010000000
111
11
1
11
100010000000
00111
0
1100
00010001
10000010000
1
01000111
0011
00
1
1100
00101
011
11
10001
00011
10
011
11
01001100000
0
1
0100011
1
100000001
01010000
1
111
11
00011
1010000
11
1001000010
10
110000110
0
011
1
10000001
1
000110000
1000110
0000011
1
110
0011
00
1
000100000001
00101
0100010010
000110
11000
110
1
1
11
1100000
10000111
01000100
0011
10000001
11
110
01
0
000101
111
01
1
00100010000
011
1
01000100
0
011
011
11
00101
0000
00
111100000
011000000
100010000
000011
111
10
0000000000000000000011
1
1
011
0
00011
1
100100000000
011
11
101000
010001
0
0
00
101
1
1
00000011
1100
110
1
00
0
01001000
1
1
10011
0
1
00010001
11
111
01000010011
11
1000100000000000000000
000
11
0
11
1100000110
11
0000101
100011
1010
10000001
10010000
0
110000
00011
10000
00
01010000
1
11
1
01
0
0
111
00000001
1
00
1
011
0101
1
10000001
00011
110000000000
1000100000
0010000
011
111
00011
100100000001
011
10100
011
10001
0
11
1
010010
1
0011
11
111
011
1
01001000000000
0101
1
111
101
11
00100001
1
100100000
1
1
011
0
110
0
00110
1
011000
10001
10
101
11
0
000001
101
0101
11
00
0
1
110000
1
1100000001
0
1
000010000000000
1
11000
00011
100100
1
11
0
0110001
0
001100000010
1
000001001
1100
101000000100
111
000110000
11000
1
00000011
100010000
0
11
011
1
10010000
0
0
0
1
1000100000000000000
11
1
00111
010010000000
1001000
1
00
11
011
00
11000
000010001
100010
11
10000001
11
110
100000001
0100000
001
111
0
1
111
0001000
111
1
00000
1
0
0100001
101
111
0
0000011
1111
0
000
101000
11
00
1
1000100000
00011001
00
00011
0011
11000
1
11
1
1
0100000
1100011
1100000000000
1
011
101
00
0101
1
011
1100
11
0
11001110
1
1
1
101
00110001101
1
011
11
011
0
00010001
110000
11
0
0
1100000
100001
11
00011
0111
10001000
1001
110
11
1
00101
1
11
000011
010100000
11
0
0101
1101
11
1
011
010000010000
101010
0011
01100000100
0101
100001
01001
11000
11
011
1
1100000
101
1010
10001000000010000
1001
000011
11
01000001
10000000
0001
1100
111
00010001
11
11
1000001
000011
10001
01001
11
0001001
0
10010000
01000
111
101
11
1
101
01001
01010000
101100001
1
100010000000000000000000
0011
1100000
100000011
10000001
11
011000000
00101
10011
100100000000
1100000
000110000
1
1
011
10010
0000101
0000010000001
