000101
1
101011001101
01
1
110000001100
11
011
011110100000
11000010101000001
1
11000011
0010001
01001110001
11
1
10100000
1
111
11010
1001100100100001000
1
10100
0001000111
1
1101
1
1
0011
011100110000
0111
111
11000001000000
1010010000000
1011
00111
011
0011
1
1
1000001
0001
1
0100001001011
100000001
1000100100100000
10001001000001100000001000
001001
11001
0011001
11101
1100111001
1
101001000
10110000
01101
1001000
01000001000
110001101
0110000100100100
01100
1
1
1
11
1
1101
100001011
100001100
1000100000
1
00111
101
0111000000011100
1100
1
11100101000
1
110100001000
101101
110000
0111
11101
00111
111
110000
00011010101
0100001011000
100011
1011
011
110001
0101
100011
001100
1110
1
1
00011
11
110
11
0101
111111
00011
1
11000000001
0101111
00111
01001000100000111000
1
111
1
00011
000011
01
111
1
00011
01101
10111
1011
110011
111
011
1
1000100
1
1101101000000
1
1
100101001001
01001
11
1110
011
100010000101
1001000110100000100010
1
1
10000110
1
001
100010
1
010100000
0001001
10000
1
111000
00100010010
01
0001
010001100010000100
110011001
1000101000000000100000
1
00010000101
11
01
11111
10110
11
0011
111
000000000100000000
1
1001
010110
010100011101
111
111
11000000101
1000110
0110001000101010010000100
11
1
1
111
10000010
1101
1
111
10011
1000
11001
01011000
11
0111
11
1001
11
11
11000000
00100000100010011
10101
00001
111
101
011101000100
1000100001
1
100100001001
11
01
1
110
10000100101
011001
1101
1
111000
011011
11
1
001000010001000010001
1110
1100111
010
0001001
1101
1
1
000111
10100001
10000010
10
1
0010001
101001
1
1
111
101000
1
1
1
010001
111000
1
111010001001100
11100
111
111010001000
1
11
000101001001000010100001000010001000100100
11
0100100
00000111
1001
111
1
00011
1
11
00110001
111
1
011
01000101011
000000000001100
0001101
1000010001000
100100010000010010000
11
110000
11
100011
110010
11100
111000
0111
1011
11001
00100000001
011
1111100
1000
111
001011
110001011
01000101
1100011
1
010000000011010000000000000
1
11
1
11010000
1
00010001
1101
0111
0101000
1101000
00010011
10010010000
110010000
110110000001000
1011
11
1
1
1001
0110000
1001000101
10001
1
1011
01111
011
11
01110
0101
1
001100010
1
11
101010
0001101
110001001
01
1
110010
11
011
11010
111
0111
10100
11
000011
01100100
11
110010
1011
11000000000
011
1011
111
0101
011100
011
1
011
1110
0111
111
1
1
110101010
1
00100110
1
0011010000
110000000001
1000000001
1101101
001001
111
11
001101
0110001
101101
00000100000100000
11
110010
01100000010
1
10001
11100000
00011
01001000
00011
01000100001100010
10000011000000
1001000001000
111
000100000
111
1001000
0011000
1
00001010001001000000100000010100100000
1110
110001
1110
0101
00000100010110001010000001
1011
01000010100100
1
11
100011
00101
10100
01
1
1101100000
1
11
110000
0110001
1000010000
01
01
10100
111
0010001
101000000011
010011
1000110010
00101
1
0001101000
1001
10000
1
1
11111
1111101
110000
111
1
1110000
011100000001
01010001001000000100
1
0111
1110000
101
11
1010000101000000001
111001000000
1
1
10000
100001
1
100000011
011
1
11111001
1100010001110
1
0101001
11001
1
01
0111
111
001111
01000010000
11110100
1011
110
0000100110001001
1
10010
11
11110001000
10000011
0100001000101100001000000010
001001110
1
101
0101001
01000
00111
0010100000100
11
110001111000
1
1
1
0101000
11101000010000100000
11
110
100101
1010101000
111001000000101
1100101
101101
11
0011
1
11001000
010101000001001
00000101000
101
0001001000100
101010000
0100001
000011
1010100
11000000100
1
111
1
11
0011
11
100110
100111
100
1
000101
10000010100001
1
