010100011
1000000010100000000100000100100001001100000000
11011
0000000000000010000000010000100100
000001000001100
010010011
10
1010010001
000001010001000100
1100011
01
0100001000010100
1100010100
010000010100010000
110100010101000
1000
1
10100001000100010000
001100101
1100001010000110000
01000000101001000
1000001000010100
11010000100
1
1
11
1
000000000000000000
0101000000010001000
1
110110101101
011011
111
0011010010
001
101000001100
1111100
01110100
1
100001010100
0100010000100100
100010100010000
1000100010000
01101100
001
1000100000100
01
1
11011000
0110000100001
00110001001000
0110000110
1011100
1111101
1
1
0000110001000
1
10100000010100
0000010001100010000
00010001101000000
00000000000010001000000110000100000000000000000
110110
1
110000011000
1010001000001101101
11000010101010
0000010100101000
1
1
10001001000000
10000
10110001
0100010000000101000
01
10101001
1
01
01000000000010101
111
0100100011000
0100001010010000
1
1
01000001001000100000
110100010010100
111
1
1
111
110011
0
00000000100010000
001
000
1
1
1
01
101110011101
1
111
10011000001010101000
1
10000010000000101000
100010011000
1
10
01000010000101000
1
0100000001000000010001000
0000000100100001100000
1001100100
00000011000010100100000010100101000010100
110011000
1
011
1
1
010
1111
011010001
000001
0100100100010000
00000100001000100010000101000000000
101101
01111
000010100100100
100
1
1
100001000010100
1
010001010001000
0100001000101000
1
01
1
1001101
110011
1
1
1000010101
10000001010001
1
1
1
011101
01
1
11000000101
11000000000100100
1100000000100
01
10000100001
00000100010000101
10111
101101
110010000010100000
01100000011000
1
000001010100000000100
0100000100010100
100010010
1
11100100
001
0010001001010
1
0110000111
110011
01000010100001000
110101
01000010000100100
1111
1101100
00000100101010000000
1000001011000000
1
10011001
000001011000000
1100011
101101100001000110
01000010000101
1
111
1011
1
1
1
101000010100
1
1
10000010000101000
000000110101000010000101
0110000000101
1
1
10000010000010001
01100101
01
010
111
1100000110000000000011001000
01000100001001000
100000
0110011
1001101000
1
1
11000001100
1111
1010000000101000
10
10000010000101000
000010000001001100
001000010000000000001001001000010000000100000000
1111
1
1000001000000010010100001000
01000001101
111100
1
010001000100010
1
1
10
010
1
110000100100
11101
110000011000001000100
1
11011
01000010001000100
1001000000100100000
1
1
1000010000100100
10
0
100000000001000000
010
1
11
10000000010000000010100
1
1010001100
1101000
1100000010001001
1
1
10000001000110000
1
010001
000100001000100100
1101100
0100001000101000
0101
110000000010
110
00000100010000010100
1100001001
010000100000100010
00000101000000100010
0100100000100100
110001
10000000010000000010100000000
1
1
1
1
0000010000000011100000
110000010000
1011
010
010000100010100
0
01010000000000110
01000100000100010000
00010001
1
1
001
1
1
0
11
11
1000100001010000
1001000010001000000100100000001100
111
1100
0000010100010100
1
10000001000001000100
1100000
00111001
10010011000
010000010000100100
100
010110000010001
1
1
1
10000100001000100101
0000001010010000001
0000010001000000011
1010110
1010101
1
1111
110000000100001000
1000010001100
1
1
0100010001010000
0000101000001001000
1110001
0100010000100100
1
100000
0100000000011001000
1
0111
0011101
0101011
1111001
0100100010001
10001000001001000
000000100000110001
101101
101001100
01001000001000
010
000000001000010100001
