1
0
1
01
01
0
00
01
0
1
1
0
1
01
00001
001
00
0001
0
0
1
01
1
1
0
0
1
01
0
1
1
1
1
1
0
0
0
1
1
1
1
001
0001
001
100
1
1
1
01
0
001
1
1
10
01
1
01
00
01
0
1
1
1
00
1
0
00
01
01
1
0100100
01
1
0001
1
01
1
0001110001
0
1
0
1
1
01
0001
01
01
00
11
0
11
0001
0010
10
0
001
0
1
01
01
000000
101
11
1
0
0
10
001
1
00
01
1
1010
11
10011
0001
10
1
1
1
1
1
1
0
001
1
0
0
0
10
0
00
0001
01
1
1
1
10
1
01
0001
00
1
00
0
1
1
01
1
1
0
0101
0
0
0
0
0
1
1
0
1
001
01
1
0
1000
0
011
01
0001
1
0001
1
01
01
00
1
10
01
001
00
001
10
100
1
1
1
01
1
00
1
01
100
00
01
1
0
100
1000
0001
011000000
0
1
1
1
0
1
00
1
1
1
00
0
01
11
1
1
0
1
1
1
1
0101000
1
00011
100
10
11
01
1
1
1
01
001
0
111
0
0
0011
1
0
1
1
1
00
01
01
0001
11
10
0
0
1
001
00
1
1
010
01
001
1
001
1001
0001
0001
0
10
1
1
1
10
1
1
1
01
0001
0
10
01
000
0
0001
0
1000
0001
1
011
0100
01
011
01
001
1
0100
100
1
0
0001
0001
0
1000
00
11
1
0
1
0
1
01
1
01
1
01
01
1
1
01
1
1
0
1
0
1
0001
1
1
1
1
1
10
01
1
0
0
01
1001
0
0
1
1
1
1
00
01
1
00
10
1
0
1
1
001
01
1
1
1000
0
1
00
01
1
0001
1
00
1
00
01
1
1
01
1
1
0
10
1
00
1001
1
1
1
10
110
01
0
0
001
01
101
10
01
1
1
1
1
1
01
1
1
0
0
1
110
0
1
1
11
0
01
1
0
1
1
001
0
1
01
0
0100
1
0
0001
1
111
1
1000
0001
1
1
01
1
1
11000
0
1
0
1
0
0
1
0
1000
1
001
1
00
0
0
1
1
10
1
0
0
0
1
1
0
11
1
00
10
1
1
1
0
0
0001
001
10
0001
0
001
1
01
0
01
0
1
1
001
1
00
000
0
0
0
1
1
1
1000
0001
100
010
111
00001
