000111
100000000
1
00001
1111
11
0001
1
1
100000
01001
00001
1
1
11
00001
1000000001
00001
101100
000011
11
11
11
1
0000
0010000000
110000000
111111
000000
11
000001
1
100000
001001
0001000
100000100000
00000001
001000
011
11011
1
11
110000
010000010000100001000001
11
001
1
010000100000
000101
1
00001
000011000000000000
101
01
10111
101000000
0100000
1
0001
10
1
0010000001000010000
0001000000
1
11
100000
11
11
00000000011
1
101000000
11
01
00010000
1000000
11
11
010001000
1
1
1
001
01000000
00001
100000
00001
11
01000100
11
001
10000000
00001
10000
100
1
00001
001
10
1001000
01
11
1111
11
0001
11
100000
1
11
1
00001
10
000000011
0100000
01
00001
01000000
10000000001
00000000
11
1
01000001000010000
01
10010000000000
00001
100001
001
01100000000
10000
00001
000000
00001
11
11
11011
1000000000
11
010000000
1
1
11
11
1
101
1
1000000100000001000000
011
11
11
11
1
1
10000000000
10000
00001
0100000
000001
00100
001000000100001000000000001
00001
11
11
10
10111
1
01
01
10000
1
011
1
10000
1
000001
11
0101
01
11
1000000
11
00001
1000001
01000001010000001
1000000000
11
101
00001
10
11
1
0000001
1
1
00001
00001
100000
0000
01
1
001000000000000
10
00000001
1
01
10
00000001
001
10100
1
11
1
11
1
1111
100001
11
1
11
1
1000
11
11
1
01000000000
0010010000000
00001
1000000000
10000000
1110000000
0
1
0000000110000000
00001
11
10000
0000
001
11
11
11
100001
1
11
00001
01
0000000
001000
0000010010000000
0010000000
1
100000000000
1
000000000
10
1
00001
10000000
01
11
00010000
0000100001
11
1
0000000001
1
01000
011
00001
100
000001
1
11
0100000
001
10000001
000001
11
1
11
1000000
0001
10000
00001
000001000000
100000000000
11
10000
11
01111000000101
1
11
010000000
1001
11
11
00000001
10
000001
100000
000001
100000
111
11
0
01100000000
1
001
10000000
01
11
01
1
11
00001
1
00000011
11
1
000011
1000000000000
100001
010000100000001000
0001000
0000001
00010010
000011
00100
0001
0000001
10
11
0100000010000011
11
11
11
11
101
1
01000
00001
10000
0000000000010000000000000
101
1100000000000
00001
100000
00001
1
1000001000000000
00100
0000001
11
001000000
000001
011
1
11
000
011
11
0011
100001
00001
1000000000000
001
10
01010000000000
11
0011
11
1
00100
00001
1
11
10
00010000100000000000
0001
111000000
0000001
10
11
0011
00100
0101000100000000000
10000000000
0101000000010000
01
11
110000
1011111
00000100000110
11
1
1
100000
11
11
11
10000000
10001
11
11
01
10
0000000001
010
1
1101010000010000
11
00001
000001000100
00001
100100
100000011000000
11
11
1
0000001
01
01
10
1
1
0000001
011
1
1000
00001
11
1000000000101
100000000
00001
1
10000
00001
00001
10100000100000
110000
01100000000000
11
11
11
1
00100000
1
00001
1000000
1
11
100001
11
000001
000100000000000001
1
0000000
100000
00000001
00100
000000001
100000000
000011000000000
0001000
1001000
01000
1111
00001
01
1
01
1
011
1
1001000
1
11
11
10000100001
100000
00001
1
1
1
1
1000000000000000
10
01
1
11
11
11110
101
0010010101
101
100000001
10000
01
1
1
1
1000000000000
1
1000000000000
0001
0000000000
1100
10000
01
01000000001
11
000
11
0001
0000001
1000000000
010000001
10000000000
11
10000000
11
00001
01
11
1000000
110000010000000
1000
000000000001010
1
10000
00001
01100000
101
001000000
00001
11
1000001010
001100001001
100000000000000
100000000
11
011
01
1000
0011
10000000
110
0000
11
00001
000000000010000010000000000
0000
0000001
11
10000
11
0001
0011
100000
11
1
11
10000
00011
1000000
00010000
0101
110000
1
0000001
100001000
000010000
001
01
10000
001
0001
01
11000
0010001
10
00000001
0110000
1
1
1000000
000001100
000000000000000000000
100000000010000000000000001
001
00001
101000
1
11
00001
10
11
101
01111
1110000000
11
1
1
110
00001
0111011
101000
110
000000000
000001
000001
11
01
0
11
000001
1
000001011
1
10000
000000001
0000
0001
001
11000000
0011
0100000000
10000000
00000111
11
01000
0001
0000001
100
11
01111
011000
0001
0000
01
11
1
00000001
01000
11
011
1
1
001
100000
11
1
1000
1
1
0000
111111
11
11
00000000001
10000
011
100000000
00001
11
010000
00001
10000000000
11
1
00100
00001
00001
10000
1
1000000
11
1
0010000001
1
11
011
001
10010000000
0001
1000000000
0100000
11
11
00100
11
11
0000011100000000
11
11
11
1
11
11
00000001
0100000
01
00001
11
0100
01
11
1
11
10000000
00001
11
