1
0011
01
10000000000000
11000000000
001
00110100000101000000
1
11111111
10000
010
001000
001
10000001
001100
000001
011
0001
1
01011
001
10010000000010001
10
1111111111111111
0001100100010000000000
110000000
110000000000
1
010000
0111
001100000010
0101000000
00001
010000
00001
1
11000
000001
11
1111111
11111111
1
000011
1110000
1000000001
000011
0001000
0011
11110100011
011111010010111111111
1
10000
1
10100000010000001010100000010001110000000
10000
0000101
00000
01100000000
10000000000
111111111111111
001000
01
01
0001
0001100000
100000
010001000010
111011111
011000
0000
00100000000
01
1
00000001010000000000000
010000000001
00010000000000001000000
111111101
01000010000
101
1000010
0000
0011
100000001
1111110101
000001
10000000110
011000100000
110000000
0000000000000000100000001000000000
010000001
0101
00111000000000
110000100000
1
011
0100100000000
1
1
000001010
1001
111110111
0000001
00010010
0100000001000000
010000
0000001
1010000
01
0100001001000
1010000100000000000000
01
1100000
0
00100000000001
1010110000000
10001000110000
1000
10111111011111111
1
001
10100000
1
1
1
011
00010001
111111111111111
01
010000000100000
001001
00000011
0010000000
10000000000
010010
11010111100001010111110010
1100001
00000000001
1000
1
000011
1100
00100100000000
110000000
0001001
01000
100110000000000000
1
11110111111111111
111000000001
1
10000
1
1
1
11
0010101000
000101
110
1
1
1
000011
0110000100
100000000
11111111
010000001
001
011
1
010111111111111111
0100000000100000
11010101
10010000000
01000100110000000
1111111111111111
1100
0000100000001
100011
1
00111
1
10000010000
1
011000000
1
0000
110000
11
11
101111101001
000001
110000
1
1111111111111111
11011111
00010000100000
1
11000000
000100100000000
1
111001
11000
0000011
1000000
110010111001
00000000100000
1100
1
0011
1111100111
11
10010001000
011
100000
000001
100000
001111
1001
0000001
1
1101000
1
111101111
11101
00000110000000100000000
10010000010
001
110000000
010000100000000
111100
1
01
011
101
10
110
100000100000000
1011000
011001
000011
11
00000010000100
1000010000
00000
1
11
1000000000
1
1
1
1000
11011
0100010
00001
1
10000001
1
0010001100000
1
001
1100000
01
10000100000000
10010000
000011
01000001000
000001
10
111100111
111111110
1
01
00100000
000010001
1100
1
0
000001
1
1111011101111111110
010000010
0001001101010010000000
0000100000
10010000010100001
1101000
1000010000000
1000100
0001000000
11
11011110111111111
1100001000000000
01000010
1
011
1000
000001
0101001
001000
11
001111000001000
1000100
010011
1
0010000
01
00
001
1
01010000000
0101000000000
01
110000
0001011000001
1100000
111011111101111101
11111111
0100000000001000
10110101
01111
0110000000
000001
101
101011111
10
01000100011000000
1
000010000000001
00001
11
010110000000
1000000
010100101000001
111101111
1
00001110100100010010
10111111011111111
10000000
1111110001
0010
001
100000100000
010000101000010100
111011100
1001
1
0000001
10000000000000000000000000000000
1
1
010001
1000001
10001
001001
111100110110
1
1110000011010001111100100000000000011100000
1
010
10110
01111000100000
0
0001
101
010100000000000000000
100
0001001
00110
1
1
000001
1100
001
010001
1100000
011
10000100000000
1101111011
0
1111110111011111111
1111111110
010110001000001
10000000000001
101111111
00011
1100000
000101011000
0001
111110111
0100011001
000000
1
111101101
010000000100000
1
1001000000000
0
1000000000000
1101000
01
1
1
1000010010
01001000000000000
1
0101
0001100
011
10000001
11111111
00001000000000000
10001000000000000000
100100000000
11111111
0101000010
00100000
010000001000010000
1
11111111111110011
10000000
0001
10
011110001100011101
101000
001
0101000
11
0
0000001
1111111
11000100001101100001
1000000
1
1101
1000000
000111000000000
0011
11111111
00000100001010000
110000000000
100100000
111111111111111001
1000010000
0001001000000000
11
100100001
10000000100
1
011
1
101111111
001
1000000000
01101000
1
100000010
100000000011
110000
001100010001000000000000000000
1
1
1100101111111
0110001000010000000
001
001
1
11000
011
1001001
1110011111111110101
10000000
01111000010101000001
11
101
100000
1000000010000
01100010010100000001
101100
110
11001111111111111
001
00001000001
000010000000
10000100000
1110111011
000001
10010100001001000000
11
1
0000010001
1
0011
110000000
101
00001
101
1
0100100100000
0100100000
01010000
01
1
01
1100
00011
10
0000000011
1000000
0001
11
100000100
0111
1111111
1
011
1
1111111
1
0110111101111110111
011
1
00101
10000000
00001
1100000001
0100010
01
011
1100
001
101
010000000
1000000
0001011010000000
1000001
1000010000010000000
100000
1
1
0000001
1001
11
1
1
00011
1
10000001
100000
110
1
0000010101
101000
1111111100110111110
011
1
0001001
000011000
000001
0110000000
110010000
1
0100001000000
01
1
011110101111111111
1
0100100
1
0001
010000
00001001
100000
111101111
110
1
1
11
110111111
11
00000010000100
1010000
10010001100
101
1100000011111110
1000001
1000000100000000001
0100101000000000100
1
000110
11
100100000100
01010
011
1
1011101111
0001
1000010000000000
100010011000
101
010000000
0
1
111111
000100100010100001101000001000
01000000
0001100
00001
1
110010000
1110111010001
0000010000000
01
11111111
1
111111111111111
1
0010001100000
101000100
100010000
101100000
01
0
10000000100000
11
10
10
1
100000001
1000000000
10000
0111
010000
1000001
100000
1
011
10001
0010001011111101
1000000010111111
01
01000001
1010000000010000010000
1
010001000001100
011
00010000000100
1110110111
00100
1110111110
00001
100001
1101
100000000001010
010
01000100000001000000
110111010000000100
10
1
10000
101
000101000
0010000000000
1
1100
00101
011
11000
01
1001
1
10
0000001
00001001000000
10
000001000001
1001000000
1
01
1
1000000001
000101
1011001011011
10000100010
11111111
00000001100000000000000000
010001
1000001
11100000100000000
1
010010000000
1110
001
101
100000
00001
001001000000
000000001
00000100011000110
111111111
1
11
00100000000
01
0001
1011000
00001
1
010000001
01
10000
11000
1
1
000001
100000001000010000010000
11
01
1000001000000
1011011101
000101001
001
00001
00010000
00110000
000001
1
00001100000
011
00000000100010010100000000100100010000000
101000
00000101
0101000
101000
0111110010111111111
010100000000
00001
100001000
111
111
11
1001
01101111011111101111
10000000
0111
111000000000
11
0000010
100010000
10101
11111111111111001
1000000001
011
1
1
1
001001000000
1
10001000000
111111101
01111111
0000000001
00011000000000
11
10001100111110
1100101000111
01000010000
1
001001
01
000001
11111101
011000000
000001
001010
0000011
0000000000
0000110100000
1111111
011011111
1
10100
1111101111
011001100000000
11000000
1111111011111111
1000100000100000
0100100000
1
111000000
000001
010010
100000000010
0100010000000
1
00001000111000000
1000100000
01
1
1
1001000
0000001
111111111
01
1
01
10000100
0010010
1101000000
0100000
0010000000
0000001
11
10000
10011000111
0110000000
01000010000
001
10000000
01000010000
100001100
111111111111111
1
10000000001
10000
10100000001
1
00100010110
000001
1000000
1100001
1
