1
0
1000001
1000
000000000100010001
1
1000001
100010
01001000
100001
001
00100
10001
001
001
1000000
00000000
01000001
1
100100000100000
100000000
0001
01000001
0001
10000000000
000001
0100100
0001
00001
10000
100001
1
0001
001
0100
000000001
00100
1
1
00001
000100010000100001
00010010
100001000000
000000000
0001
101000
1
000100
000
00
010001
10000
00001
0001
1
00010010000000
0
0010000001
000100000000
00001
00010001
1
100010000
00110000
0001
10000
0100
1
1000001
10000000
010001000
0001
01000000
01000010000000
000000010
01000
000000011
1000
0001
0101000000000000
0010
1
10110000000
000
10000000
01000000
10001
1000
001
1000
0000001000100000000000
0000
00010000000
01
00000110000000
100001000000000000
11000100
10
00000000000010
1000
000001
0001
1
10000
000000000001
0100
10000000000
010000001
0000010000
1000
0111
0001
0
010000
000001
01001000000
1000
000001
01000
0001
1
0001
00011
0000000
1
1
00001
1000
1
000
1000100
1
11000000010000
1
01000010000
10010000000000
1
10000000
010001000000
0000000001
10000
000001
0000100000
11
0100
01
1
101000000000
01000000
0000100001
1
1000
000000001
010001000
10000000000000
010
000001
1
0100
10000000
100010
1000000
0100100
1
10000000
0001
00000
1
100001000000
0100
110
001
1000001000000000000
0000
001
0100000
00
0
1000
01
0000000001001000
001001000
10100000000
100000
0100001
001
0000
00000001
00001
1000
01000001
100010
0000100000
100010000
0100000
0000
0001
1
11
0001
0001
1
000000000000
1000100
0100010100
11000000000
100000000000000000
10000000
00001010000000
010
00001
00000000
0001000
1
00000000
010000000010000000000000
001
0
0100000
10
10000100
0000001000
100001
010000000
0001
0000
100000
000000000
100000
10000000001
0001
010000000000000
1000
1
1
110000001
0101
0000000
00001
0
0100000000010000010000000000
1100000000
00001
0001
110000
000010001
01
01001000001000
1
0000000000000000000000000000
10010
000110000000
01000000001000000000000000000
00000000000
1001000101
1000100010100010000
0010000000
00000100000
0001
0000000010
10
000100010001
100001
00000001
00011000
00000
00
0100000000001
010000001
00010001000
00000001
1000
0000001
1000001000000
0001
100000
00001
1
1
1
101000100000
1000000100000000
1
100
00001
1000010
0001
01
0000000001000010000000000
10000001
1010000000000
1000
000
10000000
11
0000000
100000
000001
001000000
000
0010
0001
10000
00000010001
10000
1
000001
1000
1000000100100000
1
00000000000000000000
1000000010
100
00100000
11
0001
00
1000010
001000001
0001100
100000000000000000000000000000
010000
0
1
0000010001
1000
0001
100101
100000
00001
10000000000000
000000010000000000000
01
1
1001
000001
000000000000000
0000000010000000000000000
100000
11000100000
010100000
0000010
1000000001000000
1000
01000100000000000
1
10010
00010010001000
10000
101
00001
00010001
00000000000010
001000000
1
000000001
1000000010000
010000000
000001
001
10000010
11000001000000000000001000000
100000
0001
10000
00001
010000000
000000
100010000000
0001001000000000
000001
1001000
0
001
1000001
10000000000000000000000
0100010
00001
1000000000000
1
001
1
00
01000000000000000000
100010
01000001000000000000000
100
1
100
00001
1000
0100
11000
1001000100000
1000
00000111
10001
11
00
10000
0010
000001
000000000000
110000
00000001
1
00
10000
0001
00001
00100000
010000000000000000000
100001000
1
001
110000
1001000
00001
00001
1000
0000001
1
00000000010000000000000000
0100000000000000
10001000000
01
1011
0001
0001100001
00100000100000
1000
01000000000000001000
000000001
1000
1
001001
1000
0000000001000100000000000000010000
01001000
0100000000010010000
1000100000000000000011
001
1000000
0001
1
10000100
0
001
1
00101001
0001
1000
100000000010000
00001
000000
00001
10000
00
000010000000000
0011000000000000000
1
1000000
00001
00010011
0000000
100000001
1000000000
000000000
10000000010000
100
110000
1000
000
01000000001
0000
0001
0000001000000
1
00001
0001
100
1000
001
0000010
1
1000
1001
00000100000
00
100001
000000010000000000000
100000001000
0000000
1000
0000001
1
00100
1
100000000
001
0010000001
100100100000
01000000010000
1001
1000001
0
010100
000010000
10000010
01000000001000100000
001
000010000000000
1001
11
10000000
0001
01000
0010001
10000
0001
01000000100000
10001
1000000
00000100000011
0110
00000
001
00110
100001
1
10100000110001000
0001
100010000
00100
0001
1
01000001
101
0001
1000000
1
010100001
01
10
100000010
000000001
00
01
00001000
1
000100000
10001000100000
00000100001
001001
1000000
100000001
010000000100000
010
000001
1001000
000000001
100000010
00000000010
10000
0000
000
100100000000
1
00000100000000000000000
010000100
1
10000000
0000010000000
0100000
0001
0000001
100
0001
0001001
1000
00011
11000
1
000000
11
0000001000100
000100
10001100001
0000100000000000
0001
00010100
00000110
100000000000000
1000001
100000010
00001
1
010010000
10000010
1000010000
001
00001
0000001
