1
1
0
0
1
1
11
0
1
1
0
1
1
0
1
1
1
1
01
11
0
10
001
1
0
00
100000
0
1
0
1
001
0
10
1
01
0
001
11
001
1
1
1
100001
0
0
01
1
1
1
100
00
0
0
1
1
01
1
1
1
0
0
0
0
0
11
1
1
1
0001
0
1
001
0
0
11
0
1
1
1
0
1
1
1
0
001
11
001
1
001
001
1
1
1
1
010
1
1
11
0
1
1
01
0
1
0
1
1
1
1
0000
0
1
11
1
1
1
1
0
1
1
1
001
001
00
1
1
1
0
1
001
001
1
100
1
1
1
1
1
0
1
0
1
1
0
100
01
0
1
01
0
1
1
1
1
1
1
1
1
0
1
0
00
11
11
1
0
1
10
1
1
0
0
0
0
0
1
1
1
0
1
1
1
1
0
1
1
01
1
10
0
0
1
1
1
1
001
1
1
1
00
00001
01
1
0
1
0
1
10
1
0
1
0
1
11
1
11
1
01
1011
0
0
1
00
001
1
0
1
11
1
1
1
1
1
1
0
1
0
001
1
0
0
1
101
1
11
1
0
1
0
1
1
1
0
0
1
1
1
1
0
0
0
1
0
1
0
001
1
1
0
0
1
00
11
1
1
1
1
0
11
1
100
0
1
1
1
1
001
0
1
11
1
0
0
0
1
1
1
1
1
1
0
1
1
0
111
1
1
1
000
0
0
