1
1
1
11
1
1
10000
1
01
1
1
1
1
1
1000
1
00001
1
0000
1
0001
00100
1
1
1
11
1
1
1
10100000
11
1
1
1
10000
1
101
01
01
100
1
100000
1
1
000001
01
1
0001
1
00001
1
1
1
1
1000000000
1
1
1
10000
0001
1000
1
1
1
1
001
1000
01
001000
100001
1
1
1
1
0001
11
1
00100
1
1
1
0001
1
1
1
1
1
100
00000
1
1
1
1
0001
01
1
1
1
1
1
1
000000001
1
1
1
1
1
001
1
1
100
1
001
1
1
10000000
1
00001
1
1
00001
1
011
1
0000
001
1
1
00100
1
0001
10000
1000
0001
1
1000
1000
1
1
0000
1
010000
1
1
001
1
1
1
1
11
01
1
01
1
1
1
1
01
01
0001
1
1
1
0001
1
1
0001
