000110010
0011
01
0100001
011
1
011
101000
010111
01
1
10000001
1010000
0001
1
01110010
011
0001001
111100
0001001
0011000
0001
1
1
0001001
1100
0111
00001001
1010000000
0001001
0001001000
101
0001001
11
0
01000100000100
11100
001010000001
1
0010010
01
00000001
110000
1001000000
0101
1
10
000100010000001
1
1
00010001
1
0001
0011000
1
0001
01
110000
0001001
010000010000
01
11101
1
00011
10010
010001
1
01011
10010001
10010010000
1
0101
011
00011
1
01
0010001101001010100
0011
1
110000
001000
1
01
001100000000
01
100010000
1
111
00010001
0101
0101000
1
000100001
010000
1
01
1
1010000
1
01100000
000000010001
110
00000001001
1
011000000000
011
1001000000
1100101
0100100
011
00000100001
0011
1000001
1
010110000100
1010001000001
010001
101
0110
1
0100010
011
01
100001
1
00001001
0011000
1
0010000001
1
10
1
0101
1
0001001
11000
0100010000000
10000110000
1000001010000
1001010
011
1010
000011
110100000000000000
1
1
10001000000000000
1
0100001
000001
0100
1
0011
0000000000100001000000000000000000000001
1000001
011
1
110000
011
1
1
01
01
0101000
1
100010010000
001
1000001
11
1
11
1000110000
10000100000
10100000
0001001
100000100
1
011
10
01
1
1
1
1
10000001
000010001
110
1000000111
0110100101
1
00101000010
110
1
1000100
0011
1100
110
00000001001
01
101000
00
10001
0011000
10
0011
010001
10000001
11
1000001
1011
0011100001010010000
01
1100
1
11
1001000
111
10100
00011
1000001
1
1
110000000
000000100000000000
1100
10100
101
0000
011
011
0101
1
110
0
1
0011
1000001
0101
1
11010
01
11
00000101
1010000
0001001
0101
1100
011
1
0000011
01000010
0001001
01010000
10011001000
1
1
1
10010001
10000001
01010001010000
101011000000001000010000
1
1000001
01
1
1
0101
1
101000
1
1
01001
1
0011000
0001000
0001001
0100001
01000100000
1
00110100001
01
1
110
1
0001001
0011
10
1
1011
1
01001
1010000
100100110000000000
101000000
11000100101111010
01111
101100
1000100110000
1
00
0101000
00101
1100
000011
10100
00001001
011
10010000000
00001
101
01011
0100001
00000001
11000000
1
0001001
00011
1
011
1
00101
000101
11000
0001001
1010000
01
1000010000
1001
01001
0100010000
0010001
000000110010000
11000
110000001000
01011
1
01
1100000
1
000011
101
011
00
1110011
00011
100000
01
10100
00000001001
11
0011
1
0001000010000001000
00011
1
011000
1
011
1010000
0010001
1000010
01
0001
0110
1
01000100
0101
011
011
011000
00001000000101
1
1
001001
01001
010000001
1
011
011
10100
1
10100000001
1
1110000
0101
0011
1001000
1
010010011
0100001
1
000011
0011
10
010000000001000000000000
01010
100010010001
1
11
1100
0011
01010010000
1
00100110000
0101
1
110000
10100
110
11
0011
010100001010000000000
01011
1010000
0001001
1
1
1
000001
10010000
01
0000101010000000000000
0011000
11
10100
1
001001
1
1
