0100000101101101001
1
1
0000101000110001101000000000000
010011000
00001011000000000000
00000000000011000010000000000000000
0
0
1
1
01000010000010
0001000100000
1
010100000000
0000001111101000001010010010
1
1
000001001001000000100100000
1100000000001100
10001000100110000000101
010011010000000000000
1000000000001
01110000010101
0
1
1100000
00011000000001000
00010000000001000001000001100000
1
00000110
0
0
00010000010000000001011000
11000000000100
1
0000001101100000000000000000
0000000000000000000000100000001000
0
0001000010000010000000
0000011000000000000000010001000
01010100010000
0101000000000
000011101001
0
01101
0
00
00001100000101000
0
1
0000000000001000100000010001000000000000000000100000100000001101
0100000000100
01000011110100110000000000000000
00000100
11
0
1
0
1000010000000
1
01000001000000010010100
010
01010010000
000000000000000100000101010100100010000
1
11000100100000000000001100000000000000000000000000000
000001100001000000000000110100
0101000000000000
00100001000100010000000100000
0000010001010000000000000000
11110010
010001000000
10000001
100010101000000
001100000100000000000000
000000100000000000
000001000000
101000000010000000000000100000000000000000010
0
100011110001
01100000110000010100000000
0101010
001
100000000010000
0000000000000101100010000001010100000000
00001000001010000000010011
00
101001000001001000
111001000000000
000000000000101
1
0100001000001000
0
011100000100100
0
1
01100000
1
1000000000000000000
010001001000000010
100010000010000000
100000100
011001000100001000000
010000000000001
000001111010000000100
00000111000100001000
0001000000000000000000
01111
00011110000000001010010000
1
00000111100000110000000
1
0
1
1
011000
10000000100000000010100
0011001000000000
00000000
110000000000
1
1010000000100010
00000000000001010100000000000000000000010000
0000000000100000000100
0000000000110100010000001000
0000100000100100010000001000
01110000000000
0100000100000010000000
0000000001010000000000000000
1011101000110000000
1
1
01000000000100000100100000000000000001000
1111
01100100010
0110000010000010000100
01
1110000001
00000000001100000000000000000000
1000100100000000001000
110100001000000
100000010101000000010
1
101011000000
1
0110000000100
00
11
0
100001000101011000000001
0101110000
111110000000000
111101
10100000000000
110000
11
1
1
1010000000000000000
00000000010000100010000000
11110
010000000000100
1
000100000001110000000100000000010000
11011
1
00000010000001000000101100100000000000000010000000001010000
0000110010000001000000000
0101000000000
11000
100
100000110000100
0100000010011000100000000000000000
1
10000000100000000
1
011011
11011
0
1
0111001000000000000
100101000010011000
10011000001
10011
1000000100001000000100000010000
1111000
1
00001000001000101000000010000
011000000000
011000000
0100000000000100000010000000000000
0
000000000011100011101010001000000
01000000000000000100
01
0
0100000000001
1
0000010000000100000
0100001000010
0000000001000000010100100000000000100000100
000100100000000000
10101110111
010
1
0
1
0
1
00000000100000101001000000000000001000000
0001001000110000000100000
010010000001000
010000010000100
1
1
10010111001000000010010
1000010000000000010
000000000001100000000000000000100
010000010000000
00000000001000000000000000000
010000100000000
1001010
010000000001001100010010000100001001001
111010101
111100100
00
00001001010000000
11
10000010000000000000
0001000100000000010
11
00011000000000
0111
00001100000101000010000000000
0
101001000101010100000000
0
1
011100001000
1
1
11000010111000000
1
0010000111111100000001000001000000
101001000100
01000010000100
1
1010000001000
1000001000000
0010100000001
10010100001001
0
101000100111
1001001011100
000000000000010000001010000000100000010001000001000
010010000000
0100100000000000
0
1100000
0
1
00000000100000000000
100001001100000010000000
1
0
1001000
1000010000010000000100010000001000
0000101100000000000000
010100000000000000
000000001110000000100000100000100000100001010000010000
001011000001000
10000000000011000100000000000000000000000100
10001
1001010000010000
1
0101000110001
1
1110100100
01100000001001000000
1
00100010001000000000000
10111
11000010000
0000000000000101
0
1
110000101110
100000001011000000010000
100000000010
1010000000000011
0001101100110000001
100100000000001
11
1
10
1
1
10110001000001
1
100001000000100000
1101000011
1100001000000100
1101001
0
011001
1100000011000000
1101100110001
010111000110000001001
01001111010000100000000
01
11011000
010010001100000010100
0001
0110001000
0
1100000000101000010000001000
01100000000000100010000100000000000010000000
001011101000000010000100000100000001001000000100000100010100000
0000000100100000000000000110000000101100000000010000000000000000000001000000011000000101101
0
1111
0100011
00111110010001
11
1
1
10
1010000000000000
0101000010000
0000101000000000000000000
000000001010100000101000001011011000
11000000000001
0
111000000
100000101000
000000000100000001000000000000001100
1
1
01101111
1
0000000011
0110100001000000
1
01
1
00000110100100010000000
111011
0000100000001000000000000000
0000000100110000001000
000100
00000100010100000000001100001000000000000010000000000000
0100000110000100000001
11
0100101
11100000000010010000000100
000
111100100
000000000001010000000000000000
0111000001100000000
00101000011100010000000
0
1
11100110000000100
0100000011000000000000000
00000000000000100001110000000000000000000000000
0100000010000100010000000
01000000100001101001100100000000000
0101000000000000
011000000010000
1
10010
0101000000000010100010000000000000010000000000
1
100000010
1
000100000000100010000000
0
01100010011110
0101000000000
1000000000001
0101000000000000
01000001100000000
1
110100010000000
10100
001000001010
00100000000100
01
1000001000000101000001
0110000100000100
000010011000010000000
0100100000
010000100011000000100
00
010001000000000000010000
11101
010000000000010000111100000001
1
10
011
00
001110000010001110100000000000000010
10100000
1100000010100000
0
0111010110001010000
110
1
0110001000000
011101
0000000110001000000000000
0010010000
1
1
111100001100000
0001000000
1000100000000000000000000000
0000011000110100000000100000
010010000000000000100
0100000000001000000
0000
1
01010110001
010000000100000110000000000000000100000
111
000000000001000000
0000000001010000000000000000000
001000
1001
111100000000000
1101100000000
1101100001001000
1
001
0
1
1101100001000000100000010
01000001000000
1000101000000101000000000000101000
00000100000001111100000000010000000110000010
011000001000000100
10110100
1
0
01010100100000
1
100010100000001000
000000000000001010100010100000010000000000000
0101000000001
10000000000100
1111
100000001
1
1001
0001
000000000000100001000101000000000000010000
1011000000000001000
00000100001000001
0
0
01100000000011100000100000001000000
0111101000
10010000000000000000000
1001100000000000000000001100
01010100000000
100
00011
100111000
1100000100
001
0111010000100
101
0
100101000001000000000000100
100000110001000000001000
0
1010000
0010000100100000100000101000000010000100001000001010000
110000
1000010000000
010100000000001000001
0100000100000000
000010110000000001010
00
00010010000100100000010100000
010011100000100000100
0010110001000100000000000000
1
1
0
1111
00100001010000000000000
11101000000
1
100
1101
1010111001
01010010001010000001000000
011100000100
01110000010010001110
010001100000000
0111
110000000
01000010000001000100000
000010001000100010000010010100000000000000000000001000000000
10001000010001001000000000000000010000000001000000000010000
0
001
0000000100001
00000000000010
1
100100
0
100000000001000000010000
010100100000100000
0101100001010
1
010110000000000011
0000000001010000000000000000000
1101
00111
1
001101000000000000
0
010001001000
1
0111
0000000000000101000000000000000000
00001000110100000011000
01000000000000
1
111001
1
0000011001000000000
00100101001000000000011010
001100000001000000000000
1000100000000
10101000000110000000010000001010
1100001
01
10
01000100
000010000001010010000010000000000000000000000100000
1
1
000000000001001000010000000000000000000000001
00001000000011000000
00101
011010000
0
11
0111101000000000000
01
010111111101101000
00000000001100000100110110000
00101111000001
01
1001000
0010000000001011001000000000000
010100000110000010000011100
00011
111101000000
0000000001000000110100000000100001000000000000
10000000000001
1
1100000
101000011101011011000000000000000000
00100000000000110100010000000000000000000
000011000100000000
0
111
1
0000000000000000100000000000000100
1
10
0011001
001000001001000001100000100
0000010000001000000000
10101110000001
00001000011000000100000100001
0
00000000100000000000000001
1
0001000111
0
1110100
011000000000000000000000000
011000000000101
00011000100000000000000000
01000010000000
0101000010000000
00000100
001
0
1
0
01100000000110000000
010010000000000
11
111101
010010000000000000000
00
000010000001001
100000010000100
0
0001000100
0100010000000001
11
1000100100
111
110000000010000000000000001000
0
0100100000
1000000100001000100000000000001100
000000001100000000000000
01000010010010000010
1000010000010000000
1101110
1111010100
00000001001001000100000000000000000000000
1111
11
0
1100000000
100001
0000000000000000100001000100000010000000000001000
00101000000001010000100
1
01000010000100000
011000010000000000100
01000100000000000
0011000000000
1000001000000
11011010
01100000000000000000000
101
111010000000100000000
111001
011000000000100000000001
101101
110001100
011010100000
1000100000010000
0110100010000000000100
1110101
000010010000000100
011110001100000000
10011000000000000000000
00000000101000100000000
0
001
010000100001100000000
01100010100
1000001011011000000000000000
1011000001
000000010011010000010000000000
1
1
0
0001100001000
00111000100101110000000
0
01
1110100000100100010011010000001000010010010000000
0
11101000001
0001100000001100000000000100010001000000000000000000010000
0
01000000000000
1110111101
1
0101010000100000000000
00000100000000000000000010
01100000001010
1111
10
0000000011000000000000001
01001100000000000100
01000000100010000100101100010000000
0000111010100000000000
000000010101
1
010001000000
00000000100000000010000
1
00000000000000010010000000000000000000100
00000000011111000000100000000000
1111001
00000101100000100000000000000000000000
00001000110000010000
00000000000001000000000000000010
10
0010010000000
1
0010001001000000100
1
000000111000
10101
110000000
0010000100000000100
11000
0
0
11000000010000001
01001010000
1001101
010001000010000001000
0000000100000110000000000000100000
1
0
0000000010010000010000100100
0110000000000
1
1
10001
01111000010000000100
110
010000110000000100000010000000100
0
1
0
0000000110
10000000
1010000111
00000000110000000000000000100000010
110000
11
1
000100000010000000
1
011100000000
01
011000000
1
01000000010100000000010000000000
111000010100001000010000
01000001000100000010010
1
01011010000000
01111100
0
11000000000
000100000010000100000100000000
00010010000000000000
0
001000101100010
0100010010010000000000000000
0001000000001
0
0101000000000000001
1000
110000001000000000000
111
111
110101010
1
10000000001
1
0000000000010110000000
0100000000000001
0100000000001
00
01100001001001001010010000000010000010000100000010
01
11
1
01000000000001
0000000100000000001001
0
1
00001100000000100
1100000000000000
0100
0000001000000100001000
1
1
0000010010001000000000001000001010
000000001011100000100000000100
010000
00001100000010010000000000001
01100000100
11010000100000010
1
1
010111101
100000011000100
00000100010000011000100100010010000000001
0
