0101
1
111
110
011000010100100010000
101010
0000110010000000
0101
11000001
01100010000
110100000
01100010000
1
11001000000
0011
011000000001
11000010000
111000
0000010011
00011000000
10011
010000100010
1001
10001
0101
1100
1
0110010000000
11000000100000
0
0110010000
0011
1010
11001001
1
010110000
11000010000
00100100101101000000
10
0
0101
011
1
0100110000
00101
101
01100
00101
0101
10000100001
0101
1
1100000001
010000011000000
110000000001
1100
1
010100010000
0101
0011
1100001
10100000000
1
011000000001
00001000100001
100100010
000111
1101000
0011
1100
011000001
0000
101000100000
1001
0000000001101
1010
111
0
000000110000000000001
0110
1
110001000000
010010001
11000000001
1
111
1
00101
1001
0011
1
10010001000000
10
0000101
001010000010
00100000001
0000101
0111
11010000
0101011
110001000
101
010010
011
00101
1010000100000
10000000001
1
0101
1010
10001
11000
0000111
101
1
11000010000000
0011
101000000001
0011
011000000100
0011
1
00101
0101
1100
0101
010
1101
01011000000001000110000
111000000
0101000010000
0000100011000110010010001000000000000010
1
1
01
1
000111
00000
0000100011
11100000
0110001000
11100000
00101
1
10001
111
011
1
11000010000
1
0
01000100001
1
10010
111000000000
0011
1
10000110001000000000
011
0001110000000100
1
10100010000
1110000
001
01101
11000010000
101001
1010
0101
01100
00101
1
0100110000
00101
01101
0001000000110000000000000000010
11100000000
001000
00101
010100100000
1010010000
001
01100010
00101
1011
001010010000000
1
01100
0101
1
111
1
1100000001
1100100000
0011
0
101000010000000000001
0110000000000100
1100
010110000000
0101000100000
10101
01
110001000000000
011
1011
0101
011000010000
011000010000000
0010001
1
0110001000000000
111
1
1000101
0101
10100000000001
011
1010
111
1
