000100001
001
10
11
1
0001
00001
100000
000100011
11
0100
1
00
0001
1
1
1
1
1000
01
1
0001
0001
10000001
0001
001
10
10
00001
1
01
0001
1
1
1
0001
1
0001
01
1000
1
00000001
0100
0001
0001
000011
1
001
00000000000
1000
0001
0001
11000000
00001
0001
0100
001
001
001
01
00100000
01
1
0001
1000
01
001
01
0001
0
010
00001
010
0001
01001000
001
1
0
1
1
10010001000
1
1
001
01
1000
001
1
1
001
100
0001
0001
1
1
0001
1000
1
1
01
0001
1000110000
1
0001
010
0001
00001
001
1000
0001
0
1
1
001000
1
1
1
1000
0001
1
11000
11
0001
100
1
000100000000100
010
0001
0001
000
1000
1
0001
01
1
1
1
1
1
100
0001
0001
0001
10000
01
0001
0001
1
0100
1000
01
00000001
1
1
1
001
1
0001
1
01
1000
0000000001
11
001
01
10100010000000
10000
000100010000011000
0100
001
0100
0001
0001
1
1
01
0001
1
1
00001
1
1
1000
1
01
0001
1
10000
01
0001
1
1
1000
1
1
00001
1
1
1000
0001
0001
01
1100100000
0001
0001
1000
0001
100
001
1000000000
1
0001
1
010
001
001
1
0001
1
0100
010
1000
0001
1
1
1
0001
100
000001
1000
00100000
01
0001
001
0000000
01
011001
10
10000
00001
0001
01010
01
0001
1
0001001010000
0001
100000
11
1
100
1
0001100000000
000001
1
1
0001
11
0001100001
10000
11000000000000100
1
1
1
1
1000
1
00001
100000
1
0001
10000
1000
00001
1
1
010000
0001
01
1
0100
1
0
0001
1
1
