11
11
01
0
0
1101
1
0
0
1
0100
10
1
1
1
0
100010
0100
110
11
0011
1
110
0
10000100010000
010
00
1001
0100
001
01
1010100
01
100010
1
01
00001
0
101
100
0
1111
11101
01
0011
110001
1001
0
01
1011
0
1
0100
001011
1100000100
010000
000
01
001
1
001
01000
10
1
01
01
001000100000
1
1
0100
0
1100
11
0011011000
0000100
00
0
1
001
1
0001
111
10010000
110000
1
1
011
01
00001
1001
001
001
00001
111
1
111
1
0
0
1
1100
011
0
0
0
11000001
001
11
100
1000
10101100
0
01
1
1
0
1
001001
1000101
00000111
01
101000010
01
110001011
011
100100
1
0
0111101
0
100000
0001
01
00001
010
10
0
11
10
1
01
00100
10
01001
00
01010
01
010
000010
00
0
00
0
11
011
10
000011000
101001
1
1
100
111
01
100110
001
0
1
1
1
111
1
00100
0101
0011
10
0000111011
0
1
001
1
101
111
01
0
0001
001
11
0
0
100011001
1
0101
10
11001000
001
1100000
01
101
100
01
010110
0
1
0
111
1
1
0100
000001
10100
00
01
01
11
1
0000001
0
1011
00
1110
1
001
00001
0100110100
01
1000000
010
1
1
01
1
11
11
1011
000011
01
0
01
1
01
01
0
11
1
1
10
1
00100111
0
000001
01010001010
00
00001
0001001010010
00011
00001
0
1000000
1
1
001
0
0001
011000
0001
111
101100001000
10
11
0101
10101
1
111
1
0
010
1000000
10101
0010
110
01001
1
1
0
1
1
01
01
1
0
01
01
011001
00001
100000
0100
10000
0011
001
001
1
001111
1
001011
1
001
11
001
110101
1
0
11
0
010
011
0
001
1001
1
0
1
11
001
01
01
0
0
1
01
0010
10
1
100
0
0010
011110
100
001010
1
1
101010
110
01
1011
1
0
10100000
0
010
110000010
1
1110110
0
01
111
1
1
1101101
1
0101
10
100011
0100
11
1
0
10011
0
01
010100
001
010
00010
1000
0
01
1110111
0
01
01
1
1
00
1
1
001
11
00
1
001000
10100000100
10
01
01
0001
0100
0010
0
01
1000
01
1
010000001
01010
0
010
0
10
1001101
1
0
11000
0000
10
0
10
01
011
1
1
0011
11
11
0
01
10
1
11
00001
1
101011
1
1
0
0
001
10100000
01
1
010
1
11
1
1000
0
11000001
00
01
11
0101
10000000
00101
1
010001
1
10
0011
001
10
000000
0010
010110001
1010
001100
01
0
001
100
0
10000
001
111
1
1
10111
1
11
10
111
11
1
0
1111000
00001
0
1110
0000001
01
1011
1
011
10
10000000
1
10000111
0
100
1100000010
11
011
1
1
1
0
101
01
10
0
1
01
11
0
1
11
1
001
01
0
11100
1101
11
100011
100000
1
01011
0
1011
0001
0
01
10010000010000001
11000110
11
010000011
0
0
0101
100
01
0
0010
01
0010
10000
0
01
01
10
000011
11100
011
001
0
101
1
0
001
11
0100000001
1010001
1
10
00010000110010
01
0
0
1111
0001011
011
100
111
00110
1011
111
100
1110010
1
1
0011001
100
1001
0
01
11
100001011
001
1
01
1000000000
1
1
00001
0
000001
1
01
1
01
1
0100
110000
1111
101
1
01111
11000
111
011
0100
1
1000
0
01
1000000000
0
0
10
0
10
01
1000000
11
001
11000
01101
1100001
1
001
11
11
11
1
010
0
01010000
11
1
01
01000
1
111
11
1110
100
0110
0111101
1101
0001
1
1001
01
0001111001110
0
1000
10
1
01
01011
00111
0010101
0
1
0
0
01
00100011001
100
1
11
1100010
00000
10
100100100010
001
0
01
1
010
0010
110
001
1
0
1100
01001
100000
11
00100001
111
10
00010
01
00
1011
1
10
11
1
0
1
110
010
101
0
1
0
0
1
0
01000000
01
01
0
101
1
1
00111
011001011
0
011
00101
0
001
001
0010
1
010011
001
1
001
01
1
01
0010
0
001
01
1000000
111
0010
0
00001
10
10
111
00001
0
1
010
1
000101
1110
1
10
1
101100
1
0
0000010
0
0
00010
0
1100
0
101
1
1
01
01
1
10
1000
01
111
11
0
1
01
01
001
001
111
