1
1
0001
1
1
1
0001000010
1
1
1
1
01
00001
10
1
000001
10000
01
1
1
000001
1
1
1
0110
0001
1
1
1
10
00001
1
1
1
1
1
1
0001
000001
1000000
1
01000000
0001
10000
1
100
100
00001
1
1
1010
1
1
1
1
1
010
1
0001
01
01
000010
0100
010
1
1
01
1
1
1
1
1
01
1
001
100000
1
1
001
100
00001
1
1
1
1
1
1
1
01
001
0100
1
1
1
10000
1
1
1
1
1
1
1
1
01
1
1
1
1
0001
0001
1
1
1
1
1
1
1
0
10000
1
1
1
001
1
1
00
1
1
11
1
1
1
1
0001
1
1
0
1
1
1
01
0
1
0100
1
1
1
1
00000
01
1
1
1
10001
1
1
1
0001
001
01
1
1
0100
01
1
0001
100000000
1
11
1000
1
1
001
1
001
01
1
01
1
1
100
1
1
1
01
010
001
01
01
01
1
1
1
1
01
1
1
1
1
1
001
01
110
1
10
1
001
1
1
1
01
1
1
1
01
01
1
0100
1
1
1
1
1
1
1
11000
0001
1
1
1
10
1
1
1
1
1
100000
001
1
00100
000001
1
1
1
00001
0001
1
100
000001
01
10
001
1
1
1
1
1
1
1
1
1
1
1
01
1
01
10000
1
01
1
01
1
01
01010000
1
1
1
10000
1
10
01
01
1
1
1
1
1
10
001
1
1
1
01000
0001
1
001
1
1
1
1
0001
100000
1
00001
1
1
1
1
00001
1
10000
00001
1
1
00000
1000
10
01
01
1
0100
1
1
01
1
1
1
1
01
