0010001000
1001
1
1
010001001000100010001
011
1001
101
010001
01001
1
01100000
1
1
1
1100000
0000000010
101000010000
1
1000001001001001000
1
0101
1
100010000100
1000000010
100001100000
1
1
010001001000
00
100001010000
10100
110000100000
0100100100000
1
011
0011
1
010001
10000100
1000100001000
01001
0101000000001
10001000100
1000100010000
01000000010000
1
0011
1010000
11000001000
00010101
0001100001000011000010000
0011
1
1010000
011
1
100100
0010001
1
10101
000011000010
1
01000000001
110000110001000100
1
1
110
0010001
11000001000
1
1
011
100100000
1
01001
10001000000
10001001000
1
10001001
1
00101
010001000100000000
000001000
1000100100
01010000
100001000100000
10000010000
1100000001000
11
1
1000100010000
00011000000
001
10010001000
11000000
00001100000
1
1
10000001001
10001001
0000101000
10000100010
01
001000100100
011
011
1
0000100
10000101000
01001000000
1001010
001000000001100
100001000000100
1000101000000
011
010001
111
1000000101
1
1
10001
01000011000000000000010100
000101000100
0010001
1000001
001001
1110000001
010001010000
10011
1
1011010
0101
1
011
00101
00110000
0011
1110
1
0100100000001
0010010
000011000000
111000
01000100000010000
100100010000
011
1100
100100001000
01001
10001100000
11000001000
100010001000
010110
011
00101
0100100000
00001100000
100100
100101
0101000
01000001
10001010000
01001000010
1
0011
110001
10
10011000
011000
1
1
000
1
0011
1
00011
11000
011
1
101
000101000100
1
1
1
000000011000000000100
1000010000000100
1
1110111
0001001
11000000010
111
000
001001
1000001
00010001001
1
1100
1
00110001
10001100000
110000001000
10100
011
111
1
1100100000
1
11000001000000
001
0001001000
1
1
0011
1
11000
001100000000011
1
1
00
110001000
000101000001
111
100010100000
110000010000
10001
111
1
1
010001
0011
010010000000100
1001000010000
00101
1
0010000001
1100
100010000001
0010000011
00100001
00010000
1
1
10001000000
111
01000001000
10010
100
011
0011
0100100001000
0100001
10001000010000
1
1001001
001
010000010010001000011
10001001111
1
1000101000010
1
110000
00100010001
1100
0010000100010
011001000000
0010001000
000111
000
0010100100
1
0101
101
010001001000000
001101
0000011
00111
1
11000
000100010001
000100000100
0
10000101000
1100000010000
1
0011
1
0001010000100
10010000010000
1
1
0010100000
1101
1
100100
1000000
1010
0101
010000110000000101000
001001
0011100
0011
0011
111
1
10101000000000000010
101000
1
1
00010000001
10100100
100010000
00010001001
00001100010
10001001000
0011
100010010000
0101
1
00101
