1111010010
0
0
0100000001
0110010
1
0010
10
011000001
0
1
01
00001
1
11
1
1
1010001000001
01
1011001
001
110
0
01000001100001
1
1
1000001100
1
1
1000
00001
0
10100
0
1101
1
1
100
00100
0000001
1000000000
1
1
10010
1100100000000000001
011
0
0
1
11
11
1
0
1010000011000010000000
100000
101
10001
01
0100000000101000
0
11000
01
1
11
0111
00000
11
1101
010000
00
1
1
00100110
0000100010000001
11
01
1000001
0000010001
00110
1000110000
100001
1010
0001
1
100100000
1
0
1
000010
10000011000100000001000000101
0
010
0
1011
11
01000000100100
011
01
0101100
1
0100
01000000
0000001
11101
000
011
0
11
0
001000001
00
11
0000001
10000000000
00
0
100100
11
1
11
0111
0111
1
1
0001
10110000100
100000000
1
110000000001
11000100000000
1
1
01
01100
0001
111
1000000000
00
00001
110
1
0110000
1
100
000010000
00
11
00
1110
10100100010001000000000
000
001
1
1000001
1
1110
101000000101
00011
1
111000
1
1
11
11
1
001
10000
0
00000001
11
0
0000011
1111
1
0010101
01010000
00000000010000
111
0
00100000000
1
0
1
0
1
1
0
0000010
1000010000
10000100
100000101
1110
11
1011
1
1
11
110
001
010011
1000
1
0000010
100001
1
101
0
10
11010100
0
00011
01
1000000001
11
0
110
1
1
1
10111
1
11000001
00100100010000
0
11
1001
10000000
1
11000000
0
00011
0
1
1
10000000
0001
101
010000010001010
1
0
0000011100000000
010001000
01
01
000010001000000
1001000000
1
001000010
11
000000000000010
011
1
100
0001
0
10001000000011
00000001
0110
11
0100111100001000
011
1
11001
1
0
1000
1
1
1
1
11
000000
01
0001
1101010001000
1
1000110010000010
01000000
0
1
1
1
00100
11
010001
011000111
0111
01001000
1
11101111111
1
10
01
1
0
0001
10111
01
10
10
1
101
0
1
01
1110010000000
101001
10
1
1
00
10
1
11101
1
1
10000100000000100000000010
0
010
1
1000110001
1100000
00
01000100100010
111
1010
00000010000000000000000000000
1
1
0100000
01
0001
1
10100
1
110
001000011
0001
00
01
1000000001
1
00000001
01
1
100000000
000110000
1
10
1
001
1011100
100001010001000000100001010011
00100
1
010011
10
0
0
1
011
11
11
001
01001
10000101
1
0
1
1
1
1
0
1
100001
0
1000000
1000100010000100
1
10010101110
11000000000
0
0000000010000010100000000
01101
1000
1000000011000100001000010
00
11
1100000
01
0001
10011
1
01
011010001
100001000000
001
1
1
100010
1100
11
0
10111
11011
101
1
1100011000010100
1
10
1
01
11
01
1101000
1
00
1
0
100000
1
0
1
00010001
1
0
1
1
000001
1
11
0000001
1
1
010100010
1001
001
101111
0
00001
100100000
1
11
1
110
101000
0
1
1
1
10010000011
1
1
1
0010
1
01
111100000
11
1
11
001
10
1
000000001
11000
1
00000001111
100000001
1
10000010000
11000111
111
1
00
1
10010
01
1
11
100000000
11
1001
11
111
0
10
001000101
1
01
100010001000
1
0
1
11
1
10000000010
011
10001001000
0
1110000
11
0
01
0000000
1
11
1
0
100
01
00001
0000000011
000111000000000101
11
110001010
100000
011
01010001
1
00101
000011010000
1
10000001
01
1
0110
1
100000
1
0111
1001010100
11
100000010
1
1
1
000
11
10010
1
01000000001010
0110001010
1
11
011000
100000001
0
0
10
1
10
1
01010
10010001001
11000
110000001
01001000100001100
0
01
1000000
00000100000100
10
0
11
1
1000001000
1
100
01000001
111
1
01
1
010000000
110
011
101
10
1
1
11
011110001000
1100011000
01
01001000101
1
00010001
01
10100010
01000100
1
010001
0
1
1
00001
0010001
10010010
1
111
1
1
010000000010
1
1000
1
111
010001010001000
01000
00001
101
1010
1111
11
101100
1
11
0110000110
01
00010000000
0001100001
11
1100000
110
0
00000001
110
00
010010000000
0000000001000
000000011000000
10001100010100
00
01
1
000000
0111
0011
01000011
0
1
001
1
0101
1101
1
101
11
011
11
0
1
1
1100
11
011
00
001100
0
0
0100
1100001000000000
010011
11
01
00
11
1
0
000010001000001
01
010
11000010
0
0
1
0
100000
11
00
1
00010000
1
0001
011
1011
0001
011
11
0100000000
010000000010
1
100100
0001
1
10
11000
0
0
01
1
1
01
01
011
1
1
00000100101000000
11
10011001
1
0000000000111
01
1
010
1
1010
0
10000100001
11
1
101
0000001
11
11
000110000
010000
0001001
01001
010000000
01
10000001100000
010000000
1
10010000
11
0
11
1
1
1
10100
01
00000110001
1110001
100
110
000001
