1
110010001110
010000000
010010000000
0000011
1000010
0011000001000
1
1
10000001001000000000
111
010000100
1
011
111000
111
100010010000
010100000
1
000011
00
1100
000111
1001
101100000
010011
000000000010001010010001000000000011
101
1
01000100001000000000
0
0111111
0001101
011
11000
0000100001
11001
111
01001000
0010100100000000000000
0011
0000000000000000000000000000000
1
11100000000000
1100
000
111
001010001
10010001
11111000000000000
1
100001000
00011
111111
00
111
110000000
111
1001
1
0101
1000100000010000
100100100000000
100000001
00111
111000000
1001000100000
011
011
1
100001000000001000
1000100011000
011010000000
1101111
011
0000
10101000
10001000010000
010100100011000000001
00
1000010001000000
11
00010001
1
1
000101
1
10100000
111
1001000000
1
111000
0100000010000
100010001
11010
1
1
01000000001
0000
001110000
10001000100000
110000001000
10001000000000
1101000
0101
1010000
100001010000
1000010000100000000
101000
00100010
0111
1100
1100000100000000
1101000
111
010001010000000
0010000101100100010000
00010001
110000000000100011
111
111
11000000000000
0101
01010000
1
0101
1
10100000
0001
00110000
01111001100000
01001000001
1000010000
0000101
1
111
01001
110000000000
000010000000101100000000000100000010
1000010000000001
1100001
101000001000
1100010000000
100001001000000
100001010000
0100010000000000000001000010000000000000000000000
1
10110000000
1000100000
00000000000
011000000000000
1011
110000010000
000
110010
1
111
111000
1
1101
111000000
011
11001
0110000000
101000
000
0100010000000001
1
1
01100
0100000001
100001001
101000
0101
1001
111000
1011
000100000000000011
1
00011
00111
10000
000100011
00001000000
1001001110
111
1100000010000
1101000
1100010000001000
000011
000
011
1
0000110010010000000
0000010001001000000
1100010000000
110010010000000
000100100000
11000000
000100011
11
000
000100011
1
11
1
100000000000
100000001
00000010
011
0010011
000
011
00000000000000
0000
000111
001100001000
1
0001
1001
0111
111
1
0110000000001
0000011
10100000000000
11010
0100010100
1
010100000000
00011
111
111
000101
00100000100
11
100100000
1
0110000000000010
0010000
101110011
01100
00101
1
00010001000000
1100
0001000000
0000111
1110001000
110000
00011001000000
0101
111000
1
0101
1
1011000000000000
110000001110011000100010000
1001
1
1
11
0101
000010000010000001000000
111
01000010000
10010000
111
000011
111
11001
01001000010000000
1010000
011101001000000
1
000000010100100010000000000
111
111
11000
00111
10000100
011
0101000
111000
1
10000100100000000
1
0101
1
1
011
01001000100010000
10100
000000100000001
101001000
000010001
100001000010
111
000111111
110001000
111
1101
1
00000111
0000001001010000000000000000
00101
111000
11001000000000
1
0101
1111
0010000
011
1110000000000000
0100010
0101
111000
100001000000
111
11
0000010000001
0110001000
0000101
00000110000000001
10010
0100010000000001000
1
111
110
100001010000
111000
100010010000
000101
1
001000010
1100000
0000101
1100100
000111
11001
0000101
11000
0100010000010000
1110000000
100000001
1
01000100110001000
0001010001000000000
111000
00011
10100
000100010001
10010000
010000100000000
001000100010
111
011
1000000110000
1100000100000
1
11100000
00011
0011001000000
100100010000
1110
111
1
100000100000
00000111010000
001001
100000001100
1101
11000010000000
1010000
000111
10100
1
00111
011
1
110001000
01110000101001000
0111
001000
10001100000
00100100010000
111
111
0110000000001
000110001
00010101
10100000
010001000000
100000010001
0110010000
1
0011
1
0000
1
1000000001
111
1000100000001100010001
1
00010001
1100001000000
1000000001
01001001001000100010000
1100000000
11
01000001
1
11010000
0010000001
1
011
100001010000
0011
1
1
1
1
1
001001
10010000000001
11000100000
100000001
101100000
011
1100010000
111
1
1101000
0
00010001
110001000
1001
1
