1
0
00001
1
1
1
1
000
1
0
0001
1
0
000
0
1
00001
0
1
1
0001
000
0
1000
000001
0
00
1
0
1
1
1
1
1
1
0100
00001
1
0
0
11
0
0
0
1
0
0
00
1
10000
001
1
1
0
00
100
1
0001
000
0
100
0001
0
00
1
1
100
0
1000
1
0
10
0
0001
0
01
1
1
1
1
0001
0001
1
1
001
01
0
1
0
0
10000
1
0
0
0
0
1
0
0
100
1
1
00
001000
1
1
1
0001
1001
1
001
000001
10000
0
1
01
0
01
1
100
0001
0
00
1
1
0
0001
001
00
0
1
1
1
0
0100
1
1
0
10000
1
0
1
00
10000
0
0
1
1
1
0
0
0
01
0
1
1
0
00
0100
0001
1
0
01
11
1
0
01
0
1
1
0
00
10100
1
0001
1000
0
0
0
0
1
1
010
1
0
0001
0
100
0000
00
00
1
1
11
010
0001
1
0
01
0
10
1
0001
1
1
00
1000
11
00
1
01
1
1
000
00
1
0
010000000
0
0001
0000
01
1
001
1
1
1
0
0001
0001
00
1
01
1
0001
0
0
0
000001
1
1
01
0
1000
0001
0
0
0
10
0
1
0
0
0
0
00
1
1
0
0
00
0
0
0
1
01
0000
01
0001
1
1000
1
0001
0
1
0
1
1
00001
1
1
001
1
1
01
0001
1
1000
01
1
1
1
0
0
1
1
0
00001
1
0
1
0
1000
1
000
001
0
1
1
1
0
0
1
1
0
0
0
0
1
0000001
1
0
0
1
0
0
1
00
0
0
01
10000
0
0
0
1
1
0
00
1
0
000001
0
1
0
000
0
1
0
01
0
10000
1
00001
1
0
1
00
11
1
0001
011
0
00
0
1
0
0
001
01
0
0001
0
001
0
1
000
1
0001
1
0
1
1
0
01
0
000
0
01
1
0
0
0
001
000001
00
