1
00
1
0
11
01
011
1
10100
1
0000
1
11
10
100
0
01
11
0
01
10000001
00
100000
01
10
1110
01
1
01
1
1
01
100001
00001
00001
0
1
1
00100000
01
1
0
1
1000011000000
1
11
001
1
010
00001
00
1
01
00
00
01
01
001
001
00
1000
1
01
1
01
011
01
10
001001000
000001
1010
00
0001000100
100
1
1
1
01011
1
01
1
1
1
01
1
01
1
100000
1
010001000
0
1
1011
01
0
01
11
001
000
001
010000
01
11
1
10000
101
11
0001
00001
01
1
1
1
01
11
01
0
000
1
000
1
1
0011
10000010001000
0
0000000001
11
11
1
101
1
01
1
01
1010001
10000
01
01
110000
0
1
00
1
11
0
001
11
11
01
0000
0
1
11
101
1
0
0001001
01
1
1
1
000
000001
0011
0100
1
1
00010000
1000000
11
1
0
1
001
1
1010
01
1
1
00001
01
1
10
01
01
1
01
0
11
01
01
10011
111
01
101
1
1
1
10
1
1
1
000001
0
11
110
01
0
00
0011
11
11
100000
1
1
011
0
1
001
00
1
001
0
0
00
0000
11
100000000000
01010000
00
0
0
1
101
0
11
00
11
00
1
000100011
11
1
01
1000000010
01
0
1
1
0
0
01
00
1
1
01
0
0000010
00
111
0
01
11
01
111
01100000000
01
10001
11
11
11
1
00010001
1
0001000
01001
001
01
1
10
10001000
0101000
01000000
1
00
00
0
100001000000
010
01
1
1
01001000
011
01
10001000
11
0
0
1
0
00
111
100
1
11
11
11
1
00001
11
000
11
000
011
1
01010
00001
1
1
01
01
1
100
1
001
00
01
100
0100
1
1
10
11
000
1100
1
001
0
00
10000000
1
001
0101
01
101
0001
00001
000
01001000
01
1
1
11
1
01
1
00
1
1
0
01
011
01000100001
11
01
01
100000
1
01
00
11
01
0001
001
