00100001
10100
0100001000
001010
00011
0000000000
00011
1000000010000
0100001000000000
1000000001
11
11000
100001
010100
101
001001000
00100001
10000001
0010
100000001
010100
011
0000011
100001000
00010001
00110000
011
00000011
010010000
010000001
000000100000
100001
100010000
10000001
000000
00100001
0011
00001
10100000
1000000001
01000001
11
11
110000
010010000
000100001
011000
11
00011
10000001
1000000001
00001100000
10001000000
10001000
110000000
11000000000000
10001000
100010000000
000101
1000100000
00010001
10010
00010001
000010001
1000001000000000
011
1001
0010001
0010000001
00001100000
10001
10000001
00010001
1000001000
010000001
00100010
1001
1
01001
