1
1
1
1
1
1
001
1
1
1
1
1
1
0
1
1
011
1
1
0
1
11
0
0
1
0
1
1
1
0
111
10
1
1
1
1
0
1
0
1
1
1
1
1
1
1
1
1
1
1
0001
1
0
1
1
1
1
1
0
00
001
1
001
1
110
0
1
1
1
0
1
1
01000010
1
1
1
1
1
01
1
1
1
1
0
11
0
1
0001
1
1
01
1
1
0
1
0
1
11
1
11
1
0
1
1
1
1
1
011
1
1
1
1
00
0
010
0
1
1
1
1
1
1
1
001
0
1
10
001
0
1
1
1
1
1
1
0
1
1
11
1
1
1
1
100001
1
1
1
1
1
1
1
1
0
1
1
0
0
1
1
0
001001
1
1
1
1
101
1
11
1
1
1
1
1
11
1
1
1
1
1
1
1
0
1
1
1
001
0
1
1
1
1
1
1
0
1
1
1
11
1
1
0
0
1
1
10
1
001
00
1
1
1
1
01
0
1
1
1
1
1
0
1
1
001
1
1
1
1
1
0
1
1
1
1
0
0
1
1
1
1
1
1
1
1
1
1
1
1
1
1
1
1
1
1
1
1
1
1
1
1
1
0
1
1
1
1
0
1
1
1
1
00001
0
1
1
0
1
100
1
1
0
01
0
1
1
0
11
1
1
01
1
1
1
1
0
1
0
0
01
0
0
0
11
001
1
1
1
1
1
1
1
1
1
0
1
1
1
1
01
1
1
0
1
1
00
1
1
1
1
0
1
0
1
1
1
0
1
0
1
0
11
1
1
1
1
1
1
1
1
1
1
0
1
1
1
1
1
1
00
1
1
0
0
