1
1
000001
10011
111
10110
01
1
11
100110
1
11
1
100000
0101010000
111
10
1
01101
00101
111
1
011001
1011
1
1
0111
101010
1
11
1
1000
11001
100001001
1
1
00
1
0000000
10000
1
1
10
111
1
111
111
1
00000000100000000000000
11
1
1
101
10100
0111
111
1
111
100101
110001
1
111
1
01
1
1
111
11
001110
1101
111
1
01
1010011011
1
11
10000000000000000000000000000010
111
01
111
1
1
1
001
111
11
10111
1000010001
010000
11
01
1
1
1
10110
010
1
10000000010001
1
01010
11
011001
111
1
01
1
1
1
01
0001101
1
1000100001000
1110
1
111
101
111
1
1
1
1
0001
1
001100
01100000001
1000
010101
1
100
01
1
1
101010
10000
10
1
0001
111
1
01
001
1
1011
1
1101
0101
1010001011
1
1
101
1
10110
111
111
1110110
1
01
1
1
1111
1
1
10000
1
0001
01
1
1
1
111000
1
1101
1
1000100
001
001101001100010000
1
001001
11
01101
10000100010000
1
111
0111
1110
0100
1
01
01
1
110000
101
11
10
111
1
001
1
101
1
1
11001
111
0000000001
01
01
1000
0001
1011
1
101
01
1
100
1
01
1000110
0001
01
1000
1
11
01
1
111
1
1
11
1
11
11
01
1100000000000000000
1000000000
1
1
011
1
1
1
00000
1
111
1
000001
111
111
10101
111
00001
1
001
1
1101
1
1000000000
111
1011
1
01000001000
01
111110
1
111
00011100
1
1
1011000
1
000001000000
00100
01101
1
11
000
011001
0001101
1
1
100010
11
01
1101
0100110000
001
1
1
1
1
1
01
11
1101
10
10
1
1
001
11
1
1010001
1
1001
001
111
1111111
0100110
11
1
010
1
1
1
1
11
1
1
111
11
1
1
001
1
001
01
000010000000000
01
0001
1
1
1101
1
111
1
1101
1011
111
1
11
1
111
0001101
100001
11
1
1101
01
1
0001
01
1
1
111
1
111
1
1
101
1111010001
0100000
1
1101
1011
0111
10011
1
1
1
0
010000
01
1
111
111
1
1
1
1
