0111011011100000010010000
1
0101010001000100
1
1
1
11100110
1
1110110
1
1
1
111010100
1110101
1011011
0011011100000
1
0011110001000000
1111001
10001100000000010000
100011100010000
1
1
1001011010000
110110001
0111110001100000
1
11010001001
001011000101
011111
1
111101
110100000000001
1
111011
1
00111
1
1
1
1
1
1
1
1
1110101
010000010000000001000
11010110000
11111001
1
1
11010110000
011101100
0101111
100111001
1101101
0100010001000000100010
0100010001000000000
1
0011100100010000
110011100
111101
1
111010100000
1
1
11010101
0101110001
1
011111
1
11100101
100100111
000011100100100
1
11110000001
1
11
1
1
1
1
1
11011100
111101
1
1101000000000001001
10100100110000
0001
11010110
0110111000
11011010100000
1000001000110000010000
1
11011100000
110010011000
1
01100100001100
1
1000110000000010000010000001
1
1
0000011111
1
1111100
1
1
101010101
1
1
1101101
0100100100000010001
1
0101010110000000
1
1
1
001010010011
1
00011111
111011
1101010001
000011111
111101
000111
111011
1101101000
111101
1
1
101000110000001
101000001000000001000
1
0111010001000
111010001
0111110000100001
1
1
11001100001
11100101
011101010
01001000011
1000
011111
1
1
1
11110110010000
1100101000100000
1
111101
1
010111010000
1
110000110001
10110000110000
1111100
11000000010101000000
111101
1
0110010110000
110101000100
1011011000
001100011001
11111000
1
1
1
1
1110101
1101000
1
111101
1
1
1
101111
1
