010
0011
1
10
1
1
11
1
1
01011101
1
0001
11
1
10
1
0001
1
00001
1101
1
01
1
1
0001
100
001
111
11
1
1100
1
1
1
1
1
1
01
1
1
1
11
1
1
1
1
1
1
1
1100
1
0001
1
11
0100
1
001
1
1
01101
1
0001
1
1
1
1
100
1
0001
01
00000000000
1
1
1
1
1
1000
1
1
001
1
1
1
0001
0001
1
1
1
11
11
1
1
1
01
1000
11
11
1110010000
001
111
111
1
11
1
1
1
1
001
1
1
11
001
1
1
1
1000
1
1
1
11
01
110
1
1
1
1
1
1
1
111
11
1
00011
01111001
1
1
1
1
1
11
10
1
01
01
01
01
10
1
1
1
1
001
0100
11
01
1
1
1
1
1
100
1
1
1
001
1
001
1
0001
1
01
0001
1
0101111
1
1
1000
01
11
1
1
11
1
1000
1
1
11
1
1
0001
