11111
001111
1
11
1
000100010111
1000000
11
0001111
1
1
0001
1
111
111100001
1
11
101
10110101100000000101000001
1111
1
1
1
1111
00011011
1
01110000000000100000
100001001100010000100001000
1
110
1
1
00000100011111000000000100
0000101
10100
1
0010001000000100010000100000000010000000001
10010
0000
1
11
11000010001001000001000
1111
010001000
1111110
00101
11010
000000001001000010000000
11
00001000101011101011
10
010010100100000010001
11
11101
11
0110010000000010000011111000
1
110
1
0000001
001
10000001
0111001
1
100010000
00010001
1
1011
001
11111
1
101
11000
1
1
11
10001000
1000
10001
1110111100010000
0001000010100100001000
011
010101010000
101100010000
1
000100011000000000000100
011
001000111
1
101000001000100000001000010000110001
00000011011000001000100
0001
101000000
11
11
1
11000100000
0100011100010000001011
100010000000
00000000000001000100010000
11011
0110000000011000
11
1111
011101
1111011
0110010000
11110010
10000100000001100
10000001
1
010001010001000000
1
11
1
0000
101
11
1101
1
11100000000
1001000
110110
11011
11
011101110010001000
00110111000
11
00111
00000
1110100
1
1
11
000111
1
1
1
01110011
000001
101
01111
11000100110101
000101
1
11
00010001
110000000001010
10101
000001010000
000000000011010000010000110
101
1
011
110101101
1000000011100001010010001000
011001011
1
1
11
01000001000010000000100
110010100000001010
10100000110000
1011001
1110101011100
1
11100100000
1
1
100100000000011000000
0100010011101
11
01
1000
0
11
111100011000
11
1
1
0110001100
01
1
11110000
100001
111
01001000
11100100000010001
11010000010000
00010001
0001000110010
1111
1
1
1
001
111
010011100010010000
11110111
11
111
1100010001000
1100000010001
110100000101000000
1000
0111110001000
111011
00000100010011000010
0001010010000100000
000111010000101
111001
0100010000001000010000
0001111
101111
001
1111
0010010001000
011
1
11011011
11110000
1
11000011000
1
11000
0001
0101
11
1
110000100000001
1
1
01
11000000
11
10000000001000100001
10
100
010101000000000
1001100011000100001000000
1
10
00010001
0100001100100111001000101011
11
11010
11
11001
00001
01
11
00011000100000001000
00010000000000011010000000001000001001
1101
0001001110000110100000
100
11
1111
1110100000100
01
1
1
0100001000
11
1
1
0010110000
00000000001010000100000100
111000
11000111
1
111
000101011
0110101010
0010001
11
1
1
1011
0001000010000100000
11
100001001000000010100100
1100000001000
11101
000100001
11111
1111
111110
1
10000100000
00011
1
1
111001
01000110001
111000
1
11
1000110000
01
10001000
00100110
0011100000101100
1
11
101
1
11
0001111
000010000101001010100010000000100001000
0101000011000
11
11
011
1
1
11
11000
00000010011
1100
100101001
0000100000100011
10111000000
101100010000000
00010100010000
1
11
101
0001
0000000110
0000000000000001100000000010000000100100
1
1011
00110011
111001100010000
1111000
1
01
011100010000011
01000001000
01
1
01
11110001000
0100010110
1
01
01010001
100000000000
1
101000
100000000000000000100000110
00100000
11
11110000011101
001110001010001000
100
01010000100100000001110001000
11
1
00011
11
1
1
00010001
1
00011011
1
0011
111
00010001
11
0100
0000010000111
1
1
01111
01001000010000001000
010100101000010000
100000010000
011
110
11
10110100000
111010001
110101
1
11
1111
1
0100000
0
10001
1111
000111001
1101010
11
1001101
11
011111
1
1
1
11
1
100000000100001000011
1111
10001
0
0010001000
1
10110
10000110001000
000011000010000010100000100
1111010
011
1110000111001110000
1
1
0110
010
01110000010
10
0101001001
0111000000100000
1
11
11000000100001
1
1
11101
00000100110001000000000
1
1111100000
11
1
0110010001000
1
011
011
0111110001000
11
11000010
01
1
1
0000001
11
01111010010000
1
11110
0111110011
1
110
0111
000001111110010000001
11
11
1111
001000
00010001
1
11
11
100100000100001000000
110011000
01
0001
110001011
000001010010000
101100000100000000000010001101101
01000000
00001
11110000
011000000000100101001011
1111011
101
1
001100011111000001
1
011
10
11
1
1
100000111
01110101000
1
1011101
111000100100
1
111
0
1011100000100
1
11
10
1
111110001000000
001000010100001100011010100000000011000000000100
1011
111
0111
1
1
11110001
1
01111010100000
10010000010000001
11011
0100010000
0000
111000
1
100010001000100
000100011
11
00001111
1
0000011000100010001
1
1000010000001010000001
1
1
000011
00010100
001
1
11010010
1111
001
01
1111
0000100001001
111
10000000001100000101100000
11
000110101000001
1011011
01000100111
1
11000111
1
1
000000000000010010000000000011000
100110001100000
1
1011
00011
000
0001
1011000100
11
1
111101100000
1100001110100000
111100
1101100110010
1
1
10111
101
1
1011110000001
1
11
11
1011011
10
10111
010000010000100000100000
10100
111
01011
100000000001101
1
01011100000011110
111
1
1110100
10001
110
1
01110001000001100
001000100010000000
11
11
111000001
01
1
1
0010000000
110010110001001100000100
010010000110000
010001000100000000000010
11
011100
1
1
1100101100
1
10000001
11
0
1
1100000100011001
10
100100000
01100000011101
101000
1001
11110101111
101
11
1111100001110000
101101
100011001
1
11110
11
11
11
11
110010010000
01111
001010100100
10001000000001000001
101110
010000100000000100001
00100010000001100010000
1100100010000
1000
11001011
000010001
11
1011000000110000010000000000000
1
1000001
11
0010100001
000001
010100100
1000110001111111
1000001
1111
1
1
1
1
1
11
11111111
1
11
1
00011
01000001
11
11111
10010001010
11
1
1
00000000010101000000000010001011
1
111111
001
000111
100
0
00010001
11
11000000
01
1
01000000000100001010000000001000001100100000
010001100011
10100
11001111000000000
0111000100000000
01111011
11
11
010000001101001000000001010000
10
1001000100010001000100100110110000010000100000000000
111110
0
1111
1101111
1
1
101000010001
1111
0100010
1
1
1
1
1
10101001
1111110
0000100011
1110101
1
0001
1
111000010110000
1
0
10
11
11
0100101111
1001
11
110000001100
00001
1
11
1
1
1
1111000001000000110110
111100010
01
11
1
1
10000001
011
0100010000000100001
001
1100
11
01101
0101000
000000100001000100001000001
11
11111
00000000000000000000011000001010011000000100000000
11111000
01111
10000100001000000000
0001010
111
11000001110000
11001
0100100000011001
11
100001000110
0000000001110000000000000001
11
1
1001
11
0
11
1
010
1
1
1
1
11
111101
010101000
0
1001100000001100
1
1010001000
1110101
0
001
1
0000010111001000010
0000101001110000010000011000000
11100010000000
00011101
1
100001000001000001001010111000000
10000
111
001000010001001100000010000100001000010000
000001000010000100000100
11
1
0010001001001001110
011
111000
01001111110000
11
0011001001001000011000000000
100001000
1
11111
1
11
110000001100010
11
01
01110010001000
01000110
0110000001001
11
11
0011
011
11
010001111
1
100
001
11111
11
1
11
1111
011
111
1
1010000110
01
111
10001000
11
1
101
10011011
00000010111100
100000010000000001000
10
11100011000011000000
100
11
0
1111011110000100
0100101100000
1
1
1
01100000000110000000010000100
1000000110000000
001
00011100010
0011111
1
11000
0111
11111
0000001
10001
111111
1111
0111
1111000
01
011
1
11
110
1
011
01
011
1
01100101
10111
11
001011100000000001000000000011
1001111000100010
010
1111011
11
111001
1110001
1
11
10001
1110110
0111
1
11111
1
100100010000000010000000000010
1
0111001111
1
1
1
1
1
111110
1
11000111
1
0011010011
0101110000
101
1
011101
111
0000100001111100011110000011000
1000
110000000000
01
11110
11
1
0
11
000001
10
10110001
110001001010
111
1
101
1
111
10111
110000101
000110010000000
11
1
0010000
11
1
11000010001000001110
1
010000000010
01110000001010010000
101
11000
11
1
01
0011001
111101
10011
11
1010000000
01
0001100000001
1
00000001101100000000
1110100
11
1
01000011110
11
11
11000000000010000
001000010000010000101
000100000000011000100
010000000011000
1111000
1
100010001100
10111
100010001001000100010001
11
000110010000100001100
11110
1111
110010100000000
0110001000000100
011
1
11100
1
1
100010101
11
0001000001
11
11111
0011111111
100000
1
00001111
1101
01110000100000000
1101100001100000
01000011000000000000011
001
01000001
01000010001000010000100
11100001
1
11
1000001011110
01111
011000001
11000110000
000000110101000000000000000
111
110
1
0001
1
01010000000000000000000
1
00001000011001000010000010
11101
111010100
01111
011000
10100000100001000000
0010011001000000
110
1000001001000000010
111110100101000010
110010000010001000
11101
111
111010001001000010000
11
11
00110000100000
010
1100011
1
0100111011000110000000
1
10
1
1
110000000011010
0001
10
1
101110000000000
10
1
1
11
10101100000
10000000100000000
0001
1
101000010000
1
00010001
01111
1
01
1001000000001001
1111
01100100010
101
1
11
1
1100110001000
011100000000010001000
11
01001110001000
11
1
01000100000100000010001000
1
01111111110000
111111
0101010000000000000100000001
11111
11
00010001
1
111
0001000100000000100000100000001
000001
