0000000001111
11110000
1100100100000
0100000000000
000100010110000000000000000
101011
01110000000000001
000000000111000001000000
1000000
00000001010
11110000
1
101101
1
101011
1
10
011001000000000001
00000000000000000000000
1
0111000111110000000
111100000
000010000010010000000001000
01
1110001
0110000001000001
10000010100100000000
1
1
001010000100010
011000010
011011
1111000
01001100010000000100000000
10001000000001000001
001001100000100000
10
11110000000000001
1110000100000000
1
11000000
1
000101000000010000001000
1
01
111010000
1
1100001000001000000
101101
010100000000101110001
1
01000000000000
1111000000000
0000100000001001
00010000000001
100000000000001000000
11100001
111000001
00100000011010000010000000000
1
0110
00001111
1010101
1
001
1
01111
0100111
1
1
1
1
100001110000110000000
11110
00000
11101
001
111011
1000
1
0000011110
1
011011000000000
000000100000000001111000
0110100000
1
1
1110100000
1
1
1
11101
00010000000000001000010000001000000000000000001000
01001100100
01001001000000010010010000100000000000000001000100
1110000000100000
01
11100000010000
111001
100100000001000000010000000
1
0101
1
101
11100001100000000
1
100001
01100001000000000001
1
1
1
010
00001
0000000001
0011
01010000010000100
1
0010000000110000000000000010
010010011000000
10001000100001
1
100010000001000100000
111001
1
11110100
00100000100000100000000000100
10000010010011111001110010000100
010000000
1000101010000
1
11
1000010000000100
11101
01001010100000000
1000001010000000000001
0100110010000000
00001000100100100000000
1
1
0100011000001000
1100100010000000
1101010000
1110000100000
01110001000000
10011100
1
0100001001000000100
1
1
1110001001
01
11011
0000001111
1011100000
1
10000000000
011010000000001
1000
1
110010000000001
11100010000000
00001000000101000000000000000001
1000
1
111000000000000
1
10110001
1111000000000
110000010000010000000
1110001000000
010
000000000000000000
1
1000010100000000000001000
1
100000110000100
0000000000011000000110000000000000000110000000000000000000000000000000
1
101101
000001000001000000000000001000
10000
101010100000
1
0010001010000000100001000000000
11010001000000000000
0100
1
1
0000000010000100000000
1011100000000
001111
00111000010000
1000000000000
1001000110000
000001000001000010001000000000001000000010001000
000000000000000000000
1
1
1
0111000001
00100
1001100001000000
10010000
1101001
011000010010000111100001
0001
1
111111000
001
0111010000000000000
0100
000010001010010000000000
1
001
1
11111101
000000111001010000000000010000
10000
011100011100000
1
1
111000000000001
0000000
00011100100
000111101
101101
01110001000000000
01111
11110
1
1
11110000111010000000000000
1
1
1
00001000010000001
001
1
1
1000100000100100000000
1
1
1
1
10
111000000001
01010011000000
0111000001000001
1
1
001
11101
01001000000100000000000010
10001010000000
10
100001011
111001000
0100000
1011001001000000
10000110011000000000
1111100
10110100
0011000100000001
1
1
0100000001000010000
11001000100000000
1
01001001000000
101110000
0110001100010000101000001
11100010
1
11110000
0110000000000010
1
1
11011000
10000000001000000100000
1
1000000000100110000000000000
11000
0100110000100000
000001100100000000010
10100010000000000
00100100001010000000000
1
11000101100000000000000000
0010100000000000100010000
11110000000000
001000001001000100000000000000
00100000000
0001000111000000000000000
000100011000010000000
1
11110000001
01
111010
1
1
000100110000100
1
1
1
1
1
100
00100010010000000000000000000010
0100001100000000001000
0100000000000000
1110100
001101001000000
00100010010001000000000000000000
101010000010000
11101
01111
0111100100000
0101010001000
10000000010000011
1
0011010001
1
100
1
00010010001000001
0100000001100000000000100
01011100000000
10010000101000000
1001000001001000000
1
11110000
1
0100
1
010001000100000
1
000100000010000000100001
1
001100100100000000000
111100
01111
0000100000000111000000000000000000010
000111100000000
0001
11101
01111
001
11101
1
1
001
011011
101101
00100100001000000000000000000010000
001001
1
01111
1
1
10000
00010010001000010000
1
1
1
1
1
1001110
1
1
11000100010000
0001
010101000100
1000
1
1
01100001100
1
00100000
1
0000000001101110000000000000001100000
10010001000100000
00010110100000000000
00110
111101001000001
1
10011001
01000000000000000
1
010100011000
11
111001
001100010001000000000
110000100100000
1100000000101
1
1
1
1
1000
00000001000001000001100000000000000001000100000
1
1011000000001000
1
1
11010100
010010000100000001000
01100010010000000000
1
1
1
1
10011001000
1
01111
11101
10000001000010000001
10
0001
01
1
11011
00010000011000010000000
0000011000000000001000000000000001000000000000
1
1010111
01
111010000
1
1
001
1
11
1000010011000100000
000001001001000000010000
011110000000
100011000000000000010000
01
111001100
0111100101110000
1
1
01111
1
1
11101
11100100000000
1100100000010000000
0001
111010
1
1
1
1
1
010101100010100000000001
0111001000000
1
10000000
1
110110
001001001000000001000000000000001
1110000000000000001
11101
01111
1101110100000000
1110000010000
1111001
01101000010
00010001110
111001
1
1
1
000100011100000000000000000001
01111
0000
11000001010
1
11
100000000
10001000100100
11010010000
000010000010010000000000100
1
0100010001010000000
1
1
011111
01
1
11
011100001
1110000000000
1
10000000
1
0001
1
1
1001100000000100000
1
1
1
11100100
000000010000100000001100000000000000001000000100
011100000100000
1110100000
01
10010010000010000000
000011110000000000000
1
111010000
1
1111000
1
01010000000001
011101
1
01000001000000010000010
1
0100111000000000000
10001000000100001
1
1
1000010001000010
10100010110100000000000010
1111000000
010000000
111100011100000001
10010
0011001111
10100100000001000
10010000001100
1
11101
01110000000010
1100000000001
111001
011101
00001000100000010000000001
01110000000000
11101
1000
10110010000
1110000000001
101101
00001011000100
110010100
10111
1
1
00100000110000000100000000001001000000000
1110110000010
1
