1
11
0000000000000
10001000
0100001000100
10000000
1
010000001
00011000
00000000000100000010000
11
1
11
11
0010010001000
00100001
10000
11
00010000
11
0101
000001000000
00000
00100
00000011
11000000
010001000
10000000
1
01000001
10000001
00001
11000
0000000000000000000000000
11
01
100000
00000000001
1
10000000000
1
01
1000000000000000
0000000
00100000000000000010000000
00010000000
00000
01000000000
0
01
100000000
0000010010
11
1010000
11
10001000
100000000
00000000000000000000000000000000000000000000000010000
0
10000000
0111
00000000000000000000000
1
00010
0000000
0
100000000
001
1000000000
0100000000
1000000000
0001000
000010000
0000000010000010000000000
100000000000000000000
1100000
11
0000000
00
10000000
0000001
010000000100
00010001
10000000
000000000
0000000000000
0100000000000
000000
00001
10100
1
000000001
10
000000100001
1100
1000000000
1
11
00000000000000000
0000000000010000000
000000000000
0010000
01000000000000000000
1010000000000
0101000
00000000000000000000000000
11
11
0
00101000000
00000000
10000000
00000001
0101000000010
00000000
00011
00
010000
0
000000000000000
00100000
00000
00000010000
000000000
0001
0100000
0000001
00000100000
0000000
0000000000001
10
000001
11
1
11
00100
100000
00000000000
100001
01
01
00
01
0
0
01000001
00000000000001
001010000000000000
10
0000001
0100000000
0
11
110000
100000000000000000000
01
0101000000000
1
100001000
1010000
010100000000000000000000000100
1
00000100000000
10000000
001000
0000000000000101010000000000000000000000000
0100010000010001
010000100000
011
10000000000000
000000
00010001
00000000010000000000000000
000
011000000
100000001
000000000000000000000
100000
0000001
0
01001000
00000000
11
0100000000
10000000000
0000001
0000000
00001
110000000000000000
1000000000
000000001000000000
1000
01
011
11
0100000
01
000
0
000000000011010000000100000000010
010000000000000000
01
00000000000000
0001
10
00
000001
1010000
00000
110
01
00000000000
01
0
000000
001
10
1
0000000000000000000
00000000
0111
0000
1000
01
10000000000000000010
10
01
00000000
0001000000000000
0
00000100
000
11000
0000010001
00001010000
0
00001
1000000000000000
100000
100
10000000000000000000
000000
100000
01000001
10110
0010000000
11
0010001000000
11000
11
00010001
00000
00000000001000
00000000
01000000
11
000000
0000000
0100000
010110100
010000001
010000
11
100010000
01
000000000
11
01
001000
011000
1000000000100000
0000000000010
00000
1010000000000
1000000000
100000
01
1
1
0001
10
0001
100000000000000
01000001
0
000000
000000000
0001000
00000001
11
000101000000
0011
100000
010000000000010
00000000000
0110000000
0
00000000
001000
01000000001000010
0010000000
00000000000
0000000
1
001
1
010000100000
10000000000100
01
10100
00001000000000000000000
11
10000000
1000
11
0
01000000
0001000000
1100000
0000000000000000
0
1000
01
00010000100000000
1000000
0
00011
0100000000
00100001
0
0100000
0100000
000011000000
11
0
11
01
101
00010001
001001000
011
00
11
01000101000
10000
01000000
000001100010000
10000000
110000
1010100010001
01
0001
