1
1
1
0
1
0
1
0
1
0
0
0
1
1
0
1
1
0
1000
00
001
0
10
0001
1
1
0
1
0
0
1
0
1
1
1
0
1
0
1000
0
01
001
1
0
1
1
1
00
0
1
01
0
000
0
1
1
0
00
0
0
1
1
01
0
1
0
1
0
1
0
0
1
0
0
1
1
0
100
00
1
1
1
0
10
01
0
1
1
010
1
1
1
0
0
1
1
001
0
100
0
0
0
0
1
1
0
1
01
1
1
1
1
00
0
1
0
1
0
0
1
1
0
1
1000
001
0
1
0
1
0
1
1
0
1
1
1
0
1
0
1
1
0
0
0
1
1
0
010
1
0
0
1
1
0
1
1
1
0
1
0
1
01
01
1
1
1000
1
00
1
1
0
1
1
0
1
1
1
1
0
0
0
00
0
1
0
1
1
0
0
0
0
0
1
001
1
0001
1000
1
0
1
0
1000
1
1
01
001
100
0
1
11
0
0
100
1
1
1
1
0
1
01
1
0
1
00
1
0
1
0
1
0
0
0
0
001
0
0
0
0
1
0
0
1
1
0
1
1
1
0
1
