01011
001011
1100000000
0110001
100100010000
11001
1101000010
00001
01101000
01100100000000
100011
00010010100
11000001
010010100000
111
1011
001110100
000111
11001
011001
0100101
111000000011100000
011001010010001000
10010001000
00111
100000001100
10010001000
001000000000000
01000000110000000
1000010001000000
1110000
1100000100
111
1010001000
111
111
0100101000000
1100100001
111
00000
111
00111000
0
111
111
1011
11000001000
1011
111
111
000100010001
1
11001
001101
100100010000
101000001000
00100010010
0101000010
10101
111
111
0010011
1001001110000
00111
11001
111
00010011
0000000011100000000000000000
111
1010001000
11100000000
01001010
00001101
111000
111
0111
111
1101
1010001000
0000
010000100
111
0110010
100011
010010100
0011000
0100
1101
111
1100000001
111
100000010001
111
11000001000
1010001000
00100100010
1110
111
1100010
00111
111
1
000000
111
000001000
10100001
101000100000
11000000011
000
0111
111
11000
0110001000
111
110010
0111
0010101000
111
1001010000
0100101
1010001
0100010100000000
000110010000
0
0
1101000
1001
01101
0010010100100010000
10000010000000011000100
01001000000100
0010000010001100000000
11001
111
001001100000
1001001000
0001001000000
1100000010000
0111
0010001010
0110000000
111000000
111
11010000
00111
01001001000
0111
00000000001000000000
111000
1001000001
111
01100001000
1101
1101
0000001101
11
1101
111
0111
0011001
0101010
00100001001
1101
001000001
10101
11001
10010000100010110000000001
1100
111
01000
111
01001000001010
110000000010
0010001001
111
00010001001
111000000
1101
11100
10001000000000001
1100010000
1000011
0001100000000
1101
111
111
0000111
1111
1101
00110
10010011
001111001
111
1001001000
0111
1000101000
111
0000000000100001
1110
110000010000
00100110000
1000100001
111000
0010011000
10011000000
100001000
0110000100
10010010000
01001100
100000011
0110000000
1101
1110000000
01000101000
00011
1100000100
100100010000
11100000
1100000100
111
1001000001000
111
101000000010
10011
100001000000001
111
011000100100000101
111
11000
1101
000100001
001101
1000100001
11
000100101
01010001000000000
111000
10010000010000
10110
111
0111
100010001
111
011
000111
10001001
10010001000
110001000
111
01100000000001
0000000000001
0111
111
10011
0111
111
0101010
0111
000110000100000
0101001000
1000101
1000100001000111000000001
10001100
0011
01000110000
10010010000
000000
0010001001
101010
0111
1101
111
010000001001
0
000110001
11100
111
100100010000
100000
111
100011
