1
1001000000
1
1
1
1
0
1
1
11
1
1001000000
0
0
1
0
11000
11
0
0
1
1010
0
0
1
0
0
0
11
001
001
0
1
1
0
0
1
0
1
11000
0
00
0
01
0
0
0
0
1
100000000010100
0001010000
00
1
0
1000000001
1010000000
0
0
100010000100000
0
10001000000
0
1
0
000000011
0
00
0011
000
00000
100010000100000
1
1
0
1
1
0
1
0000010001
0
0
1010000
0
010001000010000
0000100000
11
0
01
01010000
0
1
0
010000000100000
1
1000000000
1
00000100100000000
1
1
10000000001
01001001000100000
010001000000
1000010010000001
0
0
01100010000
1
0000000000100010001000000
11
0
0001100000
0011
1
0
1000100000
0
0001100000
0
1
1
1
1
0
00
1
011
1
11
1
0
1
1
1
0010000100000000000000
1
0100010000
1
0011001
0
000000
1
0
1
10000000010010000
110000
1
01000100100000
1
000
11
1
1
1
0
0
1000000100
0100001000000000
10010000
10000000000
110000000
1
0
0
0
1
0
100001000000
1
0000010001001000000
0001100000
00001
10
00
1
010000001000000000
1
1000001000000
01
0
0
001
10001000
1
0
01
01000101000000
1
00010000001
1
1
1
0000011
1000011000000
1
1
1
000000100001000100
1
0100000000000
1
001100
1
0
0
0
1
1
1
1
1
0001100000
11000000000
0
1
1
000
00001011
0
1
0
000010000000000
0
00100110000
100100
0
0
01100000000
0
0
1
1
00011000000
1
1
10010000010000
0
1
00
0
1
10001000000010001000000
10
0
1
1
0
1110000000000000000
0000001
01000
1
0011
00000000000000000100
0
0001
0
011000
01
0
111
1
0
0
110001000000
1
000010
1
10000000001
1
1
1
10
01
00000000000
100001000010000001
01000000000010000
100000
1
0000011000010000
0100001001000000
11
000011
1
0000010001
1
1
01
1
0
1
1000001
0000011
1
1
1
0
01
00011
10000000001
000000
1100
10000100000001000000
10100000100100000001000000000
10000
100100000
0001000100000
110001
1
0
01000100010000
010000001100000001000000000
0
11000
0000000001
0110000
0
000
0
1000010000
1100000000
100010001000000
01
0
001
0
01
1
1
0
1
0100000100000000
1
1000100000
0
1
1
0100000010000000
01
0
1
0
1
1
0
1000000100001
1
1
000000001
01
1
0
10000
010001100000001000001
1
1
0
0
0
00001100000
011
0
000100010
0
0
00001
1
00
1
1
1
1
00001101000000
1100000
1000010100000000
0
01001000000
1
1
01
0
1
1
0100100000
1
0
00001
0
0
1
1
0
1
0
0
0
100000
10000100
00001010010000
1
0
0
00
1
00
0100000010000
01
1
1000001
00
0000000000000000000000
1
0011
1
1
0101000
0
00011
10001001000000
1
000010000100000100000
1
0
011
1
0100000
001
1
1
1
11
0
0
1
0100000101000000100
0
1
101000000
1
1
0
01001000
10010000000000
1
0
1
00000000010001001000000
1
1100000000010000
010000000010000000
1
1
000000100010000000000000100000
1000
0
0
100100
0
001
1
110000000
10
0
1
0
00100000001
1
1
1
10000000001
1
1
0
0
1
01
0
001
0
1
0
1
10010000000
01
0
1100
1
000010001
000000000000000000000
1
1
1
00000100001
0
1
1
0
0
00001
0
0
10000000000100000
1
01000100010000
010010000000
1
000010000101
0
1
