0000101
000001
10011000
1000111100
1
0
1
00
11
11
00000011
1000
0101
1
111000
11101000101
011000
0
1
1000100111001
1
1
01000100000011100
0100001
00000000000000000
011
111111011
1
0
1100
1
1001000010
011
010010010000
001
0
0
1
00101
010000000100000
00
1
11111
10000000
11
0100000000
0001
0
0
00011001
1100
100000001
1
11000
001001000
11111
100011000
110000000000
1101010
00000011
0000
000100100000000000
01000010000
1
100000000
01100001100001000000000001010000001001001
11110001
100010000000010001001
000011
1000000
000000000
0
11000000000000000
1110
1
0
1
100001
101
010
0101000000
10011
1110
0
11
1
10101
01
0101
111110000
10001000
0100010001000000000
0101
01
00110100010000000
100000000
1
1010000000000
0
0
1
0000100000100000000001
11111
0011
100
0111
0000010000110000100
11
110000110
0000
1
00000
1
10000100000000
0
1111000
00
0
0011000000001
00
010
01010
0000000000
1101
110
1
000000001001
01
11011001
10000100010
11
1
110100
00001010000000
00
0
111111
10100000
0101000000
0
0001
0011000
11010000000000
0
010001001110
01
1
1
01010000
0
0
110001100001000000
01
010
0000101
111
1101110
1001000000
1
011
01010001
01
1010000000
100000
00
0
0
1
0110000000
110000
11
1
0
000100001
00
0
1010001000
11010100000001
001000101011010000000000001
0
0100100000010
00010001000100000
1
1
11110001000001010
1
00000100010
1000100000
0111
00
1
01010000001000
0000000000000010
00010100
1
110000
0101000000000000
1
01
0101
0
0000010000001100000100000101
1
0
0011111
11110011
010
1
1
00000000
1
1
0
0101100001000
100
101111001
0
0000000010100
0010100000
00111
1
0001
1
00000000
100100010000
11
0
01010100000
1
1
00
11
1101000
00
01
01101
1100000000
00
1
10000100000
010000010001010000001000
01
10100000000000000
00100
0
0
1
0000000101
0
11
001101000000
1101
0000100000100100000001
1
0
011
11
1
00110010000
01
0
01
0
0
1
01
0111
10100000000000
1
1111000010000000
11
1
1
01011
1
10001000000
1
1011111101
00011
0
00011
00100000001
1
0
0
000
0
101111
1
010100000
0000
001
001010000001010100100001
1101000000
001
000
011
11000010
0
01
0000111
1
0
10010
1
11
1000000
000001
111
001
1010000000000
0
0
111011
11000
01
1
01
100
11
00100010000000010011000000001100000000
000
0
01000
0
11
001000000000000010
001000010
1
1
0010000010000000
111101
001011
1110100001
101100
100001
00100100
0
011000111
1
1
1110010
11
0100
00
0
00
111011000
00
0100100000000
1
11100000101
1111
0
10000000000
001
1
1
11100
1110101000000
0
1
00
0
1000000100001000001
0
0010001
0
000110000
110000000000
01100101001000011000
11000
0
00101000011000
1001000000
1
00010000001
10000100
01000000010010000000101000000000
10
00010001
1
11000100001
1
00011
01100001001000010010001000010100010010
0
01010000
00
101
0
011000
1011
00
0
001
10111001000000
01001000000
01000000
00001001000001000101
0
0100110000010001010000
1000010000000011
0101000
1
01
1001
11
11111101100
1
0111
0
01000100000000100001010000
1
0000000011100100010000
10010100000
11001000001010
01
1
1111010110001
010000000101100000000001000
0011
1
1
0110
1
0000
1
11100101010
00
011000
10000111100
011
01
0110000001
000000011
00
00000111
01100000010
1
00100010000000
10110011000
0
010001
110010100
0
10010
11
111111111001
00011
1
1010100001001
0
1
1000001010000010001
1111000010000011
011
000
010001
0101000000
110000010000000
1100100000000
111101
1
010000001
1000100000
1000100000
010010011000000
110100000
0
1
0
0
0100001000
0
1
1
0
0110000000000000
0
01
011000000000000000
0
1011
1
0
0
100110000
0001001
01
10000
0
1
11
10101
11100
01111111
11010000
01
111111
0
001011011
010001
1110000000
1
1000100100
000000111
001000
0
1000000
0110
1
010
0
001000011
00111
1101001
1
11
111001010000100
10000100
00
0
000
0110000000
11
10010000000000000
0001
0
0010100010
1
000001
11100011101
1
0
01000010000000000
110000
101110000000
00
0010001000001
1
1010000000000
000011000000
11110
11111
011000000000
1
10000010101111110
000000000
1
010000100000000
10010000000
011
1
00
1100000000000
1
0000000011
11
00
1000000000000001
00
1100
0
01
0000000000000
101
01100000000
0
1
0100000100100000001
11
100000000
0110100001100
01000010000000000
01
0011
0100
10100000
1
1
00000001
1
0
10111100000
01
1
1
11
1100010000
011
1
11111
1
0
0011000000
0
00
11001
100000000000
0
00111
101000000
00000101
0000
0010110000000001
100001010000100000100000
00
0
10
0
11
0
1
010000000110000010000
0000
11
1
10100
101011110100
0
01010010
01
101000000
1000001000100100000000000000000000000000000001
1
0
11011110011
11110000
0100001000010000010000001
1000001
10
00110010010001000
1
0100001
01
1
1
01
1
00010
00010001100
01
1
0
0
1010000000000
00000001001001000000
0
000001100100101000000010
01100000000
100010110101100
000
00000
0110000000000000000000
0
1
10100001
0000000011
110
11
00000100001
0
0011000
000000000000000
10000000110010000000
0111
1
11
1
01
11
10001000000000000
11010100000
0
00000
011
00011000000
1
000100001
00
000
10000001
011000100000
0000110
00
11000000
10000000000
1000101
01
00
1
1
1
0100000001
110001000000010001000000
0
1
1
10001000111000000
10010000
0000000000010000000
1
1000000
110
010000000000
0
01
0000010100111100001000001010
00
1
0
100100000001
0
0
0
11110100
1101000
001000010000000
001000001011
110
0000000
0
0101111
11
000000001
01000001
1
0
1010
0
0
010111101101
1
111110000000
11
11000100
01100100
0
1
110101000000001
11010011011110111000
00011000100111
1
0
0
000111
11111
0000000010000100001
1101
110000000010010000
10100000
00
0001
0
11111
00000111
11000110000100
0111
11
0000000
0
00100
1110110011001
0
0
1110000010000
0
11000000
111000
000001011
0101
1101
0000101
1
000001010000000000000
000011
1
110
01
0
11
000011
0
1
01000000
01
0
1
1
00
1
11000100
10100010000
1101000
10010000000001000000
0
1000110000001100000
1100
00001001
11000000000
11111
001
001000
011
000001000000
0
10011000100000
000101
0
001
110000000000
01110010001
00000001001
