00001
01
0001
1
1000000
1
1
1
1000000000010000000
0100
1
1
000001
01001000000
11
0001
01
01000
0000001
01000
01
0001
0001
1
0000001
1
1
100001000
1
01
01
0001000
1
1
001
00001
1000
0000001
1
100000000
1
1
000
001000
001
00001
1
1
10
00010
1
1
0001
0100
1
1
1
1
11
001
1
0100
01
01
0001
1
0100
0001
1
1
0001
1000
0000010001
1
1000
01
1
1
1
100000000
00100
001
1
1
010000
1
0001
00001
1
1
1000
111
1
1
1
1
1
01000000
1
0001000
00001
1
1
1
11
011
00001
1
01
1
1000000100000
1
1
1
1000
1
000001
1
1
1
100
0000
01
1
1
1
1
0010000
1
1
10010000
0001
000
1
0100010001
0001
1000000
1
000001
01
1
1
1
1
1000
00001
1
1
01
0100
0001
1
1
1
0001
0100000
0001
1
0001
1
1
1000
0000001
000100000000
1
00001
1
1
1
0001
0001
1
100
00001
1
0001
1
100000
1
0001
10000
1
1
1
1
01
0100
001
001
000
1
10
00001
1
10000000000000
1
0100000000
1
00001
1
0100
1
1
00100
0000010001000000
00100
000001
1
000
00100
0100
1
1
0001
0010000
01
000010
1
1
1
10000
01
1
1
111
1
1
1
100001000
0001
1
100000
00001
1
1
0100
000001
1
10000
1
10
0000001
1
010000000
000001
01
1000
0001
1
1
000001
100
0001
01
01
01
1000000
000001
100000
0001
1
0100
1000000000
1
00001
10
1000
1
00001
01000
1
00001
0100
01
1
000111
1
0001
