1101111
1110001
0111111
11111
11101
11111
1100101
1
1
1111111111
11111
1
1
110001001000001000111000
101111
01111
11111
11111
1101101
011111
111111
11
11111
01
11101001
011111
111011
011011100
01111
11001100000
100001111
11111
11110111
110100100
01111
111
11
1111
11
11
011
11110010
11110111
10101111011
11101
111111
00010010000101
01000010010001
111
11
0010010010001
111110
11111
11011
1
1111111011
1
111011
1
0001
11111
11111
1111111111
011111100000011111
011
111
11111
111
11111111
11
11101
0000011
11111
11111
111101
11
111001111
1
01011110
11
1
111111
1001111
1
00000000000001001110000001000000000000000000
111100
1111111111111111
11001111011
1111
011111
111010010
11101
111111000111
11000111111101
1100011001
1111
011101
11101
011111
10011110
111110001111011001
11101
000100110100000
11101
011110111
110111
1
11
111011
111101
110111
111111
1
11011
1
11111111
1111
11111100111
111101
110010111111001111111
100111100000
11111
000000000000000000
10001000010001
1011011
0011101
111101
11
1
11111
01000010010001
111011
111111011111
111111111
11111
1
111001
01000000011001111
101111
010001
01111
1
11111
11111
1
1111010111101
111110
11111110111101101
11101
1111
00
011111
011
01111
1
1111000010
001111
11
0110111
1101101
0001001
1
111
111111111111
10010111
111
011111
1111100
11110
001110000011
11110
1100101111000
011100111000
1111111111
1110111
10001111
11111
111011
01000100011000
0111
101111
111101
1
011110010
0111
11111
111111
11
111
100010
01001000011000
1111111
1
1101111
1
111
111
11111
01001111
10010000010001
11
1010101
100111
1
111
11111
111011
1
111
11111
0011
01110101000
011111
01
1011011
110111
11101
01111111111111
11011011011111001111111
01111
0111101110
000110111
100111
01001000010100
01111
11111
000
010011
011001001100
11111111
11111
011011101
01111
100
111101
111
10001111
0111
11111
0011101
11111
11111000000110
1011110
1111011111111
11111
11111
11111110
1111111
11101
0111000111010001
111001100
11111
001110011011111111
011111
11111
1111111101
1101111100111
111100111
0101110
110111
11111
1110001
011
1111111110001
1
01111110110111
11101
11
11111
11101
001111
111001
0
1
110111
101111
11110111
1101110
01000101001
11111
11111
0100101001000
100110110
0100111111
011
11111
101101
11111
11111
11
1
110111
1
1
01110111111
1000001101
11111111111
110001101
10000011100
1011111
11111110
1100011101101
11111100110
1001110001
100001110000
111111111
0101101
10011110
1011111
1
1
1
11111101110111
10001000001100
1111111
1
1
11111
101
01111
1101000
111101
0
111111
1111101
010111
1111011
111111
11
101010011
0111101
11111111111
1
11101
100000001111
111101
001011111111111
011101000
1101011011
010000101001000100
11110
11111
1010001000001
1100111
01111
11111
101111
11111
1
111110
01111111111
0010011110
1
1011011
0000001000
11001101
1
1
111111
1011111
111111111
1111000
011
111
111011
11111
11111
110110
111001
1
0001
011111111
1
111111
1011010
11
1
11111
11110
000010110010000
111010
111
1110110
0110111
1111111
01111
10
1011111
11011
111111111011111111000000001
1101
11110001
1100111111101
11111
00010011110111100001000
11111
011100000001110
110111
11111101111
1001111
11111
1111
1110111
111
1111000
1111111111100101111000100000
111
110
11100011
11111
0111
110111
1
1111111
11111111
1111111111
010111001010101
11111
111010
1011000011
11101
11111
11111
1111111011
11111
100000100010001
11111
111
11101
1110111
1
1101000
1001100001
0101011000001
11
111100
11111
000000
111101
111111110
11111
001111
111101
1110000110000
11111
0111
1
1
111011
11110101
101
011101000100000
1
1
11111
011111
111011
1111111
111111
1011
001111
1011000100
11000101101
111111
1101111
111011111101
111001
1000001
1110011
00011010000001
011
101101
11111111011000000
11000
1111000010000110
1111000
011111
11001110
11111111
111111
11101010
1
110000001110
11111
1101011111
11110
11111
11101
1100010111
01111
1
111
1
0111110
111111
1
1111001
1111001111
10001000010001
1011101
1
1
11
0010111
11111
111101
110111
111
1
1111111110011
01111
1
1
101111
11111
1
11111
11111
1
111
1111111
100111
00111111
111110
1
1110100
1
11111
11111
111111
100
110111
111111
001111
11111
11111
11100010111111
1
011111
1111
10111
101111
1
00010010010001
11
1111110
011101
100000
101111
1111111101
111111111110
100000111000
1111111
11111
1111111
11101111111001000
1110110
1111
11111
0
11111
11010101
1111011
110011110
110001010101100
0111
11111
000010001
1
1111001111101
01111
10111100000
011101
11111
101111
00001011
11101111111
111101
110111
1
10111110
111111
111111
01111
11111
11111
1
111111
1110110
011
101
111
0110101
111110
11111
0011110
101111
1111001
11111
111110101111000001011001
111
111110
0111111
111001111
11111
111011
1111110
11111
101111
111111
1111
111
111011
1
11111
01111
111011
11110110
0010100111
101101
01111
11111
11111
11111
11111
1
1
1100000100000
11111
1
11111
1110011
00011111
1111010010111111
11101
1
1111
11
01000011110000001
011010110
1
11
1001111
1011110001
01001
1
011101
1110011
11111
1111
11000000010001
11001100
111111111001
111111111
1
11000111
111
11111
11111
11111
1
01111
11
111
11111
1
1
000011001100000
01111
11011
001110000000
1
111011
11110100000
1101000001
1110111011
0110010010011110
000
00101011
01111
11
01000000100011
01111111
11111
100010111
11111
01111
100001000000100001
1111
