01
00110
101100
01
1
01000100010000
1
1
11100000000000000
01
100010010000
1
1101
001
100
1010
100001000
100001
10
1
01001000100
11
1
1
0
1100
1
000100011
1111000
00011
0
100000000001
0
0101
000000000
001
0
01001100010
0101
001
0
0
1
11100000
1000010000
01
1100000
0101
1001001000
1
11
00000000
100
0
01100100001000
11
111
010001100000001001000
001
001
11
001
0001001
000011000000000000
100010000001
1
01
010100001
01
10001
01100010000
1
1
0111
1100010000
1
010
001
1
1
1100010000
1000100100000
011000000
00001
111
00
1
010000000
100001
1
11
01
11010011111000000
00001000000
1
00001
101
01
01
10100000000
0
1
001
11
1
1000
01
01
01100000001100000
01
1
1000000
10101
01
1
0111
1
1
1
1
1
1
1
01
10
1
01
1
1101000
10001001000
011000000
1
1
000001
10010001
100010001
0001
1
0
0101100
001
1
01
1
1
1
11001
1
0
1100000000100
0100001001000000
01
110001000
1
100
01
00
1000001001000
1
1
00
101
1
001
1
110
000
0100000110000
000101010000
1
0100101
0001
1
1
1
1
1
011000000101
0
100100
01000000100
0010
1
001
01
00000000
0
1
00001
1
1
0001
111000000000001000000
1
1
011000000100
101
1
1
1
111
011
1
0
1010010
1
1
1
10
1
1
1100000001110001
11010
1
1
1
00
0111
10000
100
001000010001
1
000
1
10
10010100000
10101100
001
0
1
0
1
1
001
00
1
1
10010000000
11
01
0
0111
1000100001
01
1
1
11
1
111
00
00
01
0001
0
1
10
0
1
010001001000
0001001001
11100
000011
1
111010100000
1
101010
0111
11
1
001011000
11010
11
1
00
1
101
01
1
001000
1
1
011
01
101
0
0
1
010000011000
100000
00000000000000
1100100
1
101100000
1
1
00
1
11
100111
1
10000
101100000
0110000100000000000
001
0
111000
001
1
0
00000001010
010
0
0
1
1
1
0010000100001
10
0
10000011
1
00
00
1
001
11
01
00010
010000
1
00111000000000
10101
1
0101100
11000001010
1
1110000
0
00
1
100
11
0001
1
1101
1
00011
01
1
1
1
1
0
1
1
1
11
1101
1
01
00000
1
11
0111
10100
0111
1
1110
010011
0
1
1
1
1
0
10001000100
001
1
1
1
10
11010
1
0
01
0
1
10100
01
10100
01
1
01
111000000
110000000100
001
11001000
01
0000
1001
111001
0
1
1001010000
111
00111
001
110
00111
0
0100000000000010001
1
1
1
110000100
0110000010
00
0
0001
1011000
00
00101100000
100100100
01
001
1
11
111
1011000100100001000000000000100001001
11
01
1
1
1
1100001000
1
1010000000001
0100100100
1
1
1110000
11000010000
1
11101
1
00010011
110000100
1
10
0
1
000111
01
1
1
1
110010
011000010000
1
1001010000001001000000010
0
10100
0
10
1
1
1
0010
1
1
101000000001
1
1
01
001
001
1
1
100
0
1
00001101
01
1
10
1110
01
1
1
01
100
0
0101
1
1
0
010
00011
1
01000001100
0010100100
110001000
0
0001
1
1
1
011
1100100
0000000100100
01
1
1
0
1
0
1
1011
10
1
1000011
100
01
0001
1
01001000000100
1
1
1
10
1
0
1
0
00000
1
0
0
1
0001010000100
1
0
1
1
01
00101
00
10100001
1000
1
0001
1
111
1
1
1
110
0001001100
1
00100000
10001000001
1
1
100
1
10000101000
0
0
1
111
0
0001001
1
1
00
1
00
10
1
101
01
1
01
1
0000000000000000011
0101
1
0
111
0
00011010000
01
11100
1
1
1
1
011011000
01011
011001000000000
01
00100110000
1100010000
0
1
1011001
1
1
0111
1
10001100000
100000
1
01
1
10
1
1000
1
11
10100100
0
1
0001101
0
0000101001000
001
100
01100001000
1
1
0
1101
0000000
10010
011
001
1
0
11010100000101
1
1011
1
1
0101010000000
1100
0100
1
1
1100
100010001000
001
110000
1
0111
1010000
1
11100110
1
01
0
1
011
110100
010010111
111
001
00000100
1
1
