1
11
1
1
1
1000
1
1
1
1000
000
1
1
1
1
0001
00001
001000
1000
1
1
1
0001
1
1
1
00010001
1
11
1
1
001
0100
0001
1
0001
1
1
1
0001
001
0100
01
0001
01
1
1
1
1
1
1
1
1
1
0001
1
1
000
0001
1
10
0001
1
1
0100
01
1
1
1
1
1
1
1
10
1
1
1
1
1
1000
1000
1000
1
1
1
1
1
0001
1
1
01
1
10
1
1
0001
1
1
110
1
001
1
01
1
1
000
0001
1
1
1
01
0001
1
000
1
01
01
1
1
1
01
1
1
0001
1
1
10000
01
1
0001
10000
1
1
0001
1000
1
1000
1000
1
1
0001
11
1
0001
1
1
1
1
1
1
1
1
1
01
1
1
1
1
1
010
0001
1
1
1
1
100
001
001
1
1
1
1
01
1
0001
0100
1
