0000
1
1
1
00
0
1
1
1
1
0
1
11
11
1
0
0
0
1000
1
1
1
0
0
0
1
1
0
1
1
00
01
0
001
0
0
1
1
0
0001
1
1
1
000
0
0
101
00
0
1
0
0
1
1
1
0
0
1000
0
0
0
001
1
1
1
1
1
01
1
0
1
0
0
01
1
1
11
010
1
01
1
11
1
1
0
0
0
0
1
01
0
1
1
1
0
0
0
1
01
1
1
1
1
11
1
0
0
1
1
0
0
10
1
0
0
0
0
1
1
0
1
1
0
100
0
1
100
1
1
0
1
1
10
1
1
0
0
1
1
0
0
0
0
1
0
0
0
0
0
1
0
0
1
0
1
0
1
1
1
0
01
1
10
1
0
0
0
1
1
1
0
0
1
0
1
01
0
1
00
0
1
01
0
00
0
1
1
1
0
1
00
1
1
1
1
1
1
10
1
0
01
1
01
1
0
1
10
1
1
1
0
1
1100
1
1
1
10
1
101
0
1
1
1
0100
0
0
1
1
01
0
0
1
10
1
00100
1
1
10
0001
0
0
1
0
10
1
0001
0
01
00
0
0
1
0
0
0
0
1
0
1
0
0
1
1
1
1
0
1
00010
1
0100
1
0
0
10000
0
0
1
1
1
1
0
1
10
0
10
1
0
0001
1
01
1
1
1
00
001
10
0
1
0
0
0
1
1
0
1
1
1
0
0
1
00
0
1
10
0
1
1
1
0
1
0
1
1
1
1
1
1
1
0001
1
1
111
11
1
0
1
0
1
0
001
1
0
1
1
1
1
1
00010
0
1
1
0
0
0
11
0
1
0
0
1
1
1
0
1
1
1
1
1
0
1
0
1
0
01
0
1
1
1
0
1
1
1
0
0
1
1
1
0
0
0
0
1
1
001
0
1
1
1
0
0
1
1
1
1
1
1
1
1
0
0
01
1
1
0
1
1
01
0
1
1
1
1
0
0
00
1
1
1
0
1
1
0
0
1
1
1
0
01
1
1
00
0
00
0
001
1
1
1
1
0
1
0
0
1
1
0
0
0
1
0
0
0
01
11
1
01
0
1
1
11
0
1
1
1
1
1
0
00
10
1
1
0
01
0
1
0
0100
1
01
1
01
001
