0001000011000111110111011100101101000000010000
00001
1
001
0001
0111000100100101001000000111000001000100000
100100000
10111
1
1
00000011
110000000010011100110001010011000000110010011
1
1
110000001010
1111101
11010000000000001
1
1
0
1000001100110
11000110
0111
0100000
1111000000000110
000110010000
01010101110010100010010010
1
1
111001
11100001000001010
100010000
11000000011100100
10100000100000000000
11
1001010
11000010000
11000100000
1100100100010001
11101000010110000000001000001111
00001001001100110100011110001001
1
1100000100000000
0000001100110000000000000000000000100000011000000000000010100
0101000000
0100
00101001000010
1001000
11010111101001101010
1
1100100000010000
0000000100000001000000
100000001110101
0010011010100101000001000010010001001001001000000001000000
0101000110010000
1
1
1
110000001
1
00010010000011100010000
10011000000
01001111011010100110
0010010000100100100100100
111011101
0100010011000100100
1
100100000
1
10000100001
111000000
01
01100000100100100000
10001001001001000010000000100
00011011
1
000111110110011111011
1000
001010010000
0001100010001110010000000110100010
111
1100010001101
011
100010001000000
10101
0110110001110111001001000001001
00000
01
00010000100100100100110000100011010010011010110010111010010000000000000000000100000000001100100000000100
011011000001
1
010000000011
01000001
100000001
001111011100000011000100000001110000000000000000
0001001001111101100011001100000100
00011110100011000
0000000111000001000000
100010000001010000000000
1100001000
00100100100100011100011000011111001011001001000010110011000001111
1000110000
110100110001001
10001001
11000010000000
0110001001000100
0001001000001100100000000000000
1
0000001010000000010010000
11110000000001
010000100000110000
0001
11000000
1
00010000011
11010110
111001000
011
000100000101010100010001001000000000001000011001010000000001010101000
11000000
1111000
0010010
01100100101000000001
001
1110
1111100000011110000110001
010100000010010000100000
00010000001000111100000011001011010000000101001000110101000101101
0000000000001010001010010100000011000001110101001001110110100101000100100010000100100111000000100100011010000011010001000
0110011111111
010001100
00001011100000001000
11111001
1
1
110000
01110100100000
111010000000000
01001001000000
1
0001100011
1
011
1000101001
11
10000001100100010100
001000001
011100001010100100100010100000000000010001
01
01001010000100
00110000
00011100001100000010000010010
1010001
10111
1
1
1
01010100000011110000
11001011110001000001000100011000
0010
1111011011100100001
1010001000000
000100101100100000100001
1001000101000000
0001110110000001011000110010001010001010000111011
000000000000010000000000010000010010000000000000000000000000010000101001001101001001010010001100100010110100000100010100110
00011000011
011010100000000100011001
0100000000101101001
1010
11
010010110010
011000101111001001001110000
000100000000000001000100000000100100111000100000101
110101110100111001010100000010000
0100101
01100
1
000011000111001000001110001101
011000010
11
0000100001
0000000000011000101000000000011000001000000001000000010000000000000001100000
0100100001000000
1001100110101111000100100000010111111
1100010100110
1000
0100010000000001
1
100100001
0000100111110111100111111001001100110
0100010000000001
01001000000101
000000010100011001001011001001000010100100
1
1
10110000000000
011
0110001100101
10000100000000
1110000011011101
1
1001010001010010100010001000000100010010100000000011000110000010001001000000
01
111
111
0100100111110001
0000
1000100
0000110000010000001100111011
1011000000
111110000010000
1
010010010000
01111000000010011011110111111
1110000000
001
1
1010100000000101
0001
10
001
011111111110100010001
01110000001000001
1
1000
00001001000
1100001000101010101010010000
0011000
1
001100000
000000000111010010011000110000000000011100011110
10000
011
111011011111
11000100000000010
0100
00001000100100100101010100101000110000001100
00011000101100011101010100000001011111000
11111111001011100001
0010100000000011110010100000100101110001
11
1
1001010000010000011110011011110100000000100010
0011
10
00001001001
01000000
10110011
010010111100000000000001
1
11001000010
1001
1000100000
00001000100010001001100000000000010000100000011
0101001000001
1
111101100100011
10110
110011100000111001101
111111000011
11000
001001010000101010001110010010100
011001
01
1
00000
1
001001
1
11
0101000100111100110
00001000001000000000
011100000101111100111000101010001110
10
0101000100011001101
1
01001000100000
00000000000100001001000000011000100100001101001001000
111111111
011110000001100
000000011011001000000
110110
1
10
0000101111101111111100
101010001000
1
11
10100010000
0111000001
11
0000
101001111001110100000011
01001000001100100100
000010000001
0000100000110010001000
01001110000010110000010
010
10101000101011010010101
001
1
0101001000
10010000011
01110000101010001000010101100010001000100110001100
1
01000010111010101111000010101100
10100101001010001010110001001
01010000010110
000001101111001111001100101
1000
0010011100000000001111100000110111000010100010000
111111111
1
101100000100110
001
1000010000000011111001001000101000100000001000100010000
11010000101010000
100101001000000011010110
01000100111011
000111110000100010010
101110010000101100110100001000110110
0111001101100010000
010010100000100010000
01000100000100
100000001111110011111
11000101001001001100010110100100100111001
1100100001
1010100110
0010011010000
00100100001
01000010000000010101100000000000000
0100010001010001000001001001
01010001001
1
0100101010010001
1000011000000
00001100000111111110011000101000000000011000000000000
0001100100000
10001
111
1
1
1
1111000000
1
111000010000
1
1111100011
010011010000010010
1000010011001011000000010
0001000100001110011001011100000000000110000000000000000000
11001000000000
10000100000
0001000000110000000001
101100
0000011
110001000000
111011101011111010
1000
1
11001001
1
11111011000001010100100100000100010011110000
010100001
1100110111110000
1111110111111
1
100000000101000000011001000
00100010111110001000010
1
1110000
10000010000100000
10010000
111010010
0011000000010011010010001000000000000001000
11
000001001000000
1111011
01
110010011010010010010100110000000010100101000000001
10000000100100010000
0001000101000010010
11100010010000100000100000
0100100000101110010000001011000100
10000000001100010110000001100000000000000001
01010000100
0
11000010100001000
1
0111
0100101
1
1
0001011000100110011100101010110100011000100001000010000010000000001001010100010001111001111000100011100000
01100000100101
1000111000
0000
11110100110010
1101100011010100011010000101100010001010010000010010011010
10000000101010011100000
00100010010010100000100000
0000101
00011110110000000
1001001000100000
1000001001010010
01000000000101101000111000001000101010101010010
11000100000
0011111001000000000010011
001000010100000101001111000110000000110010010011000010011100100
110
0110000000100
1
0111101110010
1
00010000
1
0000000010100011100001111010010010100
0101001000000000
1
10010001100001100000
1010000000000100
10000101000
0001010001100100010000000
1
1
0000110010011000010111000000000000000101010000010001000111001000100100
1
01101001110
000011000000000110011100110001100010010000000100001100100001
000001110100110000010100100111001000000000
0010010
0000000010000001011001001011000000011000010001000101000001011
01
010100001000100110
1
110010000000111101011100110111010011000010000010
1000
011
0000000000110001000000010001000000000
011
0000110000000110100100101001010000010010000001000100101
0111101
1
11
000000100110011001
10100000011011111001111111
01101110001110000000000110100100100011000000101110010000
1
11
1
11110000000000000001000000
1000010010001000011001100110001010000101
10100110100000001000011101
1
011
1
111111011000000111
011
1
110000
10101111
0000001000000
000000000000100000011100000000001
11011
001000101
1
1
100110
11100100000000010
1011101110001111010001001
1
1111000010001001
110011111101
1100
11100000000001
011010010
10100000001
0001
1
010100000110
101100000
1100100000010000100000
001101101100000110001001110111100100001
0110001000000
00001010000000
00001100111011101011111
0110101101010010011100111000010
1
110101000001000011000100000000000
1111000
00000110110000100
1001
10101010
011111000001100111
0001000110100010111
100010101001110111001010
1
00100001001001001001010010100001001000010001001010
1101111
0
0001
1
01000
110010100000010
100001000001
100101001100110010010100001110011000100101011110001100
0000010000100000101000
0011000
1
100100101000000
010010000
01001
000
00010000110010001001010
11110010000111
1
1
000011
1
001
0111000001010000100001000011000000011011110110111
0000001000001
111
01111001
1
0110111001111110011
0101110000011
0
100000
100001100000010
00000000000100100100100010000000000000010
1101000
0
1100001001001000000000
100100011001
001001001110000001010010001011000000000000000100
10101
011100001010000000
100
01
111110100100
111011110010010
1101111100011
1
111010000
11
00010110010010
000100010001
1
1
110000000001
01011000000
11111111
1
0011011100110010010000101001010000001001001010100010
101000001000
1
11001000000000
1
111111110101
1001000
0110000100000111
01
00000100000100000011100000010000000000100000010011000110010011110100
1
011111011101100
100010110100000111100010000000
0100100000100000
1110111
0111100000111000
1
1
001011011010100011101
1
0000110100000000
1010000000001
000100011000110110000000001000
10100001
000001
10111
01100111001100101001
10111010010000111110011000001000101000
10010010000
001
11000
000001000111100111100100011100
01100001
101100110
0
1111000111101000010010
1000101100
100001000110011000100000000110110001001010001101100010001
1
100000100100010000010
0001001001000000000110100111000111010110010000011
011111100011010011
010011000010
11
1
000110011100101010010000
00011110011001010000000101000000000001
11101101
01000100010001
00010000000001000111000100000101100001010010001001010001000000100000000011000100010000110010011
01100000001
001010010
1
0000000000000001010001011010000100010001010111010000010
0
01100110100101
1110110010011000
100000111100100110110000101000100010101000100010
0001
1
0000101
1
01001001100000100
001111
110110100100110000100000101
01000000000000010110010
110010000000001000000010
01111000000001010
110
100001001001011010010001000000000001
000001110010000000000000
110010001001001
00000010010100000000000000
0
101
1100100000011000
00100100001
1100000001
1
1100000001001001
1
0010000000111001001100011000100
110000000010111010010
00000010000101001100000000001000000100100
11011111001101
11000000001000000000001
001111011000011000011
011100110001000
1001
1
000000
1
00101011000010000
1010111011110100100100100100000101000000110001
000001000011000001001110000000
000001000100011110000001001000000100101
0101111011000010010111
10001000000
0110001100010001101010010001010110110000100100
000010010100010000100010100
011011010111
0001001000000000011000001
1001
1
0001
010001001001010000
1110011111
01101101010
111111011010
0110010
1001111
0001001001001011000001110010010100000010100010000110100000100000000001
1
000000
1100001000
001001
10111001111000111001000
01101011000110
00001011111111100010111001001
0100001110001000101010010010010000111100100
100011110100110100110000000001001
011100101101111
11110000000111
001110101100000110000
01000010000000111000001110101100100000000010001111000001
00000010011111101111111001010
00000000100011101000111000
10001101111111
00101000100011000100010100101000
101110111101101010010000000100010
111010
000000100010101001001000010011101111
01001101
01110001000000111001010
010001000000010010000
11
01
1111
00000110000000
1101000000
100110000001010
1
1
1001000000
11110101000
01101110000100000010
10
110001100000100010001000010000100010010001011000010
01000000
101100011100101
1111101
11
1110000000
11001000000
00000000000000100000000000101011101110000100010001000110100010
1
1000100001001010010
0101010
1111101
11
1
01101001000
100111010110000111000110110000011000000110
0100001010000110
1
0110101001000000
1
1111101
1
01010000
100001010010
1
0010011000000
1
111000010
1111111110111011
0000100000101110101
1
01001
1
00000011010000100001011010
10
110000010001101001000100011010100000001000000010000100100000010
11111110
1000010000101001010101011000100100010000010000
111111
10001000100000000100001
01000100100000
1010011111101000000000000001
1101111000000000010000110001000000
000000010011
0111000001001
1
0000100
1000000000000001011001
100110100010011
1
1
10010010000000000
0111010011010010
100
1000001001110000
011110011000110000000000001000
010110100
1
1
1110000001000
1000001
11111111
0100001001000000
1001000
1
1
010100110111111010
1
111010001101011001100100001000001000100011
01100010000000
010101110000000
0
10001001000100000000
10011000000010010
10100100
011000001
11000010000
0100000100100001001
0101011101010011000000010100000000101
11011
010
101
0001011100100010
1
1010010101
1000000010101010101001001000
00000000000010110101001001100001000000000110100000000001001001010011000001000000100100
10010000001111011001000010001001000001011101
0001000011000100000
0000101000010110110001010010010010010
0010111000000
1
01111001000101110000100101000110100
010100000
1
0010011010101000010111000010001001011100000
001100
0111111001100011
01010000010
011
1
01011100011000010010001011010001001000
01100010000001010
0011010110000000000
1
11
1111
11010000001100000010011000000
1100010000000
0000000110001001011010000
1
1111110110
0110000000011
1
1000100000
001
0101000
10001100000
01010100
1
00010010010100100
11000001111
1
0000000111011000
100010010
010001000011110100101010010001000
0110001010000010010
1
1100111100011
010100000001100011001001010010011010
1
100100000000001
0111010011000000110
100000100001000101000100100100010001101
11
0011001000000
0100
111110010010011010
00000001000101101000000
0111001000011
1110101010001
000001
