000001
1
00001
10010
11
1
100010
101
1001
0000101
1000001
01
1
01
11
10001
011
1
00011
11
1
1
00010001001
0
100000
0001101
1
10000
011
00101
10000
00001
00110
011
0011
0110000000
00001
01
10010
001
1
11
01
0110000
11
0001001
11
1
11
100001
11
11
01000
11
01
101
100001
1
11
0000
1
01
001000
101
1
110000000
000011
0101
11
1
101
0001001
11
00001
0001001
101000
1
11
1
011
1
1
100010
1
10100
00001
001100000
001001
1001000
11
0
01
011
01100
00011
1001
10000
101
0100100000
001
11
11
10000
00001
0000001
11
11
11
1
0100000001
1
1001000
001010000
10001
010000
10000
000110000
1
1
1001
0000011
1010
00011
1
11
11
11
1
00011
11
1
10001
1
011
11000000010001
11
1
01001
11
10000
101
01
11
0101
11
00001001
1100000
00011
10
0010100000
1
1100
1
11
01100001000
101
10010
11
00011
1
011000
101
10001
0100001
1
01
000101
1101
001001
0101000
001
00011
1010
01
01001
0001
11
1
11
000001
01
10010000
1
010001000010
1
100001
01
000010000010000
1100000
1
0001
1100000
100010
100
00000011
1
1001
1
0000011
11
0100100000
000001001
1
10100000
11
01
1100
11
011
0011
01001000000
011
01001
0011
00011000
1010000
11
00101
0
0011
00011
10010000
0001
01
11
10000001
