0001
100000
1
001
10
100
1
0010000011
1
10000
001
00000001
010000
10001
0000010000000000
001000
0001000010
0100
0000001
010000000
0001
010000
1
100000001
011
0100
0001
010000
0001000000
00000
00001
0001000
100000000
1
00010000
00100
000001
10000
000001
001
1
000001
00001
001
1
1
0001
1
00110000
01
1
100000000
10000
000001
0001
1
1000
0001
00001
1
010
00001
1000100000
0100
1
1000000
1
1
0001
00001
100000
01
000
0001
1
1
1
010000
01
1000000000
0100000000000000
0000010001
1000
0001
00001
1000000
0001
00100
000000001000000000000000
0100
001
01
1
1000
0001
100000
0000001000000
1000000
00001
010000
0001
10000000000000
10001
1
11
1
1
1
00000001
100000
1
0011
0001
1
001
0000010001
1000
0001
0001
1
100000
1
0001
0001
10000
00001
00001
10000
00
001
00001
1
10000
0001
1
00001001100000
0001
0110000
01
00001000000000
0001
01000
000001
001000
0100
01
00001
1
1000100
1
0
001
10000000001
1
01
0001
0000000000010
100000000
000011
1
10000
001
1
010001000000
00001
100000
010000000000000
100000
01000000100000000000000
1
100000
0000000001
10
0001
000000001
10000
1
10000000
010000000000000100
0001
01
01000
100000000000
01
10000
0001
000001
10000
00001
01000000
0000000001
10
000001
100000000000000
001
1
10000
00000001
001000
00001
10000000010000
10000000
011
1
000011
00001
10
1
1
0001
100000000000
1000
00001
1
1000
1
1
1
000100001
10000
00000001
010
0000
1
1000000
010
00000001
0100000
00001
1
1
1
0100
100
0001
1
00001
10000
00000
01
000010010010001
100000
00001
00001
010000
1
0001
00001
11000
0000001
1
10000
000000
01
1000000
10000
0
1000000
01
000001
100000000
000011
1000
000
00011
01
100000
01
000001
10000
00000100000
10000
1
10000
1
1
01
00000001
110000
001
1
0001
00000000001
10
1
00001
001
100000
001
1
01
10000
0000
1000001000001
1
1
100
1
1
00001
10
100
1
000001
1
00001
1000
000010000
10000000010000
1000
1
00000
0001000000000
100000000000000000
011
00000
0011
1
0001
0100000
100000
100000000
0001
1
0001
10
000001
00100000
1
1
00001
110000
00001
01
01001100
0001
00000000100
0010
10
1
100000000000000
0010000000000010
1001000
0001
000011
001000
0001
1
00001
10000
0001
000000
001
001
00001
00000
1
1000000
01000001000010
1000000
00100000000010000
100000
0100001000000
000010000000
10000000000000
1
110001000
00100
0000
000001
