000001
1
0
1
000
001
0
1
1
1
1
1
1
1
0
0
1
0000
1
00100
00001101
1
11
1
0001
0
0
1
0
0
101
0
0
11
0
1
1
0001
10000001
1
1
1
0
1
0
1000
0001000001000
0100
1
0
1
00
0
1
0
01
0
0001
1
1
0
1
1
1
000
1
0
00
1
1
00100
1
0
11
01
100000000
01
1000000
0
001011
1
1
001
0
1
0
1
0001
10
10
0
1
001
0
1
000
1
1
1
1
00001
0
10
0001
0
011000
0
001
00
0
100
00
000
11
1
01
1
10
001
001
1
1
1
10
000001
01
1
10
1
1
1
1
1
001
00
1100
0000
1000000111
0001
1
1
1
1
10001
1
01
01
101
0
1
1
1
0
01
1
1000
001
01
01
1
11
01
000011
1
0
0
000
001
1
1
1
1
0
01
1
0
00
1
1
1
10
0
00
1
0
0001
100000
100010000
1
1
1
01
001
1
1
0
100001000
01
1
1
01000
001
011
1
11
1
1
0
1
0001000
1
1
001
001
1
1
01
1
0001
01
11
1
10000
001001
1000000
0000
1
100
00
0001
0
0
00
0
0
1
1
1
10000
0
0
001
1
1
1
0100
001
0001
1
1
1
10
00001
1
1
1
1
1
000
000001
10
0010000
0
1
011
1
01
1
1
1
01
01
1
00010
100
1
001
1
100
1
1
0
0001
0
1
01101000
11
11
010
010000001
1
1
1
1
1
001
00
1000
01
1
1
0
1
1000
00
1
1
0001010
01
0
1
00001
1000
0
11
11
1
0
01
100
1
1
0001
1000
0
0
1
0001
0
1
11
000001
0
1
1
0011
1000000
000001
0001000
0001
0
101
0
1
1
0
001
0
0001
1
1
111
1000
1
11
1
01
0
0
1
1
01
0
0
1
00011
1
0001
01
0
0
01
00000
10000
0
1
1
001
0
1000000000000
110
010
011
1
1
1
1000000
001
1
1
01000000000
0001
1
0
1
00
0
1
00
1
00
0000
1
11
10000
1
1
0001
0
1
10010
1
1001
1
000
01
001
1
1
0
0
01000000
001
0
100010000010
100101
1
0
1
1
1
1
1
1
00000
00
10001
1
11
0
01
0001
001
11000
001
0
01
1
1
0001
10000000
0
1
0
1
11
1
10
100
0
1
0
0001000
001
0
1
1
1
1
1
1
111
1
1
1
0011
1000
001
0001
0
1
1
1000
1
0001
1
10000
01
01
0
1
0
0
0100000
1
100001
1
0
1001001
1
00000
0001
0101
100
0
00
0
1
0100000000
01
1
1000
00000
00
0
1
1
1
1
1
1
0
01
0
0
01
1
1
1
0
110
1
1
01
001
100
1
0
11
001
0
100000
01
01
00
10000
01
1
1
0001
0
11000
001
100
00
001
0
1
01
01
1
1
0
10
000001
0
0
0
0
1
1
1
10000000
001
01000001
0
1
1000010000000
001
1
1
100
000
1
1
01
1
0
1
1
1
1
1
0
0000
1
1000
0
1
0
0
0
010000
1
00011
1
1000
000
11
00
0
1
10
1
1
0
1
0
1100
0
1
1
0
0
1
1
0
01
1
0
0
11
01
01
1
0
1
01001
01
0001
001
001
01
0100010000
0
0
00
1
11
1
1
101
01
10
0100
0
0
0
1
00001
1000
001
0
1
1
1100
001
1
00
01
1
10
01
111
1
010
1
00
0
0
