0
1
0
1
1
0
1
0
1
1
1
1
0
1
01
00
1
1
1
01
1
0
0
1
0
1
11
1
1
0
1
1
1
1000
1
1
1
1
0
1
1
0
1000
1
1
1
0
00
0
10000000
1
01
00001
1
01
1
0
0
11
1000
100010001000
0
100
1
1
0
001
0
1
1
0
10
0
0
11
0
1
1
0
1
1000
1
1
0
1
1
1
1
1
100
0001
1
001
1
1
01
0
1
1
1
1
0
00100
1
0
1
1
001
1110000
1
1
000111
1
1
1
1
0001
1
1
1
1
1
00001
1
0001
1
0
1
0001
1
1
0
0
0001
1
1
0
001
0
0
001
0001
1
1
1
0
1
0
1
000001
0
01
1000
1
01
0001
11
0
1
00001
1
1
0
1
1
1
0
0
001
1
1
0
0
0
0
101
01
1
1
0
0
0
010
1
0
0
1
01001
0
0
1000
0
1
0001
001
0
1
1
0001
11
1
0001
0
0
1
0
0
0
1
1
0
1
1
1
1
0
1
1
0
1
1
1
1
1
0
001
1
0
1
1
1
1
0
1
1
11
001
0
1
0
0
0
0
1
1
1
1
1
1
0
0
1
0
1
0
1
1
1
1
1
0
1
1
