1111
0010000000010000
1111
0100010000100
100000000001000000011
1001
0010001000
100000001000
010000001000
100000001001000000001000
010000000000110000100000000
01000000001000
11
100001000
11
010000000100
10000010
1001
0000001000000
11
0100010000
10000000000100
010000000001
0001
100000010100000000000000100
110
01000000010000000100001
11
11
10001
100001000
0100000001000
00010010
10000010
010000000001
100000001000
00010001000000
00010000010
10000000100
1000010
10000001
100000001000
0000001000100
10000000001000
0100010000
1000000000000010
000100
01001000
000100000001
11
11000100000
00000100000010
000001001000
1000000010
11
11
010000000010
11
110000
0100000000010
11
01110000000000100
000000100000000001
010000100000
10010000000
101000
11000000
101
010000001
1100100000010
11
001010
000100000100
00010
100000100
00000000001000000001000000000
1101000000000100
11
00000010000001000001
10100
01000000000010
00010001000000
100000001
00000100001
000010001000000
1000000001000
11
11
00011
1000010
11
0001000
011
1000000000100
0001000000010
10000010
0010000001010000000100000
01000000011000000000100000
100001
00111
11
100000000010
010000100000
11
1101010
1
000100001
011000000000
0001001001001000
100000001000
100000001000
100000001000
10000001001
10000010
100000001000
00001001
