11
11
11
11
11
000011
11
011
11000
0000111001000001001
011
00011
11
10001
011
11
11000
00011
010001
11
001001
11
010010
0011
100001
001000100000
0101
10000001
001001010000001
001100
11
101
11
11
11
10010000
11
101000010100001000000011001100010
11
01100000
101
011
11
11
010100000
1100011
00010001
001001
11
00010001
11
11
110101
11
11
10000100
11
110
000101
010010100000010
011
11
11
1001
11
011
111110011
11011
011
10010
11
10010000000
11000
11
011
11
11
00010001
11
0100001
10000001
100100
11
11
110
0011
11
0100001
000011
11
00100010
110
10001000
1100
00011
1100
101
0011
00010010
01001000
1001
11110000
11000101
011
000011
1100
000101
00011
10000100000010000
110
11
11
11
1101100000
11
11
111
01001000
1001100
000011
01000001
00001110001
0001000100110
101
1000100
110001000
011
1001
011
1000001
11
11
11
110
0101
0010001
11
000001111110
00100111
0101
101
0011
1110
11
11
1000000
11
11100001
00011
11
0011
11
0110000
11
1000001
0000110000
0011
011
11
11
0
1100
11
11
1
110
11
11
11
100100
100100000
11
1100
111
11
1000010110
0101
1111
00010010
1001
101
1111
10
0011
110
000
11
1100000000
101
010001
101
11
00010001
100010001100001000100
1110001
01000001
11
11
1000100
11
111111
100100
11
11
1
11
00101
000011
11
10011001
0000001
11
11
11
1100
1100
010001
000011
111100
0011
111110000001
10100
000100011000111010111100001000101
11
11
11
11
1100
001001
011
01111101
11
11
000000011
1100
0011101
00000011
110
0011
000011
110001100110
101
101
100001000
11
11
110101
111010110
00011
10100
100010
00101000
1001
0011
101
110000
00011
11
0001000011
11
01001
100001
01
0011
101
11
100000001
010001
1010
00010001
1000000
101
10001
11
10010100001000010000
00011
11
1000001
0011
11
1000100
11
101
0011
11
001
1100
101
100100011000
0011
0101
1111
000101
11
11000
1001
11
001111
11
00000011
11
011
11
10111
1001
11
0110000
110001001
11
1100
1001
01001011010010000
1010
101
10001
010
11
11
11
00011
11
0011
10010
11
1
00100001
011
11
11
11
11
10011
11
1010000
01001
1100
0101
011
01010010
1001
11
11
111
110
11
011
100010100000
101110
10001000
1000001
00011000
000011
1000100
11
11
11
1001
0011
11
11
100100000
1000001
10001
01001000
001001
10001
0110000
011000
10001
11
10100
11
0011
11
11
00011
1100000
0101
11
11
0011
11
101000
11
1000001
000011
10001
11
000001001
101
11000
00011
11
11
11
01001
1100
1001
11
10100
11
11
11
11
11
11
1111
00011
010010
11
010001
00101
0110
11
100001
111110
1101100000
10000001
11
11
10100
11
0001000
0001001
0011
011
11000
011
0001001
11
11
11
0001001
11
0011
010000000
11
00011
011
0010100000
11
1000111
110
100001
0100
00101
11
110001000
11
1001
1001
10100
0010001
010100000
1100
11
011
0
0011
11
11
01100
011
11
0011
10010
110
011
11
11
1001
11
11
10001
00010001
011010111
11
11
11
011
10000001
0101
101
11
11
011
1010
10000010
0101
11
011
1100
01001
11
11
11
00100100
11
10001
011
110000
1111
0010001
000011100100010100
000
10000010010
1100
101
11
11
11
10101000010000
000011
11110
00010110
10000100
11
010001
100100
10001
1100000
11000
010000001000000
11
1000100
1110010000
11
110
010001
11
00011
