11
0111
11
11
0001001
11
11
11
11
11
011
1000100
101
111
11
11
10100
11
11
11
11
11
11
00010001
11
11
0010001
11
10100000
001
1
11
1000
11
011
11
11
1
11
11
00100100
0010000001
11
011
10001
11
11
11
1
011
11
11
11
11
11
11
1000001
11
010001
11
101
11
100001
0010001
11
0101
011
100000011
01000100
11
100001
0100100
101
011
11
11
11
10000001
000101
11
0010001
1000001
11
1000001
11
11
110
11
11
011
0001001
1101001
11
11
11
11
01001
11
011
11
11
11
11
11
010001
11000
01
11
1
00011
11
11
00011
0011
000100
0010001
1000001
10001
11
11
11
11
11
11
11
11
1001
11
101
1
001001
100001
00011
11
11
11
11
11
11
0011
101
11
11
