1
1
000001
0000000001
1
1
1
00001
01
10
1
1
1
00001
1
000001
1000000
1
01000000
0001
1
1
1
1
0001
1
00000000
00001
01
001
00100
00001
10000
1
00001
10000
0000
100000
1000000000
00001
00001
00100
000
100000000
0
001
1
1
1
100
000001
10
1
00001
1
1
1
1
0
1
0
1
01
0100
01
1
001
1
10000
001
1
000000
1
01
0100000
001
0
0001
1000000000
100000
000001
1
100000
00000000000000000000
1
1
1
1
000000
1
01
1
1
00100
1
00001
1
01
1000
0000
0100000
001000
0001
0100000000
1
0001
00001
10000
0000001
001
000000010000000000000
00001
0000000000
1
1
1
1
1
0001
0000000000
000000001
10000
01
1000000
00001
01000
1
0000001
1
00001
1
01
1
000001
1000
0000
0001
1
00000001
001
1
10
1
00000000000000000000
01
0100
000011
10000
1000
010
00000001
1
001
1
0100
1
10
1
1
1
1
1
00001
1
1
1
1
1
1
010000
00001
100
010
00001
