1
1
1
0001
010
1
1
1
1
1
1
01
01
10
1
0001
00001
1
1
001
1
1
01
10
010
01
1
1
1
1
10000001
1
0001
1
1
10
1
01
1
01
1
1
1
1
1
1
1
01
01
1
01
1
1000
01
01
1
100
100
10000
1
10
1
1
1
1
01
1
01
1
10
01
001
1
1
1
10
1
1
001
1
01
10000
001
01
1
010
001
001
001
1
0001
1
0100
00001
10
01
1
01
1
1
010
001
01
1
1
10
010
01
001
1
1
1000
1
1
001
1
1
1
01
1
100
1
01
0001
010
001
01
1
10100
01
1
001
1
1
1
01
1
01
0001
01
01
1
1
01
001
1
10001
1
1
1
1
1111
1
10
1
1
0001
01
01000
00001
1
1
1
10000
1
1
1
1
1
0001
1000
1
001
1
1
1000
0001
001
10
1
00001
1
01
01
1
001
1
0001
010
01
01
01
1
1
1
1000
1
1
01
01
0100
1
1
01
01
1
10
100
011
1
1
1
1
1
1000
1
01
1
10
0000
1
1
100000
1
1000
01
1
0100
0100
01
1
1
1
1
1
10
1
01
001
1000
100
0001
01
01
010
00001
0001
1
1
1
1
1
1
1
1
1
1
001
10
001
1
1
1
1
01
10000
0001
01
1
10
1
01
1
01
1
1
1
1
1
1
1
1
1
1
01
001
1
1000
01
1
100
1
10
0001
00001
010
1
1
1
1
1
001
1
10
00001
01100
1
01
01
01
00100
1
1
1
0001
10000
011
1
1
100
0100
1
1
1
0001
1
100
0001
001
1
1
10
01
1
1
01
1
01
10
11
1
1
01
1
1
10
100
00001
001
1000
1
1
1
1
1
1
01
1
1
01
001
01
1
1
100
01
001
0001
01
