1
1
1
1
000
100000
0001
10001
11
001
1
01
01
1000
0001
000101
1
0100
1
000011
110000
1
001
1
001000
00001
00000000
100000
0001
10
0100
00001
00001
1
001
1001
1
001
1000
00010001
10000
000000001
010
001
1
1
1
1
01000
1
1
0001
1
110
1
010
0001
000001
0000010100000100000000000000000000
100
0001
01101000
1
000001
1000
01
01
001
01
010000
1
1
1
01010000000
00001001
01000
1
1
10001
1
10
001
10
0100
1
00
0100
00000001
1
010
1
0000001
01
001
1
01
1
1
1
001
1
001
1000
11
00001
001000001
1
01
01
001
10
01
0001
0
00100000000
0000001
1
1000
0000000000001
1
1
0110001
10000000
001
1
100000
10
01
0
0101
1000
0001
00001
1
110
01
0
0001
00100
1
001
1
1
1
011
1
1000
1
00001
1
001
1
0000
01
011000000000
1
00001
1
10000000001
0100000
1
1
11
0001
01000000
001
1
1000
11
00011
00100
010
00001101
0100
0001
0001
0100000
00001
1
0000100000
1
1
00101
1
0100
0100001
10
110000
1
0000001
1
10000
01
1
10000
1000
100001
0001
0
0000000001
1
01
1
0001
0001
0001
1
10
0001
00011
1
1000
00000101
101000000
0
1001
10
1000
1
0001
0001
0100
01
1
001
1
0001
1000
1
1
1
0001
10
10
001
0001
1000000
1
01
1
001
1
100000
0001
10
00001
01
1
0
0001
1
1000100000100000000
10000
1
101
1
1000100000000
0
001
1000000
1
01
1
1
001
0100
0000001
1
01
100
0
11
010000000000
0001
01
010000
0001
1001
1
11000
0001
0001
10000
1
00001
0001
10000
000011
01000
1
1
00001
00001
000100000000001
1000000
011
1
10000
1
00100
1000
001
100000
10000
001
1000
1
00000000000100000000000000000000
10
0010
1
0001
0001
10000
1
1000000000000000
0
1000
1
1
1
1
1
1
10
0011000
00
000110000
1
000000001
01
1
0
00001
10000001
0001
000001
0100
100001
001
100
0
00001
1
1000
00001
100
110000
100
0001
000001
1000
1
0001
1
1
10001000
001
001
1
10
001001
1
0
01
1000100100
01000000
1
1
1
1
100000
001
001
1
1
1
00100
1
0001
1
1
0001
1
1000
000001
01000000000
0001
1000000001
1
1
0001
1
1000
1
001
0001
00000010000000000000000000000000
01
100001000
100
0001
0001
11
0
1000
010000001
1
000
1
00000001
10000
001
1
1
1
1
1
010010000
01000100000
0001
01000
100
1
01
0001
0100
0000001
1
01000
1
1
0001
1
1
0000000001
10
0100
1000
0001
1001
1
1
1
1
00001
00001
10
1
000001
1
1
1
1
10000
000001
1000
0001
0100
00010001
00100
1
0001
100000
1
11
1
0000
000000001
001000
1
