1
1
00010011
1
1
1
000000001000000000
1100
1
1
1
1001010100100100000
11
1
00000011
1
1100
1
10011
10
1
1001000000000
10010001100
1
01010000
1
1
1011
10010000000000
11100110000011000000
1110
1
1
1
1
0100100010000
111
1
001
111
111011000100010100000010000
0001
011000
1
1
1
11100
1
00011
11000
1
101
111
1
1
0011
111
010001
1
1
1
1000000001
1
110
00001001
001
11000001
001
1
0011
011
1
1
1
1
1
1
011
100100000000010
1
1101
00101
10100
0001
1
1
111
0100101000001000010
1
10100001
01001
101000
10010000000
01000101
11
11
1
1
1
11010001011110000
11000100
110000
1
1
1
1
1
1
0111
10101
1
1
0000001100100000000
01
1001000000
1
1
011
10001000001
11
10000100
11
01001
1
1
0011000
1
001011
1
1
1
1
1
1
100001001
111
1
1001000
11
10010000
10000000
010
011
11011
011
1
1
1
01110
1
1
1
1
0111
001
01110000
10001000
001
010100110
1
1
1
1
1
0101000
1110101001
1
1
110100
00011
1000000011
1
1
110
11
001
111100000101010100
0000101
1
1
1110
1
011
100100100110010
11010
000101
10010000000
1011
000110000
011
10100000
001
100001
1
011
11
00110000
001
1
10
1
01
1
1011
111011010
001001
1000000
111000
11
0101
011000
01
0011
1
1001
1000000
1
1
100011000100100
011
11
1100001000
11
101
1011101
101
0011
0101000001001
1
010011001101111010010010100100
1
010100111110001
101
11
1
011
011
000101
1
1
1
00100100
110000001
101010
011
00101
1
01000101
11
01
1011
11000
1
1
010101000
1
1
1
1
1
1
10010100100000
1110
1
000101
11000
0010001
1110010000
1
110
11
1
1
0000100000
10000001
1
011
1111100
11
1
1
1
1
0000011
11000
001
1
1
1
1
1
1
1
1011
1
1
1
1
0
000000000101
1
01
11
11
1010000
11000000000
1
00110010
1
110
1
1
00011
11
00011
0110100000001
1
1
101
1101
10010001000
10001
11
1
1
1
1
0010010001
011000
0000100
110010000000000
01011
11100
10111
1
1011
11010000
1
1
1
110
001
1
1
11
1
1000
1
1
100011
000111
11
1
11
10101
000101
011000
1
1
1
1
1011
1100
011
1
011001000
0001
1
011010001000
11010000000000
1110011000
00101
1
11
1
1
1
1
1000100001
1
011
1
1
1
00011
111
110
1
0101
001
1
1
111
1
1
1
1
110
01
011
11000
1
1
1
1111001100
1
0101
1
1
1
1
10
0001
011
1
0011
1001
1
1
0101001111000
10100
1
0001001
1
1010
001000100001
1
1
1
00100001
1
00011
1
0111
1110
011
1
1
011
010000001
010011
1
0011
100011
0010011
1
1
0000000000000
0111
011
111
01
11
1
00011
01011
1
000100100010
1010010000
00110010000
10
011
1
00010010011
110000
1100
1
1
011
1
1
0011
1100001
01
1
1010
11
010
0001101
1110
1
000001001
1001000000000001
111
0111
11
1110
1
1011
11
111
1
01010001
1
011011
01
10101
1
1
1
100001
100011
1
1
1000001
1
011
011
1
11000110
1
1
1
1
011
1000001
01111
1
1
1
111
001000
1
1
1
011
10100
1
011
1
111
0011001001000000000
1
1
110101
011
0011
1
1
0110010
001001
1000011
1
1
1
1
1
1
01010001
100010
1011
0001001
1000
10011
111
1
11011001
00011
11000001
11000
011
11
001
1
1
01100000
1
1
11
000100001
1
10
111
1
00101
1
1
00110000
11
000000010000011
1100
01
1011
0001100001
