011101
00
0
1
1
1010110110000
010001110000
1
10000010000001111101
0
10011
00
1100110001
1100010011
0
11
11111
00
011001
10001
1
1
01
00
1100110
110111
1111
01000101010001
011
0
0
110001000000
1000011101010100000000
011111
11111
11111000000010
01100
0
1000
010000011100100
1110
1
0
10
011
0
11110100
1000100100010010
00110
0
0
0000010111
011
1
00110111111
1000010000
10
111010
0100100010101000
110
100
1
00010111
111101
000000011
1111100
11
0
11100000
10000010011
010001
010110100100000
110101
01100100000100100
01
1111100
011111
1001111000000
01100010001100
0
1
110
1
10100010100000010010000101
1
10
1
1
01000100100010001000100000110000010100101100000
10000101
01
1011111
100100001
010
10100110101000
10
010
10001010010100
1110000110
1101000000
1
0010
0
101110100
100
00111001100
0111111
0
1
00111000100101001001101101
00110
00101000000101010001000100000
110
111
100010001001000100010000
110
111
10001
01
01010101
11101100
000001101000110001
1
11
1000000110100
1110011
101000
1000
1010001100000000010
1000100100
110101000
11111000
111011
1
110010101011010
111001111
0110
01101011010
01010001000000
00110101
1100111110100000
101000010010001000010100000
10001001
100011
10011001
10100011
1
0100100100000110000000
111101110
01
1
111
0110110
0
1111001
1
1
0
1
00100101001010010000001
0
11110
0000100011
10011
11000010010100000110000001
1010010
01
111111100
0
001100000
001010101
0111110000
1000010101000010110000110
01
011100010000001
100111000
110011101000
0000000100
110011011011
1100000110
0010101101
0
0
11
00101000000
1
010000110000
11010010000
01
11
10100
00001110
100011110001
101101
0
0
1
01000001001
010000000011001100
111101100
010100011000000100
1010100000001100000
1
1001
01101000010
1011000001
0011110100
01101
00010
1
1
1011000001100000
110111001
100010101000
11001110
1
0001
1110010001100
111100100010000
111100100
110100010011
1
011010001000100000
11111001
1101110
01011000100000
1000
110000000
1011
111
11
11110000011
0
011011011
0100100100
0011
1110101
0101
00010
0
11010011
111
0
1000010001101
11
0
110010010000
100100010000010000100
1
01111
1100
011111
000011001101001
111
1000001100000
111111100
110100001001
1
100010001001001000
0000011100000110000
010001000101
0110000111110
11001
1000010100000
010001000000100010001000000101011000000110100
001
1
01000001
0
10
1
1010000010000
111111
11000001111
11
11
011010
0
11101
00001
1001010
01100110
010011001010
010
110100000100101
110101
00111011
110100111
00100110100001000001
011
0111000001
1000001011
110
01
10001
01000001111100
1
010011000001
01
0111
00111
0
1000011110
00000001
10101010
101101101101100
100100001
101000000111
01111
01
0100
011010111
1
11101
0
1
01
111110
0101010011001
0001110001100110
011100
1111
10
1
1
1111100011010100
10100100100000
11
11101001
11
111001100
0
110001100
11011010000
111111100101110
100110011
11010
100010001
0010101001
00
1111
1
0111001
001111
0100111
01101101
101101
1001111
010100010000011
00
11011010000
111
010
11
0
1101101001
00
1
1
0100011000
00001110110111
1
01100001111101111
011000101011000000
101001100000
00
10001011001
0010
110000
10
11000010110000100010000
1
0
11101
0111111
1000000111000000001
1101100
0111000011
000100010000
10
1100011100
0100011001
1
0
0001010010
0100110010000
111
001000000
1
0000
101110000
0010001000010000010000
00
10
01001111
0110000100111
11
00110
11110010000100000
0100100111010000100000
0
11110
110101000010
1101011010000000011111
01111
11111100
1
10101110011
1
101111
10110010011
110010
1100010110010000
11010
101010100000
001001000000
1
11111
0
100101110110000000001
10000111010001
1
001111100000100001
1
0111111101
1
011001101
1
1101
10001101
0
1
001011000000
00
010001000001000100
0
001110010010
011111
11000
011000110001000
110
0111000100100001100
11
1111001
0111011
11
1111
0100
111001
0110110001101
0
1000100000
1001111
001
10011000011
0111000
1110100111010
00100010001001000
110110000000
1000010010100000000000100
00
011100100000
101010100001110000001001000100
01100101100000000
0
1001011001101
0110110101000
1011000011110100011101011001
10111111
00
01000101001010000
00110011
1
01000100101
111110110100
01
1
100
11
11
11
11000110
100001000000010001000000
11100100001
1101
01010100010010101
1
10010001000110
001
101000100011
0
00
0
100001110010
1111000000
0100100000
0011
101101010
0
1
11
000010010000000001
10011000
1100110
1
110000000110
0
011111
0
1111
00000110011
1
010010
100110010
011000101101000001
1101100000
1
01
1111
1110111000000
111110
1000100000
0011110001
01000100001000100
10010101011
11110100
01011011
01100110101
0
1
0
1000001101001
01001110010101110101111111
11110000
110010001
11101000
01
11010010
01
1001000010100000011
00011
110011001
01111
011
111000
1001000100000100101
11
00001
1
111
0
01100101
0100011110101100000100000111
10
1100
00
011011
100100000
01
01000
0100101
0100101
0111011000110
0
001001
11
01
0
011011
0010001100100000000101
1001000
101000011010
101011001010
01100100011
100
00000000010
001110000000
110111
111010101
110
01001011100000000000
11000101
00001101000010001
1
1
111110001
111111
1
0
111
01101001000101100
101001100
01
1
0
0110010000110
00
10
0
1
1010101111
00000011
10
00110111
0101010011
111001110100
0
0
0001
1110100101001000
0100000
1
11110110
011
10000100001
0110001
01
011010101
110010100100
100
000011
0110000101100010
101000100001
10110001000
0
00010
0
1111011
1
1
011
0
11110
1010000100
00010110000
1001001100001
11101
1011000001
0
1
01111
00011
1
01000000110001011
01
11
01
01
0001100100110100000100
11001110000101000
11
1
0
11111101
01
0
1000101
000100010111
111
101111
00
0100010001110
0
011
0
010001101
0111
11001011
1110
0001
0110000010010100
0010001110001110100
00
110100001
1001100001101100
011111
1101
11100011
0100110
1
00010011000000
10
00111
1
1
0
0010001001111000000000000
0110100
010100100000000
010101110
00
10011001111
01100010111
10001111100
0011010
1100100
1010010000100100000001
1
011
00110101
00010101
1100000001
0010111011010
1100110
0001000110101000100000
1100101
0011
011001
0
1001100
100001111
00
10000010
10101100010000000101100101
01
10
100100000010000
0100000010111
1
1100
001001
1010101001100
01111
00100110110
11
11
11111
0
1
0
1001101100011
011100000
111111
011001
111000
0
01000100010010000000
111000111
0100011
00101110010
1101000011010010
0111
011111
0
1100101111
001010000
1100001011
110001000
000101101000
0110010000
10010110
01111
00
1001000101
1
00
1100
0100110100000
01
11
00
11110
0
11
011101
00111110
1111
10111100
1010100000
1
00001
11101
000110000010
100101
111
01
01110
0
011
10010001000
01
101101
1
1101
011
1011000010000100001100
11
00101001
1
1011111
01110011011
111
10
011
111010100100000
1000011010001000
01111
1111
0
10
11001001101
0
1
10101
1111
0010111111
01
0110001
01111
0011100101000
00
101
11000100
000011
1100000110
0
10101
1110100010100110
1
11000111
0110111
0
011010100
10110110100
1111111010
00110000110100
0010110011100
1
011000111
1
10001100101
01010
01001001101101
01101
010001
0010011100000010
1
0101100111
1011
0001
011001
1
1
0
0
101001100
1110011
1
0
10
101111010001
11110
00101110
1110001100
10
0
0000110001110000
1
111000110100000001
0100001
101111
1111101
100110000011000000000010
011
0100101
10
10010001
01001010101000000001
110011100
1
1100110101
001101000001001
01
111011011
10110
10
101100000001100
1111000010010
0001
10010100
101
1
0
0101001001001010010000
101101
110000000110110
1100
000010
1
00
001000000000
11011000010
00000011
011101100
0
11001100010000010
1101100
00
010101010010
0
11111000
101111
001111010000
1000100
101100001000001
1
0001101100000000000
11
1110001
0000
11110010001
11101010001010010
0010111001000
110010000000
111000010010
0100
010000000
111101101
1
111110
10001111
110
10001000100110001
0
111
11101101
111010111
0
0111
1000010010001010000100000
10
0011111
0001000111100
11000
1
0
1
10011001
0000011
0001
10000000010
00100010110000
1
1010011011
1011000000
1111
11000
111
00110001
0
1110010100010111
0111
11
111101110011
01101010000
0100101
11101
011000110011
1111
0000000101
100010
010001011
01101111
001111010
1010110001000
011001101001
11111110
1
10001000110
01
1101110
10
01101011
00
01
111
001011111
111
1
0110
111011
1
10
10010001101000
100
10
0111010000001100
10
1011
01110000010101
1
1011001
11000000111110
0
01000
111010000001
1
001011001000
0101100100
1110
1111
1
0011
1100110100111010000100000111000
0
0110001010101
001001001000101000
100000111100
001
111010110
1
00011
1
1000100
011
01001100
001110101101
111
100100
10001
01010100001000
01000000001
110001100
11111
01110010
0
01
101001100
0010101111000010001000
1011110
1110
1
110000001
1011
11001110000
0
1000100010011010101
101101
1
111
110001
1
10010010000
010011
0110111
1011111
1101100100000
10011010
011
01111
0
11111100
110010101
0110000010000000000011
0110101100
1110001000
11
0
011
1
101000
001
01111
01
0110101110
1000101010010
1000101110
110101001101100
11001
01
11111000000001
1
0
111101
0101100000010000010001000
0
100
0101000011
0110
1
0
000100001
011111
11111
10100001100000001
0100001000100101000
0
1111
10000011100
011111
1100101
1001010001000010
111110110
1011101
110110000100011010001000010000
0111110
00
0111
010001100101
100010000001
0000
0010
0
10
0110001010100100
10100011000000000011
0
101
1
1000100100100
01001100
00011
10100000
1
011
110100000011
001
1
0
111110101
1
1000100111
11
01101
11
111
11100001110
0011
101
101
100100001100100000100000
0
0111010101
1
0
011
1
1010100
01
01
0
00001110010000
1
1000
1
1
11
01111
01010000011
01000100100001000011
101
0010011000000001001
11
00
11011100
0111100110100000
111111
1011
01000100011000000001
00
11010000100000
10111
11
101
10
11110011
10110010000
100001011111011100
0
11
0101
