000011
0000011
1
1
1
000001111
1
1
1
110
1
0111
1100000
1
1010000000000
01010000
1
1
1
1
1100000
110000
000000011
1
1
1
1
1
1
0000011
1
111
111
0000011
1
11
0001100000000
11100100000
0000011
011000000
0101001000
10000001
101000000
1
1
1
1
1
1
1
110000000
11000001
1
1
010011
1
1
1
00011
1
1
1
1
00000011
11000100
0000010001
1
000000000011
111000
1
1
1
000000011
1
00000010001
1
10100000
000011
1
111
1
1
01101
0111
110001
1001000
1
1
1
1
1
011001
00000011
1011
1
1
1
1
010011
1
1
1001000
000000011
1100
1
1
0000011
1
1
1
1
11
010001
1
1010000
0000011
0110
1
1
1
00011
100011
1000101
1100
1
011
0000011
1
1
1
1
1
11000000
1000001000000
1000000000010
1
1
1001001
1
111
1
1
11
1
1
1
11000000000000000000000000
1
010010
1
1
00011
010100
1
0011
1
1
1001010000
1
011000000
1
1000001
1
110100
11100
1
011000000
1
1
1
00000
01
1
000110000110000000
1
1
1
1
000100101
10101000
1
1
1
1001000000
1
100100000
0
10011000
1010000000
1
1
1
1
1
111
111
10100000
0111
01100010
1
000011
1
11100000
001001
110000
00001
1
1100110000000
1
011
11100
001001
1
1000001000000000
1
1
0100100000
100010000
101000000
0101000000
0010110
1
11
10000
100000100
1
1
01100000
1
11000000000000
11
1000001
1
1
1
1
1
1
11
1
1
0011
1
110000
100001101
101
