110000101001
1
00101001
001
10010
1
0001001
01
100
1001
1101100010000
010
1
110010
001
1000000
10001
01100
0001
001
111
101
11000
00001
100000001
01001
1000
10
0001
000101
1
1001
01
000011
10010
01101
1000100
01001
00110
100010001
10010
0001
001
01
10
1
10
011
00011
1101000
10101
101000
111
001
001
1000
1
001
1
00001
10100001101
11
10000
11
10001001
0100001000000001
10001
00100
10111
1001
1010001
01
00001
11000
1011010000
011001
1100001100
001
100010001
0111
001100
10001001000
1000101
111
1
1
0001
1110001
10001
11
100
11
101001
100
1
101
11001000
0001
1
00010110000
110001
111
0111
10001001
01010
000000111
10100
1011
1
10001
1000
0001
001001
1
01101
0001
100001
01
00001
100
1011
00011
0110100
1001
01
1001001000
1
110
100
11
0
11001
100101
0011
11
10001
11
001
1001
10
01
010010100000000000
11011
1
001
1
001001
0011
10
0101001
011
01
1101
0000101001
1000
1
0101
101
11100
00001
1
100
10000
0101001
0000
0101
0100110011000
0100111
1000001
001
1101000100
100111000
1111
1
1010011001010
00101
110001000
00111000
1
1001
0100
10010001
1
01000001
001
101
11
1
100
001
1000
010
1010
101
1
0001
1001
001100000000000
000001
10
0001
001
0001
1001000001100
100000
0011
010010100010
1001
1000001
11
000001
10
0001
1
11000011010
1
101000
1000
00001001
1001
100101
010000
1
1
1
1
1100
1
010100000000001
01
1001
100
0001
01
011
1
0100101
0111001
01010
11
100
0100
101100
001
001
110
1000000
0100
1
10
0111
01
001
100101
01010010100
0101
1
11
1010100
1001
10011
100
0001
1100000100
001
1000
1000
01
111
001
011
11
001000
0100
1
01001000
10011
001
100000
01001000100000
01
01111
1
110001
101100
0100100001
01
101
001
0001
010001001000
10010010
01001
1110
1
000001
001000
01
1
1011001
010010
10100001
10
001
01
10011000
1101000
100
100000
110
1001
001
01
01
00000110010000
111000010101
0001
001
101
01
1001
110001
00011
0001
100
100010010
010
1
1
1
100011000
100110101
11
10011
001
0101
1001001
01
0001
1
01
11
00101001
001
1000000
1
01
1111010
1
001
1010010
001
011
100
01101100
011
000001
00
1
00101
1100000011
0001001
100
001
00001
01
1
01001
