0001
1
1
101
0001
1
100
0000000001
01000000
1
1
1
01
01
0001
0011000
001000
1
0000
1
1
1000
00001
1
1
1
1
001
001
110000
1
1
001
10100
11
1
1
0001
10000000
001
101
000000001000000000000000
1000
1
1
1
000001
1
1
000001
00010000
000001
01
0000100000
1
01
1000000
01
1
1
1
00001000000000
1
00001
10000000
0000000000000100
100
00001
00001
01
1
001
1
1
0001
01
0001
01100
10
1
1
0001
010001000001
001
1000
1
1
1
00001
11000
1
1
1000000
1
01
1
1
10
1
1
001
0001
1
0
01
1
01
1
1
1
1
1
1
1
001
01
1
01
001000
1
1
1
1
00000000
01000000000000
0101
10000000
00100
01
1
1000
0000
01
11
1
10000000000000
01
0
1
001
001
1
001
100
000001
10
00000
1
010
001
01
1
00001
00100000000000
1
1
100
01
1
001
000000
0001
1
1
1
011
1
1
1
1
01
10000000
1
0001
1000
1
1
01
1
10000
1
1
01
01
