0101
0101
1
10001001000
011
1
0100000101
1
1000000001010
1001100
1
010000001001
100000000100001000011
1001000010
011
00110
1000010100
000000000100000000100000010
1100
010000001000100
101
000
0101
01100
110000111000010000000
0001010001000
0111
1101
10000000101
1
1
10001010000100010
1
1010
1
0000001000000110010101101000000000
0110000
01000001100000000100010010
011
1
01
1000010000010
1100
0100000101
100010001
001100000
010001
100001001
10100
0101
00100001010
011
00111
110000
01000000001100
1010
001001
1
1
011000100010010000000010010000001000
0011
00
1101
001001000001
100000100001
00
0100010010
0101
1
0101
001001
1
1100000000000
00000
01001
10001
1
110000000100000000011000
0101
001000101000000000000001000100000
11000000101000
1101000100000100000100
10010000
1100000000000
01001
1100
1
00000000100000000000110000010100000000
10001
1
000011010000
011
10010
1
1000100000
0000000011000000100000010000100110000
10000110001100
011
1000000101
100001000
1100001
1001
1
011
01001
1100
01001
10010001000001
1100000
1
10101
0000100001001
1
0101
0000001010001000011000000000000
10100000100000
100001
0100001001000
00000100101
10001010
01000000000100001
00011
10010
0001001
00010100
1
1001001000
01000001000100000
100001010000
01000001001010001000
1000010001011
010100100000000000000000
010001100100
110000000000100
111
00000000110
010010010000
100010
1001100000000
1001010
00001100010
00010011
10000001010
0101
01000001
1
10100
100011000100000000001011001001000000000000000000
1000100000010000000010010001000
100110001000100001000000
0010010
1100
1
011
011000
101000100000000100010000
001001001
101
1
0100000000000000001001000
0100101000
0100010010
10000000101
0000000000010
1100001
10000110
001000000001100110000000100000100
111
00100010001
010010001000
10000100100
1000000000101
1
010001001000
011
0100000000110000
011010010100110001000
10000001001
100001000111
0111
00000001100100000011000001000100
111
00001
010010001000
10000001
0101
01000000011
011
011
0010110
11000000000100010000
00001001000001
0001001
1001
00111
00010100
01100000000
00000
1000000011
0010000100010000000000000000000
10100000
01001001000
0101
0010000000010000011000000000
1
0000100101
1100
011
000100000101
0010010010
000100010001
000010000001
10000100000011001
0111
1
00000001
000011001000
1000010010
10000000001
00000011010110010111000000000
0101
100100000010
0000000000110000100000011000000000000000
1
010001
0101
01100000010001000000010000100000000
1
1010000
00101
00010000
1010
110
00100100010000
1001
000101
000000000000000000110010000000000000
0
01000100010000
0100000110
00101
01000000000000110
0100010010000
010001
110
100011000000
001000011
1
011
01101
101
001001
01000100100
1000000101
010000000111100001
000
011
10000101000
110000000100000
11100000
0000100
10000110000100010001000
01100
10001001000
0100000110
00100000011
1100
00000100100101000101001000101000
00111000
010001
011
101
11000000001100100000000
1
0100000011
010001010
111
10000100100000010011
011001
0100010
10000110
010110000000
001011
000101001000
10010000
011101000000
001100
10100000
1110001010000000
10010
111
110000000011100100000
10010
1
01000000000101
011011010101
10001000100
00000000100100000
1100
00100000101
1001001000
0101
110000
1100
01000000110001011001000000
0100000000000001100
0
00
1000001010
0000000000000010000000100000000000
010000000101
10000100001000
00010000001010
011
1
1000000000110001000001000000100000000000001000000000100000011
0100010100
1
100000101
01001000001000010001
10010110000100010000
00100010000010000000100010
0100000011
0000100101
00010000
1100001000
1
0000001110000000000100001
01000001000
0011
1
1
000000000000000000
111000101100001
010000100101000
10110
00001010000010000000000100100
01100
1000001010000
00000000000
10010000
1
01100001
1
001000110110
10001000001000
110
000000001
000011000100
0000101000
0100110
1000000011
01000000101
10001000000110000001
0000010010000100000000000001001000
100100
0100011000000
100000100001
010011000
011
1000001100100
1
01011
1
1
001100
100001100001001000
100000110
0100010001000
011
1000000101
000011001
101000001
111
10000010
0101
0100000101
0100000001010
1000001100110000
00001101000
100001011000
010000001100000
1
1000000010000100000000
000001001001001000
000000000100100
011
1001
10000000101
0100000000011001000
001001
1
11100
100010010100
001010001000
011
011
1001000
000001001
0101
110
00001010010
01000101000
001001
0010010010000
1000001
11000100000000100101
1000010011001
1100
1
0100000001000100000
1
11100
10000100001
00001000011000
1
011
10000000101
00011000010000000
10000100
0100001000100
011100000000001000000000000000
11000001100000000100000001001000110001100
0000100101
000110
011
101000
010001000001
1
1
