01
00001
100000000
1
01
10000
10000
010
1
10000000
01
10
1000000000
1
0001000
0100
0001
0001
1
1
001
10
1
0001
1000
1
1
100000000000
0001
01
1
00100
00001
10
10
0001
1
10000
01
100000
00001
10000
0001
001
001
1
10000
1
00001
001
0
01
10
1
01
001
1
001
1
01
010000
00001
001
01
010
0000100001
1
1
10000
001
1
00001
10000
00001
1
1
10000
0001
0100000
01
10000000000
100000
1
1
1
1
00010000
000000
1
001
1
0100
0001
01
10000000
010
0100
01
1
00001
100001000010
1
00001
001
10
00001
01
1
1
1001
1
00001
0001
0
1
1
1
100000
10000
001
01
1
1000000000
000000010
1
1
100
001
0001
1
1
1000
1
000001
101
0001
100000
0001
000001
10000
01
00001
1
00001
1
1
00001
1000000
01
1
1000
1
1
00000001
01
000001
