11
001011
11000000010000000
01101001
1
1
01
111
100
11
1
0110011010001
11011
111
1
1001000011
110
0001
11
01
101000000
1
110111
1
110
1
1
1
1001000010000000001100000
00010011101001
11
1
01
1
011
1100
1
000111
1
1
1
1
001
01
001
111
0100
1
011000
1
01
110000
1
011
00
1001
1
011010000000010000010
1
0
110
0001010001000001000001
001100000
010101
1
100100
1
01
011000110
00001
0001100000110001000000
0110100000
1011
0111
110001000000000001000100000
1
1
10110000000010
1
1
1
00011
10101
1
00001010001001000000000010
011
010010010
100010000010101010
111100
00011
111011000
01
1
011
110
110000
010111
1000110
1
1
1
1
01101
110011
1
01
1
0001
01
1010
1
00001
0111100001000
11
11
1001
01101101
0001000100110001000000
0
001100100011
0101100
01000110100000101000010000
1
1010000
0000110001000000000000011
10101
111
1
110
101001000
0
11010
00010100010001001
1
01
1
0001
1
1
001
1
1
1
00010100100000001000010
001000001
10
01000100000000001
01011011
11011000001
01
010010
010010110
1
1
1000010000100000010010000010001000000000
1
11
10000101000000000
1011
1010000
0101
10010
1
100101
111
1
00011
00001
1000001
1011
0001001
01
000001
1
0
10
011
0011
111
00001
001010001000110
111
1
01
1
00010100100110000000
111
0110
010001000001010
111
10001
00001101000100000000
1010
1
10
11
1
01010011
10
00110101
1001
110100
111
1
1
11011010000
1
1001
110
011
1
1
011
1
110101100
101
01
111100
100100000100
001000001001
1
1
1
1
0101
1001110
0101
0001
011
11011
000000101
100011100
1
1
0000110000010001000101
100000000001
11
11100
1
1
1001
10100
111
010000111
101
100
000100001
001000001
10
100000001000011000000
0110001
010100000100001000101
01
1011
1110
11
011001100
100100
1
1101101
0
0011
111101100001
1001
1001100010100010
1
1
011
1
1
1
1000001001000100101000000
1
001001101001
001011
1010100
11
01101001010
1101101000
1
100010000
1
010
01
1
011
111
0101
0100011000000000000000100010000
1
1
01101
111
101
1
1
0000
001001011000001010100100
100000
01
111
100
00100011010
101
101
011
110000011
111
11
11
011
1
1
1
1000000010010
11011000000001000000
10
01
00001100010001100
011010
01101
100
1
1
0000110000001001010000
110100100000
1
1
101010000101000000
110010010000100
1
001
100
10101
1110011010000
0011
1
11
00011000000110000
1
1
111
01
10000010100
100100000
110110000
1
0100010010110
100100001010
10100000000
11
11
1
10000
1
1
10001000
0010100101101
011011100001100000
10110
01010011
11000000000
001
101
11
10000
1
00001
0011000000010011000
1011000
0111
1
1101
10100010010100000001
10
11
100001000101
000011100001100
11
11001001
1001110000
1100101
1
10000000
10000001
000001
100
11
010001
01
1
11100
1
101011
1
01
11
011
011
1
11
1110
1100000010000000100001
00100000100011001000001000000000000
01
1
1
1011
01001
1
010000010100000000000000110
1
1
100100
1
000001
111010
1
01
101
001000
1000100000101
101
010001011
010000
111
000100100011000100
001
100
1
0011
1
101
1
000011
0
0111
11
0010001000101000000001000000
110
01
1
011
11
01
00000000
1
100000110100010000
1
010001000
1
0000001
01000100001100010000
1
0010000010000001000000000101
0100110001
01001
1100
11100000101
011011
1
011
11010
1
01
1
11
1
1
1
00
001000001
00011101000000000100000000101
10001010011000001010000000
11010
0
110000000
01010010101000
01
01
111
011010001
1
00110
001
1
00
00
1101
0010110000000101000010000000000000
1
10
110
111
111
0
110000010000000000010000100
00011010
10001
010
01111
010
111
1
1
01110000000000000
00101
11
110000
111
0101000011
1
1
01000110101
011
00100001000100011000010000000
001
1
1
001100100
011
1
10
0100001011010000000000
1
111
011
1001
1
0100101000100000010000
111100
111
1000
0101
000010000
111
1
1
011
111
111
0111
1001
100
111
1
001100010000000
10010001
01000100010100101
11010001
1
00100010010000000
00110
0101
1
11
1010001101000
01
111
1110
00100001
011
01101
100001000100000010010000
100000
10100001000010000100
10100
101
10100
01
0111
1
111
10010
1
00000000000000
1
0100100011
01
0101
1
0011001001
11
00000010001
1001
0101001
11100
000011
0000100001000000
11011000
001101
011
1
11
010000000101
0
101
11
01000010
0101110000
001
010000111
10
1
0011
01
00011
101
1
1101
1
1
10
10
011010000000100
11010100000000
0011
1
1
011
0010001100000
0101
