0000001
100
001
1
001
1
1
1
1
00001
1
100000
100
1
1
1
01
00001
1
1
1
0001
01
1000
1
1
001000
1
1
1
00001
1
1
00001
1000000
01
1
1
1
1
1
0001
1000
01
1
01
1
1
1000
1
1
000001
1
1
1
1
1
010000
1
00000001
1
1
1
00100
1
1
0001
00100
1
000
1
1
1
1
10
0001
001
00
1
1
1
001
0100
1
1
01
11
1000
1
1
1
1
0100
1
1
001
1
1
1
1
1
01
1
1
1
1
1
1
1000
1
1
1
1
1
1
1000
1
1
00001
1
000001
1
100000
0001
1000
1
1
11
1
01
1
0001
1
1
0
1
1
1
1
1
000001
00100
0100
1
1
1
0001
1
1
10000
1
1
0001
100
001
1
00001
1
1
1
0001
1
0001
00100
0001
001
1
1
1
01
0001
1
1
1
1
1
000001
1000
1
0001
1
1
10
1
00010
1
10
0001
0001
000010000
1
1
1
00001
100000
0001
0100000
1
001
00001
00100
10
1
00001
1
1
1000000
1
10
1
1
1
1
1
1
1
1
100000000
1
1
1000
0001
1
1
10000
1
1
1
1
1
10
1
1
00001
1
0000001
1000
0001
1
1
1
1000000
1
01000000
1
000001
0001
10
000
1
0001
1
100
001
0001
1
00001
000001
1
1
1
0001
