0
0000001
1
0
1
0
0
0
00000010
1000
1
01
1
0
0
0100000
01
1
01
10
010000
1
001
11
100000
11
1
000
00000
0
1
0
1
0
0
00
1
000000001
0100
1
1
1
01
101
00
1
1
0000010
0
0
11
010
000000001
0
1
00
1
1
0
00001
01000000
00
1
1
0110000
000001
11
10
0
0
0001
1
0
1
1
00
000
01
11
0101
11
00
0
0
0
1
01
10
1
0
0001
1
1
1
1
1
0
000001
001
100000000
1
01
1
11
1
11
00
1
1
0
1
10
00001
0
1
1
001
1
0
1
11
10
001
01
1
1
11
01
0
1
00
1
100
1
01
1
0000
1
000
11
1
0
11
0
11
0
1
100
01
0
0
1
100
11
0
01
1
10
100
1
1
0
1
00
1
1
1
0
0
0000001
1000000000
1
1
01
00
001
1001
0
01
00
001110
1
1
0
11
0000000000001
10
0
0
0
0
1
0001
1
1
0
0
11
0
1000
1
00100
0
001
11001
0
11
1
1
00000
1
1000
0
1
0
1
1
001
01
0
0
1
11
1
00
1
01
00
100
1
011
10
1
1
11
100
0
00001
1
1
1
1
1
001
11
1
00
0
0
0
0
0
0
1
1
0001
0
1
1
0
1
0
00
1
0
1
0
0
1000
000001
0
1
01
001
1
10001
00
0
00
1
1
0011
01
0
1
10
000001
1000001
1
1
1
1
000
10000
00
001
11
11
100
0
1
1
11
0
1
1
0
1
0
1
0
00
1
0
000
00
111
01
101
11
0
11
1
0
0
1
0
0
1
1
11
0101
10
1
1
0
11
1
1
1
110
000001
01
1
0
10
1
1
00
1
0
0
0
1
1
10
1
1
1000000000
11
1
01
10
0
01
1
1
0
00001
1
1
00
1
1
1
1111
0
1
0
0
1
0
01
1
1
111
10
0
1
1
1
1
1
0
1
1
1
0
11
1
0100000
000001
0001
11
1
0010
1
01
1
1
0
000000001
10
0
0
1
1
1
10000
0
0
01
1
0
1
1
1
1
00
10
10
0
0
10
101
1
0
00
00
1
0
1
1
1
0
1
111
0
11
1
1
010000000
1
000001
00
1
0
0
1
1
0
1
1
1
1
0
110
0
001
0001
0
1
0000000001
1000
11
0
0001
1
0
1
1
1
0000
0001
0
100
00010
1
0100
1
01
1
1
0
0
0
1
1
1
11
1
1
111
11
1
1
11
1
1
01
0
0001
001
0
10
1101
001
1
0100
001
0
0
101
0
0
000
1
11
1
0
001
0
01
10
0
01
0
11
010
1
1
001
001
00
0
1
0001
1
1
0
0
0111111
0
0
01
1
001
1000
1
011
01
1100000
1
01
11
1000
1
00
1
0
0
0
010
1
1
1
1
0
1
00
01
0
0
10
0
0
0
1
0
100000000000
0
1000
1
0
00000001
0
1000000
0
1
01
0
01
110
1
1
0
1
1
01000000000
0
10
01
10
00001
1
1
11
100000
0001
01
01
1
0
00
0
0
0
1
00001
11
1
00
1
1
0001
11
1
0
10001
00
0
1
000
01
0
0
00001
00
1
0
000
111
11
0
11000
1
1
1
001
1
10
01
0
11
011
0
1
1
11
010000000000
1
11
00
01
00
11
1
0000001
0
10
0
1
0
1
01
1
000
10
1
11
1
11
1
01
0
1
1
1
0
1
0
01
1
00
0
0001
11
1
0
1
10
0
1
0
00
0
0
0
01000000
0
1
1
1
1
0
10
0
1
000001
0
1
00
1
01
0
0
1
000
11
1
1000000
1
0
01
1
1
1
1
0
000000001
1
0
1
0
001
0
1
0
000
11
0
00
0
0
00011
0
0
0
1
0
1
1
0
11
00
00
0
00
1
01
0
1
010
1
0
1
1
0
0
0
1
10
0
10
11
1
0
00000000000000001
0
1
